,date,well_id,water_level,temperature,precipitation,wind_speed
91450,2015-11-01,TL33/67,78.93,11.802582,0.0,5.863772
91451,2015-11-01,SU81/1,41.14,11.802582,0.0,5.863772
91452,2015-11-01,ID30/1,114.5,11.802582,0.0,5.863772
91453,2015-11-01,SJ15/13,79.073,11.802582,0.0,5.863772
91454,2015-11-01,TR14/9,64.248,11.802582,0.0,5.863772
91455,2015-11-01,SU71/23,32.75,11.802582,0.0,5.863772
91456,2015-11-01,SU17/57,129.31,11.802582,0.0,5.863772
91457,2015-11-01,TF81/2A,42.387,11.802582,0.0,5.863772
91458,2015-11-01,TQ25/86,88.14,11.802582,0.0,5.863772
91459,2015-11-01,SY68/34,67.025,11.802582,0.0,5.863772
91460,2015-11-01,NY63/2,129.906,11.802582,0.0,5.863772
91461,2015-11-01,NH95/17,29.228,11.802582,0.0,5.863772
91462,2015-11-01,SN00/11,9.467,11.802582,0.0,5.863772
91463,2015-11-01,NO20/14,36.32,11.802582,0.0,5.863772
91464,2015-11-01,SU01/5B,76.579,11.802582,0.0,5.863772
91465,2015-11-01,SP00/62,100.13,11.802582,0.0,5.863772
91466,2015-11-01,ST07/10,57.826,11.802582,0.0,5.863772
91467,2015-11-01,SK00/41,130.581,11.802582,0.0,5.863772
91468,2015-11-02,SU71/23,32.73,9.646333,0.0,4.9615626
91469,2015-11-02,SN00/11,9.511,9.646333,0.0,4.9615626
91470,2015-11-02,ST07/10,57.827,9.646333,0.0,4.9615626
91471,2015-11-02,TF81/2A,42.384,9.646333,0.0,4.9615626
91472,2015-11-02,SU01/5B,76.659,9.646333,0.0,4.9615626
91473,2015-11-02,SJ15/13,79.099,9.646333,0.0,4.9615626
91474,2015-11-02,SK00/41,130.574,9.646333,0.0,4.9615626
91475,2015-11-02,SY68/34,67.028,9.646333,0.0,4.9615626
91476,2015-11-02,ID30/1,114.45,9.646333,0.0,4.9615626
91477,2015-11-02,NO20/14,36.311,9.646333,0.0,4.9615626
91478,2015-11-02,TQ25/86,88.13,9.646333,0.0,4.9615626
91479,2015-11-02,TL33/4,78.8,9.646333,0.0,4.9615626
91480,2015-11-02,NH95/17,29.235,9.646333,0.0,4.9615626
91481,2015-11-02,TR14/9,64.239,9.646333,0.0,4.9615626
91482,2015-11-02,SU81/1,41.16,9.646333,0.0,4.9615626
91483,2015-11-02,NY63/2,129.93,9.646333,0.0,4.9615626
91484,2015-11-03,NO20/14,36.267,7.667167,0.6,4.243278
91485,2015-11-03,NY63/2,129.934,7.667167,0.6,4.243278
91486,2015-11-03,SU01/5B,76.77,7.667167,0.6,4.243278
91487,2015-11-03,TF81/2A,42.377,7.667167,0.6,4.243278
91488,2015-11-03,NH95/17,29.243,7.667167,0.6,4.243278
91489,2015-11-03,SU71/23,32.8,7.667167,0.6,4.243278
91490,2015-11-03,TQ25/86,88.12,7.667167,0.6,4.243278
91491,2015-11-03,SN00/11,9.548,7.667167,0.6,4.243278
91492,2015-11-03,SJ15/13,79.112,7.667167,0.6,4.243278
91493,2015-11-03,SK00/41,130.581,7.667167,0.6,4.243278
91494,2015-11-03,SY68/34,67.032,7.667167,0.6,4.243278
91495,2015-11-03,TR14/9,64.229,7.667167,0.6,4.243278
91496,2015-11-03,ST07/10,57.819,7.667167,0.6,4.243278
91497,2015-11-03,SU81/1,41.22,7.667167,0.6,4.243278
91498,2015-11-03,ID30/1,114.43,7.667167,0.6,4.243278
91499,2015-11-04,NY63/2,129.927,9.927584,4.2,5.3463044
91500,2015-11-04,SU71/23,32.88,9.927584,4.2,5.3463044
91501,2015-11-04,SK00/41,130.581,9.927584,4.2,5.3463044
91502,2015-11-04,SU17/57,129.28,9.927584,4.2,5.3463044
91503,2015-11-04,SU81/1,41.27,9.927584,4.2,5.3463044
91504,2015-11-04,SN00/11,9.59,9.927584,4.2,5.3463044
91505,2015-11-04,SP00/62,100.15,9.927584,4.2,5.3463044
91506,2015-11-04,TF81/2A,42.372,9.927584,4.2,5.3463044
91507,2015-11-04,NO20/14,36.232,9.927584,4.2,5.3463044
91508,2015-11-04,ID30/1,114.39,9.927584,4.2,5.3463044
91509,2015-11-04,ST07/10,57.925,9.927584,4.2,5.3463044
91510,2015-11-04,SU01/5B,76.877,9.927584,4.2,5.3463044
91511,2015-11-04,TL33/67,78.82,9.927584,4.2,5.3463044
91512,2015-11-04,SJ15/13,79.11,9.927584,4.2,5.3463044
91513,2015-11-04,TQ25/86,88.12,9.927584,4.2,5.3463044
91514,2015-11-04,NH95/17,29.235,9.927584,4.2,5.3463044
91515,2015-11-04,TR14/9,64.223,9.927584,4.2,5.3463044
91516,2015-11-05,SK00/41,130.581,11.146332,6.4999995,8.557275
91517,2015-11-05,SJ15/13,79.114,11.146332,6.4999995,8.557275
91518,2015-11-05,NY63/2,129.929,11.146332,6.4999995,8.557275
91519,2015-11-05,SU71/23,32.94,11.146332,6.4999995,8.557275
91520,2015-11-05,NO20/14,36.172,11.146332,6.4999995,8.557275
91521,2015-11-05,SN00/11,9.675,11.146332,6.4999995,8.557275
91522,2015-11-05,NH95/17,29.23,11.146332,6.4999995,8.557275
91523,2015-11-05,TQ25/86,88.11,11.146332,6.4999995,8.557275
91524,2015-11-05,ID30/1,114.26,11.146332,6.4999995,8.557275
91525,2015-11-05,TR14/9,64.223,11.146332,6.4999995,8.557275
91526,2015-11-05,TL44/12,38.39,11.146332,6.4999995,8.557275
91527,2015-11-05,TF81/2A,42.364,11.146332,6.4999995,8.557275
91528,2015-11-05,SU81/1,41.27,11.146332,6.4999995,8.557275
91529,2015-11-05,SU01/5B,77.01,11.146332,6.4999995,8.557275
91530,2015-11-05,SY68/34,67.127,11.146332,6.4999995,8.557275
91531,2015-11-05,ST07/10,59.157,11.146332,6.4999995,8.557275
91532,2015-11-06,SU81/1,41.32,12.292167,0.1,14.265712
91533,2015-11-06,TR14/9,64.216,12.292167,0.1,14.265712
91534,2015-11-06,NY63/2,129.913,12.292167,0.1,14.265712
91535,2015-11-06,NH95/17,29.242,12.292167,0.1,14.265712
91536,2015-11-06,TF81/2A,42.357,12.292167,0.1,14.265712
91537,2015-11-06,SU71/23,32.96,12.292167,0.1,14.265712
91538,2015-11-06,ID30/1,114.2,12.292167,0.1,14.265712
91539,2015-11-06,ST07/10,62.738,12.292167,0.1,14.265712
91540,2015-11-06,SJ15/13,79.101,12.292167,0.1,14.265712
91541,2015-11-06,SU01/5B,77.169,12.292167,0.1,14.265712
91542,2015-11-06,SK00/41,130.578,12.292167,0.1,14.265712
91543,2015-11-06,TQ25/86,88.1,12.292167,0.1,14.265712
91544,2015-11-06,NO20/14,36.135,12.292167,0.1,14.265712
91545,2015-11-06,SN00/11,9.863,12.292167,0.1,14.265712
91546,2015-11-06,SY68/34,67.217,12.292167,0.1,14.265712
91547,2015-11-07,SY68/34,67.365,9.8046665,13.9,11.370142
91548,2015-11-07,NO20/14,36.189,9.8046665,13.9,11.370142
91549,2015-11-07,NY63/2,129.913,9.8046665,13.9,11.370142
91550,2015-11-07,SJ15/13,79.092,9.8046665,13.9,11.370142
91551,2015-11-07,SU71/23,33.06,9.8046665,13.9,11.370142
91552,2015-11-07,NH95/17,29.234,9.8046665,13.9,11.370142
91553,2015-11-07,ID30/1,114.18,9.8046665,13.9,11.370142
91554,2015-11-07,ST07/10,67.61,9.8046665,13.9,11.370142
91555,2015-11-07,SU01/5B,77.362,9.8046665,13.9,11.370142
91556,2015-11-07,SK00/41,130.567,9.8046665,13.9,11.370142
91557,2015-11-07,TQ25/86,88.08,9.8046665,13.9,11.370142
91558,2015-11-07,SN00/11,11.051,9.8046665,13.9,11.370142
91559,2015-11-07,TF81/2A,42.359,9.8046665,13.9,11.370142
91560,2015-11-07,TR14/9,64.209,9.8046665,13.9,11.370142
91561,2015-11-07,SU81/1,41.44,9.8046665,13.9,11.370142
91562,2015-11-08,SN00/11,12.333,9.848416,18.5,22.161201
91563,2015-11-08,TR14/9,64.2,9.848416,18.5,22.161201
91564,2015-11-08,SJ15/13,79.118,9.848416,18.5,22.161201
91565,2015-11-08,NY63/2,129.963,9.848416,18.5,22.161201
91566,2015-11-08,SK00/41,130.56,9.848416,18.5,22.161201
91567,2015-11-08,TQ25/86,88.08,9.848416,18.5,22.161201
91568,2015-11-08,SY68/34,67.589,9.848416,18.5,22.161201
91569,2015-11-08,SU01/5B,77.616,9.848416,18.5,22.161201
91570,2015-11-08,ST07/10,69.488,9.848416,18.5,22.161201
91571,2015-11-08,ID30/1,114.23,9.848416,18.5,22.161201
91572,2015-11-08,SU81/1,41.67,9.848416,18.5,22.161201
91573,2015-11-08,SU71/23,33.23,9.848416,18.5,22.161201
91574,2015-11-08,NO20/14,36.198,9.848416,18.5,22.161201
91575,2015-11-08,NH95/17,29.252,9.848416,18.5,22.161201
91576,2015-11-08,TF81/2A,42.351,9.848416,18.5,22.161201
91577,2015-11-09,ID30/1,114.26,11.642169,10.000002,32.56312
91578,2015-11-09,ST07/10,69.937,11.642169,10.000002,32.56312
91579,2015-11-09,SK00/41,130.556,11.642169,10.000002,32.56312
91580,2015-11-09,TQ25/86,88.07,11.642169,10.000002,32.56312
91581,2015-11-09,SU71/23,33.45,11.642169,10.000002,32.56312
91582,2015-11-09,NH95/17,29.261,11.642169,10.000002,32.56312
91583,2015-11-09,SU01/5B,78.126,11.642169,10.000002,32.56312
91584,2015-11-09,NY63/2,129.967,11.642169,10.000002,32.56312
91585,2015-11-09,TR14/9,64.2,11.642169,10.000002,32.56312
91586,2015-11-09,SJ15/13,79.124,11.642169,10.000002,32.56312
91587,2015-11-09,SN00/11,12.677,11.642169,10.000002,32.56312
91588,2015-11-09,SU81/1,42.27,11.642169,10.000002,32.56312
91589,2015-11-09,NO20/14,36.17,11.642169,10.000002,32.56312
91590,2015-11-09,TF81/2A,42.347,11.642169,10.000002,32.56312
91591,2015-11-09,SY68/34,67.847,11.642169,10.000002,32.56312
91592,2015-11-10,TR14/9,64.197,14.360917,1.3,29.618387
91593,2015-11-10,SU71/23,33.81,14.360917,1.3,29.618387
91594,2015-11-10,NO20/14,36.194,14.360917,1.3,29.618387
91595,2015-11-10,NH95/17,29.263,14.360917,1.3,29.618387
91596,2015-11-10,SU81/1,42.9,14.360917,1.3,29.618387
91597,2015-11-10,SU01/5B,79.119,14.360917,1.3,29.618387
91598,2015-11-10,SJ15/13,79.126,14.360917,1.3,29.618387
91599,2015-11-10,ST07/10,69.954,14.360917,1.3,29.618387
91600,2015-11-10,SY68/34,68.071,14.360917,1.3,29.618387
91601,2015-11-10,SK00/41,130.545,14.360917,1.3,29.618387
91602,2015-11-10,SN00/11,12.626,14.360917,1.3,29.618387
91603,2015-11-10,NY63/2,129.965,14.360917,1.3,29.618387
91604,2015-11-10,TQ25/86,88.07,14.360917,1.3,29.618387
91605,2015-11-10,ID30/1,114.39,14.360917,1.3,29.618387
91606,2015-11-10,TF81/2A,42.341,14.360917,1.3,29.618387
91607,2015-11-11,TR14/9,64.199,12.042167,29.300003,18.689993
91608,2015-11-11,SU71/23,34.13,12.042167,29.300003,18.689993
91609,2015-11-11,SY68/34,68.254,12.042167,29.300003,18.689993
91610,2015-11-11,SP00/62,101.37,12.042167,29.300003,18.689993
91611,2015-11-11,ST07/10,69.677,12.042167,29.300003,18.689993
91612,2015-11-11,SK00/41,130.54,12.042167,29.300003,18.689993
91613,2015-11-11,ID30/1,114.61,12.042167,29.300003,18.689993
91614,2015-11-11,SU01/5B,80.258,12.042167,29.300003,18.689993
91615,2015-11-11,SN00/11,12.474,12.042167,29.300003,18.689993
91616,2015-11-11,NH95/17,29.238,12.042167,29.300003,18.689993
91617,2015-11-11,SU81/1,43.47,12.042167,29.300003,18.689993
91618,2015-11-11,TQ25/86,88.06,12.042167,29.300003,18.689993
91619,2015-11-11,SJ15/13,79.134,12.042167,29.300003,18.689993
91620,2015-11-11,SU17/57,129.25,12.042167,29.300003,18.689993
91621,2015-11-11,TF81/2A,42.343,12.042167,29.300003,18.689993
91622,2015-11-11,NY63/2,129.969,12.042167,29.300003,18.689993
91623,2015-11-11,NO20/14,36.257,12.042167,29.300003,18.689993
91624,2015-11-11,TL33/67,78.79,12.042167,29.300003,18.689993
91625,2015-11-12,TQ25/86,88.06,9.944251,10.2,24.151093
91626,2015-11-12,ID30/1,114.79,9.944251,10.2,24.151093
91627,2015-11-12,SK00/41,130.534,9.944251,10.2,24.151093
91628,2015-11-12,NO20/14,36.274,9.944251,10.2,24.151093
91629,2015-11-12,SJ15/13,79.154,9.944251,10.2,24.151093
91630,2015-11-12,TF81/2A,42.336,9.944251,10.2,24.151093
91631,2015-11-12,SU81/1,44.04,9.944251,10.2,24.151093
91632,2015-11-12,SU01/5B,81.235,9.944251,10.2,24.151093
91633,2015-11-12,SN00/11,12.35,9.944251,10.2,24.151093
91634,2015-11-12,NH95/17,29.241,9.944251,10.2,24.151093
91635,2015-11-12,TR14/9,64.2,9.944251,10.2,24.151093
91636,2015-11-12,SU71/23,34.4,9.944251,10.2,24.151093
91637,2015-11-12,NY63/2,130.002,9.944251,10.2,24.151093
91638,2015-11-12,ST07/10,69.312,9.944251,10.2,24.151093
91639,2015-11-12,SY68/34,68.411,9.944251,10.2,24.151093
91640,2015-11-13,TQ25/86,88.05,5.6734166,7.2000003,24.459536
91641,2015-11-13,SY68/34,68.543,5.6734166,7.2000003,24.459536
91642,2015-11-13,SK00/41,130.529,5.6734166,7.2000003,24.459536
91643,2015-11-13,SN00/11,12.24,5.6734166,7.2000003,24.459536
91644,2015-11-13,TR14/9,64.207,5.6734166,7.2000003,24.459536
91645,2015-11-13,SJ15/13,79.131,5.6734166,7.2000003,24.459536
91646,2015-11-13,ID30/1,114.96,5.6734166,7.2000003,24.459536
91647,2015-11-13,NY63/2,129.98,5.6734166,7.2000003,24.459536
91648,2015-11-13,TF81/2A,42.343,5.6734166,7.2000003,24.459536
91649,2015-11-13,ST07/10,69.25,5.6734166,7.2000003,24.459536
91650,2015-11-13,SU71/23,34.66,5.6734166,7.2000003,24.459536
91651,2015-11-13,SU01/5B,81.979,5.6734166,7.2000003,24.459536
91652,2015-11-13,NO20/14,36.38,5.6734166,7.2000003,24.459536
91653,2015-11-13,SU81/1,44.45,5.6734166,7.2000003,24.459536
91654,2015-11-13,NH95/17,29.257,5.6734166,7.2000003,24.459536
91655,2015-11-14,ST07/10,71.951,6.613001,14.2,16.602776
91656,2015-11-14,SJ15/13,79.171,6.613001,14.2,16.602776
91657,2015-11-14,SN00/11,12.336,6.613001,14.2,16.602776
91658,2015-11-14,SU01/5B,82.511,6.613001,14.2,16.602776
91659,2015-11-14,ID30/1,115.35,6.613001,14.2,16.602776
91660,2015-11-14,SK00/41,130.527,6.613001,14.2,16.602776
91661,2015-11-14,SY68/34,68.684,6.613001,14.2,16.602776
91662,2015-11-14,SU81/1,44.8,6.613001,14.2,16.602776
91663,2015-11-14,TR14/9,64.22,6.613001,14.2,16.602776
91664,2015-11-14,TQ25/86,88.05,6.613001,14.2,16.602776
91665,2015-11-14,SU71/23,34.86,6.613001,14.2,16.602776
91666,2015-11-14,TF81/2A,42.338,6.613001,14.2,16.602776
91667,2015-11-14,NH95/17,29.253,6.613001,14.2,16.602776
91668,2015-11-14,NY63/2,130.037,6.613001,14.2,16.602776
91669,2015-11-14,NO20/14,36.497,6.613001,14.2,16.602776
91670,2015-11-15,SY68/34,68.804,12.85675,23.1,27.456488
91671,2015-11-15,TR14/9,64.229,12.85675,23.1,27.456488
91672,2015-11-15,ID30/1,116.55,12.85675,23.1,27.456488
91673,2015-11-15,ST07/10,73.891,12.85675,23.1,27.456488
91674,2015-11-15,TQ25/86,88.05,12.85675,23.1,27.456488
91675,2015-11-15,SU81/1,45.09,12.85675,23.1,27.456488
91676,2015-11-15,NH95/17,29.291,12.85675,23.1,27.456488
91677,2015-11-15,SK00/41,130.533,12.85675,23.1,27.456488
91678,2015-11-15,SJ15/13,79.19,12.85675,23.1,27.456488
91679,2015-11-15,TF81/2A,42.336,12.85675,23.1,27.456488
91680,2015-11-15,SU01/5B,82.961,12.85675,23.1,27.456488
91681,2015-11-15,NO20/14,36.483,12.85675,23.1,27.456488
91682,2015-11-15,NY63/2,130.102,12.85675,23.1,27.456488
91683,2015-11-15,SU71/23,35.06,12.85675,23.1,27.456488
91684,2015-11-15,SN00/11,12.704,12.85675,23.1,27.456488
91685,2015-11-16,SJ15/13,79.199,7.7796683,3.4,28.032612
91686,2015-11-16,SU81/1,45.44,7.7796683,3.4,28.032612
91687,2015-11-16,SY68/34,68.925,7.7796683,3.4,28.032612
91688,2015-11-16,TF81/2A,42.334,7.7796683,3.4,28.032612
91689,2015-11-16,TR14/9,64.248,7.7796683,3.4,28.032612
91690,2015-11-16,ID30/1,116.65,7.7796683,3.4,28.032612
91691,2015-11-16,SK00/41,130.54,7.7796683,3.4,28.032612
91692,2015-11-16,SU01/5B,83.32,7.7796683,3.4,28.032612
91693,2015-11-16,SU71/23,35.25,7.7796683,3.4,28.032612
91694,2015-11-16,NO20/14,36.552,7.7796683,3.4,28.032612
91695,2015-11-16,NY63/2,130.098,7.7796683,3.4,28.032612
91696,2015-11-16,NH95/17,29.303,7.7796683,3.4,28.032612
91697,2015-11-16,TQ25/86,88.05,7.7796683,3.4,28.032612
91698,2015-11-16,ST07/10,74.48,7.7796683,3.4,28.032612
91699,2015-11-17,SU71/23,35.47,7.377583,11.3,18.943249
91700,2015-11-17,SN00/11,12.929,7.377583,11.3,18.943249
91701,2015-11-17,NO20/14,36.533,7.377583,11.3,18.943249
91702,2015-11-17,NH95/17,29.292,7.377583,11.3,18.943249
91703,2015-11-17,SJ15/13,79.217,7.377583,11.3,18.943249
91704,2015-11-17,TR14/9,64.256,7.377583,11.3,18.943249
91705,2015-11-17,ID30/1,116.8,7.377583,11.3,18.943249
91706,2015-11-17,TF81/2A,42.331,7.377583,11.3,18.943249
91707,2015-11-17,SU01/5B,83.606,7.377583,11.3,18.943249
91708,2015-11-17,SK00/41,130.541,7.377583,11.3,18.943249
91709,2015-11-17,TQ25/86,88.05,7.377583,11.3,18.943249
91710,2015-11-17,NY63/2,130.111,7.377583,11.3,18.943249
91711,2015-11-17,ST07/10,76.899,7.377583,11.3,18.943249
91712,2015-11-17,SY68/34,69.048,7.377583,11.3,18.943249
91713,2015-11-17,SU81/1,45.7,7.377583,11.3,18.943249
91714,2015-11-18,SU71/23,35.68,8.39425,18.2,27.505207
91715,2015-11-18,ID30/1,117.32,8.39425,18.2,27.505207
91716,2015-11-18,TL33/67,78.75,8.39425,18.2,27.505207
91717,2015-11-18,SP00/62,101.95,8.39425,18.2,27.505207
91718,2015-11-18,TQ25/86,88.04,8.39425,18.2,27.505207
91719,2015-11-18,TF81/2A,42.329,8.39425,18.2,27.505207
91720,2015-11-18,NO20/14,36.525,8.39425,18.2,27.505207
91721,2015-11-18,SN00/11,13.053,8.39425,18.2,27.505207
91722,2015-11-18,SY68/34,69.156,8.39425,18.2,27.505207
91723,2015-11-18,SU17/57,129.3,8.39425,18.2,27.505207
91724,2015-11-18,SJ15/13,79.215,8.39425,18.2,27.505207
91725,2015-11-18,ST07/10,78.278,8.39425,18.2,27.505207
91726,2015-11-18,TR14/9,64.268,8.39425,18.2,27.505207
91727,2015-11-18,NH95/17,29.275,8.39425,18.2,27.505207
91728,2015-11-18,NY63/2,130.115,8.39425,18.2,27.505207
91729,2015-11-18,SU01/5B,83.794,8.39425,18.2,27.505207
91730,2015-11-18,SU81/1,45.99,8.39425,18.2,27.505207
91731,2015-11-18,SK00/41,130.531,8.39425,18.2,27.505207
91732,2015-11-19,SJ15/13,79.224,7.169252,2.4999998,22.662481
91733,2015-11-19,NY63/2,130.101,7.169252,2.4999998,22.662481
91734,2015-11-19,TF81/2A,42.337,7.169252,2.4999998,22.662481
91735,2015-11-19,NO20/14,36.592,7.169252,2.4999998,22.662481
91736,2015-11-19,SU01/5B,83.932,7.169252,2.4999998,22.662481
91737,2015-11-19,TQ25/86,88.03,7.169252,2.4999998,22.662481
91738,2015-11-19,SK00/41,130.521,7.169252,2.4999998,22.662481
91739,2015-11-19,SN00/11,13.033,7.169252,2.4999998,22.662481
91740,2015-11-19,ST07/10,80.807,7.169252,2.4999998,22.662481
91741,2015-11-19,SU81/1,46.75,7.169252,2.4999998,22.662481
91742,2015-11-19,SY68/34,69.257,7.169252,2.4999998,22.662481
91743,2015-11-19,TR14/9,64.284,7.169252,2.4999998,22.662481
91744,2015-11-19,ID30/1,117.38,7.169252,2.4999998,22.662481
91745,2015-11-19,NH95/17,29.263,7.169252,2.4999998,22.662481
91746,2015-11-19,SU71/23,35.91,7.169252,2.4999998,22.662481
91747,2015-11-20,NY63/2,130.122,4.2567506,1.5999999,17.927044
91748,2015-11-20,SU81/1,47.86,4.2567506,1.5999999,17.927044
91749,2015-11-20,SN00/11,13.003,4.2567506,1.5999999,17.927044
91750,2015-11-20,SJ15/13,79.261,4.2567506,1.5999999,17.927044
91751,2015-11-20,ST07/10,81.196,4.2567506,1.5999999,17.927044
91752,2015-11-20,SU01/5B,84.083,4.2567506,1.5999999,17.927044
91753,2015-11-20,TR14/9,64.296,4.2567506,1.5999999,17.927044
91754,2015-11-20,SK00/41,130.52,4.2567506,1.5999999,17.927044
91755,2015-11-20,TQ25/86,88.04,4.2567506,1.5999999,17.927044
91756,2015-11-20,NH95/17,29.271,4.2567506,1.5999999,17.927044
91757,2015-11-20,SU71/23,36.3,4.2567506,1.5999999,17.927044
91758,2015-11-20,NO20/14,36.657,4.2567506,1.5999999,17.927044
91759,2015-11-20,SY68/34,69.349,4.2567506,1.5999999,17.927044
91760,2015-11-20,TF81/2A,42.327,4.2567506,1.5999999,17.927044
91761,2015-11-20,ID30/1,117.21,4.2567506,1.5999999,17.927044
91762,2015-11-21,NY63/2,130.092,0.41925004,1.3000001,16.233862
91763,2015-11-21,SU81/1,48.93,0.41925004,1.3000001,16.233862
91764,2015-11-21,SK00/41,130.509,0.41925004,1.3000001,16.233862
91765,2015-11-21,SJ15/13,79.253,0.41925004,1.3000001,16.233862
91766,2015-11-21,NO20/14,36.776,0.41925004,1.3000001,16.233862
91767,2015-11-21,ST07/10,80.431,0.41925004,1.3000001,16.233862
91768,2015-11-21,SU01/5B,84.216,0.41925004,1.3000001,16.233862
91769,2015-11-21,NH95/17,29.292,0.41925004,1.3000001,16.233862
91770,2015-11-21,SN00/11,12.925,0.41925004,1.3000001,16.233862
91771,2015-11-21,TF81/2A,42.32,0.41925004,1.3000001,16.233862
91772,2015-11-21,TQ25/86,88.03,0.41925004,1.3000001,16.233862
91773,2015-11-21,ID30/1,117.0,0.41925004,1.3000001,16.233862
91774,2015-11-21,SU71/23,36.79,0.41925004,1.3000001,16.233862
91775,2015-11-21,TR14/9,64.309,0.41925004,1.3000001,16.233862
91776,2015-11-21,SY68/34,69.43,0.41925004,1.3000001,16.233862
91777,2015-11-22,SU81/1,49.72,1.0421666,0.1,8.343695
91778,2015-11-22,NH95/17,29.301,1.0421666,0.1,8.343695
91779,2015-11-22,ID30/1,116.74,1.0421666,0.1,8.343695
91780,2015-11-22,TR14/9,64.309,1.0421666,0.1,8.343695
91781,2015-11-22,ST07/10,79.666,1.0421666,0.1,8.343695
91782,2015-11-22,SK00/41,130.495,1.0421666,0.1,8.343695
91783,2015-11-22,SY68/34,69.503,1.0421666,0.1,8.343695
91784,2015-11-22,NY63/2,130.068,1.0421666,0.1,8.343695
91785,2015-11-22,TF81/2A,42.331,1.0421666,0.1,8.343695
91786,2015-11-22,SU01/5B,84.3,1.0421666,0.1,8.343695
91787,2015-11-22,SU71/23,37.21,1.0421666,0.1,8.343695
91788,2015-11-22,NO20/14,36.839,1.0421666,0.1,8.343695
91789,2015-11-22,SN00/11,12.858,1.0421666,0.1,8.343695
91790,2015-11-22,TQ25/86,88.02,1.0421666,0.1,8.343695
91791,2015-11-22,SJ15/13,79.257,1.0421666,0.1,8.343695
91792,2015-11-23,TQ25/86,88.02,3.6505,5.7999997,14.189322
91793,2015-11-23,TR14/9,64.356,3.6505,5.7999997,14.189322
91794,2015-11-23,SE94/5,12.01,3.6505,5.7999997,14.189322
91795,2015-11-23,TF81/2A,42.339,3.6505,5.7999997,14.189322
91796,2015-11-23,ID30/1,116.53,3.6505,5.7999997,14.189322
91797,2015-11-23,SJ15/13,79.311,3.6505,5.7999997,14.189322
91798,2015-11-23,SU71/23,37.52,3.6505,5.7999997,14.189322
91799,2015-11-23,NY63/2,130.111,3.6505,5.7999997,14.189322
91800,2015-11-23,SY68/34,69.582,3.6505,5.7999997,14.189322
91801,2015-11-23,NO20/14,36.797,3.6505,5.7999997,14.189322
91802,2015-11-23,NH95/17,29.294,3.6505,5.7999997,14.189322
91803,2015-11-23,SU01/5B,84.373,3.6505,5.7999997,14.189322
91804,2015-11-23,ST07/10,78.637,3.6505,5.7999997,14.189322
91805,2015-11-23,SU81/1,50.29,3.6505,5.7999997,14.189322
91806,2015-11-23,SN00/11,12.776,3.6505,5.7999997,14.189322
91807,2015-11-23,SK00/41,130.485,3.6505,5.7999997,14.189322
91808,2015-11-24,SN00/11,12.777,5.8484173,3.6000001,14.724376
91809,2015-11-24,SU01/5B,84.539,5.8484173,3.6000001,14.724376
91810,2015-11-24,TF81/2A,42.337,5.8484173,3.6000001,14.724376
91811,2015-11-24,ST07/10,77.5,5.8484173,3.6000001,14.724376
91812,2015-11-24,TA10/63,12.05,5.8484173,3.6000001,14.724376
91813,2015-11-24,SU71/23,37.82,5.8484173,3.6000001,14.724376
91814,2015-11-24,NY63/2,130.126,5.8484173,3.6000001,14.724376
91815,2015-11-24,TM15/112,25.43,5.8484173,3.6000001,14.724376
91816,2015-11-24,TR14/9,64.379,5.8484173,3.6000001,14.724376
91817,2015-11-24,SJ15/13,79.341,5.8484173,3.6000001,14.724376
91818,2015-11-24,SU81/1,50.68,5.8484173,3.6000001,14.724376
91819,2015-11-24,NH95/17,29.306,5.8484173,3.6000001,14.724376
91820,2015-11-24,ID30/1,116.4,5.8484173,3.6000001,14.724376
91821,2015-11-24,NO20/14,36.708,5.8484173,3.6000001,14.724376
91822,2015-11-24,SY68/34,69.684,5.8484173,3.6000001,14.724376
91823,2015-11-24,SK00/41,130.49,5.8484173,3.6000001,14.724376
91824,2015-11-24,TQ25/86,88.02,5.8484173,3.6000001,14.724376
91825,2015-11-25,SP00/62,102.41,5.158833,0.0,11.0597515
91826,2015-11-25,TR14/9,64.4,5.158833,0.0,11.0597515
91827,2015-11-25,SU81/1,51.06,5.158833,0.0,11.0597515
91828,2015-11-25,SN00/11,12.773,5.158833,0.0,11.0597515
91829,2015-11-25,TF81/2A,42.34,5.158833,0.0,11.0597515
91830,2015-11-25,SU01/5B,84.728,5.158833,0.0,11.0597515
91831,2015-11-25,SU71/23,38.12,5.158833,0.0,11.0597515
91832,2015-11-25,SE95/6,18.51,5.158833,0.0,11.0597515
91833,2015-11-25,SK00/41,130.485,5.158833,0.0,11.0597515
91834,2015-11-25,SJ15/13,79.343,5.158833,0.0,11.0597515
91835,2015-11-25,NO20/14,36.772,5.158833,0.0,11.0597515
91836,2015-11-25,ST07/10,76.299,5.158833,0.0,11.0597515
91837,2015-11-25,NH95/17,29.316,5.158833,0.0,11.0597515
91838,2015-11-25,NY63/2,130.093,5.158833,0.0,11.0597515
91839,2015-11-25,SY68/34,69.762,5.158833,0.0,11.0597515
91840,2015-11-25,ID30/1,116.24,5.158833,0.0,11.0597515
91841,2015-11-25,TL33/67,78.75,5.158833,0.0,11.0597515
91842,2015-11-25,TQ25/86,88.02,5.158833,0.0,11.0597515
91843,2015-11-25,SU17/57,129.65,5.158833,0.0,11.0597515
91844,2015-11-26,NO20/14,36.758,7.8192496,0.0,10.46354
91845,2015-11-26,ID30/1,116.1,7.8192496,0.0,10.46354
91846,2015-11-26,TR14/9,64.43,7.8192496,0.0,10.46354
91847,2015-11-26,SJ15/13,79.411,7.8192496,0.0,10.46354
91848,2015-11-26,SK00/41,130.471,7.8192496,0.0,10.46354
91849,2015-11-26,TF81/2A,42.352,7.8192496,0.0,10.46354
91850,2015-11-26,SY68/34,69.819,7.8192496,0.0,10.46354
91851,2015-11-26,SU81/1,51.28,7.8192496,0.0,10.46354
91852,2015-11-26,NY63/2,130.105,7.8192496,0.0,10.46354
91853,2015-11-26,SN00/11,12.737,7.8192496,0.0,10.46354
91854,2015-11-26,SU01/5B,84.912,7.8192496,0.0,10.46354
91855,2015-11-26,SU71/23,38.43,7.8192496,0.0,10.46354
91856,2015-11-26,ST07/10,75.236,7.8192496,0.0,10.46354
91857,2015-11-26,NH95/17,29.333,7.8192496,0.0,10.46354
91858,2015-11-26,TQ25/86,88.01,7.8192496,0.0,10.46354
91859,2015-11-27,NO20/14,36.66,7.579666,8.1,20.694588
91860,2015-11-27,SU71/23,38.63,7.579666,8.1,20.694588
91861,2015-11-27,SK00/41,130.475,7.579666,8.1,20.694588
91862,2015-11-27,SJ15/13,79.469,7.579666,8.1,20.694588
91863,2015-11-27,NH95/17,29.349,7.579666,8.1,20.694588
91864,2015-11-27,SU81/1,51.42,7.579666,8.1,20.694588
91865,2015-11-27,SU01/5B,85.137,7.579666,8.1,20.694588
91866,2015-11-27,ID30/1,116.07,7.579666,8.1,20.694588
91867,2015-11-27,SY68/34,69.877,7.579666,8.1,20.694588
91868,2015-11-27,TQ25/86,88.02,7.579666,8.1,20.694588
91869,2015-11-27,NY63/2,130.144,7.579666,8.1,20.694588
91870,2015-11-27,TF81/2A,42.362,7.579666,8.1,20.694588
91871,2015-11-27,TV59/7C,1.73,7.579666,8.1,20.694588
91872,2015-11-27,TR14/9,64.457,7.579666,8.1,20.694588
91873,2015-11-27,ST07/10,74.431,7.579666,8.1,20.694588
91874,2015-11-28,SU01/5B,85.359,4.46925,14.299999,25.56629
91875,2015-11-28,NO20/14,36.66,4.46925,14.299999,25.56629
91876,2015-11-28,SN00/11,12.651,4.46925,14.299999,25.56629
91877,2015-11-28,TR14/9,64.487,4.46925,14.299999,25.56629
91878,2015-11-28,SU71/23,38.89,4.46925,14.299999,25.56629
91879,2015-11-28,SK00/41,130.477,4.46925,14.299999,25.56629
91880,2015-11-28,SJ15/13,79.518,4.46925,14.299999,25.56629
91881,2015-11-28,ST07/10,74.359,4.46925,14.299999,25.56629
91882,2015-11-28,NH95/17,29.375,4.46925,14.299999,25.56629
91883,2015-11-28,TF81/2A,42.361,4.46925,14.299999,25.56629
91884,2015-11-28,SY68/34,69.926,4.46925,14.299999,25.56629
91885,2015-11-28,TQ25/86,88.01,4.46925,14.299999,25.56629
91886,2015-11-28,ID30/1,116.1,4.46925,14.299999,25.56629
91887,2015-11-28,SU81/1,51.63,4.46925,14.299999,25.56629
91888,2015-11-28,NY63/2,130.172,4.46925,14.299999,25.56629
91889,2015-11-29,NY63/2,130.148,5.1400833,9.800001,30.40814
91890,2015-11-29,SJ15/13,79.552,5.1400833,9.800001,30.40814
91891,2015-11-29,TR14/9,64.518,5.1400833,9.800001,30.40814
91892,2015-11-29,SU71/23,39.12,5.1400833,9.800001,30.40814
91893,2015-11-29,TQ25/86,88.01,5.1400833,9.800001,30.40814
91894,2015-11-29,ID30/1,116.86,5.1400833,9.800001,30.40814
91895,2015-11-29,NH95/17,29.391,5.1400833,9.800001,30.40814
91896,2015-11-29,SY68/34,69.971,5.1400833,9.800001,30.40814
91897,2015-11-29,SU01/5B,85.547,5.1400833,9.800001,30.40814
91898,2015-11-29,SK00/41,130.476,5.1400833,9.800001,30.40814
91899,2015-11-29,ST07/10,75.882,5.1400833,9.800001,30.40814
91900,2015-11-29,NO20/14,36.683,5.1400833,9.800001,30.40814
91901,2015-11-29,SN00/11,12.619,5.1400833,9.800001,30.40814
91902,2015-11-29,TF81/2A,42.367,5.1400833,9.800001,30.40814
91903,2015-11-29,SU81/1,51.7,5.1400833,9.800001,30.40814
91904,2015-11-30,TR14/9,64.55,2.8963335,8.0,12.302151
91905,2015-11-30,NO20/14,36.844,2.8963335,8.0,12.302151
91906,2015-11-30,NY63/2,130.135,2.8963335,8.0,12.302151
91907,2015-11-30,TQ25/86,88.01,2.8963335,8.0,12.302151
91908,2015-11-30,SU81/1,51.77,2.8963335,8.0,12.302151
91909,2015-11-30,TF03/37,10.758,2.8963335,8.0,12.302151
91910,2015-11-30,ST07/10,79.319,2.8963335,8.0,12.302151
91911,2015-11-30,ID30/1,117.24,2.8963335,8.0,12.302151
91912,2015-11-30,TF81/2A,42.372,2.8963335,8.0,12.302151
91913,2015-11-30,SY68/34,70.005,2.8963335,8.0,12.302151
91914,2015-11-30,SK00/41,130.465,2.8963335,8.0,12.302151
91915,2015-11-30,SJ15/13,79.612,2.8963335,8.0,12.302151
91916,2015-11-30,SN00/11,12.733,2.8963335,8.0,12.302151
91917,2015-11-30,NH95/17,29.379,2.8963335,8.0,12.302151
91918,2015-11-30,SU01/5B,85.68,2.8963335,8.0,12.302151
91919,2015-11-30,SU71/23,39.32,2.8963335,8.0,12.302151
91920,2015-12-01,SU71/23,39.46,6.840084,7.3,18.440182
91921,2015-12-01,TR14/9,64.588,6.840084,7.3,18.440182
91922,2015-12-01,ST07/10,82.704,6.840084,7.3,18.440182
91923,2015-12-01,TL44/12,42.42,6.840084,7.3,18.440182
91924,2015-12-01,SY68/34,70.028,6.840084,7.3,18.440182
91925,2015-12-01,TL33/4,78.6,6.840084,7.3,18.440182
91926,2015-12-01,SN00/11,12.986,6.840084,7.3,18.440182
91927,2015-12-01,NO20/14,36.971,6.840084,7.3,18.440182
91928,2015-12-01,SP00/62,102.63,6.840084,7.3,18.440182
91929,2015-12-01,TF81/2A,42.379,6.840084,7.3,18.440182
91930,2015-12-01,SJ15/13,79.659,6.840084,7.3,18.440182
91931,2015-12-01,SK00/41,130.45,6.840084,7.3,18.440182
91932,2015-12-01,NY63/2,130.118,6.840084,7.3,18.440182
91933,2015-12-01,TL33/67,78.82,6.840084,7.3,18.440182
91934,2015-12-01,TQ25/86,88.0,6.840084,7.3,18.440182
91935,2015-12-01,SU01/5B,85.767,6.840084,7.3,18.440182
91936,2015-12-01,SU17/57,130.12,6.840084,7.3,18.440182
91937,2015-12-01,ID30/1,117.421,6.840084,7.3,18.440182
91938,2015-12-01,SU81/1,51.75,6.840084,7.3,18.440182
91939,2015-12-01,NH95/17,29.389,6.840084,7.3,18.440182
91940,2015-12-02,NH95/17,29.411,8.892166,4.1000004,20.838194
91941,2015-12-02,SK00/41,130.441,8.892166,4.1000004,20.838194
91942,2015-12-02,SN00/11,13.057,8.892166,4.1000004,20.838194
91943,2015-12-02,TF81/2A,42.391,8.892166,4.1000004,20.838194
91944,2015-12-02,SU01/5B,85.857,8.892166,4.1000004,20.838194
91945,2015-12-02,SU81/1,51.82,8.892166,4.1000004,20.838194
91946,2015-12-02,NY63/2,130.161,8.892166,4.1000004,20.838194
91947,2015-12-02,SY68/34,70.044,8.892166,4.1000004,20.838194
91948,2015-12-02,ST07/10,83.322,8.892166,4.1000004,20.838194
91949,2015-12-02,TQ25/86,87.99,8.892166,4.1000004,20.838194
91950,2015-12-02,NO20/14,37.031,8.892166,4.1000004,20.838194
91951,2015-12-02,TR14/9,64.629,8.892166,4.1000004,20.838194
91952,2015-12-02,ID30/1,117.602,8.892166,4.1000004,20.838194
91953,2015-12-02,SJ15/13,79.662,8.892166,4.1000004,20.838194
91954,2015-12-02,SU71/23,39.65,8.892166,4.1000004,20.838194
91955,2015-12-03,SK00/41,130.44,4.7463336,25.099998,10.643819
91956,2015-12-03,ST07/10,83.361,4.7463336,25.099998,10.643819
91957,2015-12-03,TQ25/86,88.0,4.7463336,25.099998,10.643819
91958,2015-12-03,SN00/11,13.245,4.7463336,25.099998,10.643819
91959,2015-12-03,TR14/9,64.671,4.7463336,25.099998,10.643819
91960,2015-12-03,NY63/2,130.15,4.7463336,25.099998,10.643819
91961,2015-12-03,NH95/17,29.426,4.7463336,25.099998,10.643819
91962,2015-12-03,SU71/23,39.76,4.7463336,25.099998,10.643819
91963,2015-12-03,SU81/1,51.85,4.7463336,25.099998,10.643819
91964,2015-12-03,SY68/34,70.058,4.7463336,25.099998,10.643819
91965,2015-12-03,TF81/2A,42.408,4.7463336,25.099998,10.643819
91966,2015-12-03,NO20/14,37.177,4.7463336,25.099998,10.643819
91967,2015-12-03,SU01/5B,85.959,4.7463336,25.099998,10.643819
91968,2015-12-03,SJ15/13,79.686,4.7463336,25.099998,10.643819
91969,2015-12-03,ID30/1,117.783,4.7463336,25.099998,10.643819
91970,2015-12-04,ST07/10,83.554,7.715084,5.6,29.345255
91971,2015-12-04,TR14/9,64.723,7.715084,5.6,29.345255
91972,2015-12-04,NO20/14,37.176,7.715084,5.6,29.345255
91973,2015-12-04,NY63/2,130.23,7.715084,5.6,29.345255
91974,2015-12-04,SU71/23,39.97,7.715084,5.6,29.345255
91975,2015-12-04,SU81/1,51.96,7.715084,5.6,29.345255
91976,2015-12-04,ID30/1,117.59,7.715084,5.6,29.345255
91977,2015-12-04,SY68/34,70.056,7.715084,5.6,29.345255
91978,2015-12-04,TQ25/86,87.99,7.715084,5.6,29.345255
91979,2015-12-04,SK00/41,130.43,7.715084,5.6,29.345255
91980,2015-12-04,SN00/11,13.544,7.715084,5.6,29.345255
91981,2015-12-04,TF81/2A,42.419,7.715084,5.6,29.345255
91982,2015-12-04,SU01/5B,86.018,7.715084,5.6,29.345255
91983,2015-12-04,SJ15/13,79.7,7.715084,5.6,29.345255
91984,2015-12-04,NH95/17,29.453,7.715084,5.6,29.345255
91985,2015-12-05,SJ15/13,79.736,10.650501,33.300003,40.11546
91986,2015-12-05,NH95/17,29.491,10.650501,33.300003,40.11546
91987,2015-12-05,TR14/9,64.768,10.650501,33.300003,40.11546
91988,2015-12-05,SU81/1,52.03,10.650501,33.300003,40.11546
91989,2015-12-05,SU71/23,40.12,10.650501,33.300003,40.11546
91990,2015-12-05,SU01/5B,86.107,10.650501,33.300003,40.11546
91991,2015-12-05,SK00/41,130.43,10.650501,33.300003,40.11546
91992,2015-12-05,ST07/10,83.127,10.650501,33.300003,40.11546
91993,2015-12-05,NO20/14,37.121,10.650501,33.300003,40.11546
91994,2015-12-05,ID30/1,117.679,10.650501,33.300003,40.11546
91995,2015-12-05,TQ25/86,87.99,10.650501,33.300003,40.11546
91996,2015-12-05,TF81/2A,42.441,10.650501,33.300003,40.11546
91997,2015-12-05,SY68/34,70.06,10.650501,33.300003,40.11546
91998,2015-12-05,NY63/2,130.274,10.650501,33.300003,40.11546
91999,2015-12-05,SN00/11,13.544,10.650501,33.300003,40.11546
92000,2015-12-06,SY68/34,70.059,7.512999,6.9,22.179886
92001,2015-12-06,SU01/5B,86.186,7.512999,6.9,22.179886
92002,2015-12-06,SU71/23,40.29,7.512999,6.9,22.179886
92003,2015-12-06,TF81/2A,42.449,7.512999,6.9,22.179886
92004,2015-12-06,SJ15/13,79.697,7.512999,6.9,22.179886
92005,2015-12-06,NO20/14,37.375,7.512999,6.9,22.179886
92006,2015-12-06,SK00/41,130.428,7.512999,6.9,22.179886
92007,2015-12-06,ID30/1,118.557,7.512999,6.9,22.179886
92008,2015-12-06,NY63/2,130.52,7.512999,6.9,22.179886
92009,2015-12-06,TR14/9,64.815,7.512999,6.9,22.179886
92010,2015-12-06,SN00/11,13.442,7.512999,6.9,22.179886
92011,2015-12-06,ST07/10,82.221,7.512999,6.9,22.179886
92012,2015-12-06,TQ25/86,87.99,7.512999,6.9,22.179886
92013,2015-12-06,SU81/1,52.21,7.512999,6.9,22.179886
92014,2015-12-06,NH95/17,29.487,7.512999,6.9,22.179886
92015,2015-12-07,SU01/5B,86.233,8.9192505,2.1,19.217829
92016,2015-12-07,TF81/2A,42.466,8.9192505,2.1,19.217829
92017,2015-12-07,ST07/10,81.001,8.9192505,2.1,19.217829
92018,2015-12-07,SJ15/13,79.7,8.9192505,2.1,19.217829
92019,2015-12-07,ID30/1,118.846,8.9192505,2.1,19.217829
92020,2015-12-07,NO20/14,37.529,8.9192505,2.1,19.217829
92021,2015-12-07,NH95/17,29.479,8.9192505,2.1,19.217829
92022,2015-12-07,SK00/41,130.42,8.9192505,2.1,19.217829
92023,2015-12-07,TQ25/86,87.99,8.9192505,2.1,19.217829
92024,2015-12-07,SN00/11,13.335,8.9192505,2.1,19.217829
92025,2015-12-07,NY63/2,130.532,8.9192505,2.1,19.217829
92026,2015-12-07,SY68/34,70.058,8.9192505,2.1,19.217829
92027,2015-12-07,TR14/9,64.865,8.9192505,2.1,19.217829
92028,2015-12-07,SU71/23,40.44,8.9192505,2.1,19.217829
92029,2015-12-07,SU81/1,52.3,8.9192505,2.1,19.217829
92030,2015-12-08,ID30/1,118.301,8.323417,7.4,24.101248
92031,2015-12-08,SU81/1,52.35,8.323417,7.4,24.101248
92032,2015-12-08,NY63/2,130.618,8.323417,7.4,24.101248
92033,2015-12-08,SY68/34,70.054,8.323417,7.4,24.101248
92034,2015-12-08,SK00/41,130.409,8.323417,7.4,24.101248
92035,2015-12-08,TQ25/86,87.98,8.323417,7.4,24.101248
92036,2015-12-08,SU01/5B,86.266,8.323417,7.4,24.101248
92037,2015-12-08,SJ15/13,79.668,8.323417,7.4,24.101248
92038,2015-12-08,NH95/17,29.498,8.323417,7.4,24.101248
92039,2015-12-08,SU71/23,40.58,8.323417,7.4,24.101248
92040,2015-12-08,TR14/9,64.915,8.323417,7.4,24.101248
92041,2015-12-08,ST07/10,79.587,8.323417,7.4,24.101248
92042,2015-12-08,SN00/11,13.233,8.323417,7.4,24.101248
92043,2015-12-08,TF81/2A,42.479,8.323417,7.4,24.101248
92044,2015-12-08,NO20/14,37.53,8.323417,7.4,24.101248
92045,2015-12-09,SN00/11,13.129,7.9588337,15.500002,30.52029
92046,2015-12-09,SY68/34,70.041,7.9588337,15.500002,30.52029
92047,2015-12-09,SK00/41,130.4,7.9588337,15.500002,30.52029
92048,2015-12-09,TR14/9,64.975,7.9588337,15.500002,30.52029
92049,2015-12-09,SU01/5B,86.265,7.9588337,15.500002,30.52029
92050,2015-12-09,SU17/57,130.16,7.9588337,15.500002,30.52029
92051,2015-12-09,TL33/67,79.06,7.9588337,15.500002,30.52029
92052,2015-12-09,ST07/10,78.382,7.9588337,15.500002,30.52029
92053,2015-12-09,NY63/2,130.577,7.9588337,15.500002,30.52029
92054,2015-12-09,SU81/1,52.37,7.9588337,15.500002,30.52029
92055,2015-12-09,SJ15/13,79.654,7.9588337,15.500002,30.52029
92056,2015-12-09,TQ25/86,87.98,7.9588337,15.500002,30.52029
92057,2015-12-09,TF81/2A,42.494,7.9588337,15.500002,30.52029
92058,2015-12-09,SU71/23,40.73,7.9588337,15.500002,30.52029
92059,2015-12-09,ID30/1,117.993,7.9588337,15.500002,30.52029
92060,2015-12-09,NH95/17,29.509,7.9588337,15.500002,30.52029
92061,2015-12-09,SP00/62,102.79,7.9588337,15.500002,30.52029
92062,2015-12-09,NO20/14,37.606,7.9588337,15.500002,30.52029
92063,2015-12-10,SN00/11,13.069,6.5171666,10.2,22.872234
92064,2015-12-10,TQ25/86,87.99,6.5171666,10.2,22.872234
92065,2015-12-10,TR14/9,65.035,6.5171666,10.2,22.872234
92066,2015-12-10,TF81/2A,42.514,6.5171666,10.2,22.872234
92067,2015-12-10,SY68/34,70.036,6.5171666,10.2,22.872234
92068,2015-12-10,NH95/17,29.539,6.5171666,10.2,22.872234
92069,2015-12-10,SU01/5B,86.312,6.5171666,10.2,22.872234
92070,2015-12-10,NY63/2,130.657,6.5171666,10.2,22.872234
92071,2015-12-10,SU81/1,52.4,6.5171666,10.2,22.872234
92072,2015-12-10,ST07/10,77.273,6.5171666,10.2,22.872234
92073,2015-12-10,SU71/23,40.81,6.5171666,10.2,22.872234
92074,2015-12-10,SJ15/13,79.66,6.5171666,10.2,22.872234
92075,2015-12-10,NO20/14,37.7,6.5171666,10.2,22.872234
92076,2015-12-10,ID30/1,117.639,6.5171666,10.2,22.872234
92077,2015-12-10,SK00/41,130.4,6.5171666,10.2,22.872234
92078,2015-12-11,TF81/2A,42.529,4.192167,2.2999997,21.982971
92079,2015-12-11,SU81/1,52.5,4.192167,2.2999997,21.982971
92080,2015-12-11,NH95/17,29.542,4.192167,2.2999997,21.982971
92081,2015-12-11,SU71/23,40.96,4.192167,2.2999997,21.982971
92082,2015-12-11,SN00/11,13.015,4.192167,2.2999997,21.982971
92083,2015-12-11,ID30/1,117.297,4.192167,2.2999997,21.982971
92084,2015-12-11,SJ15/13,79.654,4.192167,2.2999997,21.982971
92085,2015-12-11,NO20/14,37.795,4.192167,2.2999997,21.982971
92086,2015-12-11,SY68/34,70.03,4.192167,2.2999997,21.982971
92087,2015-12-11,TQ25/86,87.99,4.192167,2.2999997,21.982971
92088,2015-12-11,TR14/9,65.094,4.192167,2.2999997,21.982971
92089,2015-12-11,SU01/5B,86.354,4.192167,2.2999997,21.982971
92090,2015-12-11,ST07/10,76.421,4.192167,2.2999997,21.982971
92091,2015-12-11,NY63/2,130.71,4.192167,2.2999997,21.982971
92092,2015-12-11,SK00/41,130.394,4.192167,2.2999997,21.982971
92093,2015-12-12,TF81/2A,42.55,2.740083,16.2,9.672254
92094,2015-12-12,SK00/41,130.396,2.740083,16.2,9.672254
92095,2015-12-12,ST07/10,75.872,2.740083,16.2,9.672254
92096,2015-12-12,NH95/17,29.535,2.740083,16.2,9.672254
92097,2015-12-12,ID30/1,117.253,2.740083,16.2,9.672254
92098,2015-12-12,TQ25/86,88.0,2.740083,16.2,9.672254
92099,2015-12-12,SJ15/13,79.706,2.740083,16.2,9.672254
92100,2015-12-12,SU71/23,41.11,2.740083,16.2,9.672254
92101,2015-12-12,NO20/14,37.891,2.740083,16.2,9.672254
92102,2015-12-12,SU81/1,52.53,2.740083,16.2,9.672254
92103,2015-12-12,TR14/9,65.149,2.740083,16.2,9.672254
92104,2015-12-12,SU01/5B,86.405,2.740083,16.2,9.672254
92105,2015-12-12,SY68/34,70.018,2.740083,16.2,9.672254
92106,2015-12-12,NY63/2,130.712,2.740083,16.2,9.672254
92107,2015-12-13,NO20/14,37.988,1.1150833,1.3000001,7.2198343
92108,2015-12-13,SU81/1,52.72,1.1150833,1.3000001,7.2198343
92109,2015-12-13,SK00/41,130.39,1.1150833,1.3000001,7.2198343
92110,2015-12-13,NY63/2,130.761,1.1150833,1.3000001,7.2198343
92111,2015-12-13,TF81/2A,42.564,1.1150833,1.3000001,7.2198343
92112,2015-12-13,TR14/9,65.206,1.1150833,1.3000001,7.2198343
92113,2015-12-13,SY68/34,69.998,1.1150833,1.3000001,7.2198343
92114,2015-12-13,ID30/1,117.155,1.1150833,1.3000001,7.2198343
92115,2015-12-13,SJ15/13,79.756,1.1150833,1.3000001,7.2198343
92116,2015-12-13,TQ25/86,88.01,1.1150833,1.3000001,7.2198343
92117,2015-12-13,ST07/10,75.293,1.1150833,1.3000001,7.2198343
92118,2015-12-13,NH95/17,29.528,1.1150833,1.3000001,7.2198343
92119,2015-12-13,SU01/5B,86.442,1.1150833,1.3000001,7.2198343
92120,2015-12-13,SN00/11,13.007,1.1150833,1.3000001,7.2198343
92121,2015-12-13,SU71/23,41.25,1.1150833,1.3000001,7.2198343
92122,2015-12-14,NY63/2,130.795,5.4567504,2.8,7.2962923
92123,2015-12-14,ST07/10,74.861,5.4567504,2.8,7.2962923
92124,2015-12-14,SN00/11,13.029,5.4567504,2.8,7.2962923
92125,2015-12-14,NH95/17,29.535,5.4567504,2.8,7.2962923
92126,2015-12-14,SK00/41,130.39,5.4567504,2.8,7.2962923
92127,2015-12-14,TQ25/86,88.01,5.4567504,2.8,7.2962923
92128,2015-12-14,SU71/23,41.43,5.4567504,2.8,7.2962923
92129,2015-12-14,TR14/9,65.268,5.4567504,2.8,7.2962923
92130,2015-12-14,TF81/2A,42.583,5.4567504,2.8,7.2962923
92131,2015-12-14,SJ15/13,79.766,5.4567504,2.8,7.2962923
92132,2015-12-14,SU01/5B,86.474,5.4567504,2.8,7.2962923
92133,2015-12-14,NO20/14,37.97,5.4567504,2.8,7.2962923
92134,2015-12-14,SY68/34,69.977,5.4567504,2.8,7.2962923
92135,2015-12-14,SU81/1,52.95,5.4567504,2.8,7.2962923
92136,2015-12-14,TV59/7C,3.36,5.4567504,2.8,7.2962923
92137,2015-12-14,ID30/1,117.039,5.4567504,2.8,7.2962923
92138,2015-12-15,TF81/2A,42.603,7.5484166,0.3,14.961882
92139,2015-12-15,NO20/14,37.963,7.5484166,0.3,14.961882
92140,2015-12-15,SU01/5B,86.494,7.5484166,0.3,14.961882
92141,2015-12-15,SN00/11,13.057,7.5484166,0.3,14.961882
92142,2015-12-15,NY63/2,130.806,7.5484166,0.3,14.961882
92143,2015-12-15,ST07/10,74.901,7.5484166,0.3,14.961882
92144,2015-12-15,TQ25/86,88.03,7.5484166,0.3,14.961882
92145,2015-12-15,SJ15/13,79.765,7.5484166,0.3,14.961882
92146,2015-12-15,SE94/5,12.07,7.5484166,0.3,14.961882
92147,2015-12-15,NH95/17,29.535,7.5484166,0.3,14.961882
92148,2015-12-15,SU71/23,41.62,7.5484166,0.3,14.961882
92149,2015-12-15,SU81/1,53.29,7.5484166,0.3,14.961882
92150,2015-12-15,SY68/34,69.993,7.5484166,0.3,14.961882
92151,2015-12-15,TR14/9,65.335,7.5484166,0.3,14.961882
92152,2015-12-15,ID30/1,116.922,7.5484166,0.3,14.961882
92153,2015-12-15,SK00/41,130.38,7.5484166,0.3,14.961882
92154,2015-12-16,SP00/62,102.68,10.985916,0.6,16.034945
92155,2015-12-16,SU71/23,41.82,10.985916,0.6,16.034945
92156,2015-12-16,TQ25/86,88.03,10.985916,0.6,16.034945
92157,2015-12-16,TL33/67,79.32,10.985916,0.6,16.034945
92158,2015-12-16,SU17/57,132.06,10.985916,0.6,16.034945
92159,2015-12-16,ID30/1,116.912,10.985916,0.6,16.034945
92160,2015-12-16,ST07/10,75.812,10.985916,0.6,16.034945
92161,2015-12-16,NH95/17,29.538,10.985916,0.6,16.034945
92162,2015-12-16,SJ15/13,79.753,10.985916,0.6,16.034945
92163,2015-12-16,SY68/34,70.007,10.985916,0.6,16.034945
92164,2015-12-16,SU81/1,53.64,10.985916,0.6,16.034945
92165,2015-12-16,SU01/5B,86.487,10.985916,0.6,16.034945
92166,2015-12-16,NY63/2,130.847,10.985916,0.6,16.034945
92167,2015-12-16,TR14/9,65.394,10.985916,0.6,16.034945
92168,2015-12-16,SK00/41,130.38,10.985916,0.6,16.034945
92169,2015-12-16,TF81/2A,42.622,10.985916,0.6,16.034945
92170,2015-12-16,NO20/14,37.919,10.985916,0.6,16.034945
92171,2015-12-16,SN00/11,13.331,10.985916,0.6,16.034945
92172,2015-12-17,SJ15/13,79.735,11.7755,1.8000001,24.205755
92173,2015-12-17,NH95/17,29.563,11.7755,1.8000001,24.205755
92174,2015-12-17,ID30/1,116.843,11.7755,1.8000001,24.205755
92175,2015-12-17,NO20/14,37.879,11.7755,1.8000001,24.205755
92176,2015-12-17,SU01/5B,86.495,11.7755,1.8000001,24.205755
92177,2015-12-17,ST07/10,76.502,11.7755,1.8000001,24.205755
92178,2015-12-17,SN00/11,13.403,11.7755,1.8000001,24.205755
92179,2015-12-17,SU81/1,54.01,11.7755,1.8000001,24.205755
92180,2015-12-17,SY68/34,70.003,11.7755,1.8000001,24.205755
92181,2015-12-17,TR14/9,65.455,11.7755,1.8000001,24.205755
92182,2015-12-17,NY63/2,130.824,11.7755,1.8000001,24.205755
92183,2015-12-17,TF81/2A,42.645,11.7755,1.8000001,24.205755
92184,2015-12-17,TQ25/86,88.04,11.7755,1.8000001,24.205755
92185,2015-12-17,SK00/41,130.375,11.7755,1.8000001,24.205755
92186,2015-12-17,SU71/23,42.04,11.7755,1.8000001,24.205755
92187,2015-12-18,TR14/9,65.523,10.777584,3.0000002,25.577845
92188,2015-12-18,SJ15/13,79.72,10.777584,3.0000002,25.577845
92189,2015-12-18,ID30/1,116.777,10.777584,3.0000002,25.577845
92190,2015-12-18,NO20/14,37.883,10.777584,3.0000002,25.577845
92191,2015-12-18,TF81/2A,42.667,10.777584,3.0000002,25.577845
92192,2015-12-18,NH95/17,29.566,10.777584,3.0000002,25.577845
92193,2015-12-18,SU81/1,54.31,10.777584,3.0000002,25.577845
92194,2015-12-18,ST07/10,76.89,10.777584,3.0000002,25.577845
92195,2015-12-18,SK00/41,130.37,10.777584,3.0000002,25.577845
92196,2015-12-18,SU71/23,42.28,10.777584,3.0000002,25.577845
92197,2015-12-18,TQ25/86,88.06,10.777584,3.0000002,25.577845
92198,2015-12-18,SU01/5B,86.492,10.777584,3.0000002,25.577845
92199,2015-12-18,SN00/11,13.382,10.777584,3.0000002,25.577845
92200,2015-12-18,NY63/2,130.841,10.777584,3.0000002,25.577845
92201,2015-12-18,SY68/34,70.012,10.777584,3.0000002,25.577845
92202,2015-12-18,SE95/6,20.81,10.777584,3.0000002,25.577845
92203,2015-12-19,SJ15/13,79.73,12.963001,7.3,26.600002
92204,2015-12-19,ST07/10,76.69,12.963001,7.3,26.600002
92205,2015-12-19,TR14/9,65.581,12.963001,7.3,26.600002
92206,2015-12-19,TQ25/86,88.07,12.963001,7.3,26.600002
92207,2015-12-19,TF81/2A,42.695,12.963001,7.3,26.600002
92208,2015-12-19,NO20/14,37.845,12.963001,7.3,26.600002
92209,2015-12-19,SY68/34,70.035,12.963001,7.3,26.600002
92210,2015-12-19,SU81/1,54.64,12.963001,7.3,26.600002
92211,2015-12-19,NY63/2,130.851,12.963001,7.3,26.600002
92212,2015-12-19,SE95/6,21.039,12.963001,7.3,26.600002
92213,2015-12-19,SU01/5B,86.518,12.963001,7.3,26.600002
92214,2015-12-19,NH95/17,29.566,12.963001,7.3,26.600002
92215,2015-12-19,SU71/23,42.51,12.963001,7.3,26.600002
92216,2015-12-19,ID30/1,116.675,12.963001,7.3,26.600002
92217,2015-12-19,SK00/41,130.37,12.963001,7.3,26.600002
92218,2015-12-20,TR14/9,65.644,8.812999,22.899998,25.515848
92219,2015-12-20,NY63/2,130.893,8.812999,22.899998,25.515848
92220,2015-12-20,NO20/14,37.887,8.812999,22.899998,25.515848
92221,2015-12-20,SY68/34,70.055,8.812999,22.899998,25.515848
92222,2015-12-20,SE95/6,21.199,8.812999,22.899998,25.515848
92223,2015-12-20,SU71/23,42.79,8.812999,22.899998,25.515848
92224,2015-12-20,SK00/41,130.37,8.812999,22.899998,25.515848
92225,2015-12-20,TF81/2A,42.714,8.812999,22.899998,25.515848
92226,2015-12-20,ST07/10,76.227,8.812999,22.899998,25.515848
92227,2015-12-20,TQ25/86,88.08,8.812999,22.899998,25.515848
92228,2015-12-20,NH95/17,29.578,8.812999,22.899998,25.515848
92229,2015-12-20,SJ15/13,79.732,8.812999,22.899998,25.515848
92230,2015-12-20,SN00/11,13.946,8.812999,22.899998,25.515848
92231,2015-12-20,SU81/1,55.04,8.812999,22.899998,25.515848
92232,2015-12-20,SU01/5B,86.529,8.812999,22.899998,25.515848
92233,2015-12-20,ID30/1,116.501,8.812999,22.899998,25.515848
92234,2015-12-21,TF81/2A,42.737,7.013,7.2,24.5527
92235,2015-12-21,SU71/23,43.03,7.013,7.2,24.5527
92236,2015-12-21,ST07/10,75.834,7.013,7.2,24.5527
92237,2015-12-21,NH95/17,29.56,7.013,7.2,24.5527
92238,2015-12-21,SE95/6,21.335,7.013,7.2,24.5527
92239,2015-12-21,NO20/14,37.97,7.013,7.2,24.5527
92240,2015-12-21,TR14/9,65.729,7.013,7.2,24.5527
92241,2015-12-21,NY63/2,130.868,7.013,7.2,24.5527
92242,2015-12-21,SJ15/13,79.768,7.013,7.2,24.5527
92243,2015-12-21,SU01/5B,86.53,7.013,7.2,24.5527
92244,2015-12-21,SN00/11,13.97,7.013,7.2,24.5527
92245,2015-12-21,TQ25/86,88.1,7.013,7.2,24.5527
92246,2015-12-21,SY68/34,70.074,7.013,7.2,24.5527
92247,2015-12-21,SK00/41,130.364,7.013,7.2,24.5527
92248,2015-12-21,SU81/1,55.42,7.013,7.2,24.5527
92249,2015-12-21,ID30/1,116.358,7.013,7.2,24.5527
92250,2015-12-22,ID30/1,116.43,9.027584,20.100002,27.93039
92251,2015-12-22,SU01/5B,86.561,9.027584,20.100002,27.93039
92252,2015-12-22,NH95/17,29.563,9.027584,20.100002,27.93039
92253,2015-12-22,SU71/23,43.3,9.027584,20.100002,27.93039
92254,2015-12-22,SE95/6,21.475,9.027584,20.100002,27.93039
92255,2015-12-22,TR14/9,65.806,9.027584,20.100002,27.93039
92256,2015-12-22,NY63/2,130.866,9.027584,20.100002,27.93039
92257,2015-12-22,SY68/34,70.105,9.027584,20.100002,27.93039
92258,2015-12-22,TF81/2A,42.76,9.027584,20.100002,27.93039
92259,2015-12-22,SJ15/13,79.801,9.027584,20.100002,27.93039
92260,2015-12-22,TA10/63,11.45,9.027584,20.100002,27.93039
92261,2015-12-22,SK00/41,130.36,9.027584,20.100002,27.93039
92262,2015-12-22,ST07/10,75.851,9.027584,20.100002,27.93039
92263,2015-12-22,NO20/14,37.981,9.027584,20.100002,27.93039
92264,2015-12-22,TQ25/86,88.12,9.027584,20.100002,27.93039
92265,2015-12-22,SU81/1,55.71,9.027584,20.100002,27.93039
92266,2015-12-22,SN00/11,13.922,9.027584,20.100002,27.93039
92267,2015-12-22,SJ62/235,54.33,9.027584,20.100002,27.93039
92268,2015-12-23,SU17/57,132.62,6.635917,6.5999994,28.42156
92269,2015-12-23,TM15/112,25.22,6.635917,6.5999994,28.42156
92270,2015-12-23,SP00/62,102.69,6.635917,6.5999994,28.42156
92271,2015-12-23,ST07/10,76.38,6.635917,6.5999994,28.42156
92272,2015-12-23,SU01/5B,86.609,6.635917,6.5999994,28.42156
92273,2015-12-23,TF81/2A,42.778,6.635917,6.5999994,28.42156
92274,2015-12-23,TR14/9,65.879,6.635917,6.5999994,28.42156
92275,2015-12-23,TQ25/86,88.13,6.635917,6.5999994,28.42156
92276,2015-12-23,TL33/67,79.58,6.635917,6.5999994,28.42156
92277,2015-12-23,SJ15/13,79.818,6.635917,6.5999994,28.42156
92278,2015-12-23,ID30/1,116.281,6.635917,6.5999994,28.42156
92279,2015-12-23,SY68/34,70.137,6.635917,6.5999994,28.42156
92280,2015-12-23,SK00/41,130.35,6.635917,6.5999994,28.42156
92281,2015-12-23,SU81/1,56.06,6.635917,6.5999994,28.42156
92282,2015-12-23,SN00/11,13.867,6.635917,6.5999994,28.42156
92283,2015-12-23,NY63/2,130.947,6.635917,6.5999994,28.42156
92284,2015-12-23,NO20/14,38.088,6.635917,6.5999994,28.42156
92285,2015-12-23,SU71/23,43.53,6.635917,6.5999994,28.42156
92286,2015-12-23,NH95/17,29.583,6.635917,6.5999994,28.42156
92287,2015-12-23,SE95/6,21.571,6.635917,6.5999994,28.42156
92288,2015-12-24,SU71/23,43.77,6.542166,11.6,28.839525
92289,2015-12-24,NH95/17,29.633,6.542166,11.6,28.839525
92290,2015-12-24,SK00/41,130.35,6.542166,11.6,28.839525
92291,2015-12-24,SE94/5,12.2,6.542166,11.6,28.839525
92292,2015-12-24,SJ15/13,79.819,6.542166,11.6,28.839525
92293,2015-12-24,SY68/34,70.154,6.542166,11.6,28.839525
92294,2015-12-24,SU01/5B,86.72,6.542166,11.6,28.839525
92295,2015-12-24,TF81/2A,42.802,6.542166,11.6,28.839525
92296,2015-12-24,SU81/1,56.46,6.542166,11.6,28.839525
92297,2015-12-24,ST07/10,76.664,6.542166,11.6,28.839525
92298,2015-12-24,SE95/6,21.67,6.542166,11.6,28.839525
92299,2015-12-24,NY63/2,130.952,6.542166,11.6,28.839525
92300,2015-12-24,TQ25/86,88.14,6.542166,11.6,28.839525
92301,2015-12-24,SN00/11,13.79,6.542166,11.6,28.839525
92302,2015-12-24,NO20/14,38.1,6.542166,11.6,28.839525
92303,2015-12-24,TR14/9,65.952,6.542166,11.6,28.839525
92304,2015-12-24,ID30/1,116.381,6.542166,11.6,28.839525
92305,2015-12-25,SU01/5B,86.867,3.8838332,15.7,13.018406
92306,2015-12-25,ID30/1,116.604,3.8838332,15.7,13.018406
92307,2015-12-25,SU81/1,57.16,3.8838332,15.7,13.018406
92308,2015-12-25,SJ15/13,79.839,3.8838332,15.7,13.018406
92309,2015-12-25,TQ25/86,88.17,3.8838332,15.7,13.018406
92310,2015-12-25,SY68/34,70.161,3.8838332,15.7,13.018406
92311,2015-12-25,SN00/11,13.725,3.8838332,15.7,13.018406
92312,2015-12-25,NH95/17,29.628,3.8838332,15.7,13.018406
92313,2015-12-25,ST07/10,77.627,3.8838332,15.7,13.018406
92314,2015-12-25,SE95/6,21.737,3.8838332,15.7,13.018406
92315,2015-12-25,NO20/14,38.333,3.8838332,15.7,13.018406
92316,2015-12-25,TR14/9,66.037,3.8838332,15.7,13.018406
92317,2015-12-25,NY63/2,130.972,3.8838332,15.7,13.018406
92318,2015-12-25,SE94/5,12.22,3.8838332,15.7,13.018406
92319,2015-12-25,SK00/41,130.342,3.8838332,15.7,13.018406
92320,2015-12-25,SU71/23,44.12,3.8838332,15.7,13.018406
92321,2015-12-25,TF81/2A,42.825,3.8838332,15.7,13.018406
92322,2015-12-26,SJ15/13,79.909,7.333833,35.2,9.9705105
92323,2015-12-26,SE95/6,21.878,7.333833,35.2,9.9705105
92324,2015-12-26,SN00/11,13.712,7.333833,35.2,9.9705105
92325,2015-12-26,TR14/9,66.124,7.333833,35.2,9.9705105
92326,2015-12-26,NO20/14,38.439,7.333833,35.2,9.9705105
92327,2015-12-26,SU81/1,57.86,7.333833,35.2,9.9705105
92328,2015-12-26,TF81/2A,42.85,7.333833,35.2,9.9705105
92329,2015-12-26,NH95/17,29.618,7.333833,35.2,9.9705105
92330,2015-12-26,SU71/23,44.5,7.333833,35.2,9.9705105
92331,2015-12-26,ST07/10,79.362,7.333833,35.2,9.9705105
92332,2015-12-26,SK00/41,130.34,7.333833,35.2,9.9705105
92333,2015-12-26,ID30/1,117.116,7.333833,35.2,9.9705105
92334,2015-12-26,SY68/34,70.171,7.333833,35.2,9.9705105
92335,2015-12-26,SE94/5,12.25,7.333833,35.2,9.9705105
92336,2015-12-26,SU01/5B,87.141,7.333833,35.2,9.9705105
92337,2015-12-26,TQ25/86,88.19,7.333833,35.2,9.9705105
92338,2015-12-26,NY63/2,131.045,7.333833,35.2,9.9705105
92339,2015-12-27,ST07/10,81.573,5.7109165,0.0,12.842632
92340,2015-12-27,NH95/17,29.663,5.7109165,0.0,12.842632
92341,2015-12-27,SU71/23,44.89,5.7109165,0.0,12.842632
92342,2015-12-27,SY68/34,70.185,5.7109165,0.0,12.842632
92343,2015-12-27,SJ15/13,79.923,5.7109165,0.0,12.842632
92344,2015-12-27,SE94/5,12.34,5.7109165,0.0,12.842632
92345,2015-12-27,SU81/1,58.57,5.7109165,0.0,12.842632
92346,2015-12-27,SE95/6,22.66,5.7109165,0.0,12.842632
92347,2015-12-27,TQ25/86,88.21,5.7109165,0.0,12.842632
92348,2015-12-27,SU01/5B,87.551,5.7109165,0.0,12.842632
92349,2015-12-27,SN00/11,13.789,5.7109165,0.0,12.842632
92350,2015-12-27,SK00/41,130.331,5.7109165,0.0,12.842632
92351,2015-12-27,ID30/1,117.055,5.7109165,0.0,12.842632
92352,2015-12-27,NY63/2,131.163,5.7109165,0.0,12.842632
92353,2015-12-27,TF81/2A,42.869,5.7109165,0.0,12.842632
92354,2015-12-27,NO20/14,38.641,5.7109165,0.0,12.842632
92355,2015-12-27,TR14/9,66.233,5.7109165,0.0,12.842632
92356,2015-12-28,SE94/5,12.41,10.460917,0.5,23.25928
92357,2015-12-28,ST07/10,82.384,10.460917,0.5,23.25928
92358,2015-12-28,SU01/5B,88.068,10.460917,0.5,23.25928
92359,2015-12-28,SE95/6,24.17,10.460917,0.5,23.25928
92360,2015-12-28,SY68/34,70.205,10.460917,0.5,23.25928
92361,2015-12-28,NO20/14,38.646,10.460917,0.5,23.25928
92362,2015-12-28,SK00/41,130.33,10.460917,0.5,23.25928
92363,2015-12-28,TR14/9,66.328,10.460917,0.5,23.25928
92364,2015-12-28,TQ25/86,88.23,10.460917,0.5,23.25928
92365,2015-12-28,NH95/17,29.664,10.460917,0.5,23.25928
92366,2015-12-28,SU71/23,45.25,10.460917,0.5,23.25928
92367,2015-12-28,SN00/11,13.837,10.460917,0.5,23.25928
92368,2015-12-28,NY63/2,131.173,10.460917,0.5,23.25928
92369,2015-12-28,TF81/2A,42.902,10.460917,0.5,23.25928
92370,2015-12-28,SJ15/13,79.948,10.460917,0.5,23.25928
92371,2015-12-28,SU81/1,59.0,10.460917,0.5,23.25928
92372,2015-12-28,ID30/1,117.133,10.460917,0.5,23.25928
92373,2015-12-29,SK00/41,130.328,8.733832,3.7000003,25.933397
92374,2015-12-29,NO20/14,38.592,8.733832,3.7000003,25.933397
92375,2015-12-29,ST07/10,81.863,8.733832,3.7000003,25.933397
92376,2015-12-29,NY63/2,131.279,8.733832,3.7000003,25.933397
92377,2015-12-29,SU81/1,59.39,8.733832,3.7000003,25.933397
92378,2015-12-29,TQ25/86,88.26,8.733832,3.7000003,25.933397
92379,2015-12-29,SE95/6,25.619,8.733832,3.7000003,25.933397
92380,2015-12-29,SE94/5,12.48,8.733832,3.7000003,25.933397
92381,2015-12-29,SU01/5B,88.552,8.733832,3.7000003,25.933397
92382,2015-12-29,SY68/34,70.215,8.733832,3.7000003,25.933397
92383,2015-12-29,ID30/1,117.637,8.733832,3.7000003,25.933397
92384,2015-12-29,TF81/2A,42.927,8.733832,3.7000003,25.933397
92385,2015-12-29,SU71/23,45.6,8.733832,3.7000003,25.933397
92386,2015-12-29,SN00/11,13.774,8.733832,3.7000003,25.933397
92387,2015-12-29,SJ15/13,79.927,8.733832,3.7000003,25.933397
92388,2015-12-29,TR14/9,66.453,8.733832,3.7000003,25.933397
92389,2015-12-29,NH95/17,29.675,8.733832,3.7000003,25.933397
92390,2015-12-30,SJ15/13,79.938,9.702582,14.0,29.95313
92391,2015-12-30,SK00/41,130.33,9.702582,14.0,29.95313
92392,2015-12-30,TL33/67,79.64,9.702582,14.0,29.95313
92393,2015-12-30,ST07/10,82.264,9.702582,14.0,29.95313
92394,2015-12-30,NY63/2,131.276,9.702582,14.0,29.95313
92395,2015-12-30,SP00/62,102.97,9.702582,14.0,29.95313
92396,2015-12-30,NO20/14,38.509,9.702582,14.0,29.95313
92397,2015-12-30,TR14/9,66.562,9.702582,14.0,29.95313
92398,2015-12-30,TQ25/86,88.3,9.702582,14.0,29.95313
92399,2015-12-30,NH95/17,29.701,9.702582,14.0,29.95313
92400,2015-12-30,ID30/1,119.287,9.702582,14.0,29.95313
92401,2015-12-30,SU17/57,133.16,9.702582,14.0,29.95313
92402,2015-12-30,TF81/2A,42.966,9.702582,14.0,29.95313
92403,2015-12-30,SU01/5B,88.985,9.702582,14.0,29.95313
92404,2015-12-30,SU71/23,45.88,9.702582,14.0,29.95313
92405,2015-12-30,SY68/34,70.258,9.702582,14.0,29.95313
92406,2015-12-30,SE95/6,26.791,9.702582,14.0,29.95313
92407,2015-12-30,SE94/5,12.53,9.702582,14.0,29.95313
92408,2015-12-30,SU81/1,59.62,9.702582,14.0,29.95313
92409,2015-12-31,SK00/41,130.326,4.942167,8.4,19.084606
92410,2015-12-31,SN00/11,13.8,4.942167,8.4,19.084606
92411,2015-12-31,SY68/34,70.312,4.942167,8.4,19.084606
92412,2015-12-31,TQ25/86,88.32,4.942167,8.4,19.084606
92413,2015-12-31,TL33/4,79.45,4.942167,8.4,19.084606
92414,2015-12-31,TR14/9,66.698,4.942167,8.4,19.084606
92415,2015-12-31,NO20/14,38.595,4.942167,8.4,19.084606
92416,2015-12-31,SE94/5,12.6,4.942167,8.4,19.084606
92417,2015-12-31,NY63/2,131.309,4.942167,8.4,19.084606
92418,2015-12-31,TF03/37,11.805,4.942167,8.4,19.084606
92419,2015-12-31,TL33/67,80.09,4.942167,8.4,19.084606
92420,2015-12-31,SU81/1,59.81,4.942167,8.4,19.084606
92421,2015-12-31,NH95/17,29.722,4.942167,8.4,19.084606
92422,2015-12-31,TF81/2A,42.984,4.942167,8.4,19.084606
92423,2015-12-31,SP00/62,103.13,4.942167,8.4,19.084606
92424,2015-12-31,SU17/57,133.34,4.942167,8.4,19.084606
92425,2015-12-31,SJ15/13,79.931,4.942167,8.4,19.084606
92426,2015-12-31,ID30/1,118.866,4.942167,8.4,19.084606
92427,2015-12-31,SU01/5B,89.329,4.942167,8.4,19.084606
92428,2015-12-31,ST07/10,83.767,4.942167,8.4,19.084606
92429,2015-12-31,SU71/23,46.19,4.942167,8.4,19.084606
92430,2015-12-31,SE95/6,27.687,4.942167,8.4,19.084606
92431,2016-01-01,ST07/10,84.021,2.68175,1.0,17.516184
92432,2016-01-01,SU81/1,59.86,2.68175,1.0,17.516184
92433,2016-01-01,NO20/14,38.7,2.68175,1.0,17.516184
92434,2016-01-01,TR14/9,66.847,2.68175,1.0,17.516184
92435,2016-01-01,SE94/5,12.7,2.68175,1.0,17.516184
92436,2016-01-01,SY68/34,70.371,2.68175,1.0,17.516184
92437,2016-01-01,SU01/5B,89.608,2.68175,1.0,17.516184
92438,2016-01-01,TF81/2A,42.988,2.68175,1.0,17.516184
92439,2016-01-01,SN00/11,13.842,2.68175,1.0,17.516184
92440,2016-01-01,SE95/6,29.36,2.68175,1.0,17.516184
92441,2016-01-01,TQ25/86,88.37,2.68175,1.0,17.516184
92442,2016-01-01,SU71/23,46.35,2.68175,1.0,17.516184
92443,2016-01-01,SJ15/13,79.989,2.68175,1.0,17.516184
92444,2016-01-01,SK00/41,130.321,2.68175,1.0,17.516184
92445,2016-01-01,NY63/2,131.282,2.68175,1.0,17.516184
92446,2016-01-01,NH95/17,29.698,2.68175,1.0,17.516184
92447,2016-01-02,SU01/5B,90.155,7.188,5.8,17.006205
92448,2016-01-02,NY63/2,131.343,7.188,5.8,17.006205
92449,2016-01-02,SE95/6,28.942,7.188,5.8,17.006205
92450,2016-01-02,SJ15/13,80.032,7.188,5.8,17.006205
92451,2016-01-02,SK00/41,130.33,7.188,5.8,17.006205
92452,2016-01-02,SY68/34,70.482,7.188,5.8,17.006205
92453,2016-01-02,SE94/5,12.8,7.188,5.8,17.006205
92454,2016-01-02,TR14/9,67.045,7.188,5.8,17.006205
92455,2016-01-02,NH95/17,29.684,7.188,5.8,17.006205
92456,2016-01-02,TF81/2A,43.029,7.188,5.8,17.006205
92457,2016-01-02,NO20/14,38.601,7.188,5.8,17.006205
92458,2016-01-02,SN00/11,14.005,7.188,5.8,17.006205
92459,2016-01-02,SU81/1,59.91,7.188,5.8,17.006205
92460,2016-01-02,SU71/23,46.59,7.188,5.8,17.006205
92461,2016-01-02,ST07/10,84.076,7.188,5.8,17.006205
92462,2016-01-02,TQ25/86,88.44,7.188,5.8,17.006205
92463,2016-01-03,SY68/34,70.715,6.740083,9.2,16.097324
92464,2016-01-03,SU71/23,46.83,6.740083,9.2,16.097324
92465,2016-01-03,TF81/2A,43.065,6.740083,9.2,16.097324
92466,2016-01-03,SJ15/13,80.097,6.740083,9.2,16.097324
92467,2016-01-03,SU81/1,60.07,6.740083,9.2,16.097324
92468,2016-01-03,TR14/9,67.372,6.740083,9.2,16.097324
92469,2016-01-03,SU01/5B,92.133,6.740083,9.2,16.097324
92470,2016-01-03,SN00/11,14.265,6.740083,9.2,16.097324
92471,2016-01-03,SE94/5,12.9,6.740083,9.2,16.097324
92472,2016-01-03,NH95/17,29.707,6.740083,9.2,16.097324
92473,2016-01-03,NO20/14,38.552,6.740083,9.2,16.097324
92474,2016-01-03,NY63/2,131.43,6.740083,9.2,16.097324
92475,2016-01-03,ST07/10,84.643,6.740083,9.2,16.097324
92476,2016-01-03,SK00/41,130.345,6.740083,9.2,16.097324
92477,2016-01-03,TQ25/86,88.55,6.740083,9.2,16.097324
92478,2016-01-03,SE95/6,29.406,6.740083,9.2,16.097324
92479,2016-01-04,TQ25/86,88.67,5.988001,0.6,15.199916
92480,2016-01-04,SU71/23,47.56,5.988001,0.6,15.199916
92481,2016-01-04,TR14/9,67.855,5.988001,0.6,15.199916
92482,2016-01-04,SU01/5B,96.195,5.988001,0.6,15.199916
92483,2016-01-04,NO20/14,38.578,5.988001,0.6,15.199916
92484,2016-01-04,NY63/2,131.423,5.988001,0.6,15.199916
92485,2016-01-04,SU81/1,60.82,5.988001,0.6,15.199916
92486,2016-01-04,SE95/6,29.675,5.988001,0.6,15.199916
92487,2016-01-04,SK00/41,130.35,5.988001,0.6,15.199916
92488,2016-01-04,TF81/2A,43.111,5.988001,0.6,15.199916
92489,2016-01-04,SY68/34,70.998,5.988001,0.6,15.199916
92490,2016-01-04,NH95/17,29.709,5.988001,0.6,15.199916
92491,2016-01-04,SJ15/13,80.102,5.988001,0.6,15.199916
92492,2016-01-04,SN00/11,14.412,5.988001,0.6,15.199916
92493,2016-01-04,ST07/10,86.367,5.988001,0.6,15.199916
92494,2016-01-04,SE94/5,13.08,5.988001,0.6,15.199916
92495,2016-01-05,SN00/11,14.399,6.377584,7.2,13.169697
92496,2016-01-05,SE94/5,13.3,6.377584,7.2,13.169697
92497,2016-01-05,SU01/5B,99.247,6.377584,7.2,13.169697
92498,2016-01-05,NO20/14,38.699,6.377584,7.2,13.169697
92499,2016-01-05,ST07/10,87.817,6.377584,7.2,13.169697
92500,2016-01-05,SE95/6,30.03,6.377584,7.2,13.169697
92501,2016-01-05,NY63/2,131.366,6.377584,7.2,13.169697
92502,2016-01-05,SJ15/13,80.04,6.377584,7.2,13.169697
92503,2016-01-05,SU71/23,49.53,6.377584,7.2,13.169697
92504,2016-01-05,SU81/1,63.27,6.377584,7.2,13.169697
92505,2016-01-05,NH95/17,29.698,6.377584,7.2,13.169697
92506,2016-01-05,TR14/9,68.709,6.377584,7.2,13.169697
92507,2016-01-05,SK00/41,130.35,6.377584,7.2,13.169697
92508,2016-01-05,TF81/2A,43.144,6.377584,7.2,13.169697
92509,2016-01-05,TQ25/86,88.83,6.377584,7.2,13.169697
92510,2016-01-05,SY68/34,71.154,6.377584,7.2,13.169697
92511,2016-01-06,TQ25/86,89.01,6.117167,0.0,13.348894
92512,2016-01-06,TL33/67,80.48,6.117167,0.0,13.348894
92513,2016-01-06,SU81/1,65.1,6.117167,0.0,13.348894
92514,2016-01-06,SN00/11,14.31,6.117167,0.0,13.348894
92515,2016-01-06,SP00/62,103.23,6.117167,0.0,13.348894
92516,2016-01-06,SJ15/13,80.016,6.117167,0.0,13.348894
92517,2016-01-06,SU71/23,51.22,6.117167,0.0,13.348894
92518,2016-01-06,SK00/41,130.34,6.117167,0.0,13.348894
92519,2016-01-06,NY63/2,131.361,6.117167,0.0,13.348894
92520,2016-01-06,SE95/6,30.51,6.117167,0.0,13.348894
92521,2016-01-06,ST07/10,87.925,6.117167,0.0,13.348894
92522,2016-01-06,SU17/57,134.79,6.117167,0.0,13.348894
92523,2016-01-06,NO20/14,38.81,6.117167,0.0,13.348894
92524,2016-01-06,TF81/2A,43.176,6.117167,0.0,13.348894
92525,2016-01-06,SU01/5B,100.259,6.117167,0.0,13.348894
92526,2016-01-06,NH95/17,29.665,6.117167,0.0,13.348894
92527,2016-01-06,SY68/34,71.192,6.117167,0.0,13.348894
92528,2016-01-06,SE94/5,13.5,6.117167,0.0,13.348894
92529,2016-01-06,TR14/9,69.6,6.117167,0.0,13.348894
92530,2016-01-07,NH95/17,29.676,4.1713333,11.000001,22.719204
92531,2016-01-07,TQ25/86,89.26,4.1713333,11.000001,22.719204
92532,2016-01-07,SU81/1,66.66,4.1713333,11.000001,22.719204
92533,2016-01-07,TL44/12,43.34,4.1713333,11.000001,22.719204
92534,2016-01-07,TR14/9,70.431,4.1713333,11.000001,22.719204
92535,2016-01-07,SK00/41,130.334,4.1713333,11.000001,22.719204
92536,2016-01-07,SJ15/13,80.018,4.1713333,11.000001,22.719204
92537,2016-01-07,SN00/11,14.326,4.1713333,11.000001,22.719204
92538,2016-01-07,SU71/23,52.35,4.1713333,11.000001,22.719204
92539,2016-01-07,SU01/5B,100.475,4.1713333,11.000001,22.719204
92540,2016-01-07,SE95/6,31.1,4.1713333,11.000001,22.719204
92541,2016-01-07,NO20/14,38.785,4.1713333,11.000001,22.719204
92542,2016-01-07,NY63/2,131.378,4.1713333,11.000001,22.719204
92543,2016-01-07,SY68/34,71.202,4.1713333,11.000001,22.719204
92544,2016-01-07,SE94/5,13.73,4.1713333,11.000001,22.719204
92545,2016-01-07,TF81/2A,43.255,4.1713333,11.000001,22.719204
92546,2016-01-07,ST07/10,88.099,4.1713333,11.000001,22.719204
92547,2016-01-08,SE95/6,31.67,2.1755,5.9999995,9.485017
92548,2016-01-08,SY68/34,71.212,2.1755,5.9999995,9.485017
92549,2016-01-08,SU01/5B,100.412,2.1755,5.9999995,9.485017
92550,2016-01-08,SU81/1,68.25,2.1755,5.9999995,9.485017
92551,2016-01-08,SN00/11,14.284,2.1755,5.9999995,9.485017
92552,2016-01-08,ST07/10,87.746,2.1755,5.9999995,9.485017
92553,2016-01-08,TF81/2A,43.305,2.1755,5.9999995,9.485017
92554,2016-01-08,NO20/14,38.935,2.1755,5.9999995,9.485017
92555,2016-01-08,TR14/9,71.181,2.1755,5.9999995,9.485017
92556,2016-01-08,SJ15/13,80.031,2.1755,5.9999995,9.485017
92557,2016-01-08,NY63/2,131.359,2.1755,5.9999995,9.485017
92558,2016-01-08,TQ25/86,89.53,2.1755,5.9999995,9.485017
92559,2016-01-08,SU71/23,54.03,2.1755,5.9999995,9.485017
92560,2016-01-08,SE94/5,14.03,2.1755,5.9999995,9.485017
92561,2016-01-08,NH95/17,29.691,2.1755,5.9999995,9.485017
92562,2016-01-08,SK00/41,130.319,2.1755,5.9999995,9.485017
92563,2016-01-09,SJ15/13,80.114,3.5275838,13.8,9.746051
92564,2016-01-09,NH95/17,29.674,3.5275838,13.8,9.746051
92565,2016-01-09,SU81/1,69.85,3.5275838,13.8,9.746051
92566,2016-01-09,SU71/23,55.96,3.5275838,13.8,9.746051
92567,2016-01-09,TR14/9,71.808,3.5275838,13.8,9.746051
92568,2016-01-09,SK00/41,130.317,3.5275838,13.8,9.746051
92569,2016-01-09,ST07/10,87.247,3.5275838,13.8,9.746051
92570,2016-01-09,SE94/5,14.38,3.5275838,13.8,9.746051
92571,2016-01-09,NY63/2,131.453,3.5275838,13.8,9.746051
92572,2016-01-09,SU01/5B,100.547,3.5275838,13.8,9.746051
92573,2016-01-09,NO20/14,38.901,3.5275838,13.8,9.746051
92574,2016-01-09,SY68/34,71.243,3.5275838,13.8,9.746051
92575,2016-01-09,TQ25/86,89.84,3.5275838,13.8,9.746051
92576,2016-01-09,SN00/11,14.212,3.5275838,13.8,9.746051
92577,2016-01-09,SE95/6,32.2,3.5275838,13.8,9.746051
92578,2016-01-09,TF81/2A,43.376,3.5275838,13.8,9.746051
92579,2016-01-10,NO20/14,38.787,4.402583,7.4999995,23.577593
92580,2016-01-10,SK00/41,130.32,4.402583,7.4999995,23.577593
92581,2016-01-10,SY68/34,71.267,4.402583,7.4999995,23.577593
92582,2016-01-10,SU71/23,57.18,4.402583,7.4999995,23.577593
92583,2016-01-10,NH95/17,29.742,4.402583,7.4999995,23.577593
92584,2016-01-10,SU81/1,70.98,4.402583,7.4999995,23.577593
92585,2016-01-10,ST07/10,87.207,4.402583,7.4999995,23.577593
92586,2016-01-10,SE95/6,32.82,4.402583,7.4999995,23.577593
92587,2016-01-10,TR14/9,72.313,4.402583,7.4999995,23.577593
92588,2016-01-10,TF81/2A,43.429,4.402583,7.4999995,23.577593
92589,2016-01-10,SN00/11,14.305,4.402583,7.4999995,23.577593
92590,2016-01-10,TQ25/86,90.19,4.402583,7.4999995,23.577593
92591,2016-01-10,NY63/2,131.468,4.402583,7.4999995,23.577593
92592,2016-01-10,SU01/5B,101.139,4.402583,7.4999995,23.577593
92593,2016-01-10,SE94/5,14.76,4.402583,7.4999995,23.577593
92594,2016-01-10,SJ15/13,80.135,4.402583,7.4999995,23.577593
92595,2016-01-11,SU81/1,72.01,2.8671675,0.5,8.384107
92596,2016-01-11,SE95/6,33.35,2.8671675,0.5,8.384107
92597,2016-01-11,NO20/14,38.886,2.8671675,0.5,8.384107
92598,2016-01-11,SN00/11,14.422,2.8671675,0.5,8.384107
92599,2016-01-11,SU71/23,58.44,2.8671675,0.5,8.384107
92600,2016-01-11,SY68/34,71.31,2.8671675,0.5,8.384107
92601,2016-01-11,TR14/9,72.689,2.8671675,0.5,8.384107
92602,2016-01-11,NY63/2,131.439,2.8671675,0.5,8.384107
92603,2016-01-11,ST07/10,86.986,2.8671675,0.5,8.384107
92604,2016-01-11,TQ25/86,90.66,2.8671675,0.5,8.384107
92605,2016-01-11,TF81/2A,43.484,2.8671675,0.5,8.384107
92606,2016-01-11,SE94/5,15.11,2.8671675,0.5,8.384107
92607,2016-01-11,SU01/5B,102.028,2.8671675,0.5,8.384107
92608,2016-01-11,SJ15/13,80.101,2.8671675,0.5,8.384107
92609,2016-01-11,SK00/41,130.315,2.8671675,0.5,8.384107
92610,2016-01-11,NH95/17,29.768,2.8671675,0.5,8.384107
92611,2016-01-12,SU01/5B,102.944,1.7921666,7.0,10.497009
92612,2016-01-12,SY68/34,71.31,1.7921666,7.0,10.497009
92613,2016-01-12,SU71/23,60.66,1.7921666,7.0,10.497009
92614,2016-01-12,TF81/2A,43.529,1.7921666,7.0,10.497009
92615,2016-01-12,SE94/5,15.42,1.7921666,7.0,10.497009
92616,2016-01-12,NY63/2,131.347,1.7921666,7.0,10.497009
92617,2016-01-12,TQ25/86,91.17,1.7921666,7.0,10.497009
92618,2016-01-12,NH95/17,29.761,1.7921666,7.0,10.497009
92619,2016-01-12,SK00/41,130.296,1.7921666,7.0,10.497009
92620,2016-01-12,NO20/14,39.01,1.7921666,7.0,10.497009
92621,2016-01-12,SN00/11,14.396,1.7921666,7.0,10.497009
92622,2016-01-12,TR14/9,73.051,1.7921666,7.0,10.497009
92623,2016-01-12,ST07/10,86.325,1.7921666,7.0,10.497009
92624,2016-01-12,SU81/1,73.22,1.7921666,7.0,10.497009
92625,2016-01-12,SE95/6,33.84,1.7921666,7.0,10.497009
92626,2016-01-12,SJ15/13,80.057,1.7921666,7.0,10.497009
92627,2016-01-13,SU17/57,137.29,1.2400833,5.2000003,9.652798
92628,2016-01-13,SU71/23,62.16,1.2400833,5.2000003,9.652798
92629,2016-01-13,ST07/10,85.626,1.2400833,5.2000003,9.652798
92630,2016-01-13,SE94/5,15.69,1.2400833,5.2000003,9.652798
92631,2016-01-13,NO20/14,39.146,1.2400833,5.2000003,9.652798
92632,2016-01-13,SU81/1,74.2,1.2400833,5.2000003,9.652798
92633,2016-01-13,SJ15/13,80.134,1.2400833,5.2000003,9.652798
92634,2016-01-13,TQ25/86,91.69,1.2400833,5.2000003,9.652798
92635,2016-01-13,TL33/67,81.28,1.2400833,5.2000003,9.652798
92636,2016-01-13,NH95/17,29.77,1.2400833,5.2000003,9.652798
92637,2016-01-13,SK00/41,130.28,1.2400833,5.2000003,9.652798
92638,2016-01-13,SU01/5B,103.601,1.2400833,5.2000003,9.652798
92639,2016-01-13,SY68/34,71.3,1.2400833,5.2000003,9.652798
92640,2016-01-13,SE95/6,34.17,1.2400833,5.2000003,9.652798
92641,2016-01-13,TF81/2A,43.59,1.2400833,5.2000003,9.652798
92642,2016-01-13,SP00/62,103.16,1.2400833,5.2000003,9.652798
92643,2016-01-13,TR14/9,73.421,1.2400833,5.2000003,9.652798
92644,2016-01-13,SN00/11,14.257,1.2400833,5.2000003,9.652798
92645,2016-01-13,NY63/2,131.362,1.2400833,5.2000003,9.652798
92646,2016-01-14,NH95/17,29.774,-0.49533334,4.7,14.411386
92647,2016-01-14,ST07/10,85.313,-0.49533334,4.7,14.411386
92648,2016-01-14,SE94/5,15.96,-0.49533334,4.7,14.411386
92649,2016-01-14,SN00/11,14.127,-0.49533334,4.7,14.411386
92650,2016-01-14,NO20/14,39.196,-0.49533334,4.7,14.411386
92651,2016-01-14,TR14/9,73.723,-0.49533334,4.7,14.411386
92652,2016-01-14,SU71/23,62.76,-0.49533334,4.7,14.411386
92653,2016-01-14,SU01/5B,103.864,-0.49533334,4.7,14.411386
92654,2016-01-14,NY63/2,131.351,-0.49533334,4.7,14.411386
92655,2016-01-14,SJ15/13,80.159,-0.49533334,4.7,14.411386
92656,2016-01-14,SY68/34,71.263,-0.49533334,4.7,14.411386
92657,2016-01-14,TQ25/86,92.21,-0.49533334,4.7,14.411386
92658,2016-01-14,SE95/6,34.46,-0.49533334,4.7,14.411386
92659,2016-01-14,TF81/2A,43.655,-0.49533334,4.7,14.411386
92660,2016-01-14,SU81/1,74.95,-0.49533334,4.7,14.411386
92661,2016-01-14,SK00/41,130.27,-0.49533334,4.7,14.411386
92662,2016-01-15,SK00/41,130.251,-4.759917,0.0,11.822861
92663,2016-01-15,SE94/5,16.22,-4.759917,0.0,11.822861
92664,2016-01-15,TF81/2A,43.698,-4.759917,0.0,11.822861
92665,2016-01-15,SJ15/13,80.134,-4.759917,0.0,11.822861
92666,2016-01-15,TQ25/86,92.67,-4.759917,0.0,11.822861
92667,2016-01-15,SN00/11,13.98,-4.759917,0.0,11.822861
92668,2016-01-15,SE95/6,34.65,-4.759917,0.0,11.822861
92669,2016-01-15,NH95/17,29.741,-4.759917,0.0,11.822861
92670,2016-01-15,ST07/10,84.678,-4.759917,0.0,11.822861
92671,2016-01-15,SU71/23,62.99,-4.759917,0.0,11.822861
92672,2016-01-15,SY68/34,71.228,-4.759917,0.0,11.822861
92673,2016-01-15,SU81/1,75.29,-4.759917,0.0,11.822861
92674,2016-01-15,TR14/9,74.029,-4.759917,0.0,11.822861
92675,2016-01-15,NY63/2,131.3,-4.759917,0.0,11.822861
92676,2016-01-15,SU01/5B,103.739,-4.759917,0.0,11.822861
92677,2016-01-15,NO20/14,39.253,-4.759917,0.0,11.822861
92678,2016-01-16,SE95/6,34.78,-2.4724169,1.9000001,5.676921
92679,2016-01-16,SJ15/13,80.134,-2.4724169,1.9000001,5.676921
92680,2016-01-16,TQ25/86,93.13,-2.4724169,1.9000001,5.676921
92681,2016-01-16,NO20/14,39.312,-2.4724169,1.9000001,5.676921
92682,2016-01-16,SK00/41,130.235,-2.4724169,1.9000001,5.676921
92683,2016-01-16,SE94/5,16.46,-2.4724169,1.9000001,5.676921
92684,2016-01-16,TF81/2A,43.752,-2.4724169,1.9000001,5.676921
92685,2016-01-16,SU01/5B,103.375,-2.4724169,1.9000001,5.676921
92686,2016-01-16,NH95/17,29.739,-2.4724169,1.9000001,5.676921
92687,2016-01-16,SY68/34,71.201,-2.4724169,1.9000001,5.676921
92688,2016-01-16,TR14/9,74.348,-2.4724169,1.9000001,5.676921
92689,2016-01-16,NY63/2,131.316,-2.4724169,1.9000001,5.676921
92690,2016-01-16,SU81/1,75.43,-2.4724169,1.9000001,5.676921
92691,2016-01-16,SN00/11,13.827,-2.4724169,1.9000001,5.676921
92692,2016-01-16,ST07/10,83.787,-2.4724169,1.9000001,5.676921
92693,2016-01-16,SU71/23,63.04,-2.4724169,1.9000001,5.676921
92694,2016-01-17,SU81/1,75.4,-0.43908322,0.0,10.591017
92695,2016-01-17,TF81/2A,43.818,-0.43908322,0.0,10.591017
92696,2016-01-17,SJ15/13,80.171,-0.43908322,0.0,10.591017
92697,2016-01-17,TQ25/86,93.56,-0.43908322,0.0,10.591017
92698,2016-01-17,SU01/5B,102.906,-0.43908322,0.0,10.591017
92699,2016-01-17,SE95/6,34.88,-0.43908322,0.0,10.591017
92700,2016-01-17,NH95/17,29.749,-0.43908322,0.0,10.591017
92701,2016-01-17,NY63/2,131.387,-0.43908322,0.0,10.591017
92702,2016-01-17,SY68/34,71.187,-0.43908322,0.0,10.591017
92703,2016-01-17,TR14/9,74.655,-0.43908322,0.0,10.591017
92704,2016-01-17,ST07/10,82.884,-0.43908322,0.0,10.591017
92705,2016-01-17,SE94/5,16.69,-0.43908322,0.0,10.591017
92706,2016-01-17,SN00/11,13.696,-0.43908322,0.0,10.591017
92707,2016-01-17,SK00/41,130.23,-0.43908322,0.0,10.591017
92708,2016-01-17,SU71/23,62.92,-0.43908322,0.0,10.591017
92709,2016-01-17,NO20/14,39.268,-0.43908322,0.0,10.591017
92710,2016-01-18,SU01/5B,102.399,2.1859167,0.4,5.747338
92711,2016-01-18,SU71/23,62.82,2.1859167,0.4,5.747338
92712,2016-01-18,TQ25/86,93.88,2.1859167,0.4,5.747338
92713,2016-01-18,SU81/1,75.35,2.1859167,0.4,5.747338
92714,2016-01-18,NO20/14,39.198,2.1859167,0.4,5.747338
92715,2016-01-18,SN00/11,13.58,2.1859167,0.4,5.747338
92716,2016-01-18,SE94/5,16.93,2.1859167,0.4,5.747338
92717,2016-01-18,ST07/10,81.871,2.1859167,0.4,5.747338
92718,2016-01-18,TR14/9,74.919,2.1859167,0.4,5.747338
92719,2016-01-18,SE95/6,34.97,2.1859167,0.4,5.747338
92720,2016-01-18,NH95/17,29.746,2.1859167,0.4,5.747338
92721,2016-01-18,SY68/34,71.187,2.1859167,0.4,5.747338
92722,2016-01-18,NY63/2,131.42,2.1859167,0.4,5.747338
92723,2016-01-18,TF81/2A,43.885,2.1859167,0.4,5.747338
92724,2016-01-18,SK00/41,130.23,2.1859167,0.4,5.747338
92725,2016-01-18,SJ15/13,80.182,2.1859167,0.4,5.747338
92726,2016-01-19,NO20/14,39.218,1.7421669,0.0,2.596293
92727,2016-01-19,SU01/5B,101.842,1.7421669,0.0,2.596293
92728,2016-01-19,SE95/6,35.0,1.7421669,0.0,2.596293
92729,2016-01-19,TQ25/86,94.09,1.7421669,0.0,2.596293
92730,2016-01-19,SE94/5,17.15,1.7421669,0.0,2.596293
92731,2016-01-19,TR14/9,75.164,1.7421669,0.0,2.596293
92732,2016-01-19,SJ15/13,80.155,1.7421669,0.0,2.596293
92733,2016-01-19,SY68/34,71.139,1.7421669,0.0,2.596293
92734,2016-01-19,NH95/17,29.738,1.7421669,0.0,2.596293
92735,2016-01-19,SK00/41,130.23,1.7421669,0.0,2.596293
92736,2016-01-19,ST07/10,80.455,1.7421669,0.0,2.596293
92737,2016-01-19,SU71/23,62.67,1.7421669,0.0,2.596293
92738,2016-01-19,SU81/1,75.12,1.7421669,0.0,2.596293
92739,2016-01-19,TF81/2A,43.941,1.7421669,0.0,2.596293
92740,2016-01-19,NY63/2,131.4,1.7421669,0.0,2.596293
92741,2016-01-20,SN00/11,13.352,0.9359167,0.0,4.7499566
92742,2016-01-20,TR14/9,75.402,0.9359167,0.0,4.7499566
92743,2016-01-20,SU01/5B,101.272,0.9359167,0.0,4.7499566
92744,2016-01-20,TQ25/86,94.26,0.9359167,0.0,4.7499566
92745,2016-01-20,NY63/2,131.393,0.9359167,0.0,4.7499566
92746,2016-01-20,SU81/1,74.87,0.9359167,0.0,4.7499566
92747,2016-01-20,SU71/23,62.45,0.9359167,0.0,4.7499566
92748,2016-01-20,ST07/10,79.165,0.9359167,0.0,4.7499566
92749,2016-01-20,SE94/5,17.36,0.9359167,0.0,4.7499566
92750,2016-01-20,TL33/67,81.88,0.9359167,0.0,4.7499566
92751,2016-01-20,TF81/2A,43.995,0.9359167,0.0,4.7499566
92752,2016-01-20,SP00/62,102.83,0.9359167,0.0,4.7499566
92753,2016-01-20,TM15/112,25.32,0.9359167,0.0,4.7499566
92754,2016-01-20,SK00/41,130.221,0.9359167,0.0,4.7499566
92755,2016-01-20,NO20/14,39.219,0.9359167,0.0,4.7499566
92756,2016-01-20,SE95/6,35.01,0.9359167,0.0,4.7499566
92757,2016-01-20,NH95/17,29.709,0.9359167,0.0,4.7499566
92758,2016-01-20,SY68/34,71.107,0.9359167,0.0,4.7499566
92759,2016-01-20,SJ15/13,80.134,0.9359167,0.0,4.7499566
92760,2016-01-20,SU17/57,139.39,0.9359167,0.0,4.7499566
92761,2016-01-21,TQ25/86,94.43,2.6671667,1.7,15.906555
92762,2016-01-21,SN00/11,13.262,2.6671667,1.7,15.906555
92763,2016-01-21,NH95/17,29.712,2.6671667,1.7,15.906555
92764,2016-01-21,SU01/5B,100.724,2.6671667,1.7,15.906555
92765,2016-01-21,ST07/10,78.103,2.6671667,1.7,15.906555
92766,2016-01-21,NO20/14,39.195,2.6671667,1.7,15.906555
92767,2016-01-21,SU71/23,62.18,2.6671667,1.7,15.906555
92768,2016-01-21,SK00/41,130.217,2.6671667,1.7,15.906555
92769,2016-01-21,NY63/2,131.43,2.6671667,1.7,15.906555
92770,2016-01-21,TF81/2A,44.054,2.6671667,1.7,15.906555
92771,2016-01-21,TV59/7C,3.06,2.6671667,1.7,15.906555
92772,2016-01-21,SJ15/13,80.139,2.6671667,1.7,15.906555
92773,2016-01-21,SU81/1,74.52,2.6671667,1.7,15.906555
92774,2016-01-21,TR14/9,75.626,2.6671667,1.7,15.906555
92775,2016-01-21,SY68/34,71.103,2.6671667,1.7,15.906555
92776,2016-01-22,TF81/2A,44.112,7.4609165,4.7999997,23.74305
92777,2016-01-22,SN00/11,13.271,7.4609165,4.7999997,23.74305
92778,2016-01-22,SJ15/13,80.112,7.4609165,4.7999997,23.74305
92779,2016-01-22,NH95/17,29.744,7.4609165,4.7999997,23.74305
92780,2016-01-22,TR14/9,75.818,7.4609165,4.7999997,23.74305
92781,2016-01-22,SE95/6,34.98,7.4609165,4.7999997,23.74305
92782,2016-01-22,SK00/41,130.214,7.4609165,4.7999997,23.74305
92783,2016-01-22,NY63/2,131.432,7.4609165,4.7999997,23.74305
92784,2016-01-22,SU71/23,61.87,7.4609165,4.7999997,23.74305
92785,2016-01-22,ST07/10,79.774,7.4609165,4.7999997,23.74305
92786,2016-01-22,NO20/14,39.12,7.4609165,4.7999997,23.74305
92787,2016-01-22,SU81/1,74.13,7.4609165,4.7999997,23.74305
92788,2016-01-22,TQ25/86,94.57,7.4609165,4.7999997,23.74305
92789,2016-01-22,SY68/34,71.223,7.4609165,4.7999997,23.74305
92790,2016-01-22,SU01/5B,100.211,7.4609165,4.7999997,23.74305
92791,2016-01-23,NY63/2,131.391,7.4296665,1.7,18.118279
92792,2016-01-23,SU81/1,73.71,7.4296665,1.7,18.118279
92793,2016-01-23,SU71/23,61.55,7.4296665,1.7,18.118279
92794,2016-01-23,TF81/2A,44.16,7.4296665,1.7,18.118279
92795,2016-01-23,TR14/9,76.02,7.4296665,1.7,18.118279
92796,2016-01-23,SY68/34,71.25,7.4296665,1.7,18.118279
92797,2016-01-23,SJ15/13,80.077,7.4296665,1.7,18.118279
92798,2016-01-23,ST07/10,80.482,7.4296665,1.7,18.118279
92799,2016-01-23,SU01/5B,99.701,7.4296665,1.7,18.118279
92800,2016-01-23,NH95/17,29.714,7.4296665,1.7,18.118279
92801,2016-01-23,SN00/11,13.279,7.4296665,1.7,18.118279
92802,2016-01-23,NO20/14,39.24,7.4296665,1.7,18.118279
92803,2016-01-23,TQ25/86,94.69,7.4296665,1.7,18.118279
92804,2016-01-23,SK00/41,130.202,7.4296665,1.7,18.118279
92805,2016-01-23,SE95/6,34.84,7.4296665,1.7,18.118279
92806,2016-01-24,NO20/14,39.221,10.358833,0.3,19.928232
92807,2016-01-24,SU81/1,73.21,10.358833,0.3,19.928232
92808,2016-01-24,SY68/34,71.253,10.358833,0.3,19.928232
92809,2016-01-24,NY63/2,131.414,10.358833,0.3,19.928232
92810,2016-01-24,NH95/17,29.702,10.358833,0.3,19.928232
92811,2016-01-24,SU71/23,61.2,10.358833,0.3,19.928232
92812,2016-01-24,TF81/2A,44.221,10.358833,0.3,19.928232
92813,2016-01-24,TR14/9,76.209,10.358833,0.3,19.928232
92814,2016-01-24,SE95/6,34.74,10.358833,0.3,19.928232
92815,2016-01-24,TQ25/86,94.8,10.358833,0.3,19.928232
92816,2016-01-24,SN00/11,13.272,10.358833,0.3,19.928232
92817,2016-01-24,SU01/5B,99.233,10.358833,0.3,19.928232
92818,2016-01-24,SK00/41,130.2,10.358833,0.3,19.928232
92819,2016-01-24,ST07/10,81.14,10.358833,0.3,19.928232
92820,2016-01-24,SJ15/13,80.073,10.358833,0.3,19.928232
92821,2016-01-25,NO20/14,39.164,9.810918,2.9,24.532885
92822,2016-01-25,SJ15/13,80.074,9.810918,2.9,24.532885
92823,2016-01-25,SU81/1,72.78,9.810918,2.9,24.532885
92824,2016-01-25,SK00/41,130.2,9.810918,2.9,24.532885
92825,2016-01-25,SY68/34,71.245,9.810918,2.9,24.532885
92826,2016-01-25,TQ25/86,94.9,9.810918,2.9,24.532885
92827,2016-01-25,SE95/6,34.61,9.810918,2.9,24.532885
92828,2016-01-25,NY63/2,131.45,9.810918,2.9,24.532885
92829,2016-01-25,TA10/63,12.35,9.810918,2.9,24.532885
92830,2016-01-25,TF81/2A,44.285,9.810918,2.9,24.532885
92831,2016-01-25,SN00/11,13.248,9.810918,2.9,24.532885
92832,2016-01-25,SU01/5B,98.801,9.810918,2.9,24.532885
92833,2016-01-25,ST07/10,81.044,9.810918,2.9,24.532885
92834,2016-01-25,SU71/23,60.85,9.810918,2.9,24.532885
92835,2016-01-25,TR14/9,76.393,9.810918,2.9,24.532885
92836,2016-01-25,NH95/17,29.722,9.810918,2.9,24.532885
92837,2016-01-26,TR14/9,76.56,8.3671665,19.000002,31.161978
92838,2016-01-26,SK00/41,130.206,8.3671665,19.000002,31.161978
92839,2016-01-26,SP00/62,102.73,8.3671665,19.000002,31.161978
92840,2016-01-26,SU71/23,60.52,8.3671665,19.000002,31.161978
92841,2016-01-26,SJ15/13,80.102,8.3671665,19.000002,31.161978
92842,2016-01-26,SE95/6,34.43,8.3671665,19.000002,31.161978
92843,2016-01-26,TL33/67,82.48,8.3671665,19.000002,31.161978
92844,2016-01-26,TQ25/86,95.02,8.3671665,19.000002,31.161978
92845,2016-01-26,NY63/2,131.545,8.3671665,19.000002,31.161978
92846,2016-01-26,ST07/10,80.613,8.3671665,19.000002,31.161978
92847,2016-01-26,SN00/11,13.25,8.3671665,19.000002,31.161978
92848,2016-01-26,SU81/1,72.35,8.3671665,19.000002,31.161978
92849,2016-01-26,SU17/57,140.02,8.3671665,19.000002,31.161978
92850,2016-01-26,SU01/5B,98.396,8.3671665,19.000002,31.161978
92851,2016-01-26,NO20/14,39.1,8.3671665,19.000002,31.161978
92852,2016-01-26,SY68/34,71.251,8.3671665,19.000002,31.161978
92853,2016-01-26,NH95/17,29.739,8.3671665,19.000002,31.161978
92854,2016-01-26,TF81/2A,44.355,8.3671665,19.000002,31.161978
92855,2016-01-27,SN00/11,13.326,6.8109183,16.400002,22.814554
92856,2016-01-27,NH95/17,29.723,6.8109183,16.400002,22.814554
92857,2016-01-27,SY68/34,71.259,6.8109183,16.400002,22.814554
92858,2016-01-27,TF81/2A,44.406,6.8109183,16.400002,22.814554
92859,2016-01-27,SU71/23,60.32,6.8109183,16.400002,22.814554
92860,2016-01-27,NY63/2,131.533,6.8109183,16.400002,22.814554
92861,2016-01-27,SJ15/13,80.08,6.8109183,16.400002,22.814554
92862,2016-01-27,SU01/5B,98.031,6.8109183,16.400002,22.814554
92863,2016-01-27,SK00/41,130.21,6.8109183,16.400002,22.814554
92864,2016-01-27,TR14/9,76.684,6.8109183,16.400002,22.814554
92865,2016-01-27,SE95/6,34.27,6.8109183,16.400002,22.814554
92866,2016-01-27,NO20/14,39.21,6.8109183,16.400002,22.814554
92867,2016-01-27,ST07/10,80.966,6.8109183,16.400002,22.814554
92868,2016-01-27,SU81/1,72.0,6.8109183,16.400002,22.814554
92869,2016-01-27,TQ25/86,95.12,6.8109183,16.400002,22.814554
92870,2016-01-28,TR14/9,76.838,5.460917,6.6000004,27.047955
92871,2016-01-28,NY63/2,131.534,5.460917,6.6000004,27.047955
92872,2016-01-28,SE94/5,18.87,5.460917,6.6000004,27.047955
92873,2016-01-28,NO20/14,39.323,5.460917,6.6000004,27.047955
92874,2016-01-28,SU81/1,72.02,5.460917,6.6000004,27.047955
92875,2016-01-28,SE95/6,34.01,5.460917,6.6000004,27.047955
92876,2016-01-28,SU01/5B,97.802,5.460917,6.6000004,27.047955
92877,2016-01-28,SJ15/13,80.072,5.460917,6.6000004,27.047955
92878,2016-01-28,NH95/17,29.719,5.460917,6.6000004,27.047955
92879,2016-01-28,TQ25/86,95.23,5.460917,6.6000004,27.047955
92880,2016-01-28,ST07/10,81.032,5.460917,6.6000004,27.047955
92881,2016-01-28,SY68/34,71.244,5.460917,6.6000004,27.047955
92882,2016-01-28,SU71/23,60.38,5.460917,6.6000004,27.047955
92883,2016-01-28,SK00/41,130.2,5.460917,6.6000004,27.047955
92884,2016-01-28,TF81/2A,44.452,5.460917,6.6000004,27.047955
92885,2016-01-28,SN00/11,13.336,5.460917,6.6000004,27.047955
92886,2016-01-29,ST07/10,80.576,7.752584,5.7,35.4152
92887,2016-01-29,NO20/14,39.247,7.752584,5.7,35.4152
92888,2016-01-29,SK00/41,130.2,7.752584,5.7,35.4152
92889,2016-01-29,TQ25/86,95.36,7.752584,5.7,35.4152
92890,2016-01-29,SE95/6,33.78,7.752584,5.7,35.4152
92891,2016-01-29,TR14/9,76.974,7.752584,5.7,35.4152
92892,2016-01-29,SU71/23,61.43,7.752584,5.7,35.4152
92893,2016-01-29,SU81/1,72.94,7.752584,5.7,35.4152
92894,2016-01-29,SE94/5,18.9,7.752584,5.7,35.4152
92895,2016-01-29,SJ15/13,80.115,7.752584,5.7,35.4152
92896,2016-01-29,SN00/11,13.314,7.752584,5.7,35.4152
92897,2016-01-29,NY63/2,131.592,7.752584,5.7,35.4152
92898,2016-01-29,TF81/2A,44.52,7.752584,5.7,35.4152
92899,2016-01-29,NH95/17,29.78,7.752584,5.7,35.4152
92900,2016-01-29,SY68/34,71.263,7.752584,5.7,35.4152
92901,2016-01-29,SU01/5B,98.015,7.752584,5.7,35.4152
92902,2016-01-30,SU01/5B,98.532,2.3755,3.3,27.074913
92903,2016-01-30,SJ15/13,80.126,2.3755,3.3,27.074913
92904,2016-01-30,SE95/6,33.54,2.3755,3.3,27.074913
92905,2016-01-30,TR14/9,77.085,2.3755,3.3,27.074913
92906,2016-01-30,NH95/17,29.825,2.3755,3.3,27.074913
92907,2016-01-30,SN00/11,13.391,2.3755,3.3,27.074913
92908,2016-01-30,SK00/41,130.2,2.3755,3.3,27.074913
92909,2016-01-30,SU81/1,73.59,2.3755,3.3,27.074913
92910,2016-01-30,ST07/10,80.395,2.3755,3.3,27.074913
92911,2016-01-30,TF81/2A,44.531,2.3755,3.3,27.074913
92912,2016-01-30,TQ25/86,95.47,2.3755,3.3,27.074913
92913,2016-01-30,SU71/23,61.95,2.3755,3.3,27.074913
92914,2016-01-30,NY63/2,131.602,2.3755,3.3,27.074913
92915,2016-01-30,SE94/5,19.04,2.3755,3.3,27.074913
92916,2016-01-30,NO20/14,39.339,2.3755,3.3,27.074913
92917,2016-01-30,SY68/34,71.248,2.3755,3.3,27.074913
92918,2016-01-31,SN00/11,13.395,4.021333,6.9,12.312911
92919,2016-01-31,NY63/2,131.608,4.021333,6.9,12.312911
92920,2016-01-31,SY68/34,71.23,4.021333,6.9,12.312911
92921,2016-01-31,ST07/10,80.253,4.021333,6.9,12.312911
92922,2016-01-31,SE94/5,19.15,4.021333,6.9,12.312911
92923,2016-01-31,SU71/23,62.3,4.021333,6.9,12.312911
92924,2016-01-31,TQ25/86,95.6,4.021333,6.9,12.312911
92925,2016-01-31,TF03/37,16.094,4.021333,6.9,12.312911
92926,2016-01-31,NO20/14,39.363,4.021333,6.9,12.312911
92927,2016-01-31,SU01/5B,98.943,4.021333,6.9,12.312911
92928,2016-01-31,NH95/17,29.839,4.021333,6.9,12.312911
92929,2016-01-31,SE95/6,33.25,4.021333,6.9,12.312911
92930,2016-01-31,SJ15/13,80.124,4.021333,6.9,12.312911
92931,2016-01-31,TF81/2A,44.579,4.021333,6.9,12.312911
92932,2016-01-31,SU81/1,73.99,4.021333,6.9,12.312911
92933,2016-01-31,SK00/41,130.2,4.021333,6.9,12.312911
92934,2016-01-31,TR14/9,77.174,4.021333,6.9,12.312911
92935,2016-02-01,SE95/6,32.99,8.192167,4.3999996,35.813606
92936,2016-02-01,TL33/67,83.27,8.192167,4.3999996,35.813606
92937,2016-02-01,SP00/62,102.96,8.192167,4.3999996,35.813606
92938,2016-02-01,NO20/14,39.292,8.192167,4.3999996,35.813606
92939,2016-02-01,TR14/9,77.27,8.192167,4.3999996,35.813606
92940,2016-02-01,TF81/2A,44.673,8.192167,4.3999996,35.813606
92941,2016-02-01,SE94/5,19.26,8.192167,4.3999996,35.813606
92942,2016-02-01,TL44/12,44.0,8.192167,4.3999996,35.813606
92943,2016-02-01,TL33/4,81.34,8.192167,4.3999996,35.813606
92944,2016-02-01,SN00/11,13.328,8.192167,4.3999996,35.813606
92945,2016-02-01,SU81/1,74.23,8.192167,4.3999996,35.813606
92946,2016-02-01,TQ25/86,95.71,8.192167,4.3999996,35.813606
92947,2016-02-01,NY63/2,131.613,8.192167,4.3999996,35.813606
92948,2016-02-01,SY68/34,71.195,8.192167,4.3999996,35.813606
92949,2016-02-01,SU17/57,140.2,8.192167,4.3999996,35.813606
92950,2016-02-01,NH95/17,29.823,8.192167,4.3999996,35.813606
92951,2016-02-01,SU01/5B,99.103,8.192167,4.3999996,35.813606
92952,2016-02-01,SU71/23,62.44,8.192167,4.3999996,35.813606
92953,2016-02-01,SJ15/13,80.102,8.192167,4.3999996,35.813606
92954,2016-02-01,ST07/10,79.896,8.192167,4.3999996,35.813606
92955,2016-02-01,SK00/41,130.191,8.192167,4.3999996,35.813606
92956,2016-02-02,TQ25/86,95.82,4.5088334,0.6,32.373093
92957,2016-02-02,TF81/2A,44.719,4.5088334,0.6,32.373093
92958,2016-02-02,SU71/23,62.51,4.5088334,0.6,32.373093
92959,2016-02-02,SU81/1,74.41,4.5088334,0.6,32.373093
92960,2016-02-02,SN00/11,13.251,4.5088334,0.6,32.373093
92961,2016-02-02,SE94/5,19.36,4.5088334,0.6,32.373093
92962,2016-02-02,NH95/17,29.912,4.5088334,0.6,32.373093
92963,2016-02-02,SY68/34,71.164,4.5088334,0.6,32.373093
92964,2016-02-02,ST07/10,79.305,4.5088334,0.6,32.373093
92965,2016-02-02,TR14/9,77.34,4.5088334,0.6,32.373093
92966,2016-02-02,SJ15/13,80.07,4.5088334,0.6,32.373093
92967,2016-02-02,SK00/41,130.188,4.5088334,0.6,32.373093
92968,2016-02-02,SU01/5B,99.093,4.5088334,0.6,32.373093
92969,2016-02-02,SE95/6,32.7,4.5088334,0.6,32.373093
92970,2016-02-02,NY63/2,131.578,4.5088334,0.6,32.373093
92971,2016-02-02,NO20/14,39.402,4.5088334,0.6,32.373093
92972,2016-02-03,SJ15/13,80.028,2.9755,0.3,15.583514
92973,2016-02-03,TQ25/86,95.92,2.9755,0.3,15.583514
92974,2016-02-03,SU71/23,62.56,2.9755,0.3,15.583514
92975,2016-02-03,SE95/6,32.41,2.9755,0.3,15.583514
92976,2016-02-03,SU81/1,74.41,2.9755,0.3,15.583514
92977,2016-02-03,SN00/11,13.161,2.9755,0.3,15.583514
92978,2016-02-03,NY63/2,131.518,2.9755,0.3,15.583514
92979,2016-02-03,ST07/10,78.393,2.9755,0.3,15.583514
92980,2016-02-03,NO20/14,39.52,2.9755,0.3,15.583514
92981,2016-02-03,NH95/17,29.907,2.9755,0.3,15.583514
92982,2016-02-03,SE94/5,19.44,2.9755,0.3,15.583514
92983,2016-02-03,TR14/9,77.42,2.9755,0.3,15.583514
92984,2016-02-03,SY68/34,71.136,2.9755,0.3,15.583514
92985,2016-02-03,SU01/5B,98.948,2.9755,0.3,15.583514
92986,2016-02-03,SK00/41,130.175,2.9755,0.3,15.583514
92987,2016-02-03,TF81/2A,44.754,2.9755,0.3,15.583514
92988,2016-02-04,ST07/10,77.654,6.6484165,5.7,15.811481
92989,2016-02-04,SU81/1,74.41,6.6484165,5.7,15.811481
92990,2016-02-04,NY63/2,131.531,6.6484165,5.7,15.811481
92991,2016-02-04,TR14/9,77.52,6.6484165,5.7,15.811481
92992,2016-02-04,SU71/23,62.44,6.6484165,5.7,15.811481
92993,2016-02-04,SN00/11,13.079,6.6484165,5.7,15.811481
92994,2016-02-04,SK00/41,130.17,6.6484165,5.7,15.811481
92995,2016-02-04,TQ25/86,96.04,6.6484165,5.7,15.811481
92996,2016-02-04,NH95/17,29.898,6.6484165,5.7,15.811481
92997,2016-02-04,SU01/5B,98.75,6.6484165,5.7,15.811481
92998,2016-02-04,SJ15/13,80.029,6.6484165,5.7,15.811481
92999,2016-02-04,TF81/2A,44.8,6.6484165,5.7,15.811481
93000,2016-02-04,SY68/34,71.114,6.6484165,5.7,15.811481
93001,2016-02-04,NO20/14,39.503,6.6484165,5.7,15.811481
93002,2016-02-05,TF81/2A,44.862,7.31925,9.3,24.086163
93003,2016-02-05,ST07/10,77.045,7.31925,9.3,24.086163
93004,2016-02-05,NH95/17,29.89,7.31925,9.3,24.086163
93005,2016-02-05,SU01/5B,98.572,7.31925,9.3,24.086163
93006,2016-02-05,SK00/41,130.174,7.31925,9.3,24.086163
93007,2016-02-05,SJ15/13,80.09,7.31925,9.3,24.086163
93008,2016-02-05,NY63/2,131.621,7.31925,9.3,24.086163
93009,2016-02-05,TR14/9,77.64,7.31925,9.3,24.086163
93010,2016-02-05,SY68/34,71.112,7.31925,9.3,24.086163
93011,2016-02-05,SU71/23,62.28,7.31925,9.3,24.086163
93012,2016-02-05,SU81/1,74.28,7.31925,9.3,24.086163
93013,2016-02-05,TQ25/86,96.17,7.31925,9.3,24.086163
93014,2016-02-05,SN00/11,13.031,7.31925,9.3,24.086163
93015,2016-02-05,NO20/14,39.365,7.31925,9.3,24.086163
93016,2016-02-06,NH95/17,29.881,5.167166,7.6999993,17.571486
93017,2016-02-06,SU71/23,62.14,5.167166,7.6999993,17.571486
93018,2016-02-06,ST07/10,77.793,5.167166,7.6999993,17.571486
93019,2016-02-06,TF81/2A,44.931,5.167166,7.6999993,17.571486
93020,2016-02-06,TQ25/86,96.31,5.167166,7.6999993,17.571486
93021,2016-02-06,SU01/5B,98.459,5.167166,7.6999993,17.571486
93022,2016-02-06,SK00/41,130.202,5.167166,7.6999993,17.571486
93023,2016-02-06,SJ15/13,80.191,5.167166,7.6999993,17.571486
93024,2016-02-06,NY63/2,131.722,5.167166,7.6999993,17.571486
93025,2016-02-06,NO20/14,39.269,5.167166,7.6999993,17.571486
93026,2016-02-06,SU81/1,74.06,5.167166,7.6999993,17.571486
93027,2016-02-06,TR14/9,77.72,5.167166,7.6999993,17.571486
93028,2016-02-06,SY68/34,71.142,5.167166,7.6999993,17.571486
93029,2016-02-06,SN00/11,13.057,5.167166,7.6999993,17.571486
93030,2016-02-07,NH95/17,29.873,4.290084,8.2,25.48923
93031,2016-02-07,SU81/1,73.84,4.290084,8.2,25.48923
93032,2016-02-07,SU71/23,61.96,4.290084,8.2,25.48923
93033,2016-02-07,ST07/10,79.604,4.290084,8.2,25.48923
93034,2016-02-07,SN00/11,13.142,4.290084,8.2,25.48923
93035,2016-02-07,SU01/5B,98.398,4.290084,8.2,25.48923
93036,2016-02-07,TQ25/86,96.42,4.290084,8.2,25.48923
93037,2016-02-07,SK00/41,130.218,4.290084,8.2,25.48923
93038,2016-02-07,SY68/34,71.169,4.290084,8.2,25.48923
93039,2016-02-07,SJ15/13,80.259,4.290084,8.2,25.48923
93040,2016-02-07,NY63/2,131.739,4.290084,8.2,25.48923
93041,2016-02-07,NO20/14,39.173,4.290084,8.2,25.48923
93042,2016-02-07,TF81/2A,44.979,4.290084,8.2,25.48923
93043,2016-02-07,TR14/9,77.8,4.290084,8.2,25.48923
93044,2016-02-08,SY68/34,71.184,4.8546667,14.500001,21.993538
93045,2016-02-08,NY63/2,131.711,4.8546667,14.500001,21.993538
93046,2016-02-08,SU81/1,73.6,4.8546667,14.500001,21.993538
93047,2016-02-08,SN00/11,13.316,4.8546667,14.500001,21.993538
93048,2016-02-08,SU01/5B,99.074,4.8546667,14.500001,21.993538
93049,2016-02-08,TR14/9,77.87,4.8546667,14.500001,21.993538
93050,2016-02-08,ST07/10,81.494,4.8546667,14.500001,21.993538
93051,2016-02-08,TF81/2A,45.019,4.8546667,14.500001,21.993538
93052,2016-02-08,TQ25/86,96.57,4.8546667,14.500001,21.993538
93053,2016-02-08,NH95/17,29.864,4.8546667,14.500001,21.993538
93054,2016-02-08,NO20/14,39.2,4.8546667,14.500001,21.993538
93055,2016-02-08,SK00/41,130.23,4.8546667,14.500001,21.993538
93056,2016-02-08,SJ15/13,80.334,4.8546667,14.500001,21.993538
93057,2016-02-08,SU71/23,61.68,4.8546667,14.500001,21.993538
93058,2016-02-09,SK00/41,130.228,3.2775838,6.3,18.270954
93059,2016-02-09,SU81/1,73.25,3.2775838,6.3,18.270954
93060,2016-02-09,NO20/14,39.224,3.2775838,6.3,18.270954
93061,2016-02-09,SU01/5B,100.513,3.2775838,6.3,18.270954
93062,2016-02-09,NY63/2,131.666,3.2775838,6.3,18.270954
93063,2016-02-09,TQ25/86,96.72,3.2775838,6.3,18.270954
93064,2016-02-09,SU71/23,61.43,3.2775838,6.3,18.270954
93065,2016-02-09,SJ15/13,80.361,3.2775838,6.3,18.270954
93066,2016-02-09,NH95/17,29.856,3.2775838,6.3,18.270954
93067,2016-02-09,ST07/10,82.286,3.2775838,6.3,18.270954
93068,2016-02-09,TF81/2A,45.056,3.2775838,6.3,18.270954
93069,2016-02-09,SY68/34,71.2,3.2775838,6.3,18.270954
93070,2016-02-09,SN00/11,13.349,3.2775838,6.3,18.270954
93071,2016-02-09,TR14/9,77.9,3.2775838,6.3,18.270954
93072,2016-02-10,ST07/10,82.062,1.665083,0.0,11.04224
93073,2016-02-10,NO20/14,39.307,1.665083,0.0,11.04224
93074,2016-02-10,NH95/17,29.853,1.665083,0.0,11.04224
93075,2016-02-10,SU81/1,72.99,1.665083,0.0,11.04224
93076,2016-02-10,SJ15/13,80.351,1.665083,0.0,11.04224
93077,2016-02-10,TF81/2A,45.072,1.665083,0.0,11.04224
93078,2016-02-10,SN00/11,13.297,1.665083,0.0,11.04224
93079,2016-02-10,TL33/67,83.57,1.665083,0.0,11.04224
93080,2016-02-10,TR14/9,77.96,1.665083,0.0,11.04224
93081,2016-02-10,SK00/41,130.214,1.665083,0.0,11.04224
93082,2016-02-10,SP00/62,103.26,1.665083,0.0,11.04224
93083,2016-02-10,NY63/2,131.583,1.665083,0.0,11.04224
93084,2016-02-10,SY68/34,71.191,1.665083,0.0,11.04224
93085,2016-02-10,SU01/5B,101.609,1.665083,0.0,11.04224
93086,2016-02-10,SU71/23,61.16,1.665083,0.0,11.04224
93087,2016-02-10,TQ25/86,96.83,1.665083,0.0,11.04224
93088,2016-02-10,SU17/57,140.83,1.665083,0.0,11.04224
93089,2016-02-11,SK00/41,130.2,1.5421667,0.0,7.6688905
93090,2016-02-11,NY63/2,131.585,1.5421667,0.0,7.6688905
93091,2016-02-11,NH95/17,29.875,1.5421667,0.0,7.6688905
93092,2016-02-11,SJ15/13,80.355,1.5421667,0.0,7.6688905
93093,2016-02-11,ST07/10,81.373,1.5421667,0.0,7.6688905
93094,2016-02-11,TF81/2A,45.105,1.5421667,0.0,7.6688905
93095,2016-02-11,SU01/5B,102.081,1.5421667,0.0,7.6688905
93096,2016-02-11,TR14/9,78.03,1.5421667,0.0,7.6688905
93097,2016-02-11,SU71/23,60.86,1.5421667,0.0,7.6688905
93098,2016-02-11,SY68/34,71.177,1.5421667,0.0,7.6688905
93099,2016-02-11,SU81/1,72.62,1.5421667,0.0,7.6688905
93100,2016-02-11,SN00/11,13.237,1.5421667,0.0,7.6688905
93101,2016-02-11,TQ25/86,96.96,1.5421667,0.0,7.6688905
93102,2016-02-11,NO20/14,39.349,1.5421667,0.0,7.6688905
93103,2016-02-12,NH95/17,29.909,1.4442501,0.0,9.13951
93104,2016-02-12,SY68/34,71.164,1.4442501,0.0,9.13951
93105,2016-02-12,TQ25/86,97.1,1.4442501,0.0,9.13951
93106,2016-02-12,NY63/2,131.612,1.4442501,0.0,9.13951
93107,2016-02-12,SN00/11,13.176,1.4442501,0.0,9.13951
93108,2016-02-12,SJ15/13,80.365,1.4442501,0.0,9.13951
93109,2016-02-12,NO20/14,39.355,1.4442501,0.0,9.13951
93110,2016-02-12,TF81/2A,45.148,1.4442501,0.0,9.13951
93111,2016-02-12,SU01/5B,102.189,1.4442501,0.0,9.13951
93112,2016-02-12,SU81/1,72.32,1.4442501,0.0,9.13951
93113,2016-02-12,TR14/9,78.1,1.4442501,0.0,9.13951
93114,2016-02-12,SU71/23,60.62,1.4442501,0.0,9.13951
93115,2016-02-12,ST07/10,80.364,1.4442501,0.0,9.13951
93116,2016-02-12,SK00/41,130.199,1.4442501,0.0,9.13951
93117,2016-02-13,ST07/10,79.582,2.1442502,0.0,13.463096
93118,2016-02-13,NO20/14,39.315,2.1442502,0.0,13.463096
93119,2016-02-13,NY63/2,131.622,2.1442502,0.0,13.463096
93120,2016-02-13,SK00/41,130.2,2.1442502,0.0,13.463096
93121,2016-02-13,SN00/11,13.118,2.1442502,0.0,13.463096
93122,2016-02-13,SU81/1,72.0,2.1442502,0.0,13.463096
93123,2016-02-13,SJ15/13,80.359,2.1442502,0.0,13.463096
93124,2016-02-13,TR14/9,78.11,2.1442502,0.0,13.463096
93125,2016-02-13,SU01/5B,102.083,2.1442502,0.0,13.463096
93126,2016-02-13,TQ25/86,97.24,2.1442502,0.0,13.463096
93127,2016-02-13,TF81/2A,45.188,2.1442502,0.0,13.463096
93128,2016-02-13,NH95/17,29.913,2.1442502,0.0,13.463096
93129,2016-02-13,SY68/34,71.154,2.1442502,0.0,13.463096
93130,2016-02-13,SU71/23,60.37,2.1442502,0.0,13.463096
93131,2016-02-14,SN00/11,13.035,1.0109167,0.2,14.971115
93132,2016-02-14,SJ15/13,80.264,1.0109167,0.2,14.971115
93133,2016-02-14,SU81/1,71.69,1.0109167,0.2,14.971115
93134,2016-02-14,TQ25/86,97.31,1.0109167,0.2,14.971115
93135,2016-02-14,SY68/34,71.109,1.0109167,0.2,14.971115
93136,2016-02-14,SU71/23,60.1,1.0109167,0.2,14.971115
93137,2016-02-14,NO20/14,39.414,1.0109167,0.2,14.971115
93138,2016-02-14,ST07/10,78.609,1.0109167,0.2,14.971115
93139,2016-02-14,TR14/9,78.1,1.0109167,0.2,14.971115
93140,2016-02-14,TF81/2A,45.188,1.0109167,0.2,14.971115
93141,2016-02-14,SU01/5B,101.767,1.0109167,0.2,14.971115
93142,2016-02-14,SK00/41,130.185,1.0109167,0.2,14.971115
93143,2016-02-14,NY63/2,131.511,1.0109167,0.2,14.971115
93144,2016-02-14,NH95/17,29.889,1.0109167,0.2,14.971115
93145,2016-02-15,TF81/2A,45.185,0.20050006,0.0,10.242306
93146,2016-02-15,SJ15/13,80.177,0.20050006,0.0,10.242306
93147,2016-02-15,SU01/5B,101.315,0.20050006,0.0,10.242306
93148,2016-02-15,NY63/2,131.418,0.20050006,0.0,10.242306
93149,2016-02-15,NO20/14,39.539,0.20050006,0.0,10.242306
93150,2016-02-15,NH95/17,29.845,0.20050006,0.0,10.242306
93151,2016-02-15,TQ25/86,97.37,0.20050006,0.0,10.242306
93152,2016-02-15,SU81/1,71.37,0.20050006,0.0,10.242306
93153,2016-02-15,SU71/23,59.84,0.20050006,0.0,10.242306
93154,2016-02-15,ST07/10,77.637,0.20050006,0.0,10.242306
93155,2016-02-15,SY68/34,71.071,0.20050006,0.0,10.242306
93156,2016-02-15,SK00/41,130.158,0.20050006,0.0,10.242306
93157,2016-02-15,SN00/11,12.981,0.20050006,0.0,10.242306
93158,2016-02-15,TR14/9,78.14,0.20050006,0.0,10.242306
93159,2016-02-16,SU71/23,59.46,2.0609167,8.599999,22.371803
93160,2016-02-16,TR14/9,78.21,2.0609167,8.599999,22.371803
93161,2016-02-16,NH95/17,29.881,2.0609167,8.599999,22.371803
93162,2016-02-16,SY68/34,71.047,2.0609167,8.599999,22.371803
93163,2016-02-16,SK00/41,130.147,2.0609167,8.599999,22.371803
93164,2016-02-16,TF81/2A,45.22,2.0609167,8.599999,22.371803
93165,2016-02-16,SJ15/13,80.21,2.0609167,8.599999,22.371803
93166,2016-02-16,SU01/5B,100.89,2.0609167,8.599999,22.371803
93167,2016-02-16,TQ25/86,97.47,2.0609167,8.599999,22.371803
93168,2016-02-16,NY63/2,131.503,2.0609167,8.599999,22.371803
93169,2016-02-16,ST07/10,76.782,2.0609167,8.599999,22.371803
93170,2016-02-16,SU81/1,70.98,2.0609167,8.599999,22.371803
93171,2016-02-16,SN00/11,12.924,2.0609167,8.599999,22.371803
93172,2016-02-16,NO20/14,39.215,2.0609167,8.599999,22.371803
93173,2016-02-17,TR14/9,78.24,3.5796669,16.300001,15.598782
93174,2016-02-17,ST07/10,77.681,3.5796669,16.300001,15.598782
93175,2016-02-17,SK00/41,130.15,3.5796669,16.300001,15.598782
93176,2016-02-17,TF81/2A,45.27,3.5796669,16.300001,15.598782
93177,2016-02-17,SP00/62,102.9,3.5796669,16.300001,15.598782
93178,2016-02-17,NY63/2,131.564,3.5796669,16.300001,15.598782
93179,2016-02-17,TQ25/86,97.59,3.5796669,16.300001,15.598782
93180,2016-02-17,NO20/14,38.924,3.5796669,16.300001,15.598782
93181,2016-02-17,SU71/23,59.13,3.5796669,16.300001,15.598782
93182,2016-02-17,SJ15/13,80.261,3.5796669,16.300001,15.598782
93183,2016-02-17,SU81/1,70.58,3.5796669,16.300001,15.598782
93184,2016-02-17,NH95/17,29.888,3.5796669,16.300001,15.598782
93185,2016-02-17,SU17/57,141.78,3.5796669,16.300001,15.598782
93186,2016-02-17,SU01/5B,100.556,3.5796669,16.300001,15.598782
93187,2016-02-17,TL33/67,83.92,3.5796669,16.300001,15.598782
93188,2016-02-17,SY68/34,71.084,3.5796669,16.300001,15.598782
93189,2016-02-17,SJ62/235,54.61,3.5796669,16.300001,15.598782
93190,2016-02-18,ST07/10,77.954,1.1005,0.0,10.884199
93191,2016-02-18,TR14/9,78.28,1.1005,0.0,10.884199
93192,2016-02-18,SK00/41,130.15,1.1005,0.0,10.884199
93193,2016-02-18,SJ15/13,80.267,1.1005,0.0,10.884199
93194,2016-02-18,TF81/2A,45.288,1.1005,0.0,10.884199
93195,2016-02-18,NY63/2,131.548,1.1005,0.0,10.884199
93196,2016-02-18,NO20/14,38.973,1.1005,0.0,10.884199
93197,2016-02-18,SU01/5B,100.202,1.1005,0.0,10.884199
93198,2016-02-18,NH95/17,29.878,1.1005,0.0,10.884199
93199,2016-02-18,SY68/34,71.055,1.1005,0.0,10.884199
93200,2016-02-18,SU71/23,58.83,1.1005,0.0,10.884199
93201,2016-02-18,TQ25/86,97.66,1.1005,0.0,10.884199
93202,2016-02-18,SU81/1,70.28,1.1005,0.0,10.884199
93203,2016-02-19,SJ15/13,80.287,4.1630006,4.1000004,20.067991
93204,2016-02-19,TF81/2A,45.323,4.1630006,4.1000004,20.067991
93205,2016-02-19,NH95/17,29.879,4.1630006,4.1000004,20.067991
93206,2016-02-19,SU01/5B,99.832,4.1630006,4.1000004,20.067991
93207,2016-02-19,TR14/9,78.32,4.1630006,4.1000004,20.067991
93208,2016-02-19,TQ25/86,97.75,4.1630006,4.1000004,20.067991
93209,2016-02-19,SY68/34,71.021,4.1630006,4.1000004,20.067991
93210,2016-02-19,SK00/41,130.154,4.1630006,4.1000004,20.067991
93211,2016-02-19,SN00/11,12.943,4.1630006,4.1000004,20.067991
93212,2016-02-19,NY63/2,131.591,4.1630006,4.1000004,20.067991
93213,2016-02-19,SU71/23,58.54,4.1630006,4.1000004,20.067991
93214,2016-02-19,ST07/10,77.508,4.1630006,4.1000004,20.067991
93215,2016-02-19,SU81/1,69.96,4.1630006,4.1000004,20.067991
93216,2016-02-19,NO20/14,38.884,4.1630006,4.1000004,20.067991
93217,2016-02-20,TR14/9,78.36,4.8734174,7.799999,28.291307
93218,2016-02-20,SK00/41,130.16,4.8734174,7.799999,28.291307
93219,2016-02-20,TF81/2A,45.35,4.8734174,7.799999,28.291307
93220,2016-02-20,NY63/2,131.587,4.8734174,7.799999,28.291307
93221,2016-02-20,ST07/10,78.197,4.8734174,7.799999,28.291307
93222,2016-02-20,NO20/14,38.825,4.8734174,7.799999,28.291307
93223,2016-02-20,NH95/17,29.892,4.8734174,7.799999,28.291307
93224,2016-02-20,SU81/1,69.65,4.8734174,7.799999,28.291307
93225,2016-02-20,SU71/23,58.23,4.8734174,7.799999,28.291307
93226,2016-02-20,SJ15/13,80.29,4.8734174,7.799999,28.291307
93227,2016-02-20,SU01/5B,99.456,4.8734174,7.799999,28.291307
93228,2016-02-20,SY68/34,70.987,4.8734174,7.799999,28.291307
93229,2016-02-20,TQ25/86,97.81,4.8734174,7.799999,28.291307
93230,2016-02-20,SN00/11,12.883,4.8734174,7.799999,28.291307
93231,2016-02-21,TR14/9,78.39,5.627584,6.3999996,22.251003
93232,2016-02-21,SU71/23,57.9,5.627584,6.3999996,22.251003
93233,2016-02-21,ST07/10,79.32,5.627584,6.3999996,22.251003
93234,2016-02-21,SN00/11,12.81,5.627584,6.3999996,22.251003
93235,2016-02-21,SU01/5B,99.095,5.627584,6.3999996,22.251003
93236,2016-02-21,SK00/41,130.16,5.627584,6.3999996,22.251003
93237,2016-02-21,TQ25/86,97.88,5.627584,6.3999996,22.251003
93238,2016-02-21,SY68/34,70.962,5.627584,6.3999996,22.251003
93239,2016-02-21,SJ15/13,80.298,5.627584,6.3999996,22.251003
93240,2016-02-21,TF81/2A,45.374,5.627584,6.3999996,22.251003
93241,2016-02-21,NY63/2,131.577,5.627584,6.3999996,22.251003
93242,2016-02-21,SU81/1,69.31,5.627584,6.3999996,22.251003
93243,2016-02-21,NH95/17,29.906,5.627584,6.3999996,22.251003
93244,2016-02-21,NO20/14,38.807,5.627584,6.3999996,22.251003
93245,2016-02-22,NH95/17,29.896,3.1963336,0.3,17.028885
93246,2016-02-22,SU01/5B,98.766,3.1963336,0.3,17.028885
93247,2016-02-22,SJ15/13,80.269,3.1963336,0.3,17.028885
93248,2016-02-22,SY68/34,70.948,3.1963336,0.3,17.028885
93249,2016-02-22,SU81/1,69.06,3.1963336,0.3,17.028885
93250,2016-02-22,SU71/23,57.63,3.1963336,0.3,17.028885
93251,2016-02-22,TR14/9,78.4,3.1963336,0.3,17.028885
93252,2016-02-22,NO20/14,38.83,3.1963336,0.3,17.028885
93253,2016-02-22,ST07/10,79.928,3.1963336,0.3,17.028885
93254,2016-02-22,SN00/11,12.732,3.1963336,0.3,17.028885
93255,2016-02-22,TF81/2A,45.389,3.1963336,0.3,17.028885
93256,2016-02-22,TQ25/86,97.92,3.1963336,0.3,17.028885
93257,2016-02-22,SK00/41,130.155,3.1963336,0.3,17.028885
93258,2016-02-22,NY63/2,131.523,3.1963336,0.3,17.028885
93259,2016-02-23,ST07/10,79.919,0.4525834,0.0,9.260906
93260,2016-02-23,SU81/1,68.77,0.4525834,0.0,9.260906
93261,2016-02-23,SK00/41,130.145,0.4525834,0.0,9.260906
93262,2016-02-23,NH95/17,29.855,0.4525834,0.0,9.260906
93263,2016-02-23,SN00/11,12.647,0.4525834,0.0,9.260906
93264,2016-02-23,NY63/2,131.467,0.4525834,0.0,9.260906
93265,2016-02-23,SE95/6,27.772,0.4525834,0.0,9.260906
93266,2016-02-23,NO20/14,38.913,0.4525834,0.0,9.260906
93267,2016-02-23,TR14/9,78.44,0.4525834,0.0,9.260906
93268,2016-02-23,SY68/34,70.919,0.4525834,0.0,9.260906
93269,2016-02-23,SU01/5B,98.446,0.4525834,0.0,9.260906
93270,2016-02-23,TF81/2A,45.398,0.4525834,0.0,9.260906
93271,2016-02-23,SJ15/13,80.228,0.4525834,0.0,9.260906
93272,2016-02-23,SU71/23,57.3,0.4525834,0.0,9.260906
93273,2016-02-23,TQ25/86,97.96,0.4525834,0.0,9.260906
93274,2016-02-24,SN00/11,12.579,0.2609167,0.0,6.5008526
93275,2016-02-24,SU17/57,141.94,0.2609167,0.0,6.5008526
93276,2016-02-24,NO20/14,38.931,0.2609167,0.0,6.5008526
93277,2016-02-24,NH95/17,29.864,0.2609167,0.0,6.5008526
93278,2016-02-24,ST07/10,79.34,0.2609167,0.0,6.5008526
93279,2016-02-24,SJ15/13,80.229,0.2609167,0.0,6.5008526
93280,2016-02-24,SP00/62,102.63,0.2609167,0.0,6.5008526
93281,2016-02-24,NY63/2,131.485,0.2609167,0.0,6.5008526
93282,2016-02-24,SU71/23,57.02,0.2609167,0.0,6.5008526
93283,2016-02-24,TL33/67,84.16,0.2609167,0.0,6.5008526
93284,2016-02-24,TQ25/86,98.01,0.2609167,0.0,6.5008526
93285,2016-02-24,TF81/2A,45.425,0.2609167,0.0,6.5008526
93286,2016-02-24,TR14/9,78.46,0.2609167,0.0,6.5008526
93287,2016-02-24,SU81/1,68.45,0.2609167,0.0,6.5008526
93288,2016-02-24,SU01/5B,98.172,0.2609167,0.0,6.5008526
93289,2016-02-24,SK00/41,130.14,0.2609167,0.0,6.5008526
93290,2016-02-24,SY68/34,70.896,0.2609167,0.0,6.5008526
93291,2016-02-25,SE94/5,20.283,-0.58908325,0.0,7.8475194
93292,2016-02-25,SK00/41,130.13,-0.58908325,0.0,7.8475194
93293,2016-02-25,SU71/23,56.74,-0.58908325,0.0,7.8475194
93294,2016-02-25,SJ15/13,80.236,-0.58908325,0.0,7.8475194
93295,2016-02-25,SY68/34,70.876,-0.58908325,0.0,7.8475194
93296,2016-02-25,SU01/5B,97.93,-0.58908325,0.0,7.8475194
93297,2016-02-25,SU81/1,68.17,-0.58908325,0.0,7.8475194
93298,2016-02-25,SN00/11,12.509,-0.58908325,0.0,7.8475194
93299,2016-02-25,ST07/10,78.412,-0.58908325,0.0,7.8475194
93300,2016-02-25,TQ25/86,98.06,-0.58908325,0.0,7.8475194
93301,2016-02-25,NY63/2,131.498,-0.58908325,0.0,7.8475194
93302,2016-02-25,TV59/7C,2.49,-0.58908325,0.0,7.8475194
93303,2016-02-25,NO20/14,38.897,-0.58908325,0.0,7.8475194
93304,2016-02-25,TR14/9,78.5,-0.58908325,0.0,7.8475194
93305,2016-02-25,NH95/17,29.859,-0.58908325,0.0,7.8475194
93306,2016-02-25,TA10/63,13.93,-0.58908325,0.0,7.8475194
93307,2016-02-25,TF81/2A,45.447,-0.58908325,0.0,7.8475194
93308,2016-02-26,TQ25/86,98.11,0.8421667,0.0,6.6461315
93309,2016-02-26,ST07/10,77.364,0.8421667,0.0,6.6461315
93310,2016-02-26,NO20/14,38.852,0.8421667,0.0,6.6461315
93311,2016-02-26,NH95/17,29.861,0.8421667,0.0,6.6461315
93312,2016-02-26,NY63/2,131.515,0.8421667,0.0,6.6461315
93313,2016-02-26,SU81/1,67.89,0.8421667,0.0,6.6461315
93314,2016-02-26,SU01/5B,97.719,0.8421667,0.0,6.6461315
93315,2016-02-26,SK00/41,130.139,0.8421667,0.0,6.6461315
93316,2016-02-26,SU71/23,56.43,0.8421667,0.0,6.6461315
93317,2016-02-26,SY68/34,70.86,0.8421667,0.0,6.6461315
93318,2016-02-26,SJ15/13,80.249,0.8421667,0.0,6.6461315
93319,2016-02-26,SN00/11,12.45,0.8421667,0.0,6.6461315
93320,2016-02-26,TF81/2A,45.474,0.8421667,0.0,6.6461315
93321,2016-02-26,TR14/9,78.52,0.8421667,0.0,6.6461315
93322,2016-02-27,SU71/23,56.15,1.1234168,0.0,8.121757
93323,2016-02-27,SK00/41,130.133,1.1234168,0.0,8.121757
93324,2016-02-27,SY68/34,70.827,1.1234168,0.0,8.121757
93325,2016-02-27,NH95/17,29.814,1.1234168,0.0,8.121757
93326,2016-02-27,TR14/9,78.52,1.1234168,0.0,8.121757
93327,2016-02-27,NO20/14,38.898,1.1234168,0.0,8.121757
93328,2016-02-27,SJ15/13,80.202,1.1234168,0.0,8.121757
93329,2016-02-27,SU01/5B,97.487,1.1234168,0.0,8.121757
93330,2016-02-27,SU81/1,67.57,1.1234168,0.0,8.121757
93331,2016-02-27,NY63/2,131.453,1.1234168,0.0,8.121757
93332,2016-02-27,SN00/11,12.381,1.1234168,0.0,8.121757
93333,2016-02-27,ST07/10,76.351,1.1234168,0.0,8.121757
93334,2016-02-27,TQ25/86,98.14,1.1234168,0.0,8.121757
93335,2016-02-27,TF81/2A,45.481,1.1234168,0.0,8.121757
93336,2016-02-28,SU81/1,67.27,1.4734164,0.0,6.214123
93337,2016-02-28,SJ15/13,80.159,1.4734164,0.0,6.214123
93338,2016-02-28,SU71/23,55.83,1.4734164,0.0,6.214123
93339,2016-02-28,NO20/14,38.955,1.4734164,0.0,6.214123
93340,2016-02-28,TM15/112,25.37,1.4734164,0.0,6.214123
93341,2016-02-28,SU01/5B,97.205,1.4734164,0.0,6.214123
93342,2016-02-28,ST07/10,75.436,1.4734164,0.0,6.214123
93343,2016-02-28,SK00/41,130.122,1.4734164,0.0,6.214123
93344,2016-02-28,TF81/2A,45.486,1.4734164,0.0,6.214123
93345,2016-02-28,TR14/9,78.533,1.4734164,0.0,6.214123
93346,2016-02-28,TF03/37,16.055,1.4734164,0.0,6.214123
93347,2016-02-28,TQ25/86,98.15,1.4734164,0.0,6.214123
93348,2016-02-28,NH95/17,29.812,1.4734164,0.0,6.214123
93349,2016-02-28,NY63/2,131.413,1.4734164,0.0,6.214123
93350,2016-02-28,SY68/34,70.792,1.4734164,0.0,6.214123
93351,2016-02-29,TF81/2A,45.487,1.7796664,2.5,16.00271
93352,2016-02-29,NO20/14,38.887,1.7796664,2.5,16.00271
93353,2016-02-29,TR14/9,78.585,1.7796664,2.5,16.00271
93354,2016-02-29,SU01/5B,96.913,1.7796664,2.5,16.00271
93355,2016-02-29,TQ25/86,98.18,1.7796664,2.5,16.00271
93356,2016-02-29,NY63/2,131.473,1.7796664,2.5,16.00271
93357,2016-02-29,SK00/41,130.113,1.7796664,2.5,16.00271
93358,2016-02-29,SN00/11,12.231,1.7796664,2.5,16.00271
93359,2016-02-29,SJ15/13,80.178,1.7796664,2.5,16.00271
93360,2016-02-29,SU71/23,55.53,1.7796664,2.5,16.00271
93361,2016-02-29,SY68/34,70.764,1.7796664,2.5,16.00271
93362,2016-02-29,NH95/17,29.828,1.7796664,2.5,16.00271
93363,2016-02-29,ST07/10,74.563,1.7796664,2.5,16.00271
93364,2016-03-01,NH95/17,29.855,6.4567494,19.100002,23.771555
93365,2016-03-01,TL33/4,83.16,6.4567494,19.100002,23.771555
93366,2016-03-01,SY68/34,70.757,6.4567494,19.100002,23.771555
93367,2016-03-01,TQ25/86,98.24,6.4567494,19.100002,23.771555
93368,2016-03-01,TF81/2A,45.512,6.4567494,19.100002,23.771555
93369,2016-03-01,SP00/62,102.44,6.4567494,19.100002,23.771555
93370,2016-03-01,SN00/11,12.212,6.4567494,19.100002,23.771555
93371,2016-03-01,TL33/67,84.48,6.4567494,19.100002,23.771555
93372,2016-03-01,SK00/41,130.132,6.4567494,19.100002,23.771555
93373,2016-03-01,ID30/1,115.36,6.4567494,19.100002,23.771555
93374,2016-03-01,NO20/14,38.704,6.4567494,19.100002,23.771555
93375,2016-03-01,NY63/2,131.589,6.4567494,19.100002,23.771555
93376,2016-03-01,SU17/57,141.61,6.4567494,19.100002,23.771555
93377,2016-03-01,SU81/1,66.64,6.4567494,19.100002,23.771555
93378,2016-03-01,TR14/9,78.616,6.4567494,19.100002,23.771555
93379,2016-03-01,SU01/5B,96.66,6.4567494,19.100002,23.771555
93380,2016-03-01,SJ15/13,80.236,6.4567494,19.100002,23.771555
93381,2016-03-01,ST07/10,73.903,6.4567494,19.100002,23.771555
93382,2016-03-02,SY68/34,70.726,2.8505,3.5,19.517073
93383,2016-03-02,SU71/23,56.74,2.8505,3.5,19.517073
93384,2016-03-02,SN00/11,12.187,2.8505,3.5,19.517073
93385,2016-03-02,ST07/10,73.234,2.8505,3.5,19.517073
93386,2016-03-02,TR14/9,78.629,2.8505,3.5,19.517073
93387,2016-03-02,SJ15/13,80.256,2.8505,3.5,19.517073
93388,2016-03-02,NO20/14,38.696,2.8505,3.5,19.517073
93389,2016-03-02,TF81/2A,45.557,2.8505,3.5,19.517073
93390,2016-03-02,ID30/1,115.32,2.8505,3.5,19.517073
93391,2016-03-02,SU81/1,66.38,2.8505,3.5,19.517073
93392,2016-03-02,NY63/2,131.563,2.8505,3.5,19.517073
93393,2016-03-02,SU01/5B,96.416,2.8505,3.5,19.517073
93394,2016-03-02,SK00/41,130.15,2.8505,3.5,19.517073
93395,2016-03-02,NH95/17,29.852,2.8505,3.5,19.517073
93396,2016-03-02,TQ25/86,98.28,2.8505,3.5,19.517073
93397,2016-03-03,TF81/2A,45.578,2.6025834,2.8000002,9.879645
93398,2016-03-03,SK00/41,130.153,2.6025834,2.8000002,9.879645
93399,2016-03-03,SN00/11,12.154,2.6025834,2.8000002,9.879645
93400,2016-03-03,ST07/10,72.649,2.6025834,2.8000002,9.879645
93401,2016-03-03,TR14/9,78.661,2.6025834,2.8000002,9.879645
93402,2016-03-03,SY68/34,70.696,2.6025834,2.8000002,9.879645
93403,2016-03-03,SU71/23,56.54,2.6025834,2.8000002,9.879645
93404,2016-03-03,NO20/14,38.72,2.6025834,2.8000002,9.879645
93405,2016-03-03,SU81/1,66.11,2.6025834,2.8000002,9.879645
93406,2016-03-03,NH95/17,29.84,2.6025834,2.8000002,9.879645
93407,2016-03-03,NY63/2,131.563,2.6025834,2.8000002,9.879645
93408,2016-03-03,ID30/1,115.25,2.6025834,2.8000002,9.879645
93409,2016-03-03,SU01/5B,96.14,2.6025834,2.8000002,9.879645
93410,2016-03-03,SJ15/13,80.33,2.6025834,2.8000002,9.879645
93411,2016-03-03,TQ25/86,98.31,2.6025834,2.8000002,9.879645
93412,2016-03-04,TR14/9,78.645,3.3296669,8.800001,20.226152
93413,2016-03-04,ST07/10,72.061,3.3296669,8.800001,20.226152
93414,2016-03-04,NH95/17,29.821,3.3296669,8.800001,20.226152
93415,2016-03-04,SJ15/13,80.391,3.3296669,8.800001,20.226152
93416,2016-03-04,NO20/14,38.684,3.3296669,8.800001,20.226152
93417,2016-03-04,SU71/23,56.34,3.3296669,8.800001,20.226152
93418,2016-03-04,TQ25/86,98.34,3.3296669,8.800001,20.226152
93419,2016-03-04,SN00/11,12.129,3.3296669,8.800001,20.226152
93420,2016-03-04,SU01/5B,95.873,3.3296669,8.800001,20.226152
93421,2016-03-04,SY68/34,70.672,3.3296669,8.800001,20.226152
93422,2016-03-04,ID30/1,115.53,3.3296669,8.800001,20.226152
93423,2016-03-04,SK00/41,130.165,3.3296669,8.800001,20.226152
93424,2016-03-04,TF81/2A,45.592,3.3296669,8.800001,20.226152
93425,2016-03-04,NY63/2,131.55,3.3296669,8.800001,20.226152
93426,2016-03-04,SU81/1,65.81,3.3296669,8.800001,20.226152
93427,2016-03-05,NH95/17,29.824,2.717167,1.3000001,14.15199
93428,2016-03-05,SY68/34,70.636,2.717167,1.3000001,14.15199
93429,2016-03-05,SK00/41,130.157,2.717167,1.3000001,14.15199
93430,2016-03-05,ST07/10,71.432,2.717167,1.3000001,14.15199
93431,2016-03-05,NO20/14,38.737,2.717167,1.3000001,14.15199
93432,2016-03-05,TR14/9,78.646,2.717167,1.3000001,14.15199
93433,2016-03-05,NY63/2,131.49,2.717167,1.3000001,14.15199
93434,2016-03-05,SU01/5B,95.568,2.717167,1.3000001,14.15199
93435,2016-03-05,TQ25/86,98.35,2.717167,1.3000001,14.15199
93436,2016-03-05,SU81/1,65.51,2.717167,1.3000001,14.15199
93437,2016-03-05,TF81/2A,45.605,2.717167,1.3000001,14.15199
93438,2016-03-05,ID30/1,115.44,2.717167,1.3000001,14.15199
93439,2016-03-05,SU71/23,56.18,2.717167,1.3000001,14.15199
93440,2016-03-05,SJ15/13,80.399,2.717167,1.3000001,14.15199
93441,2016-03-05,SN00/11,12.061,2.717167,1.3000001,14.15199
93442,2016-03-06,SU71/23,55.9,0.08383349,0.1,7.3854733
93443,2016-03-06,SY68/34,70.599,0.08383349,0.1,7.3854733
93444,2016-03-06,SK00/41,130.15,0.08383349,0.1,7.3854733
93445,2016-03-06,NO20/14,38.753,0.08383349,0.1,7.3854733
93446,2016-03-06,SU81/1,65.17,0.08383349,0.1,7.3854733
93447,2016-03-06,SJ15/13,80.4,0.08383349,0.1,7.3854733
93448,2016-03-06,NY63/2,131.487,0.08383349,0.1,7.3854733
93449,2016-03-06,NH95/17,29.837,0.08383349,0.1,7.3854733
93450,2016-03-06,SU01/5B,95.253,0.08383349,0.1,7.3854733
93451,2016-03-06,TR14/9,78.631,0.08383349,0.1,7.3854733
93452,2016-03-06,TQ25/86,98.37,0.08383349,0.1,7.3854733
93453,2016-03-06,ID30/1,115.44,0.08383349,0.1,7.3854733
93454,2016-03-06,TF81/2A,45.607,0.08383349,0.1,7.3854733
93455,2016-03-06,ST07/10,70.802,0.08383349,0.1,7.3854733
93456,2016-03-06,SN00/11,12.011,0.08383349,0.1,7.3854733
93457,2016-03-07,SN00/11,11.968,0.44008335,0.0,8.937148
93458,2016-03-07,ST07/10,70.148,0.44008335,0.0,8.937148
93459,2016-03-07,SY68/34,70.556,0.44008335,0.0,8.937148
93460,2016-03-07,SJ15/13,80.373,0.44008335,0.0,8.937148
93461,2016-03-07,TL44/12,44.185,0.44008335,0.0,8.937148
93462,2016-03-07,TR14/9,78.642,0.44008335,0.0,8.937148
93463,2016-03-07,SU01/5B,94.945,0.44008335,0.0,8.937148
93464,2016-03-07,NH95/17,29.814,0.44008335,0.0,8.937148
93465,2016-03-07,ID30/1,115.4,0.44008335,0.0,8.937148
93466,2016-03-07,TQ25/86,98.37,0.44008335,0.0,8.937148
93467,2016-03-07,SK00/41,130.142,0.44008335,0.0,8.937148
93468,2016-03-07,NO20/14,38.785,0.44008335,0.0,8.937148
93469,2016-03-07,TF81/2A,45.623,0.44008335,0.0,8.937148
93470,2016-03-07,SU81/1,64.85,0.44008335,0.0,8.937148
93471,2016-03-07,SU71/23,55.68,0.44008335,0.0,8.937148
93472,2016-03-07,NY63/2,131.453,0.44008335,0.0,8.937148
93473,2016-03-08,SU71/23,55.45,3.0775833,2.0000002,10.99605
93474,2016-03-08,ID30/1,115.36,3.0775833,2.0000002,10.99605
93475,2016-03-08,SN00/11,11.934,3.0775833,2.0000002,10.99605
93476,2016-03-08,SK00/41,130.134,3.0775833,2.0000002,10.99605
93477,2016-03-08,ST07/10,70.129,3.0775833,2.0000002,10.99605
93478,2016-03-08,NH95/17,29.826,3.0775833,2.0000002,10.99605
93479,2016-03-08,SU01/5B,94.651,3.0775833,2.0000002,10.99605
93480,2016-03-08,SJ15/13,80.399,3.0775833,2.0000002,10.99605
93481,2016-03-08,TQ25/86,98.4,3.0775833,2.0000002,10.99605
93482,2016-03-08,TR14/9,78.674,3.0775833,2.0000002,10.99605
93483,2016-03-08,NO20/14,38.723,3.0775833,2.0000002,10.99605
93484,2016-03-08,NY63/2,131.5,3.0775833,2.0000002,10.99605
93485,2016-03-08,SY68/34,70.558,3.0775833,2.0000002,10.99605
93486,2016-03-08,TF81/2A,45.626,3.0775833,2.0000002,10.99605
93487,2016-03-08,SU81/1,64.49,3.0775833,2.0000002,10.99605
93488,2016-03-09,ST07/10,72.044,3.7400837,3.5000002,12.440567
93489,2016-03-09,SP00/62,102.41,3.7400837,3.5000002,12.440567
93490,2016-03-09,TQ25/86,98.45,3.7400837,3.5000002,12.440567
93491,2016-03-09,TF81/2A,45.664,3.7400837,3.5000002,12.440567
93492,2016-03-09,NH95/17,29.812,3.7400837,3.5000002,12.440567
93493,2016-03-09,TL33/67,84.48,3.7400837,3.5000002,12.440567
93494,2016-03-09,NO20/14,38.711,3.7400837,3.5000002,12.440567
93495,2016-03-09,SK00/41,130.142,3.7400837,3.5000002,12.440567
93496,2016-03-09,SU71/23,55.2,3.7400837,3.5000002,12.440567
93497,2016-03-09,ID30/1,115.33,3.7400837,3.5000002,12.440567
93498,2016-03-09,NY63/2,131.457,3.7400837,3.5000002,12.440567
93499,2016-03-09,SU01/5B,94.433,3.7400837,3.5000002,12.440567
93500,2016-03-09,TR14/9,78.631,3.7400837,3.5000002,12.440567
93501,2016-03-09,SU81/1,64.19,3.7400837,3.5000002,12.440567
93502,2016-03-09,SU17/57,141.09,3.7400837,3.5000002,12.440567
93503,2016-03-09,SJ15/13,80.383,3.7400837,3.5000002,12.440567
93504,2016-03-09,SY68/34,70.648,3.7400837,3.5000002,12.440567
93505,2016-03-09,SN00/11,12.038,3.7400837,3.5000002,12.440567
93506,2016-03-10,TR14/9,78.617,4.95675,0.1,5.7730074
93507,2016-03-10,TF81/2A,45.662,4.95675,0.1,5.7730074
93508,2016-03-10,ID30/1,115.21,4.95675,0.1,5.7730074
93509,2016-03-10,NH95/17,29.772,4.95675,0.1,5.7730074
93510,2016-03-10,SY68/34,70.612,4.95675,0.1,5.7730074
93511,2016-03-10,TQ25/86,98.48,4.95675,0.1,5.7730074
93512,2016-03-10,SK00/41,130.123,4.95675,0.1,5.7730074
93513,2016-03-10,ST07/10,72.368,4.95675,0.1,5.7730074
93514,2016-03-10,NO20/14,38.814,4.95675,0.1,5.7730074
93515,2016-03-10,SU71/23,54.96,4.95675,0.1,5.7730074
93516,2016-03-10,SU01/5B,94.198,4.95675,0.1,5.7730074
93517,2016-03-10,SJ15/13,80.326,4.95675,0.1,5.7730074
93518,2016-03-10,SU81/1,63.93,4.95675,0.1,5.7730074
93519,2016-03-10,SN00/11,12.084,4.95675,0.1,5.7730074
93520,2016-03-10,NY63/2,131.377,4.95675,0.1,5.7730074
93521,2016-03-11,ST07/10,72.277,4.813,0.0,8.776951
93522,2016-03-11,SU81/1,63.58,4.813,0.0,8.776951
93523,2016-03-11,ID30/1,115.12,4.813,0.0,8.776951
93524,2016-03-11,SN00/11,12.103,4.813,0.0,8.776951
93525,2016-03-11,SK00/41,130.108,4.813,0.0,8.776951
93526,2016-03-11,SU71/23,54.72,4.813,0.0,8.776951
93527,2016-03-11,SU01/5B,93.966,4.813,0.0,8.776951
93528,2016-03-11,NH95/17,29.767,4.813,0.0,8.776951
93529,2016-03-11,SJ15/13,80.306,4.813,0.0,8.776951
93530,2016-03-11,NO20/14,38.824,4.813,0.0,8.776951
93531,2016-03-11,TQ25/86,98.51,4.813,0.0,8.776951
93532,2016-03-11,TF81/2A,45.674,4.813,0.0,8.776951
93533,2016-03-11,TR14/9,78.607,4.813,0.0,8.776951
93534,2016-03-11,NY63/2,131.373,4.813,0.0,8.776951
93535,2016-03-11,SY68/34,70.576,4.813,0.0,8.776951
93536,2016-03-12,ID30/1,115.02,6.8067513,0.0,9.160174
93537,2016-03-12,SU01/5B,93.799,6.8067513,0.0,9.160174
93538,2016-03-12,TR14/9,78.6,6.8067513,0.0,9.160174
93539,2016-03-12,TQ25/86,98.53,6.8067513,0.0,9.160174
93540,2016-03-12,NY63/2,131.36,6.8067513,0.0,9.160174
93541,2016-03-12,SY68/34,70.543,6.8067513,0.0,9.160174
93542,2016-03-12,ST07/10,71.896,6.8067513,0.0,9.160174
93543,2016-03-12,SK00/41,130.096,6.8067513,0.0,9.160174
93544,2016-03-12,SN00/11,12.084,6.8067513,0.0,9.160174
93545,2016-03-12,NH95/17,29.781,6.8067513,0.0,9.160174
93546,2016-03-12,SU71/23,54.47,6.8067513,0.0,9.160174
93547,2016-03-12,TF81/2A,45.707,6.8067513,0.0,9.160174
93548,2016-03-12,NO20/14,38.808,6.8067513,0.0,9.160174
93549,2016-03-12,SJ15/13,80.289,6.8067513,0.0,9.160174
93550,2016-03-12,SU81/1,63.35,6.8067513,0.0,9.160174
93551,2016-03-13,SY68/34,70.512,8.442167,0.0,4.3304114
93552,2016-03-13,SJ15/13,80.272,8.442167,0.0,4.3304114
93553,2016-03-13,SU71/23,54.25,8.442167,0.0,4.3304114
93554,2016-03-13,SU01/5B,93.721,8.442167,0.0,4.3304114
93555,2016-03-13,SN00/11,12.041,8.442167,0.0,4.3304114
93556,2016-03-13,NY63/2,131.337,8.442167,0.0,4.3304114
93557,2016-03-13,ID30/1,114.95,8.442167,0.0,4.3304114
93558,2016-03-13,SU81/1,63.06,8.442167,0.0,4.3304114
93559,2016-03-13,TF81/2A,45.735,8.442167,0.0,4.3304114
93560,2016-03-13,TQ25/86,98.55,8.442167,0.0,4.3304114
93561,2016-03-13,ST07/10,71.405,8.442167,0.0,4.3304114
93562,2016-03-13,TR14/9,78.602,8.442167,0.0,4.3304114
93563,2016-03-13,SK00/41,130.089,8.442167,0.0,4.3304114
93564,2016-03-13,NH95/17,29.736,8.442167,0.0,4.3304114
93565,2016-03-13,NO20/14,38.848,8.442167,0.0,4.3304114
93566,2016-03-14,TF81/2A,45.759,5.573416,0.0,8.630725
93567,2016-03-14,SY68/34,70.486,5.573416,0.0,8.630725
93568,2016-03-14,NY63/2,131.347,5.573416,0.0,8.630725
93569,2016-03-14,SN00/11,12.004,5.573416,0.0,8.630725
93570,2016-03-14,SK00/41,130.08,5.573416,0.0,8.630725
93571,2016-03-14,NH95/17,29.739,5.573416,0.0,8.630725
93572,2016-03-14,SU71/23,54.07,5.573416,0.0,8.630725
93573,2016-03-14,SU01/5B,93.758,5.573416,0.0,8.630725
93574,2016-03-14,ST07/10,70.869,5.573416,0.0,8.630725
93575,2016-03-14,TR14/9,78.605,5.573416,0.0,8.630725
93576,2016-03-14,NO20/14,38.883,5.573416,0.0,8.630725
93577,2016-03-14,ID30/1,114.88,5.573416,0.0,8.630725
93578,2016-03-14,SJ15/13,80.274,5.573416,0.0,8.630725
93579,2016-03-14,SU81/1,62.89,5.573416,0.0,8.630725
93580,2016-03-14,TQ25/86,98.57,5.573416,0.0,8.630725
93581,2016-03-15,SU81/1,62.69,5.0234165,0.0,10.449382
93582,2016-03-15,SY68/34,70.463,5.0234165,0.0,10.449382
93583,2016-03-15,TR14/9,78.601,5.0234165,0.0,10.449382
93584,2016-03-15,NY63/2,131.355,5.0234165,0.0,10.449382
93585,2016-03-15,TQ25/86,98.6,5.0234165,0.0,10.449382
93586,2016-03-15,NO20/14,38.893,5.0234165,0.0,10.449382
93587,2016-03-15,SU71/23,53.92,5.0234165,0.0,10.449382
93588,2016-03-15,SU01/5B,93.898,5.0234165,0.0,10.449382
93589,2016-03-15,TF81/2A,45.792,5.0234165,0.0,10.449382
93590,2016-03-15,NH95/17,29.736,5.0234165,0.0,10.449382
93591,2016-03-15,SN00/11,11.97,5.0234165,0.0,10.449382
93592,2016-03-15,ID30/1,114.8,5.0234165,0.0,10.449382
93593,2016-03-15,ST07/10,70.231,5.0234165,0.0,10.449382
93594,2016-03-15,SK00/41,130.08,5.0234165,0.0,10.449382
93595,2016-03-15,SJ15/13,80.269,5.0234165,0.0,10.449382
93596,2016-03-16,TR14/9,78.605,6.0504994,0.0,10.529239
93597,2016-03-16,SU17/57,140.77,6.0504994,0.0,10.529239
93598,2016-03-16,ST07/10,69.563,6.0504994,0.0,10.529239
93599,2016-03-16,SU81/1,62.55,6.0504994,0.0,10.529239
93600,2016-03-16,SU01/5B,94.059,6.0504994,0.0,10.529239
93601,2016-03-16,NH95/17,29.728,6.0504994,0.0,10.529239
93602,2016-03-16,TL33/67,84.58,6.0504994,0.0,10.529239
93603,2016-03-16,SU71/23,53.8,6.0504994,0.0,10.529239
93604,2016-03-16,NY63/2,131.354,6.0504994,0.0,10.529239
93605,2016-03-16,NO20/14,38.88,6.0504994,0.0,10.529239
93606,2016-03-16,TQ25/86,98.62,6.0504994,0.0,10.529239
93607,2016-03-16,SN00/11,11.919,6.0504994,0.0,10.529239
93608,2016-03-16,SP00/62,102.74,6.0504994,0.0,10.529239
93609,2016-03-16,SY68/34,70.443,6.0504994,0.0,10.529239
93610,2016-03-16,SJ15/13,80.26,6.0504994,0.0,10.529239
93611,2016-03-16,TF81/2A,45.82,6.0504994,0.0,10.529239
93612,2016-03-16,SK00/41,130.08,6.0504994,0.0,10.529239
93613,2016-03-16,ID30/1,114.71,6.0504994,0.0,10.529239
93614,2016-03-17,NO20/14,38.856,5.935917,0.0,4.2975583
93615,2016-03-17,SU71/23,53.68,5.935917,0.0,4.2975583
93616,2016-03-17,NY63/2,131.371,5.935917,0.0,4.2975583
93617,2016-03-17,SK00/41,130.08,5.935917,0.0,4.2975583
93618,2016-03-17,TF81/2A,45.843,5.935917,0.0,4.2975583
93619,2016-03-17,NH95/17,29.735,5.935917,0.0,4.2975583
93620,2016-03-17,SJ15/13,80.257,5.935917,0.0,4.2975583
93621,2016-03-17,SY68/34,70.422,5.935917,0.0,4.2975583
93622,2016-03-17,TR14/9,78.61,5.935917,0.0,4.2975583
93623,2016-03-17,SU01/5B,94.164,5.935917,0.0,4.2975583
93624,2016-03-17,TQ25/86,98.64,5.935917,0.0,4.2975583
93625,2016-03-17,ID30/1,114.62,5.935917,0.0,4.2975583
93626,2016-03-17,SN00/11,11.874,5.935917,0.0,4.2975583
93627,2016-03-17,ST07/10,68.873,5.935917,0.0,4.2975583
93628,2016-03-17,SU81/1,62.43,5.935917,0.0,4.2975583
93629,2016-03-18,TQ25/86,98.66,4.6838326,0.0,9.392741
93630,2016-03-18,NO20/14,38.834,4.6838326,0.0,9.392741
93631,2016-03-18,TF81/2A,45.872,4.6838326,0.0,9.392741
93632,2016-03-18,SU01/5B,94.216,4.6838326,0.0,9.392741
93633,2016-03-18,NY63/2,131.372,4.6838326,0.0,9.392741
93634,2016-03-18,ID30/1,114.54,4.6838326,0.0,9.392741
93635,2016-03-18,SN00/11,11.822,4.6838326,0.0,9.392741
93636,2016-03-18,TV59/7C,1.62,4.6838326,0.0,9.392741
93637,2016-03-18,SJ15/13,80.251,4.6838326,0.0,9.392741
93638,2016-03-18,NH95/17,29.72,4.6838326,0.0,9.392741
93639,2016-03-18,SU71/23,53.56,4.6838326,0.0,9.392741
93640,2016-03-18,TR14/9,78.614,4.6838326,0.0,9.392741
93641,2016-03-18,ST07/10,68.232,4.6838326,0.0,9.392741
93642,2016-03-18,SK00/41,130.08,4.6838326,0.0,9.392741
93643,2016-03-18,SU81/1,62.24,4.6838326,0.0,9.392741
93644,2016-03-18,SY68/34,70.402,4.6838326,0.0,9.392741
93645,2016-03-19,SN00/11,11.756,5.0963335,0.0,7.4099855
93646,2016-03-19,TR14/9,78.62,5.0963335,0.0,7.4099855
93647,2016-03-19,ID30/1,114.47,5.0963335,0.0,7.4099855
93648,2016-03-19,ST07/10,67.624,5.0963335,0.0,7.4099855
93649,2016-03-19,SK00/41,130.084,5.0963335,0.0,7.4099855
93650,2016-03-19,SU81/1,62.15,5.0963335,0.0,7.4099855
93651,2016-03-19,SJ15/13,80.238,5.0963335,0.0,7.4099855
93652,2016-03-19,TQ25/86,98.68,5.0963335,0.0,7.4099855
93653,2016-03-19,NH95/17,29.729,5.0963335,0.0,7.4099855
93654,2016-03-19,SU01/5B,94.203,5.0963335,0.0,7.4099855
93655,2016-03-19,SY68/34,70.381,5.0963335,0.0,7.4099855
93656,2016-03-19,NY63/2,131.365,5.0963335,0.0,7.4099855
93657,2016-03-19,TF81/2A,45.898,5.0963335,0.0,7.4099855
93658,2016-03-19,NO20/14,38.812,5.0963335,0.0,7.4099855
93659,2016-03-19,SU71/23,53.45,5.0963335,0.0,7.4099855
93660,2016-03-20,TF81/2A,45.922,5.904667,0.0,6.300832
93661,2016-03-20,SY68/34,70.359,5.904667,0.0,6.300832
93662,2016-03-20,TQ25/86,98.71,5.904667,0.0,6.300832
93663,2016-03-20,NY63/2,131.377,5.904667,0.0,6.300832
93664,2016-03-20,NH95/17,29.693,5.904667,0.0,6.300832
93665,2016-03-20,SU81/1,61.96,5.904667,0.0,6.300832
93666,2016-03-20,SK00/41,130.09,5.904667,0.0,6.300832
93667,2016-03-20,SJ15/13,80.233,5.904667,0.0,6.300832
93668,2016-03-20,SN00/11,11.688,5.904667,0.0,6.300832
93669,2016-03-20,SU01/5B,94.138,5.904667,0.0,6.300832
93670,2016-03-20,ID30/1,114.39,5.904667,0.0,6.300832
93671,2016-03-20,ST07/10,67.058,5.904667,0.0,6.300832
93672,2016-03-20,SU71/23,53.33,5.904667,0.0,6.300832
93673,2016-03-20,TR14/9,78.628,5.904667,0.0,6.300832
93674,2016-03-20,NO20/14,38.769,5.904667,0.0,6.300832
93675,2016-03-21,NH95/17,29.709,5.0296674,0.0,11.457881
93676,2016-03-21,NY63/2,131.388,5.0296674,0.0,11.457881
93677,2016-03-21,SK00/41,130.09,5.0296674,0.0,11.457881
93678,2016-03-21,ST07/10,66.51,5.0296674,0.0,11.457881
93679,2016-03-21,ID30/1,114.33,5.0296674,0.0,11.457881
93680,2016-03-21,TR14/9,78.639,5.0296674,0.0,11.457881
93681,2016-03-21,NO20/14,38.696,5.0296674,0.0,11.457881
93682,2016-03-21,TF81/2A,45.947,5.0296674,0.0,11.457881
93683,2016-03-21,SY68/34,70.338,5.0296674,0.0,11.457881
93684,2016-03-21,TQ25/86,98.73,5.0296674,0.0,11.457881
93685,2016-03-21,SJ15/13,80.236,5.0296674,0.0,11.457881
93686,2016-03-21,SU71/23,53.21,5.0296674,0.0,11.457881
93687,2016-03-21,SU01/5B,94.039,5.0296674,0.0,11.457881
93688,2016-03-21,SU81/1,61.88,5.0296674,0.0,11.457881
93689,2016-03-22,SU81/1,61.7,6.3005004,0.0,6.981364
93690,2016-03-22,NO20/14,38.66,6.3005004,0.0,6.981364
93691,2016-03-22,NH95/17,29.67,6.3005004,0.0,6.981364
93692,2016-03-22,SK00/41,130.098,6.3005004,0.0,6.981364
93693,2016-03-22,SU71/23,53.08,6.3005004,0.0,6.981364
93694,2016-03-22,NY63/2,131.392,6.3005004,0.0,6.981364
93695,2016-03-22,SY68/34,70.314,6.3005004,0.0,6.981364
93696,2016-03-22,ST07/10,65.982,6.3005004,0.0,6.981364
93697,2016-03-22,TQ25/86,98.75,6.3005004,0.0,6.981364
93698,2016-03-22,SU01/5B,93.922,6.3005004,0.0,6.981364
93699,2016-03-22,SJ15/13,80.239,6.3005004,0.0,6.981364
93700,2016-03-22,ID30/1,114.27,6.3005004,0.0,6.981364
93701,2016-03-22,TR14/9,78.639,6.3005004,0.0,6.981364
93702,2016-03-22,TF81/2A,45.975,6.3005004,0.0,6.981364
93703,2016-03-23,NH95/17,29.68,6.1005,0.2,10.531484
93704,2016-03-23,SJ15/13,80.239,6.1005,0.2,10.531484
93705,2016-03-23,ID30/1,114.22,6.1005,0.2,10.531484
93706,2016-03-23,TQ25/86,98.77,6.1005,0.2,10.531484
93707,2016-03-23,SU81/1,61.5,6.1005,0.2,10.531484
93708,2016-03-23,NY63/2,131.398,6.1005,0.2,10.531484
93709,2016-03-23,SY68/34,70.289,6.1005,0.2,10.531484
93710,2016-03-23,TR14/9,78.642,6.1005,0.2,10.531484
93711,2016-03-23,TL33/67,84.67,6.1005,0.2,10.531484
93712,2016-03-23,SK00/41,130.103,6.1005,0.2,10.531484
93713,2016-03-23,SU17/57,140.45,6.1005,0.2,10.531484
93714,2016-03-23,ST07/10,65.462,6.1005,0.2,10.531484
93715,2016-03-23,SU71/23,52.96,6.1005,0.2,10.531484
93716,2016-03-23,SU01/5B,93.78,6.1005,0.2,10.531484
93717,2016-03-23,SP00/62,102.49,6.1005,0.2,10.531484
93718,2016-03-23,NO20/14,38.614,6.1005,0.2,10.531484
93719,2016-03-23,SN00/11,11.474,6.1005,0.2,10.531484
93720,2016-03-23,TF81/2A,46.0,6.1005,0.2,10.531484
93721,2016-03-24,NO20/14,38.549,6.1692505,2.8999999,15.209776
93722,2016-03-24,SU81/1,61.34,6.1692505,2.8999999,15.209776
93723,2016-03-24,ST07/10,65.004,6.1692505,2.8999999,15.209776
93724,2016-03-24,SU01/5B,93.631,6.1692505,2.8999999,15.209776
93725,2016-03-24,SN00/11,11.425,6.1692505,2.8999999,15.209776
93726,2016-03-24,TR14/9,78.637,6.1692505,2.8999999,15.209776
93727,2016-03-24,NY63/2,131.41,6.1692505,2.8999999,15.209776
93728,2016-03-24,SK00/41,130.112,6.1692505,2.8999999,15.209776
93729,2016-03-24,SY68/34,70.271,6.1692505,2.8999999,15.209776
93730,2016-03-24,ID30/1,114.17,6.1692505,2.8999999,15.209776
93731,2016-03-24,TQ25/86,98.79,6.1692505,2.8999999,15.209776
93732,2016-03-24,SE95/6,30.36,6.1692505,2.8999999,15.209776
93733,2016-03-24,SJ15/13,80.244,6.1692505,2.8999999,15.209776
93734,2016-03-24,NH95/17,29.72,6.1692505,2.8999999,15.209776
93735,2016-03-24,SU71/23,52.81,6.1692505,2.8999999,15.209776
93736,2016-03-24,TF81/2A,46.025,6.1692505,2.8999999,15.209776
93737,2016-03-25,NY63/2,131.388,6.742166,0.0,18.449926
93738,2016-03-25,ID30/1,114.16,6.742166,0.0,18.449926
93739,2016-03-25,TF81/2A,46.057,6.742166,0.0,18.449926
93740,2016-03-25,TQ25/86,98.8,6.742166,0.0,18.449926
93741,2016-03-25,SU01/5B,93.467,6.742166,0.0,18.449926
93742,2016-03-25,SJ15/13,80.233,6.742166,0.0,18.449926
93743,2016-03-25,SU81/1,61.2,6.742166,0.0,18.449926
93744,2016-03-25,NO20/14,38.537,6.742166,0.0,18.449926
93745,2016-03-25,SK00/41,130.113,6.742166,0.0,18.449926
93746,2016-03-25,SU71/23,52.67,6.742166,0.0,18.449926
93747,2016-03-25,SY68/34,70.253,6.742166,0.0,18.449926
93748,2016-03-25,NH95/17,29.712,6.742166,0.0,18.449926
93749,2016-03-25,TR14/9,78.653,6.742166,0.0,18.449926
93750,2016-03-25,ST07/10,64.58,6.742166,0.0,18.449926
93751,2016-03-26,NY63/2,131.467,7.4900837,9.599999,28.008003
93752,2016-03-26,ID30/1,114.2,7.4900837,9.599999,28.008003
93753,2016-03-26,TF81/2A,46.069,7.4900837,9.599999,28.008003
93754,2016-03-26,TQ25/86,98.83,7.4900837,9.599999,28.008003
93755,2016-03-26,SN00/11,11.323,7.4900837,9.599999,28.008003
93756,2016-03-26,SK00/41,130.133,7.4900837,9.599999,28.008003
93757,2016-03-26,TR14/9,78.684,7.4900837,9.599999,28.008003
93758,2016-03-26,SU71/23,52.5,7.4900837,9.599999,28.008003
93759,2016-03-26,SY68/34,70.232,7.4900837,9.599999,28.008003
93760,2016-03-26,SU01/5B,93.309,7.4900837,9.599999,28.008003
93761,2016-03-26,NH95/17,29.716,7.4900837,9.599999,28.008003
93762,2016-03-26,NO20/14,38.403,7.4900837,9.599999,28.008003
93763,2016-03-26,SJ15/13,80.28,7.4900837,9.599999,28.008003
93764,2016-03-26,SU81/1,60.95,7.4900837,9.599999,28.008003
93765,2016-03-26,ST07/10,64.169,7.4900837,9.599999,28.008003
93766,2016-03-27,SU01/5B,93.149,5.5859165,5.7999997,25.498943
93767,2016-03-27,SU71/23,52.36,5.5859165,5.7999997,25.498943
93768,2016-03-27,NH95/17,29.714,5.5859165,5.7999997,25.498943
93769,2016-03-27,TR14/9,78.683,5.5859165,5.7999997,25.498943
93770,2016-03-27,SJ15/13,80.287,5.5859165,5.7999997,25.498943
93771,2016-03-27,ID30/1,114.28,5.5859165,5.7999997,25.498943
93772,2016-03-27,NY63/2,131.459,5.5859165,5.7999997,25.498943
93773,2016-03-27,ST07/10,63.954,5.5859165,5.7999997,25.498943
93774,2016-03-27,TQ25/86,98.87,5.5859165,5.7999997,25.498943
93775,2016-03-27,SK00/41,130.147,5.5859165,5.7999997,25.498943
93776,2016-03-27,TF81/2A,46.112,5.5859165,5.7999997,25.498943
93777,2016-03-27,SU81/1,60.84,5.5859165,5.7999997,25.498943
93778,2016-03-27,NO20/14,38.379,5.5859165,5.7999997,25.498943
93779,2016-03-27,SY68/34,70.25,5.5859165,5.7999997,25.498943
93780,2016-03-27,SN00/11,11.279,5.5859165,5.7999997,25.498943
93781,2016-03-28,SJ15/13,80.265,4.9317503,1.6000001,15.163091
93782,2016-03-28,ST07/10,64.27,4.9317503,1.6000001,15.163091
93783,2016-03-28,SK00/41,130.158,4.9317503,1.6000001,15.163091
93784,2016-03-28,NO20/14,38.358,4.9317503,1.6000001,15.163091
93785,2016-03-28,TQ25/86,98.98,4.9317503,1.6000001,15.163091
93786,2016-03-28,SY68/34,70.297,4.9317503,1.6000001,15.163091
93787,2016-03-28,ID30/1,114.29,4.9317503,1.6000001,15.163091
93788,2016-03-28,SN00/11,11.764,4.9317503,1.6000001,15.163091
93789,2016-03-28,SU01/5B,93.105,4.9317503,1.6000001,15.163091
93790,2016-03-28,TR14/9,78.654,4.9317503,1.6000001,15.163091
93791,2016-03-28,SU71/23,52.21,4.9317503,1.6000001,15.163091
93792,2016-03-28,NY63/2,131.42,4.9317503,1.6000001,15.163091
93793,2016-03-28,TF81/2A,46.148,4.9317503,1.6000001,15.163091
93794,2016-03-28,NH95/17,29.707,4.9317503,1.6000001,15.163091
93795,2016-03-28,SU81/1,60.61,4.9317503,1.6000001,15.163091
93796,2016-03-29,SN00/11,11.925,4.0088334,4.5000005,10.31714
93797,2016-03-29,NH95/17,29.679,4.0088334,4.5000005,10.31714
93798,2016-03-29,SJ15/13,80.235,4.0088334,4.5000005,10.31714
93799,2016-03-29,TQ25/86,99.04,4.0088334,4.5000005,10.31714
93800,2016-03-29,SE94/5,22.11,4.0088334,4.5000005,10.31714
93801,2016-03-29,NO20/14,38.406,4.0088334,4.5000005,10.31714
93802,2016-03-29,TF81/2A,46.148,4.0088334,4.5000005,10.31714
93803,2016-03-29,TR14/9,78.632,4.0088334,4.5000005,10.31714
93804,2016-03-29,SK00/41,130.15,4.0088334,4.5000005,10.31714
93805,2016-03-29,TA10/63,16.5,4.0088334,4.5000005,10.31714
93806,2016-03-29,ST07/10,65.28,4.0088334,4.5000005,10.31714
93807,2016-03-29,NY63/2,131.35,4.0088334,4.5000005,10.31714
93808,2016-03-29,ID30/1,114.23,4.0088334,4.5000005,10.31714
93809,2016-03-29,SY68/34,70.275,4.0088334,4.5000005,10.31714
93810,2016-03-29,SU01/5B,92.831,4.0088334,4.5000005,10.31714
93811,2016-03-29,SU81/1,60.46,4.0088334,4.5000005,10.31714
93812,2016-03-29,SU71/23,52.06,4.0088334,4.5000005,10.31714
93813,2016-03-30,SK00/41,130.135,4.279667,3.3000002,8.517569
93814,2016-03-30,TL33/67,84.64,4.279667,3.3000002,8.517569
93815,2016-03-30,SN00/11,11.942,4.279667,3.3000002,8.517569
93816,2016-03-30,SU17/57,140.26,4.279667,3.3000002,8.517569
93817,2016-03-30,SU01/5B,92.622,4.279667,3.3000002,8.517569
93818,2016-03-30,NY63/2,131.295,4.279667,3.3000002,8.517569
93819,2016-03-30,SJ15/13,80.205,4.279667,3.3000002,8.517569
93820,2016-03-30,SY68/34,70.245,4.279667,3.3000002,8.517569
93821,2016-03-30,SU81/1,60.21,4.279667,3.3000002,8.517569
93822,2016-03-30,ST07/10,67.036,4.279667,3.3000002,8.517569
93823,2016-03-30,NH95/17,29.679,4.279667,3.3000002,8.517569
93824,2016-03-30,TR14/9,78.601,4.279667,3.3000002,8.517569
93825,2016-03-30,TQ25/86,99.08,4.279667,3.3000002,8.517569
93826,2016-03-30,TF81/2A,46.164,4.279667,3.3000002,8.517569
93827,2016-03-30,SP00/62,102.79,4.279667,3.3000002,8.517569
93828,2016-03-30,SU71/23,51.88,4.279667,3.3000002,8.517569
93829,2016-03-30,NO20/14,38.458,4.279667,3.3000002,8.517569
93830,2016-03-30,ID30/1,114.15,4.279667,3.3000002,8.517569
93831,2016-03-31,SU81/1,59.97,4.3942494,0.3,6.022782
93832,2016-03-31,SU01/5B,92.409,4.3942494,0.3,6.022782
93833,2016-03-31,TQ25/86,99.1,4.3942494,0.3,6.022782
93834,2016-03-31,TR14/9,78.58,4.3942494,0.3,6.022782
93835,2016-03-31,SJ15/13,80.184,4.3942494,0.3,6.022782
93836,2016-03-31,NO20/14,38.519,4.3942494,0.3,6.022782
93837,2016-03-31,SU71/23,51.69,4.3942494,0.3,6.022782
93838,2016-03-31,SU17/57,140.17,4.3942494,0.3,6.022782
93839,2016-03-31,TF81/2A,46.171,4.3942494,0.3,6.022782
93840,2016-03-31,SY68/34,70.209,4.3942494,0.3,6.022782
93841,2016-03-31,SK00/41,130.122,4.3942494,0.3,6.022782
93842,2016-03-31,TF03/37,16.281,4.3942494,0.3,6.022782
93843,2016-03-31,TL33/67,84.75,4.3942494,0.3,6.022782
93844,2016-03-31,SN00/11,11.922,4.3942494,0.3,6.022782
93845,2016-03-31,TM15/112,25.51,4.3942494,0.3,6.022782
93846,2016-03-31,ID30/1,114.11,4.3942494,0.3,6.022782
93847,2016-03-31,NH95/17,29.647,4.3942494,0.3,6.022782
93848,2016-03-31,ST07/10,68.079,4.3942494,0.3,6.022782
93849,2016-03-31,SP00/62,102.86,4.3942494,0.3,6.022782
93850,2016-03-31,NY63/2,131.298,4.3942494,0.3,6.022782
93851,2016-04-01,SY68/34,70.168,5.1859164,7.4999995,21.85438
93852,2016-04-01,ST07/10,68.335,5.1859164,7.4999995,21.85438
93853,2016-04-01,ID30/1,114.38,5.1859164,7.4999995,21.85438
93854,2016-04-01,SJ15/13,80.205,5.1859164,7.4999995,21.85438
93855,2016-04-01,SU81/1,59.75,5.1859164,7.4999995,21.85438
93856,2016-04-01,TL44/12,44.04,5.1859164,7.4999995,21.85438
93857,2016-04-01,TR14/9,78.58,5.1859164,7.4999995,21.85438
93858,2016-04-01,SU71/23,51.48,5.1859164,7.4999995,21.85438
93859,2016-04-01,NH95/17,29.667,5.1859164,7.4999995,21.85438
93860,2016-04-01,TQ25/86,99.12,5.1859164,7.4999995,21.85438
93861,2016-04-01,SK00/41,130.11,5.1859164,7.4999995,21.85438
93862,2016-04-01,SU01/5B,92.216,5.1859164,7.4999995,21.85438
93863,2016-04-01,NO20/14,38.49,5.1859164,7.4999995,21.85438
93864,2016-04-01,SN00/11,11.902,5.1859164,7.4999995,21.85438
93865,2016-04-01,NY63/2,131.264,5.1859164,7.4999995,21.85438
93866,2016-04-01,TF81/2A,46.181,5.1859164,7.4999995,21.85438
93867,2016-04-02,TR14/9,78.56,7.669249,8.499999,10.554176
93868,2016-04-02,SU71/23,51.28,7.669249,8.499999,10.554176
93869,2016-04-02,SN00/11,12.011,7.669249,8.499999,10.554176
93870,2016-04-02,SU81/1,59.49,7.669249,8.499999,10.554176
93871,2016-04-02,NH95/17,29.632,7.669249,8.499999,10.554176
93872,2016-04-02,NY63/2,131.311,7.669249,8.499999,10.554176
93873,2016-04-02,TQ25/86,99.15,7.669249,8.499999,10.554176
93874,2016-04-02,ST07/10,68.379,7.669249,8.499999,10.554176
93875,2016-04-02,NO20/14,38.475,7.669249,8.499999,10.554176
93876,2016-04-02,SK00/41,130.112,7.669249,8.499999,10.554176
93877,2016-04-02,SJ15/13,80.22,7.669249,8.499999,10.554176
93878,2016-04-02,SY68/34,70.135,7.669249,8.499999,10.554176
93879,2016-04-02,SU01/5B,92.068,7.669249,8.499999,10.554176
93880,2016-04-02,ID30/1,114.36,7.669249,8.499999,10.554176
93881,2016-04-02,TF81/2A,46.207,7.669249,8.499999,10.554176
93882,2016-04-03,SJ15/13,80.236,8.190083,3.0000002,9.167341
93883,2016-04-03,SU01/5B,91.97,8.190083,3.0000002,9.167341
93884,2016-04-03,SK00/41,130.121,8.190083,3.0000002,9.167341
93885,2016-04-03,SU71/23,51.1,8.190083,3.0000002,9.167341
93886,2016-04-03,TR14/9,78.54,8.190083,3.0000002,9.167341
93887,2016-04-03,NH95/17,29.647,8.190083,3.0000002,9.167341
93888,2016-04-03,ST07/10,68.196,8.190083,3.0000002,9.167341
93889,2016-04-03,NY63/2,131.318,8.190083,3.0000002,9.167341
93890,2016-04-03,NO20/14,38.436,8.190083,3.0000002,9.167341
93891,2016-04-03,SY68/34,70.105,8.190083,3.0000002,9.167341
93892,2016-04-03,ID30/1,114.61,8.190083,3.0000002,9.167341
93893,2016-04-03,SU81/1,59.22,8.190083,3.0000002,9.167341
93894,2016-04-03,TQ25/86,99.16,8.190083,3.0000002,9.167341
93895,2016-04-03,TF81/2A,46.242,8.190083,3.0000002,9.167341
93896,2016-04-04,SU81/1,59.05,8.433834,4.699999,10.630231
93897,2016-04-04,SJ15/13,80.246,8.433834,4.699999,10.630231
93898,2016-04-04,TR14/9,78.51,8.433834,4.699999,10.630231
93899,2016-04-04,NH95/17,29.654,8.433834,4.699999,10.630231
93900,2016-04-04,NO20/14,38.426,8.433834,4.699999,10.630231
93901,2016-04-04,TQ25/86,99.18,8.433834,4.699999,10.630231
93902,2016-04-04,ID30/1,115.13,8.433834,4.699999,10.630231
93903,2016-04-04,NY63/2,131.326,8.433834,4.699999,10.630231
93904,2016-04-04,TL33/67,84.73,8.433834,4.699999,10.630231
93905,2016-04-04,TF81/2A,46.268,8.433834,4.699999,10.630231
93906,2016-04-04,SK00/41,130.13,8.433834,4.699999,10.630231
93907,2016-04-04,SU71/23,50.91,8.433834,4.699999,10.630231
93908,2016-04-04,SY68/34,70.08,8.433834,4.699999,10.630231
93909,2016-04-04,ST07/10,67.898,8.433834,4.699999,10.630231
93910,2016-04-04,SU01/5B,91.914,8.433834,4.699999,10.630231
93911,2016-04-05,ST07/10,67.518,7.3755,4.9,15.092222
93912,2016-04-05,SU01/5B,91.877,7.3755,4.9,15.092222
93913,2016-04-05,SU71/23,50.73,7.3755,4.9,15.092222
93914,2016-04-05,TL33/4,83.97,7.3755,4.9,15.092222
93915,2016-04-05,NH95/17,29.702,7.3755,4.9,15.092222
93916,2016-04-05,NO20/14,38.496,7.3755,4.9,15.092222
93917,2016-04-05,TQ25/86,99.17,7.3755,4.9,15.092222
93918,2016-04-05,ID30/1,115.2,7.3755,4.9,15.092222
93919,2016-04-05,SK00/41,130.128,7.3755,4.9,15.092222
93920,2016-04-05,NY63/2,131.33,7.3755,4.9,15.092222
93921,2016-04-05,TR14/9,78.48,7.3755,4.9,15.092222
93922,2016-04-05,TF81/2A,46.285,7.3755,4.9,15.092222
93923,2016-04-05,SJ15/13,80.27,7.3755,4.9,15.092222
93924,2016-04-05,SY68/34,70.052,7.3755,4.9,15.092222
93925,2016-04-05,SU81/1,58.79,7.3755,4.9,15.092222
93926,2016-04-06,TR14/9,78.45,5.665083,8.099999,20.444645
93927,2016-04-06,SU01/5B,91.875,5.665083,8.099999,20.444645
93928,2016-04-06,SK00/41,130.13,5.665083,8.099999,20.444645
93929,2016-04-06,ID30/1,115.19,5.665083,8.099999,20.444645
93930,2016-04-06,SU17/57,139.95,5.665083,8.099999,20.444645
93931,2016-04-06,SU71/23,50.55,5.665083,8.099999,20.444645
93932,2016-04-06,TF81/2A,46.294,5.665083,8.099999,20.444645
93933,2016-04-06,NY63/2,131.297,5.665083,8.099999,20.444645
93934,2016-04-06,SN00/11,12.21,5.665083,8.099999,20.444645
93935,2016-04-06,TQ25/86,99.19,5.665083,8.099999,20.444645
93936,2016-04-06,SY68/34,70.028,5.665083,8.099999,20.444645
93937,2016-04-06,NO20/14,38.49,5.665083,8.099999,20.444645
93938,2016-04-06,ST07/10,67.059,5.665083,8.099999,20.444645
93939,2016-04-06,SP00/62,102.79,5.665083,8.099999,20.444645
93940,2016-04-06,NH95/17,29.71,5.665083,8.099999,20.444645
93941,2016-04-06,SJ15/13,80.285,5.665083,8.099999,20.444645
93942,2016-04-06,SU81/1,58.58,5.665083,8.099999,20.444645
93943,2016-04-07,SU71/23,50.38,7.1317496,3.2,13.983889
93944,2016-04-07,NY63/2,131.316,7.1317496,3.2,13.983889
93945,2016-04-07,SJ15/13,80.268,7.1317496,3.2,13.983889
93946,2016-04-07,TF81/2A,46.321,7.1317496,3.2,13.983889
93947,2016-04-07,TR14/9,78.43,7.1317496,3.2,13.983889
93948,2016-04-07,SU81/1,58.4,7.1317496,3.2,13.983889
93949,2016-04-07,TQ25/86,99.19,7.1317496,3.2,13.983889
93950,2016-04-07,SY68/34,70.003,7.1317496,3.2,13.983889
93951,2016-04-07,NH95/17,29.701,7.1317496,3.2,13.983889
93952,2016-04-07,ID30/1,115.61,7.1317496,3.2,13.983889
93953,2016-04-07,ST07/10,66.545,7.1317496,3.2,13.983889
93954,2016-04-07,SU01/5B,91.893,7.1317496,3.2,13.983889
93955,2016-04-07,SK00/41,130.124,7.1317496,3.2,13.983889
93956,2016-04-07,NO20/14,38.555,7.1317496,3.2,13.983889
93957,2016-04-07,SN00/11,12.152,7.1317496,3.2,13.983889
93958,2016-04-08,TQ25/86,99.2,6.735916,1.1,10.52856
93959,2016-04-08,ST07/10,66.114,6.735916,1.1,10.52856
93960,2016-04-08,SU81/1,58.19,6.735916,1.1,10.52856
93961,2016-04-08,NO20/14,38.633,6.735916,1.1,10.52856
93962,2016-04-08,NY63/2,131.252,6.735916,1.1,10.52856
93963,2016-04-08,TF81/2A,46.324,6.735916,1.1,10.52856
93964,2016-04-08,SJ15/13,80.301,6.735916,1.1,10.52856
93965,2016-04-08,TR14/9,78.41,6.735916,1.1,10.52856
93966,2016-04-08,SY68/34,69.979,6.735916,1.1,10.52856
93967,2016-04-08,NH95/17,29.695,6.735916,1.1,10.52856
93968,2016-04-08,SU01/5B,91.92,6.735916,1.1,10.52856
93969,2016-04-08,SU71/23,50.22,6.735916,1.1,10.52856
93970,2016-04-08,SK00/41,130.122,6.735916,1.1,10.52856
93971,2016-04-08,SN00/11,12.104,6.735916,1.1,10.52856
93972,2016-04-08,ID30/1,115.54,6.735916,1.1,10.52856
93973,2016-04-09,TR14/9,78.38,5.831751,7.0,8.579248
93974,2016-04-09,SU01/5B,91.957,5.831751,7.0,8.579248
93975,2016-04-09,ST07/10,65.663,5.831751,7.0,8.579248
93976,2016-04-09,SJ15/13,80.314,5.831751,7.0,8.579248
93977,2016-04-09,NO20/14,38.683,5.831751,7.0,8.579248
93978,2016-04-09,SU81/1,57.97,5.831751,7.0,8.579248
93979,2016-04-09,NH95/17,29.701,5.831751,7.0,8.579248
93980,2016-04-09,SY68/34,69.958,5.831751,7.0,8.579248
93981,2016-04-09,SK00/41,130.13,5.831751,7.0,8.579248
93982,2016-04-09,TF81/2A,46.352,5.831751,7.0,8.579248
93983,2016-04-09,SU71/23,50.07,5.831751,7.0,8.579248
93984,2016-04-09,ID30/1,115.44,5.831751,7.0,8.579248
93985,2016-04-09,SN00/11,12.064,5.831751,7.0,8.579248
93986,2016-04-09,NY63/2,131.315,5.831751,7.0,8.579248
93987,2016-04-09,TQ25/86,99.21,5.831751,7.0,8.579248
93988,2016-04-10,SY68/34,69.932,5.3734164,0.90000004,9.144773
93989,2016-04-10,NY63/2,131.301,5.3734164,0.90000004,9.144773
93990,2016-04-10,NH95/17,29.697,5.3734164,0.90000004,9.144773
93991,2016-04-10,ST07/10,65.205,5.3734164,0.90000004,9.144773
93992,2016-04-10,SJ15/13,80.29,5.3734164,0.90000004,9.144773
93993,2016-04-10,TQ25/86,99.22,5.3734164,0.90000004,9.144773
93994,2016-04-10,TF81/2A,46.365,5.3734164,0.90000004,9.144773
93995,2016-04-10,TR14/9,78.35,5.3734164,0.90000004,9.144773
93996,2016-04-10,NO20/14,38.75,5.3734164,0.90000004,9.144773
93997,2016-04-10,SU81/1,57.78,5.3734164,0.90000004,9.144773
93998,2016-04-10,SK00/41,130.13,5.3734164,0.90000004,9.144773
93999,2016-04-10,SN00/11,12.016,5.3734164,0.90000004,9.144773
94000,2016-04-10,ID30/1,115.48,5.3734164,0.90000004,9.144773
94001,2016-04-10,SU01/5B,91.958,5.3734164,0.90000004,9.144773
94002,2016-04-10,SU71/23,49.93,5.3734164,0.90000004,9.144773
94003,2016-04-11,ST07/10,65.215,7.5484166,0.0,21.994987
94004,2016-04-11,TQ25/86,99.23,7.5484166,0.0,21.994987
94005,2016-04-11,NO20/14,38.781,7.5484166,0.0,21.994987
94006,2016-04-11,SN00/11,11.956,7.5484166,0.0,21.994987
94007,2016-04-11,NY63/2,131.248,7.5484166,0.0,21.994987
94008,2016-04-11,TF81/2A,46.374,7.5484166,0.0,21.994987
94009,2016-04-11,ID30/1,115.45,7.5484166,0.0,21.994987
94010,2016-04-11,SK00/41,130.13,7.5484166,0.0,21.994987
94011,2016-04-11,SY68/34,69.909,7.5484166,0.0,21.994987
94012,2016-04-11,SU01/5B,91.937,7.5484166,0.0,21.994987
94013,2016-04-11,NH95/17,29.686,7.5484166,0.0,21.994987
94014,2016-04-11,SJ15/13,80.3,7.5484166,0.0,21.994987
94015,2016-04-11,SU81/1,57.58,7.5484166,0.0,21.994987
94016,2016-04-11,TR14/9,78.32,7.5484166,0.0,21.994987
94017,2016-04-11,SU71/23,49.79,7.5484166,0.0,21.994987
94018,2016-04-12,SU71/23,49.66,7.4650826,16.3,9.38406
94019,2016-04-12,TL33/67,84.67,7.4650826,16.3,9.38406
94020,2016-04-12,SJ15/13,80.341,7.4650826,16.3,9.38406
94021,2016-04-12,SN00/11,11.895,7.4650826,16.3,9.38406
94022,2016-04-12,SU81/1,57.4,7.4650826,16.3,9.38406
94023,2016-04-12,TQ25/86,99.24,7.4650826,16.3,9.38406
94024,2016-04-12,ST07/10,65.276,7.4650826,16.3,9.38406
94025,2016-04-12,TR14/9,78.28,7.4650826,16.3,9.38406
94026,2016-04-12,SK00/41,130.13,7.4650826,16.3,9.38406
94027,2016-04-12,NO20/14,38.726,7.4650826,16.3,9.38406
94028,2016-04-12,NY63/2,131.27,7.4650826,16.3,9.38406
94029,2016-04-12,SU01/5B,91.897,7.4650826,16.3,9.38406
94030,2016-04-12,NH95/17,29.675,7.4650826,16.3,9.38406
94031,2016-04-12,SY68/34,69.887,7.4650826,16.3,9.38406
94032,2016-04-12,TF81/2A,46.392,7.4650826,16.3,9.38406
94033,2016-04-12,ID30/1,115.53,7.4650826,16.3,9.38406
94034,2016-04-13,SN00/11,11.82,7.1025844,8.599999,6.547532
94035,2016-04-13,SU01/5B,91.827,7.1025844,8.599999,6.547532
94036,2016-04-13,NO20/14,38.73,7.1025844,8.599999,6.547532
94037,2016-04-13,SP00/62,102.63,7.1025844,8.599999,6.547532
94038,2016-04-13,ST07/10,65.195,7.1025844,8.599999,6.547532
94039,2016-04-13,TQ25/86,99.24,7.1025844,8.599999,6.547532
94040,2016-04-13,SU71/23,49.53,7.1025844,8.599999,6.547532
94041,2016-04-13,TR14/9,78.24,7.1025844,8.599999,6.547532
94042,2016-04-13,ID30/1,115.63,7.1025844,8.599999,6.547532
94043,2016-04-13,SK00/41,130.13,7.1025844,8.599999,6.547532
94044,2016-04-13,TF81/2A,46.402,7.1025844,8.599999,6.547532
94045,2016-04-13,SJ15/13,80.338,7.1025844,8.599999,6.547532
94046,2016-04-13,SU17/57,139.72,7.1025844,8.599999,6.547532
94047,2016-04-13,NY63/2,131.29,7.1025844,8.599999,6.547532
94048,2016-04-13,SY68/34,69.861,7.1025844,8.599999,6.547532
94049,2016-04-13,SU81/1,57.24,7.1025844,8.599999,6.547532
94050,2016-04-13,NH95/17,29.67,7.1025844,8.599999,6.547532
94051,2016-04-14,TF81/2A,46.41,6.66925,0.1,9.149106
94052,2016-04-14,SY68/34,69.839,6.66925,0.1,9.149106
94053,2016-04-14,TR14/9,78.22,6.66925,0.1,9.149106
94054,2016-04-14,SU71/23,49.39,6.66925,0.1,9.149106
94055,2016-04-14,NH95/17,29.677,6.66925,0.1,9.149106
94056,2016-04-14,SN00/11,11.746,6.66925,0.1,9.149106
94057,2016-04-14,SU81/1,57.03,6.66925,0.1,9.149106
94058,2016-04-14,SJ15/13,80.377,6.66925,0.1,9.149106
94059,2016-04-14,NY63/2,131.259,6.66925,0.1,9.149106
94060,2016-04-14,NO20/14,38.728,6.66925,0.1,9.149106
94061,2016-04-14,ST07/10,65.04,6.66925,0.1,9.149106
94062,2016-04-14,SK00/41,130.13,6.66925,0.1,9.149106
94063,2016-04-14,TQ25/86,99.25,6.66925,0.1,9.149106
94064,2016-04-14,ID30/1,115.67,6.66925,0.1,9.149106
94065,2016-04-14,SU01/5B,91.744,6.66925,0.1,9.149106
94066,2016-04-15,SY68/34,69.83,4.073417,5.3999996,8.379577
94067,2016-04-15,SU71/23,49.25,4.073417,5.3999996,8.379577
94068,2016-04-15,ST07/10,64.788,4.073417,5.3999996,8.379577
94069,2016-04-15,SU01/5B,91.668,4.073417,5.3999996,8.379577
94070,2016-04-15,NO20/14,38.684,4.073417,5.3999996,8.379577
94071,2016-04-15,TF81/2A,46.428,4.073417,5.3999996,8.379577
94072,2016-04-15,SJ15/13,80.422,4.073417,5.3999996,8.379577
94073,2016-04-15,SN00/11,11.673,4.073417,5.3999996,8.379577
94074,2016-04-15,SK00/41,130.135,4.073417,5.3999996,8.379577
94075,2016-04-15,TQ25/86,99.27,4.073417,5.3999996,8.379577
94076,2016-04-15,NY63/2,131.275,4.073417,5.3999996,8.379577
94077,2016-04-15,TR14/9,78.17,4.073417,5.3999996,8.379577
94078,2016-04-15,SU81/1,56.83,4.073417,5.3999996,8.379577
94079,2016-04-15,ID30/1,115.59,4.073417,5.3999996,8.379577
94080,2016-04-15,NH95/17,29.694,4.073417,5.3999996,8.379577
94081,2016-04-16,TQ25/86,99.26,3.3005,1.6,10.628381
94082,2016-04-16,SN00/11,11.578,3.3005,1.6,10.628381
94083,2016-04-16,TF81/2A,46.45,3.3005,1.6,10.628381
94084,2016-04-16,NY63/2,131.299,3.3005,1.6,10.628381
94085,2016-04-16,SU01/5B,91.571,3.3005,1.6,10.628381
94086,2016-04-16,ST07/10,64.45,3.3005,1.6,10.628381
94087,2016-04-16,SU81/1,56.7,3.3005,1.6,10.628381
94088,2016-04-16,SK00/41,130.135,3.3005,1.6,10.628381
94089,2016-04-16,NO20/14,38.701,3.3005,1.6,10.628381
94090,2016-04-16,SU71/23,49.13,3.3005,1.6,10.628381
94091,2016-04-16,TR14/9,78.11,3.3005,1.6,10.628381
94092,2016-04-16,NH95/17,29.687,3.3005,1.6,10.628381
94093,2016-04-16,SY68/34,69.811,3.3005,1.6,10.628381
94094,2016-04-16,SJ15/13,80.434,3.3005,1.6,10.628381
94095,2016-04-16,ID30/1,115.59,3.3005,1.6,10.628381
94096,2016-04-17,SU71/23,49.01,4.460916,0.1,13.588798
94097,2016-04-17,SU81/1,56.6,4.460916,0.1,13.588798
94098,2016-04-17,SK00/41,130.125,4.460916,0.1,13.588798
94099,2016-04-17,NY63/2,131.239,4.460916,0.1,13.588798
94100,2016-04-17,ST07/10,64.108,4.460916,0.1,13.588798
94101,2016-04-17,SY68/34,69.784,4.460916,0.1,13.588798
94102,2016-04-17,SN00/11,11.483,4.460916,0.1,13.588798
94103,2016-04-17,TR14/9,78.06,4.460916,0.1,13.588798
94104,2016-04-17,TQ25/86,99.24,4.460916,0.1,13.588798
94105,2016-04-17,NH95/17,29.67,4.460916,0.1,13.588798
94106,2016-04-17,SU01/5B,91.439,4.460916,0.1,13.588798
94107,2016-04-17,NO20/14,38.706,4.460916,0.1,13.588798
94108,2016-04-17,TF81/2A,46.438,4.460916,0.1,13.588798
94109,2016-04-17,ID30/1,115.58,4.460916,0.1,13.588798
94110,2016-04-17,SJ15/13,80.41,4.460916,0.1,13.588798
94111,2016-04-18,SK00/41,130.115,7.2879996,1.3,22.41193
94112,2016-04-18,ID30/1,115.51,7.2879996,1.3,22.41193
94113,2016-04-18,ST07/10,63.789,7.2879996,1.3,22.41193
94114,2016-04-18,SN00/11,11.395,7.2879996,1.3,22.41193
94115,2016-04-18,SU81/1,56.47,7.2879996,1.3,22.41193
94116,2016-04-18,SJ15/13,80.38,7.2879996,1.3,22.41193
94117,2016-04-18,NO20/14,38.666,7.2879996,1.3,22.41193
94118,2016-04-18,TR14/9,78.01,7.2879996,1.3,22.41193
94119,2016-04-18,TQ25/86,99.24,7.2879996,1.3,22.41193
94120,2016-04-18,SY68/34,69.75,7.2879996,1.3,22.41193
94121,2016-04-18,NH95/17,29.655,7.2879996,1.3,22.41193
94122,2016-04-18,SU01/5B,91.3,7.2879996,1.3,22.41193
94123,2016-04-18,SU71/23,48.87,7.2879996,1.3,22.41193
94124,2016-04-18,TF81/2A,46.434,7.2879996,1.3,22.41193
94125,2016-04-18,SE95/6,28.32,7.2879996,1.3,22.41193
94126,2016-04-18,NY63/2,131.216,7.2879996,1.3,22.41193
94127,2016-04-19,SJ15/13,80.343,6.785917,0.0,5.967345
94128,2016-04-19,TQ25/86,99.23,6.785917,0.0,5.967345
94129,2016-04-19,SY68/34,69.713,6.785917,0.0,5.967345
94130,2016-04-19,SN00/11,11.305,6.785917,0.0,5.967345
94131,2016-04-19,SU81/1,56.29,6.785917,0.0,5.967345
94132,2016-04-19,SU01/5B,91.169,6.785917,0.0,5.967345
94133,2016-04-19,NO20/14,38.758,6.785917,0.0,5.967345
94134,2016-04-19,SK00/41,130.102,6.785917,0.0,5.967345
94135,2016-04-19,NY63/2,131.174,6.785917,0.0,5.967345
94136,2016-04-19,ST07/10,63.491,6.785917,0.0,5.967345
94137,2016-04-19,TR14/9,77.96,6.785917,0.0,5.967345
94138,2016-04-19,TL33/67,84.84,6.785917,0.0,5.967345
94139,2016-04-19,NH95/17,29.626,6.785917,0.0,5.967345
94140,2016-04-19,SU71/23,48.73,6.785917,0.0,5.967345
94141,2016-04-19,TF81/2A,46.437,6.785917,0.0,5.967345
94142,2016-04-19,ID30/1,115.51,6.785917,0.0,5.967345
94143,2016-04-20,TR14/9,77.92,8.0255,0.0,5.866234
94144,2016-04-20,NH95/17,29.612,8.0255,0.0,5.866234
94145,2016-04-20,TF81/2A,46.436,8.0255,0.0,5.866234
94146,2016-04-20,ID30/1,115.47,8.0255,0.0,5.866234
94147,2016-04-20,SK00/41,130.1,8.0255,0.0,5.866234
94148,2016-04-20,SJ15/13,80.33,8.0255,0.0,5.866234
94149,2016-04-20,SP00/62,102.57,8.0255,0.0,5.866234
94150,2016-04-20,SU81/1,56.2,8.0255,0.0,5.866234
94151,2016-04-20,NO20/14,38.774,8.0255,0.0,5.866234
94152,2016-04-20,TQ25/86,99.23,8.0255,0.0,5.866234
94153,2016-04-20,SE94/5,21.79,8.0255,0.0,5.866234
94154,2016-04-20,SN00/11,11.228,8.0255,0.0,5.866234
94155,2016-04-20,SU71/23,48.59,8.0255,0.0,5.866234
94156,2016-04-20,SU01/5B,91.054,8.0255,0.0,5.866234
94157,2016-04-20,SY68/34,69.676,8.0255,0.0,5.866234
94158,2016-04-20,ST07/10,63.207,8.0255,0.0,5.866234
94159,2016-04-20,NY63/2,131.146,8.0255,0.0,5.866234
94160,2016-04-20,SU17/57,139.44,8.0255,0.0,5.866234
94161,2016-04-21,SY68/34,69.64,8.7755,0.0,9.114291
94162,2016-04-21,NO20/14,38.761,8.7755,0.0,9.114291
94163,2016-04-21,NY63/2,131.167,8.7755,0.0,9.114291
94164,2016-04-21,SU81/1,56.09,8.7755,0.0,9.114291
94165,2016-04-21,ST07/10,62.917,8.7755,0.0,9.114291
94166,2016-04-21,ID30/1,115.32,8.7755,0.0,9.114291
94167,2016-04-21,SU71/23,48.47,8.7755,0.0,9.114291
94168,2016-04-21,NH95/17,29.612,8.7755,0.0,9.114291
94169,2016-04-21,TF81/2A,46.454,8.7755,0.0,9.114291
94170,2016-04-21,TR14/9,77.87,8.7755,0.0,9.114291
94171,2016-04-21,SK00/41,130.1,8.7755,0.0,9.114291
94172,2016-04-21,SU01/5B,90.966,8.7755,0.0,9.114291
94173,2016-04-21,SN00/11,11.153,8.7755,0.0,9.114291
94174,2016-04-21,TQ25/86,99.23,8.7755,0.0,9.114291
94175,2016-04-21,SJ15/13,80.327,8.7755,0.0,9.114291
94176,2016-04-22,NY63/2,131.176,6.2046666,0.0,11.157931
94177,2016-04-22,TQ25/86,99.23,6.2046666,0.0,11.157931
94178,2016-04-22,NH95/17,29.611,6.2046666,0.0,11.157931
94179,2016-04-22,TF81/2A,46.47,6.2046666,0.0,11.157931
94180,2016-04-22,TR14/9,77.82,6.2046666,0.0,11.157931
94181,2016-04-22,SU81/1,56.03,6.2046666,0.0,11.157931
94182,2016-04-22,SU01/5B,90.898,6.2046666,0.0,11.157931
94183,2016-04-22,SN00/11,11.074,6.2046666,0.0,11.157931
94184,2016-04-22,ID30/1,115.22,6.2046666,0.0,11.157931
94185,2016-04-22,SJ15/13,80.322,6.2046666,0.0,11.157931
94186,2016-04-22,ST07/10,62.619,6.2046666,0.0,11.157931
94187,2016-04-22,SY68/34,69.603,6.2046666,0.0,11.157931
94188,2016-04-22,NO20/14,38.759,6.2046666,0.0,11.157931
94189,2016-04-22,SK00/41,130.105,6.2046666,0.0,11.157931
94190,2016-04-22,SU71/23,48.36,6.2046666,0.0,11.157931
94191,2016-04-23,SK00/41,130.11,4.4754996,0.2,9.9196
94192,2016-04-23,ST07/10,62.317,4.4754996,0.2,9.9196
94193,2016-04-23,NH95/17,29.604,4.4754996,0.2,9.9196
94194,2016-04-23,NO20/14,38.756,4.4754996,0.2,9.9196
94195,2016-04-23,SU01/5B,90.84,4.4754996,0.2,9.9196
94196,2016-04-23,SU71/23,48.25,4.4754996,0.2,9.9196
94197,2016-04-23,TF81/2A,46.484,4.4754996,0.2,9.9196
94198,2016-04-23,TR14/9,77.77,4.4754996,0.2,9.9196
94199,2016-04-23,SU81/1,56.03,4.4754996,0.2,9.9196
94200,2016-04-23,ID30/1,115.09,4.4754996,0.2,9.9196
94201,2016-04-23,SN00/11,10.99,4.4754996,0.2,9.9196
94202,2016-04-23,SJ15/13,80.308,4.4754996,0.2,9.9196
94203,2016-04-23,TQ25/86,99.23,4.4754996,0.2,9.9196
94204,2016-04-23,NY63/2,131.19,4.4754996,0.2,9.9196
94205,2016-04-23,SY68/34,69.563,4.4754996,0.2,9.9196
94206,2016-04-24,SK00/41,130.117,4.8192496,0.70000005,8.0737915
94207,2016-04-24,SN00/11,10.915,4.8192496,0.70000005,8.0737915
94208,2016-04-24,TQ25/86,99.23,4.8192496,0.70000005,8.0737915
94209,2016-04-24,TF81/2A,46.492,4.8192496,0.70000005,8.0737915
94210,2016-04-24,SU01/5B,90.806,4.8192496,0.70000005,8.0737915
94211,2016-04-24,NH95/17,29.615,4.8192496,0.70000005,8.0737915
94212,2016-04-24,SU71/23,48.16,4.8192496,0.70000005,8.0737915
94213,2016-04-24,NO20/14,38.703,4.8192496,0.70000005,8.0737915
94214,2016-04-24,ST07/10,62.04,4.8192496,0.70000005,8.0737915
94215,2016-04-24,ID30/1,114.95,4.8192496,0.70000005,8.0737915
94216,2016-04-24,SJ15/13,80.312,4.8192496,0.70000005,8.0737915
94217,2016-04-24,NY63/2,131.194,4.8192496,0.70000005,8.0737915
94218,2016-04-24,SY68/34,69.524,4.8192496,0.70000005,8.0737915
94219,2016-04-24,TR14/9,77.73,4.8192496,0.70000005,8.0737915
94220,2016-04-24,SU81/1,55.96,4.8192496,0.70000005,8.0737915
94221,2016-04-25,SU71/23,48.08,4.9088335,0.6,15.309704
94222,2016-04-25,ST07/10,61.782,4.9088335,0.6,15.309704
94223,2016-04-25,SU81/1,55.92,4.9088335,0.6,15.309704
94224,2016-04-25,SU01/5B,90.809,4.9088335,0.6,15.309704
94225,2016-04-25,ID30/1,114.81,4.9088335,0.6,15.309704
94226,2016-04-25,TF81/2A,46.505,4.9088335,0.6,15.309704
94227,2016-04-25,SY68/34,69.486,4.9088335,0.6,15.309704
94228,2016-04-25,SN00/11,10.853,4.9088335,0.6,15.309704
94229,2016-04-25,NY63/2,131.224,4.9088335,0.6,15.309704
94230,2016-04-25,NO20/14,38.647,4.9088335,0.6,15.309704
94231,2016-04-25,SJ15/13,80.329,4.9088335,0.6,15.309704
94232,2016-04-25,SK00/41,130.135,4.9088335,0.6,15.309704
94233,2016-04-25,NH95/17,29.614,4.9088335,0.6,15.309704
94234,2016-04-25,TQ25/86,99.23,4.9088335,0.6,15.309704
94235,2016-04-25,TR14/9,77.68,4.9088335,0.6,15.309704
94236,2016-04-26,ST07/10,61.501,3.4838336,2.3999999,16.476475
94237,2016-04-26,NH95/17,29.603,3.4838336,2.3999999,16.476475
94238,2016-04-26,SY68/34,69.444,3.4838336,2.3999999,16.476475
94239,2016-04-26,TL33/67,84.85,3.4838336,2.3999999,16.476475
94240,2016-04-26,ID30/1,114.71,3.4838336,2.3999999,16.476475
94241,2016-04-26,NY63/2,131.243,3.4838336,2.3999999,16.476475
94242,2016-04-26,SU01/5B,90.815,3.4838336,2.3999999,16.476475
94243,2016-04-26,SK00/41,130.147,3.4838336,2.3999999,16.476475
94244,2016-04-26,SJ15/13,80.312,3.4838336,2.3999999,16.476475
94245,2016-04-26,TR14/9,77.62,3.4838336,2.3999999,16.476475
94246,2016-04-26,SU71/23,48.01,3.4838336,2.3999999,16.476475
94247,2016-04-26,SU81/1,55.94,3.4838336,2.3999999,16.476475
94248,2016-04-26,NO20/14,38.66,3.4838336,2.3999999,16.476475
94249,2016-04-26,SN00/11,10.772,3.4838336,2.3999999,16.476475
94250,2016-04-26,TQ25/86,99.22,3.4838336,2.3999999,16.476475
94251,2016-04-26,TF81/2A,46.527,3.4838336,2.3999999,16.476475
94252,2016-04-27,SU71/23,47.94,3.204667,0.3,8.496552
94253,2016-04-27,SN00/11,10.679,3.204667,0.3,8.496552
94254,2016-04-27,SJ15/13,80.294,3.204667,0.3,8.496552
94255,2016-04-27,ID30/1,114.62,3.204667,0.3,8.496552
94256,2016-04-27,SK00/41,130.15,3.204667,0.3,8.496552
94257,2016-04-27,NO20/14,38.655,3.204667,0.3,8.496552
94258,2016-04-27,SU01/5B,90.793,3.204667,0.3,8.496552
94259,2016-04-27,TV59/7C,1.79,3.204667,0.3,8.496552
94260,2016-04-27,TQ25/86,99.21,3.204667,0.3,8.496552
94261,2016-04-27,SP00/62,102.38,3.204667,0.3,8.496552
94262,2016-04-27,TF81/2A,46.524,3.204667,0.3,8.496552
94263,2016-04-27,SU81/1,55.9,3.204667,0.3,8.496552
94264,2016-04-27,NY63/2,131.209,3.204667,0.3,8.496552
94265,2016-04-27,TR14/9,77.57,3.204667,0.3,8.496552
94266,2016-04-27,SY68/34,69.398,3.204667,0.3,8.496552
94267,2016-04-27,ST07/10,61.281,3.204667,0.3,8.496552
94268,2016-04-27,NH95/17,29.613,3.204667,0.3,8.496552
94269,2016-04-27,SU17/57,139.15,3.204667,0.3,8.496552
94270,2016-04-28,SU81/1,55.83,2.2005002,6.2999997,12.154387
94271,2016-04-28,NY63/2,131.197,2.2005002,6.2999997,12.154387
94272,2016-04-28,SN00/11,10.603,2.2005002,6.2999997,12.154387
94273,2016-04-28,ST07/10,61.104,2.2005002,6.2999997,12.154387
94274,2016-04-28,SJ15/13,80.309,2.2005002,6.2999997,12.154387
94275,2016-04-28,ID30/1,114.49,2.2005002,6.2999997,12.154387
94276,2016-04-28,SK00/41,130.156,2.2005002,6.2999997,12.154387
94277,2016-04-28,NH95/17,29.619,2.2005002,6.2999997,12.154387
94278,2016-04-28,TA10/63,17.55,2.2005002,6.2999997,12.154387
94279,2016-04-28,NO20/14,38.619,2.2005002,6.2999997,12.154387
94280,2016-04-28,SU71/23,47.87,2.2005002,6.2999997,12.154387
94281,2016-04-28,TQ25/86,99.2,2.2005002,6.2999997,12.154387
94282,2016-04-28,TR14/9,77.51,2.2005002,6.2999997,12.154387
94283,2016-04-28,SU01/5B,90.76,2.2005002,6.2999997,12.154387
94284,2016-04-28,TF81/2A,46.517,2.2005002,6.2999997,12.154387
94285,2016-04-28,SY68/34,69.354,2.2005002,6.2999997,12.154387
94286,2016-04-29,NO20/14,38.647,3.7630002,6.9000006,16.919329
94287,2016-04-29,SU81/1,55.76,3.7630002,6.9000006,16.919329
94288,2016-04-29,NY63/2,131.246,3.7630002,6.9000006,16.919329
94289,2016-04-29,TF81/2A,46.533,3.7630002,6.9000006,16.919329
94290,2016-04-29,SN00/11,10.511,3.7630002,6.9000006,16.919329
94291,2016-04-29,TQ25/86,99.18,3.7630002,6.9000006,16.919329
94292,2016-04-29,SJ15/13,80.279,3.7630002,6.9000006,16.919329
94293,2016-04-29,SU01/5B,90.718,3.7630002,6.9000006,16.919329
94294,2016-04-29,ST07/10,60.872,3.7630002,6.9000006,16.919329
94295,2016-04-29,SK00/41,130.16,3.7630002,6.9000006,16.919329
94296,2016-04-29,SY68/34,69.31,3.7630002,6.9000006,16.919329
94297,2016-04-29,ID30/1,114.47,3.7630002,6.9000006,16.919329
94298,2016-04-29,TR14/9,77.44,3.7630002,6.9000006,16.919329
94299,2016-04-29,SU71/23,47.8,3.7630002,6.9000006,16.919329
94300,2016-04-29,NH95/17,29.613,3.7630002,6.9000006,16.919329
94301,2016-04-30,SK00/41,130.154,4.627583,1.4000001,10.552284
94302,2016-04-30,SU81/1,55.71,4.627583,1.4000001,10.552284
94303,2016-04-30,TL33/67,84.82,4.627583,1.4000001,10.552284
94304,2016-04-30,SU71/23,47.72,4.627583,1.4000001,10.552284
94305,2016-04-30,TR14/9,77.38,4.627583,1.4000001,10.552284
94306,2016-04-30,NO20/14,38.702,4.627583,1.4000001,10.552284
94307,2016-04-30,TQ25/86,99.14,4.627583,1.4000001,10.552284
94308,2016-04-30,ST07/10,60.648,4.627583,1.4000001,10.552284
94309,2016-04-30,SY68/34,69.264,4.627583,1.4000001,10.552284
94310,2016-04-30,NH95/17,29.594,4.627583,1.4000001,10.552284
94311,2016-04-30,SN00/11,10.404,4.627583,1.4000001,10.552284
94312,2016-04-30,SU17/57,138.97,4.627583,1.4000001,10.552284
94313,2016-04-30,SU01/5B,90.637,4.627583,1.4000001,10.552284
94314,2016-04-30,SP00/62,102.2,4.627583,1.4000001,10.552284
94315,2016-04-30,TF81/2A,46.516,4.627583,1.4000001,10.552284
94316,2016-04-30,TF03/37,16.422,4.627583,1.4000001,10.552284
94317,2016-04-30,SJ15/13,80.239,4.627583,1.4000001,10.552284
94318,2016-04-30,ID30/1,114.49,4.627583,1.4000001,10.552284
94319,2016-04-30,NY63/2,131.173,4.627583,1.4000001,10.552284
94320,2016-05-01,ST07/10,60.493,7.667167,2.2,19.552393
94321,2016-05-01,TR14/9,77.33,7.667167,2.2,19.552393
94322,2016-05-01,NO20/14,38.659,7.667167,2.2,19.552393
94323,2016-05-01,ID30/1,114.39,7.667167,2.2,19.552393
94324,2016-05-01,SU01/5B,90.536,7.667167,2.2,19.552393
94325,2016-05-01,SY68/34,69.219,7.667167,2.2,19.552393
94326,2016-05-01,SN00/11,10.324,7.667167,2.2,19.552393
94327,2016-05-01,SJ15/13,80.246,7.667167,2.2,19.552393
94328,2016-05-01,TF81/2A,46.496,7.667167,2.2,19.552393
94329,2016-05-01,SU81/1,55.6,7.667167,2.2,19.552393
94330,2016-05-01,TQ25/86,99.13,7.667167,2.2,19.552393
94331,2016-05-01,NH95/17,29.597,7.667167,2.2,19.552393
94332,2016-05-01,NY63/2,131.122,7.667167,2.2,19.552393
94333,2016-05-01,SK00/41,130.15,7.667167,2.2,19.552393
94334,2016-05-01,SU71/23,47.63,7.667167,2.2,19.552393
94335,2016-05-02,NY63/2,131.153,9.0755,6.5000005,23.346542
94336,2016-05-02,TQ25/86,99.12,9.0755,6.5000005,23.346542
94337,2016-05-02,ST07/10,60.347,9.0755,6.5000005,23.346542
94338,2016-05-02,TF81/2A,46.503,9.0755,6.5000005,23.346542
94339,2016-05-02,NH95/17,29.596,9.0755,6.5000005,23.346542
94340,2016-05-02,SU01/5B,90.445,9.0755,6.5000005,23.346542
94341,2016-05-02,SY68/34,69.177,9.0755,6.5000005,23.346542
94342,2016-05-02,SU71/23,47.54,9.0755,6.5000005,23.346542
94343,2016-05-02,SN00/11,10.253,9.0755,6.5000005,23.346542
94344,2016-05-02,ID30/1,114.29,9.0755,6.5000005,23.346542
94345,2016-05-02,SK00/41,130.159,9.0755,6.5000005,23.346542
94346,2016-05-02,SU81/1,55.5,9.0755,6.5000005,23.346542
94347,2016-05-02,SJ15/13,80.247,9.0755,6.5000005,23.346542
94348,2016-05-02,NO20/14,38.59,9.0755,6.5000005,23.346542
94349,2016-05-02,TR14/9,77.26,9.0755,6.5000005,23.346542
94350,2016-05-03,SU01/5B,90.332,7.675501,1.0,16.81276
94351,2016-05-03,SK00/41,130.16,7.675501,1.0,16.81276
94352,2016-05-03,SU81/1,55.42,7.675501,1.0,16.81276
94353,2016-05-03,ST07/10,60.193,7.675501,1.0,16.81276
94354,2016-05-03,SJ15/13,80.22,7.675501,1.0,16.81276
94355,2016-05-03,ID30/1,114.35,7.675501,1.0,16.81276
94356,2016-05-03,NH95/17,29.564,7.675501,1.0,16.81276
94357,2016-05-03,SY68/34,69.132,7.675501,1.0,16.81276
94358,2016-05-03,TR14/9,77.2,7.675501,1.0,16.81276
94359,2016-05-03,SN00/11,10.164,7.675501,1.0,16.81276
94360,2016-05-03,NY63/2,131.144,7.675501,1.0,16.81276
94361,2016-05-03,TL33/67,84.87,7.675501,1.0,16.81276
94362,2016-05-03,TF81/2A,46.51,7.675501,1.0,16.81276
94363,2016-05-03,SU71/23,47.45,7.675501,1.0,16.81276
94364,2016-05-03,NO20/14,38.641,7.675501,1.0,16.81276
94365,2016-05-03,TQ25/86,99.1,7.675501,1.0,16.81276
94366,2016-05-04,SU01/5B,90.207,8.508833,0.0,17.394531
94367,2016-05-04,TQ25/86,99.09,8.508833,0.0,17.394531
94368,2016-05-04,SU17/57,138.8,8.508833,0.0,17.394531
94369,2016-05-04,NH95/17,29.564,8.508833,0.0,17.394531
94370,2016-05-04,SP00/62,102.04,8.508833,0.0,17.394531
94371,2016-05-04,ID30/1,114.32,8.508833,0.0,17.394531
94372,2016-05-04,TF81/2A,46.493,8.508833,0.0,17.394531
94373,2016-05-04,SY68/34,69.089,8.508833,0.0,17.394531
94374,2016-05-04,TR14/9,77.15,8.508833,0.0,17.394531
94375,2016-05-04,SN00/11,10.092,8.508833,0.0,17.394531
94376,2016-05-04,SU71/23,47.35,8.508833,0.0,17.394531
94377,2016-05-04,NO20/14,38.632,8.508833,0.0,17.394531
94378,2016-05-04,ST07/10,60.027,8.508833,0.0,17.394531
94379,2016-05-04,SU81/1,55.31,8.508833,0.0,17.394531
94380,2016-05-04,TL44/12,42.61,8.508833,0.0,17.394531
94381,2016-05-04,SJ15/13,80.228,8.508833,0.0,17.394531
94382,2016-05-04,NY63/2,131.097,8.508833,0.0,17.394531
94383,2016-05-04,SK00/41,130.159,8.508833,0.0,17.394531
94384,2016-05-05,NY63/2,131.125,9.921333,0.0,12.550068
94385,2016-05-05,ST07/10,59.848,9.921333,0.0,12.550068
94386,2016-05-05,TR14/9,77.1,9.921333,0.0,12.550068
94387,2016-05-05,SK00/41,130.168,9.921333,0.0,12.550068
94388,2016-05-05,TQ25/86,99.08,9.921333,0.0,12.550068
94389,2016-05-05,SU71/23,47.26,9.921333,0.0,12.550068
94390,2016-05-05,NO20/14,38.591,9.921333,0.0,12.550068
94391,2016-05-05,TF81/2A,46.499,9.921333,0.0,12.550068
94392,2016-05-05,SU01/5B,90.088,9.921333,0.0,12.550068
94393,2016-05-05,SU81/1,55.21,9.921333,0.0,12.550068
94394,2016-05-05,SY68/34,69.046,9.921333,0.0,12.550068
94395,2016-05-05,SN00/11,10.024,9.921333,0.0,12.550068
94396,2016-05-05,ID30/1,114.23,9.921333,0.0,12.550068
94397,2016-05-05,NH95/17,29.564,9.921333,0.0,12.550068
94398,2016-05-05,SJ15/13,80.241,9.921333,0.0,12.550068
94399,2016-05-06,SN00/11,9.957,11.946334,0.0,5.753002
94400,2016-05-06,NY63/2,131.132,11.946334,0.0,5.753002
94401,2016-05-06,TR14/9,77.03,11.946334,0.0,5.753002
94402,2016-05-06,NH95/17,29.539,11.946334,0.0,5.753002
94403,2016-05-06,SU81/1,55.07,11.946334,0.0,5.753002
94404,2016-05-06,SU71/23,47.16,11.946334,0.0,5.753002
94405,2016-05-06,TQ25/86,99.08,11.946334,0.0,5.753002
94406,2016-05-06,SY68/34,69.004,11.946334,0.0,5.753002
94407,2016-05-06,SJ15/13,80.258,11.946334,0.0,5.753002
94408,2016-05-06,ST07/10,59.68,11.946334,0.0,5.753002
94409,2016-05-06,ID30/1,114.1,11.946334,0.0,5.753002
94410,2016-05-06,TL33/4,84.19,11.946334,0.0,5.753002
94411,2016-05-06,NO20/14,38.569,11.946334,0.0,5.753002
94412,2016-05-06,SK00/41,130.186,11.946334,0.0,5.753002
94413,2016-05-06,SU01/5B,89.97,11.946334,0.0,5.753002
94414,2016-05-06,TF81/2A,46.509,11.946334,0.0,5.753002
94415,2016-05-07,SN00/11,9.882,11.027583,0.2,13.361121
94416,2016-05-07,NY63/2,131.149,11.027583,0.2,13.361121
94417,2016-05-07,SU81/1,55.01,11.027583,0.2,13.361121
94418,2016-05-07,SJ15/13,80.261,11.027583,0.2,13.361121
94419,2016-05-07,NO20/14,38.548,11.027583,0.2,13.361121
94420,2016-05-07,TQ25/86,99.06,11.027583,0.2,13.361121
94421,2016-05-07,NH95/17,29.541,11.027583,0.2,13.361121
94422,2016-05-07,SU71/23,47.07,11.027583,0.2,13.361121
94423,2016-05-07,TR14/9,76.97,11.027583,0.2,13.361121
94424,2016-05-07,SK00/41,130.197,11.027583,0.2,13.361121
94425,2016-05-07,ST07/10,59.524,11.027583,0.2,13.361121
94426,2016-05-07,ID30/1,113.99,11.027583,0.2,13.361121
94427,2016-05-07,TF81/2A,46.519,11.027583,0.2,13.361121
94428,2016-05-07,SU01/5B,89.837,11.027583,0.2,13.361121
94429,2016-05-07,SY68/34,68.96,11.027583,0.2,13.361121
94430,2016-05-08,SN00/11,9.797,15.152583,0.2,13.167076
94431,2016-05-08,SJ15/13,80.249,15.152583,0.2,13.167076
94432,2016-05-08,NH95/17,29.546,15.152583,0.2,13.167076
94433,2016-05-08,SY68/34,68.92,15.152583,0.2,13.167076
94434,2016-05-08,TQ25/86,99.05,15.152583,0.2,13.167076
94435,2016-05-08,NY63/2,131.147,15.152583,0.2,13.167076
94436,2016-05-08,ID30/1,113.98,15.152583,0.2,13.167076
94437,2016-05-08,TR14/9,76.91,15.152583,0.2,13.167076
94438,2016-05-08,SU71/23,46.96,15.152583,0.2,13.167076
94439,2016-05-08,ST07/10,59.474,15.152583,0.2,13.167076
94440,2016-05-08,SK00/41,130.209,15.152583,0.2,13.167076
94441,2016-05-08,TF81/2A,46.515,15.152583,0.2,13.167076
94442,2016-05-08,SU81/1,54.84,15.152583,0.2,13.167076
94443,2016-05-08,SU01/5B,89.681,15.152583,0.2,13.167076
94444,2016-05-08,NO20/14,38.536,15.152583,0.2,13.167076
94445,2016-05-09,SU01/5B,89.506,14.527585,0.0,14.978256
94446,2016-05-09,TR14/9,76.84,14.527585,0.0,14.978256
94447,2016-05-09,ST07/10,59.381,14.527585,0.0,14.978256
94448,2016-05-09,NO20/14,38.53,14.527585,0.0,14.978256
94449,2016-05-09,SN00/11,9.715,14.527585,0.0,14.978256
94450,2016-05-09,SU81/1,54.74,14.527585,0.0,14.978256
94451,2016-05-09,NY63/2,131.114,14.527585,0.0,14.978256
94452,2016-05-09,TF81/2A,46.507,14.527585,0.0,14.978256
94453,2016-05-09,SU71/23,46.84,14.527585,0.0,14.978256
94454,2016-05-09,SK00/41,130.213,14.527585,0.0,14.978256
94455,2016-05-09,TQ25/86,99.03,14.527585,0.0,14.978256
94456,2016-05-09,SY68/34,68.878,14.527585,0.0,14.978256
94457,2016-05-09,ID30/1,113.98,14.527585,0.0,14.978256
94458,2016-05-09,SJ15/13,80.233,14.527585,0.0,14.978256
94459,2016-05-09,NH95/17,29.527,14.527585,0.0,14.978256
94460,2016-05-09,SJ62/235,54.79,14.527585,0.0,14.978256
94461,2016-05-10,ID30/1,113.9,13.644249,0.0,17.109339
94462,2016-05-10,NY63/2,131.097,13.644249,0.0,17.109339
94463,2016-05-10,SU01/5B,89.324,13.644249,0.0,17.109339
94464,2016-05-10,SU71/23,46.72,13.644249,0.0,17.109339
94465,2016-05-10,SY68/34,68.835,13.644249,0.0,17.109339
94466,2016-05-10,SN00/11,9.663,13.644249,0.0,17.109339
94467,2016-05-10,NO20/14,38.497,13.644249,0.0,17.109339
94468,2016-05-10,SK00/41,130.224,13.644249,0.0,17.109339
94469,2016-05-10,NH95/17,29.522,13.644249,0.0,17.109339
94470,2016-05-10,TL33/67,84.73,13.644249,0.0,17.109339
94471,2016-05-10,ST07/10,59.467,13.644249,0.0,17.109339
94472,2016-05-10,SJ15/13,80.238,13.644249,0.0,17.109339
94473,2016-05-10,SU81/1,54.65,13.644249,0.0,17.109339
94474,2016-05-10,TR14/9,76.78,13.644249,0.0,17.109339
94475,2016-05-10,TQ25/86,99.01,13.644249,0.0,17.109339
94476,2016-05-11,SN00/11,9.621,14.048417,0.0,18.627651
94477,2016-05-11,TQ25/86,99.01,14.048417,0.0,18.627651
94478,2016-05-11,SP00/62,101.91,14.048417,0.0,18.627651
94479,2016-05-11,NO20/14,38.464,14.048417,0.0,18.627651
94480,2016-05-11,SJ15/13,80.238,14.048417,0.0,18.627651
94481,2016-05-11,SU01/5B,89.144,14.048417,0.0,18.627651
94482,2016-05-11,SU71/23,46.6,14.048417,0.0,18.627651
94483,2016-05-11,NH95/17,29.517,14.048417,0.0,18.627651
94484,2016-05-11,ST07/10,60.743,14.048417,0.0,18.627651
94485,2016-05-11,TR14/9,76.71,14.048417,0.0,18.627651
94486,2016-05-11,SU81/1,54.45,14.048417,0.0,18.627651
94487,2016-05-11,ID30/1,113.82,14.048417,0.0,18.627651
94488,2016-05-11,SU17/57,138.43,14.048417,0.0,18.627651
94489,2016-05-11,SK00/41,130.232,14.048417,0.0,18.627651
94490,2016-05-11,NY63/2,131.106,14.048417,0.0,18.627651
94491,2016-05-11,SY68/34,68.787,14.048417,0.0,18.627651
94492,2016-05-12,NO20/14,38.46,12.902584,0.0,17.894247
94493,2016-05-12,NY63/2,131.101,12.902584,0.0,17.894247
94494,2016-05-12,NH95/17,29.511,12.902584,0.0,17.894247
94495,2016-05-12,ID30/1,113.79,12.902584,0.0,17.894247
94496,2016-05-12,SY68/34,68.76,12.902584,0.0,17.894247
94497,2016-05-12,SN00/11,9.553,12.902584,0.0,17.894247
94498,2016-05-12,SU01/5B,88.955,12.902584,0.0,17.894247
94499,2016-05-12,SU71/23,46.47,12.902584,0.0,17.894247
94500,2016-05-12,TQ25/86,99.01,12.902584,0.0,17.894247
94501,2016-05-12,TR14/9,76.63,12.902584,0.0,17.894247
94502,2016-05-12,SU81/1,54.35,12.902584,0.0,17.894247
94503,2016-05-12,SK00/41,130.24,12.902584,0.0,17.894247
94504,2016-05-12,ST07/10,62.741,12.902584,0.0,17.894247
94505,2016-05-12,SJ15/13,80.22,12.902584,0.0,17.894247
94506,2016-05-13,SU71/23,46.34,8.18175,0.0,15.231377
94507,2016-05-13,TQ25/86,98.99,8.18175,0.0,15.231377
94508,2016-05-13,NH95/17,29.499,8.18175,0.0,15.231377
94509,2016-05-13,ID30/1,113.79,8.18175,0.0,15.231377
94510,2016-05-13,SU81/1,54.22,8.18175,0.0,15.231377
94511,2016-05-13,SJ15/13,80.186,8.18175,0.0,15.231377
94512,2016-05-13,NY63/2,131.078,8.18175,0.0,15.231377
94513,2016-05-13,SK00/41,130.24,8.18175,0.0,15.231377
94514,2016-05-13,TR14/9,76.54,8.18175,0.0,15.231377
94515,2016-05-13,SU01/5B,88.753,8.18175,0.0,15.231377
94516,2016-05-13,NO20/14,38.518,8.18175,0.0,15.231377
94517,2016-05-13,ST07/10,63.458,8.18175,0.0,15.231377
94518,2016-05-13,SN00/11,9.473,8.18175,0.0,15.231377
94519,2016-05-13,SY68/34,68.719,8.18175,0.0,15.231377
94520,2016-05-14,SJ15/13,80.162,7.6255,0.0,8.437691
94521,2016-05-14,SY68/34,68.677,7.6255,0.0,8.437691
94522,2016-05-14,SK00/41,130.235,7.6255,0.0,8.437691
94523,2016-05-14,SU81/1,54.04,7.6255,0.0,8.437691
94524,2016-05-14,SU01/5B,88.536,7.6255,0.0,8.437691
94525,2016-05-14,TQ25/86,98.96,7.6255,0.0,8.437691
94526,2016-05-14,TR14/9,76.47,7.6255,0.0,8.437691
94527,2016-05-14,SU71/23,46.19,7.6255,0.0,8.437691
94528,2016-05-14,NO20/14,38.549,7.6255,0.0,8.437691
94529,2016-05-14,SN00/11,9.396,7.6255,0.0,8.437691
94530,2016-05-14,ST07/10,63.642,7.6255,0.0,8.437691
94531,2016-05-14,NY63/2,131.034,7.6255,0.0,8.437691
94532,2016-05-14,NH95/17,29.479,7.6255,0.0,8.437691
94533,2016-05-14,ID30/1,113.83,7.6255,0.0,8.437691
94534,2016-05-15,ID30/1,113.79,8.40675,0.0,5.548423
94535,2016-05-15,SY68/34,68.634,8.40675,0.0,5.548423
94536,2016-05-15,SK00/41,130.235,8.40675,0.0,5.548423
94537,2016-05-15,SU81/1,53.84,8.40675,0.0,5.548423
94538,2016-05-15,NO20/14,38.523,8.40675,0.0,5.548423
94539,2016-05-15,NY63/2,131.026,8.40675,0.0,5.548423
94540,2016-05-15,SU01/5B,88.332,8.40675,0.0,5.548423
94541,2016-05-15,SN00/11,9.333,8.40675,0.0,5.548423
94542,2016-05-15,TQ25/86,98.95,8.40675,0.0,5.548423
94543,2016-05-15,ST07/10,63.543,8.40675,0.0,5.548423
94544,2016-05-15,TR14/9,76.4,8.40675,0.0,5.548423
94545,2016-05-15,SJ15/13,80.159,8.40675,0.0,5.548423
94546,2016-05-15,SU71/23,46.03,8.40675,0.0,5.548423
94547,2016-05-15,NH95/17,29.484,8.40675,0.0,5.548423
94548,2016-05-16,SU01/5B,88.119,9.088,0.0,7.483918
94549,2016-05-16,ST07/10,63.239,9.088,0.0,7.483918
94550,2016-05-16,ID30/1,113.75,9.088,0.0,7.483918
94551,2016-05-16,SU81/1,53.66,9.088,0.0,7.483918
94552,2016-05-16,SK00/41,130.24,9.088,0.0,7.483918
94553,2016-05-16,NY63/2,131.024,9.088,0.0,7.483918
94554,2016-05-16,TQ25/86,98.93,9.088,0.0,7.483918
94555,2016-05-16,SJ15/13,80.166,9.088,0.0,7.483918
94556,2016-05-16,TR14/9,76.33,9.088,0.0,7.483918
94557,2016-05-16,SU71/23,45.89,9.088,0.0,7.483918
94558,2016-05-16,SN00/11,9.269,9.088,0.0,7.483918
94559,2016-05-16,NH95/17,29.48,9.088,0.0,7.483918
94560,2016-05-16,NO20/14,38.489,9.088,0.0,7.483918
94561,2016-05-16,SY68/34,68.59,9.088,0.0,7.483918
94562,2016-05-17,SU01/5B,87.926,10.133832,1.4,13.38381
94563,2016-05-17,SJ15/13,80.205,10.133832,1.4,13.38381
94564,2016-05-17,TR14/9,76.26,10.133832,1.4,13.38381
94565,2016-05-17,NH95/17,29.501,10.133832,1.4,13.38381
94566,2016-05-17,SN00/11,9.22,10.133832,1.4,13.38381
94567,2016-05-17,NY63/2,131.033,10.133832,1.4,13.38381
94568,2016-05-17,SY68/34,68.546,10.133832,1.4,13.38381
94569,2016-05-17,ID30/1,113.65,10.133832,1.4,13.38381
94570,2016-05-17,SU81/1,53.51,10.133832,1.4,13.38381
94571,2016-05-17,ST07/10,62.92,10.133832,1.4,13.38381
94572,2016-05-17,SK00/41,130.252,10.133832,1.4,13.38381
94573,2016-05-17,SU71/23,45.74,10.133832,1.4,13.38381
94574,2016-05-17,TQ25/86,98.92,10.133832,1.4,13.38381
94575,2016-05-17,NO20/14,38.406,10.133832,1.4,13.38381
94576,2016-05-18,SU71/23,45.59,12.121334,1.9000002,11.552149
94577,2016-05-18,NH95/17,29.508,12.121334,1.9000002,11.552149
94578,2016-05-18,SN00/11,9.171,12.121334,1.9000002,11.552149
94579,2016-05-18,NY63/2,131.096,12.121334,1.9000002,11.552149
94580,2016-05-18,ID30/1,113.59,12.121334,1.9000002,11.552149
94581,2016-05-18,SY68/34,68.508,12.121334,1.9000002,11.552149
94582,2016-05-18,SJ15/13,80.205,12.121334,1.9000002,11.552149
94583,2016-05-18,TL33/67,84.58,12.121334,1.9000002,11.552149
94584,2016-05-18,SU01/5B,87.746,12.121334,1.9000002,11.552149
94585,2016-05-18,SK00/41,130.269,12.121334,1.9000002,11.552149
94586,2016-05-18,TQ25/86,98.91,12.121334,1.9000002,11.552149
94587,2016-05-18,SU17/57,137.97,12.121334,1.9000002,11.552149
94588,2016-05-18,NO20/14,38.334,12.121334,1.9000002,11.552149
94589,2016-05-18,ST07/10,62.526,12.121334,1.9000002,11.552149
94590,2016-05-18,SU81/1,53.33,12.121334,1.9000002,11.552149
94591,2016-05-18,TR14/9,76.18,12.121334,1.9000002,11.552149
94592,2016-05-18,SP00/62,102.5,12.121334,1.9000002,11.552149
94593,2016-05-19,TQ25/86,98.88,10.985917,3.5000002,13.623607
94594,2016-05-19,SN00/11,9.115,10.985917,3.5000002,13.623607
94595,2016-05-19,ST07/10,62.177,10.985917,3.5000002,13.623607
94596,2016-05-19,SU81/1,53.21,10.985917,3.5000002,13.623607
94597,2016-05-19,NH95/17,29.503,10.985917,3.5000002,13.623607
94598,2016-05-19,TR14/9,76.1,10.985917,3.5000002,13.623607
94599,2016-05-19,SK00/41,130.272,10.985917,3.5000002,13.623607
94600,2016-05-19,NY63/2,131.063,10.985917,3.5000002,13.623607
94601,2016-05-19,SU71/23,45.44,10.985917,3.5000002,13.623607
94602,2016-05-19,ID30/1,113.62,10.985917,3.5000002,13.623607
94603,2016-05-19,NO20/14,38.365,10.985917,3.5000002,13.623607
94604,2016-05-19,SY68/34,68.463,10.985917,3.5000002,13.623607
94605,2016-05-19,SJ15/13,80.187,10.985917,3.5000002,13.623607
94606,2016-05-19,SU01/5B,87.545,10.985917,3.5000002,13.623607
94607,2016-05-20,SU71/23,45.28,11.638001,2.8000002,15.375912
94608,2016-05-20,SY68/34,68.42,11.638001,2.8000002,15.375912
94609,2016-05-20,SJ15/13,80.185,11.638001,2.8000002,15.375912
94610,2016-05-20,SU01/5B,87.338,11.638001,2.8000002,15.375912
94611,2016-05-20,TQ25/86,98.86,11.638001,2.8000002,15.375912
94612,2016-05-20,NY63/2,131.045,11.638001,2.8000002,15.375912
94613,2016-05-20,SE94/5,20.61,11.638001,2.8000002,15.375912
94614,2016-05-20,SK00/41,130.281,11.638001,2.8000002,15.375912
94615,2016-05-20,TR14/9,76.02,11.638001,2.8000002,15.375912
94616,2016-05-20,NH95/17,29.497,11.638001,2.8000002,15.375912
94617,2016-05-20,ST07/10,61.99,11.638001,2.8000002,15.375912
94618,2016-05-20,NO20/14,38.344,11.638001,2.8000002,15.375912
94619,2016-05-20,SU81/1,53.03,11.638001,2.8000002,15.375912
94620,2016-05-20,ID30/1,113.65,11.638001,2.8000002,15.375912
94621,2016-05-20,SN00/11,9.071,11.638001,2.8000002,15.375912
94622,2016-05-21,SU01/5B,87.144,12.210917,5.1999993,16.90328
94623,2016-05-21,NO20/14,38.28,12.210917,5.1999993,16.90328
94624,2016-05-21,SJ15/13,80.195,12.210917,5.1999993,16.90328
94625,2016-05-21,SU81/1,52.84,12.210917,5.1999993,16.90328
94626,2016-05-21,SU71/23,45.12,12.210917,5.1999993,16.90328
94627,2016-05-21,ID30/1,113.65,12.210917,5.1999993,16.90328
94628,2016-05-21,SK00/41,130.292,12.210917,5.1999993,16.90328
94629,2016-05-21,NH95/17,29.504,12.210917,5.1999993,16.90328
94630,2016-05-21,TR14/9,75.94,12.210917,5.1999993,16.90328
94631,2016-05-21,SN00/11,9.084,12.210917,5.1999993,16.90328
94632,2016-05-21,TQ25/86,98.85,12.210917,5.1999993,16.90328
94633,2016-05-21,SY68/34,68.388,12.210917,5.1999993,16.90328
94634,2016-05-21,ST07/10,62.261,12.210917,5.1999993,16.90328
94635,2016-05-21,NY63/2,131.043,12.210917,5.1999993,16.90328
94636,2016-05-22,SU01/5B,86.95,11.706749,3.9,9.503218
94637,2016-05-22,NO20/14,38.295,11.706749,3.9,9.503218
94638,2016-05-22,SN00/11,9.042,11.706749,3.9,9.503218
94639,2016-05-22,ST07/10,62.563,11.706749,3.9,9.503218
94640,2016-05-22,SJ15/13,80.161,11.706749,3.9,9.503218
94641,2016-05-22,SU81/1,52.64,11.706749,3.9,9.503218
94642,2016-05-22,NH95/17,29.483,11.706749,3.9,9.503218
94643,2016-05-22,TR14/9,75.85,11.706749,3.9,9.503218
94644,2016-05-22,SU71/23,44.97,11.706749,3.9,9.503218
94645,2016-05-22,SY68/34,68.349,11.706749,3.9,9.503218
94646,2016-05-22,TQ25/86,98.81,11.706749,3.9,9.503218
94647,2016-05-22,ID30/1,113.71,11.706749,3.9,9.503218
94648,2016-05-22,NY63/2,131.042,11.706749,3.9,9.503218
94649,2016-05-22,SK00/41,130.3,11.706749,3.9,9.503218
94650,2016-05-23,NY63/2,130.984,11.0505,0.0,7.236139
94651,2016-05-23,SJ15/13,80.121,11.0505,0.0,7.236139
94652,2016-05-23,SY68/34,68.309,11.0505,0.0,7.236139
94653,2016-05-23,SK00/41,130.293,11.0505,0.0,7.236139
94654,2016-05-23,NH95/17,29.446,11.0505,0.0,7.236139
94655,2016-05-23,NO20/14,38.372,11.0505,0.0,7.236139
94656,2016-05-23,SU01/5B,86.744,11.0505,0.0,7.236139
94657,2016-05-23,TR14/9,75.77,11.0505,0.0,7.236139
94658,2016-05-23,SU81/1,52.49,11.0505,0.0,7.236139
94659,2016-05-23,TQ25/86,98.78,11.0505,0.0,7.236139
94660,2016-05-23,ST07/10,62.658,11.0505,0.0,7.236139
94661,2016-05-23,ID30/1,113.78,11.0505,0.0,7.236139
94662,2016-05-23,SN00/11,8.991,11.0505,0.0,7.236139
94663,2016-05-23,SU71/23,44.8,11.0505,0.0,7.236139
94664,2016-05-24,TM15/112,25.53,9.663001,0.0,11.24439
94665,2016-05-24,NH95/17,29.441,9.663001,0.0,11.24439
94666,2016-05-24,SJ15/13,80.119,9.663001,0.0,11.24439
94667,2016-05-24,TQ25/86,98.76,9.663001,0.0,11.24439
94668,2016-05-24,SY68/34,68.268,9.663001,0.0,11.24439
94669,2016-05-24,ID30/1,113.76,9.663001,0.0,11.24439
94670,2016-05-24,SK00/41,130.295,9.663001,0.0,11.24439
94671,2016-05-24,SU01/5B,86.541,9.663001,0.0,11.24439
94672,2016-05-24,SU81/1,52.27,9.663001,0.0,11.24439
94673,2016-05-24,SN00/11,8.95,9.663001,0.0,11.24439
94674,2016-05-24,NO20/14,38.425,9.663001,0.0,11.24439
94675,2016-05-24,NY63/2,130.938,9.663001,0.0,11.24439
94676,2016-05-24,TR14/9,75.68,9.663001,0.0,11.24439
94677,2016-05-24,ST07/10,62.648,9.663001,0.0,11.24439
94678,2016-05-24,SU71/23,44.63,9.663001,0.0,11.24439
94679,2016-05-25,SK00/41,130.304,9.067166,6.0,15.875013
94680,2016-05-25,SY68/34,68.225,9.067166,6.0,15.875013
94681,2016-05-25,NY63/2,130.944,9.067166,6.0,15.875013
94682,2016-05-25,TQ25/86,98.74,9.067166,6.0,15.875013
94683,2016-05-25,SN00/11,8.898,9.067166,6.0,15.875013
94684,2016-05-25,SP00/62,102.26,9.067166,6.0,15.875013
94685,2016-05-25,TR14/9,75.6,9.067166,6.0,15.875013
94686,2016-05-25,NH95/17,29.448,9.067166,6.0,15.875013
94687,2016-05-25,NO20/14,38.433,9.067166,6.0,15.875013
94688,2016-05-25,SU81/1,52.11,9.067166,6.0,15.875013
94689,2016-05-25,SU01/5B,86.531,9.067166,6.0,15.875013
94690,2016-05-25,ST07/10,62.532,9.067166,6.0,15.875013
94691,2016-05-25,TL33/67,84.47,9.067166,6.0,15.875013
94692,2016-05-25,SU71/23,44.46,9.067166,6.0,15.875013
94693,2016-05-25,TA10/63,17.61,9.067166,6.0,15.875013
94694,2016-05-25,SU17/57,137.46,9.067166,6.0,15.875013
94695,2016-05-25,ID30/1,113.68,9.067166,6.0,15.875013
94696,2016-05-25,SJ15/13,80.133,9.067166,6.0,15.875013
94697,2016-05-26,SE95/6,24.35,10.760917,2.1999998,12.824419
94698,2016-05-26,ID30/1,113.61,10.760917,2.1999998,12.824419
94699,2016-05-26,SU81/1,51.93,10.760917,2.1999998,12.824419
94700,2016-05-26,SN00/11,8.845,10.760917,2.1999998,12.824419
94701,2016-05-26,NO20/14,38.407,10.760917,2.1999998,12.824419
94702,2016-05-26,NH95/17,29.453,10.760917,2.1999998,12.824419
94703,2016-05-26,SK00/41,130.31,10.760917,2.1999998,12.824419
94704,2016-05-26,NY63/2,130.977,10.760917,2.1999998,12.824419
94705,2016-05-26,SU01/5B,86.164,10.760917,2.1999998,12.824419
94706,2016-05-26,TQ25/86,98.71,10.760917,2.1999998,12.824419
94707,2016-05-26,TR14/9,75.61,10.760917,2.1999998,12.824419
94708,2016-05-26,SJ15/13,80.135,10.760917,2.1999998,12.824419
94709,2016-05-26,SU71/23,44.3,10.760917,2.1999998,12.824419
94710,2016-05-26,SY68/34,68.184,10.760917,2.1999998,12.824419
94711,2016-05-26,ST07/10,62.347,10.760917,2.1999998,12.824419
94712,2016-05-27,SU81/1,51.69,12.529667,0.0,7.025716
94713,2016-05-27,SJ15/13,80.129,12.529667,0.0,7.025716
94714,2016-05-27,SU01/5B,85.98,12.529667,0.0,7.025716
94715,2016-05-27,ID30/1,113.59,12.529667,0.0,7.025716
94716,2016-05-27,SU71/23,44.13,12.529667,0.0,7.025716
94717,2016-05-27,ST07/10,62.137,12.529667,0.0,7.025716
94718,2016-05-27,NO20/14,38.417,12.529667,0.0,7.025716
94719,2016-05-27,SK00/41,130.319,12.529667,0.0,7.025716
94720,2016-05-27,SY68/34,68.144,12.529667,0.0,7.025716
94721,2016-05-27,TR14/9,75.43,12.529667,0.0,7.025716
94722,2016-05-27,NY63/2,130.967,12.529667,0.0,7.025716
94723,2016-05-27,TQ25/86,98.69,12.529667,0.0,7.025716
94724,2016-05-27,SN00/11,8.796,12.529667,0.0,7.025716
94725,2016-05-27,NH95/17,29.448,12.529667,0.0,7.025716
94726,2016-05-28,SU01/5B,85.796,12.629665,0.0,5.9719925
94727,2016-05-28,TR14/9,75.34,12.629665,0.0,5.9719925
94728,2016-05-28,TQ25/86,98.67,12.629665,0.0,5.9719925
94729,2016-05-28,ID30/1,113.54,12.629665,0.0,5.9719925
94730,2016-05-28,SJ15/13,80.132,12.629665,0.0,5.9719925
94731,2016-05-28,SU71/23,43.97,12.629665,0.0,5.9719925
94732,2016-05-28,SN00/11,8.739,12.629665,0.0,5.9719925
94733,2016-05-28,NH95/17,29.449,12.629665,0.0,5.9719925
94734,2016-05-28,SK00/41,130.328,12.629665,0.0,5.9719925
94735,2016-05-28,SY68/34,68.105,12.629665,0.0,5.9719925
94736,2016-05-28,NY63/2,130.957,12.629665,0.0,5.9719925
94737,2016-05-28,ST07/10,61.916,12.629665,0.0,5.9719925
94738,2016-05-28,NO20/14,38.382,12.629665,0.0,5.9719925
94739,2016-05-28,SU81/1,51.5,12.629665,0.0,5.9719925
94740,2016-05-29,SK00/41,130.337,12.506749,0.0,7.523047
94741,2016-05-29,SU71/23,43.8,12.506749,0.0,7.523047
94742,2016-05-29,SU01/5B,85.614,12.506749,0.0,7.523047
94743,2016-05-29,SU81/1,51.34,12.506749,0.0,7.523047
94744,2016-05-29,NO20/14,38.367,12.506749,0.0,7.523047
94745,2016-05-29,TQ25/86,98.64,12.506749,0.0,7.523047
94746,2016-05-29,SY68/34,68.063,12.506749,0.0,7.523047
94747,2016-05-29,SJ15/13,80.12,12.506749,0.0,7.523047
94748,2016-05-29,ST07/10,61.67,12.506749,0.0,7.523047
94749,2016-05-29,ID30/1,113.5,12.506749,0.0,7.523047
94750,2016-05-29,TR14/9,75.25,12.506749,0.0,7.523047
94751,2016-05-29,SN00/11,8.675,12.506749,0.0,7.523047
94752,2016-05-29,NY63/2,130.963,12.506749,0.0,7.523047
94753,2016-05-29,NH95/17,29.441,12.506749,0.0,7.523047
94754,2016-05-30,NY63/2,130.935,11.667167,0.0,12.178938
94755,2016-05-30,TQ25/86,98.61,11.667167,0.0,12.178938
94756,2016-05-30,ID30/1,113.5,11.667167,0.0,12.178938
94757,2016-05-30,SN00/11,8.619,11.667167,0.0,12.178938
94758,2016-05-30,SY68/34,68.021,11.667167,0.0,12.178938
94759,2016-05-30,SK00/41,130.343,11.667167,0.0,12.178938
94760,2016-05-30,SJ15/13,80.103,11.667167,0.0,12.178938
94761,2016-05-30,SU01/5B,85.426,11.667167,0.0,12.178938
94762,2016-05-30,TR14/9,75.16,11.667167,0.0,12.178938
94763,2016-05-30,SU71/23,43.63,11.667167,0.0,12.178938
94764,2016-05-30,ST07/10,61.412,11.667167,0.0,12.178938
94765,2016-05-30,NH95/17,29.425,11.667167,0.0,12.178938
94766,2016-05-30,SU81/1,51.15,11.667167,0.0,12.178938
94767,2016-05-30,NO20/14,38.365,11.667167,0.0,12.178938
94768,2016-05-31,SP00/62,101.87,12.442168,0.0,18.17339
94769,2016-05-31,TQ25/86,98.58,12.442168,0.0,18.17339
94770,2016-05-31,SJ15/13,80.089,12.442168,0.0,18.17339
94771,2016-05-31,NY63/2,130.915,12.442168,0.0,18.17339
94772,2016-05-31,SN00/11,8.567,12.442168,0.0,18.17339
94773,2016-05-31,TR14/9,75.07,12.442168,0.0,18.17339
94774,2016-05-31,SY68/34,67.985,12.442168,0.0,18.17339
94775,2016-05-31,SU01/5B,85.24,12.442168,0.0,18.17339
94776,2016-05-31,ST07/10,61.153,12.442168,0.0,18.17339
94777,2016-05-31,SU71/23,43.46,12.442168,0.0,18.17339
94778,2016-05-31,TF03/37,15.219,12.442168,0.0,18.17339
94779,2016-05-31,TL33/67,84.24,12.442168,0.0,18.17339
94780,2016-05-31,NH95/17,29.409,12.442168,0.0,18.17339
94781,2016-05-31,SU17/57,136.95,12.442168,0.0,18.17339
94782,2016-05-31,ID30/1,113.58,12.442168,0.0,18.17339
94783,2016-05-31,SU81/1,50.99,12.442168,0.0,18.17339
94784,2016-05-31,NO20/14,38.341,12.442168,0.0,18.17339
94785,2016-06-01,TQ25/86,98.56,11.404668,0.0,18.165543
94786,2016-06-01,TF03/37,15.18,11.404668,0.0,18.165543
94787,2016-06-01,SY68/34,67.941,11.404668,0.0,18.165543
94788,2016-06-01,SU81/1,50.78,11.404668,0.0,18.165543
94789,2016-06-01,NY63/2,130.883,11.404668,0.0,18.165543
94790,2016-06-01,SU71/23,43.29,11.404668,0.0,18.165543
94791,2016-06-01,NH95/17,29.394,11.404668,0.0,18.165543
94792,2016-06-01,SK00/41,130.35,11.404668,0.0,18.165543
94793,2016-06-01,SN00/11,8.515,11.404668,0.0,18.165543
94794,2016-06-01,SU01/5B,85.049,11.404668,0.0,18.165543
94795,2016-06-01,TL44/12,41.19,11.404668,0.0,18.165543
94796,2016-06-01,TR14/9,74.98,11.404668,0.0,18.165543
94797,2016-06-01,NO20/14,38.347,11.404668,0.0,18.165543
94798,2016-06-01,SJ15/13,80.081,11.404668,0.0,18.165543
94799,2016-06-01,ST07/10,60.895,11.404668,0.0,18.165543
94800,2016-06-01,ID30/1,113.66,11.404668,0.0,18.165543
94801,2016-06-02,SJ15/13,80.094,10.6900835,0.0,12.545737
94802,2016-06-02,TR14/9,74.89,10.6900835,0.0,12.545737
94803,2016-06-02,SU71/23,43.12,10.6900835,0.0,12.545737
94804,2016-06-02,ST07/10,60.656,10.6900835,0.0,12.545737
94805,2016-06-02,SK00/41,130.357,10.6900835,0.0,12.545737
94806,2016-06-02,TF03/37,15.07,10.6900835,0.0,12.545737
94807,2016-06-02,SU01/5B,84.862,10.6900835,0.0,12.545737
94808,2016-06-02,SY68/34,67.901,10.6900835,0.0,12.545737
94809,2016-06-02,NO20/14,38.324,10.6900835,0.0,12.545737
94810,2016-06-02,TL33/4,83.77,10.6900835,0.0,12.545737
94811,2016-06-02,SU81/1,50.54,10.6900835,0.0,12.545737
94812,2016-06-02,ID30/1,113.63,10.6900835,0.0,12.545737
94813,2016-06-02,NH95/17,29.402,10.6900835,0.0,12.545737
94814,2016-06-02,TQ25/86,98.55,10.6900835,0.0,12.545737
94815,2016-06-02,SN00/11,8.469,10.6900835,0.0,12.545737
94816,2016-06-02,NY63/2,130.907,10.6900835,0.0,12.545737
94817,2016-06-03,SN00/11,8.421,13.065083,0.0,8.001428
94818,2016-06-03,SU81/1,50.37,13.065083,0.0,8.001428
94819,2016-06-03,NO20/14,38.252,13.065083,0.0,8.001428
94820,2016-06-03,NH95/17,29.414,13.065083,0.0,8.001428
94821,2016-06-03,TF81/2A,46.22,13.065083,0.0,8.001428
94822,2016-06-03,NY63/2,130.913,13.065083,0.0,8.001428
94823,2016-06-03,ID30/1,113.54,13.065083,0.0,8.001428
94824,2016-06-03,SJ15/13,80.102,13.065083,0.0,8.001428
94825,2016-06-03,SU01/5B,84.677,13.065083,0.0,8.001428
94826,2016-06-03,SU71/23,42.95,13.065083,0.0,8.001428
94827,2016-06-03,TF03/37,15.039,13.065083,0.0,8.001428
94828,2016-06-03,TQ25/86,98.522,13.065083,0.0,8.001428
94829,2016-06-03,ST07/10,60.425,13.065083,0.0,8.001428
94830,2016-06-03,TR14/9,74.79,13.065083,0.0,8.001428
94831,2016-06-03,SY68/34,67.862,13.065083,0.0,8.001428
94832,2016-06-03,SK00/41,130.368,13.065083,0.0,8.001428
94833,2016-06-04,SU71/23,42.78,15.623418,0.0,9.175231
94834,2016-06-04,SN00/11,8.371,15.623418,0.0,9.175231
94835,2016-06-04,SU01/5B,84.491,15.623418,0.0,9.175231
94836,2016-06-04,TF81/2A,46.191,15.623418,0.0,9.175231
94837,2016-06-04,ST07/10,60.195,15.623418,0.0,9.175231
94838,2016-06-04,NH95/17,29.411,15.623418,0.0,9.175231
94839,2016-06-04,ID30/1,113.52,15.623418,0.0,9.175231
94840,2016-06-04,SK00/41,130.375,15.623418,0.0,9.175231
94841,2016-06-04,NO20/14,38.243,15.623418,0.0,9.175231
94842,2016-06-04,SU81/1,50.2,15.623418,0.0,9.175231
94843,2016-06-04,NY63/2,130.887,15.623418,0.0,9.175231
94844,2016-06-04,TF03/37,15.004,15.623418,0.0,9.175231
94845,2016-06-04,TQ25/86,98.5,15.623418,0.0,9.175231
94846,2016-06-04,TR14/9,74.7,15.623418,0.0,9.175231
94847,2016-06-04,SY68/34,67.823,15.623418,0.0,9.175231
94848,2016-06-04,SJ15/13,80.092,15.623418,0.0,9.175231
94849,2016-06-05,NY63/2,130.875,16.167168,0.3,5.25493
94850,2016-06-05,ID30/1,113.51,16.167168,0.3,5.25493
94851,2016-06-05,TR14/9,74.6,16.167168,0.3,5.25493
94852,2016-06-05,SN00/11,8.325,16.167168,0.3,5.25493
94853,2016-06-05,ST07/10,59.979,16.167168,0.3,5.25493
94854,2016-06-05,SJ15/13,80.08,16.167168,0.3,5.25493
94855,2016-06-05,SU71/23,42.61,16.167168,0.3,5.25493
94856,2016-06-05,SK00/41,130.38,16.167168,0.3,5.25493
94857,2016-06-05,NH95/17,29.403,16.167168,0.3,5.25493
94858,2016-06-05,SY68/34,67.786,16.167168,0.3,5.25493
94859,2016-06-05,TF03/37,14.906,16.167168,0.3,5.25493
94860,2016-06-05,TF81/2A,46.172,16.167168,0.3,5.25493
94861,2016-06-05,NO20/14,38.288,16.167168,0.3,5.25493
94862,2016-06-05,SU01/5B,84.301,16.167168,0.3,5.25493
94863,2016-06-05,TQ25/86,98.47,16.167168,0.3,5.25493
94864,2016-06-05,SU81/1,50.0,16.167168,0.3,5.25493
94865,2016-06-06,ID30/1,113.5,17.998415,0.7,4.5124226
94866,2016-06-06,SY68/34,67.747,17.998415,0.7,4.5124226
94867,2016-06-06,TR14/9,74.53,17.998415,0.7,4.5124226
94868,2016-06-06,TF03/37,14.835,17.998415,0.7,4.5124226
94869,2016-06-06,SU81/1,49.79,17.998415,0.7,4.5124226
94870,2016-06-06,NH95/17,29.376,17.998415,0.7,4.5124226
94871,2016-06-06,SJ15/13,80.075,17.998415,0.7,4.5124226
94872,2016-06-06,NY63/2,130.868,17.998415,0.7,4.5124226
94873,2016-06-06,TQ25/86,98.45,17.998415,0.7,4.5124226
94874,2016-06-06,SU71/23,42.44,17.998415,0.7,4.5124226
94875,2016-06-06,SU01/5B,84.107,17.998415,0.7,4.5124226
94876,2016-06-06,SN00/11,8.284,17.998415,0.7,4.5124226
94877,2016-06-06,TF81/2A,46.156,17.998415,0.7,4.5124226
94878,2016-06-06,ST07/10,59.773,17.998415,0.7,4.5124226
94879,2016-06-06,SK00/41,130.388,17.998415,0.7,4.5124226
94880,2016-06-06,NO20/14,38.27,17.998415,0.7,4.5124226
94881,2016-06-07,SY68/34,67.562,18.546333,3.6,5.2300515
94882,2016-06-07,SU01/5B,83.912,18.546333,3.6,5.2300515
94883,2016-06-07,NO20/14,38.212,18.546333,3.6,5.2300515
94884,2016-06-07,SJ15/13,80.062,18.546333,3.6,5.2300515
94885,2016-06-07,TR14/9,74.46,18.546333,3.6,5.2300515
94886,2016-06-07,SU71/23,42.27,18.546333,3.6,5.2300515
94887,2016-06-07,TF81/2A,46.14,18.546333,3.6,5.2300515
94888,2016-06-07,NH95/17,29.373,18.546333,3.6,5.2300515
94889,2016-06-07,ST07/10,59.584,18.546333,3.6,5.2300515
94890,2016-06-07,SN00/11,8.243,18.546333,3.6,5.2300515
94891,2016-06-07,NY63/2,130.853,18.546333,3.6,5.2300515
94892,2016-06-07,TQ25/86,98.42,18.546333,3.6,5.2300515
94893,2016-06-07,SK00/41,130.39,18.546333,3.6,5.2300515
94894,2016-06-07,SU81/1,49.61,18.546333,3.6,5.2300515
94895,2016-06-07,TF03/37,14.813,18.546333,3.6,5.2300515
94896,2016-06-07,ID30/1,113.64,18.546333,3.6,5.2300515
94897,2016-06-08,NY63/2,130.849,16.881752,1.0,4.948644
94898,2016-06-08,SY68/34,67.607,16.881752,1.0,4.948644
94899,2016-06-08,TF81/2A,46.123,16.881752,1.0,4.948644
94900,2016-06-08,ST07/10,59.416,16.881752,1.0,4.948644
94901,2016-06-08,TF03/37,14.678,16.881752,1.0,4.948644
94902,2016-06-08,TQ25/86,98.39,16.881752,1.0,4.948644
94903,2016-06-08,SK00/41,130.397,16.881752,1.0,4.948644
94904,2016-06-08,SN00/11,8.208,16.881752,1.0,4.948644
94905,2016-06-08,NH95/17,29.377,16.881752,1.0,4.948644
94906,2016-06-08,ID30/1,113.59,16.881752,1.0,4.948644
94907,2016-06-08,SP00/62,101.52,16.881752,1.0,4.948644
94908,2016-06-08,SU71/23,42.1,16.881752,1.0,4.948644
94909,2016-06-08,SU17/57,136.4,16.881752,1.0,4.948644
94910,2016-06-08,SU81/1,49.43,16.881752,1.0,4.948644
94911,2016-06-08,TR14/9,74.37,16.881752,1.0,4.948644
94912,2016-06-08,NO20/14,38.077,16.881752,1.0,4.948644
94913,2016-06-08,SU01/5B,83.718,16.881752,1.0,4.948644
94914,2016-06-08,TL33/67,84.1,16.881752,1.0,4.948644
94915,2016-06-08,SJ15/13,80.06,16.881752,1.0,4.948644
94916,2016-06-09,NY63/2,130.875,16.025501,1.1000001,5.509498
94917,2016-06-09,SU81/1,49.26,16.025501,1.1000001,5.509498
94918,2016-06-09,ID30/1,113.49,16.025501,1.1000001,5.509498
94919,2016-06-09,SN00/11,8.173,16.025501,1.1000001,5.509498
94920,2016-06-09,TQ25/86,98.38,16.025501,1.1000001,5.509498
94921,2016-06-09,NO20/14,37.946,16.025501,1.1000001,5.509498
94922,2016-06-09,SJ15/13,80.081,16.025501,1.1000001,5.509498
94923,2016-06-09,SK00/41,130.407,16.025501,1.1000001,5.509498
94924,2016-06-09,SY68/34,67.572,16.025501,1.1000001,5.509498
94925,2016-06-09,SU01/5B,83.535,16.025501,1.1000001,5.509498
94926,2016-06-09,ST07/10,59.26,16.025501,1.1000001,5.509498
94927,2016-06-09,TR14/9,74.28,16.025501,1.1000001,5.509498
94928,2016-06-09,NH95/17,29.39,16.025501,1.1000001,5.509498
94929,2016-06-09,TF81/2A,46.116,16.025501,1.1000001,5.509498
94930,2016-06-09,TF03/37,14.647,16.025501,1.1000001,5.509498
94931,2016-06-09,SU71/23,41.93,16.025501,1.1000001,5.509498
94932,2016-06-10,TF03/37,14.589,16.004667,0.5,3.8365617
94933,2016-06-10,SU01/5B,83.359,16.004667,0.5,3.8365617
94934,2016-06-10,TR14/9,74.19,16.004667,0.5,3.8365617
94935,2016-06-10,SU81/1,49.1,16.004667,0.5,3.8365617
94936,2016-06-10,TQ25/86,98.37,16.004667,0.5,3.8365617
94937,2016-06-10,SU71/23,41.77,16.004667,0.5,3.8365617
94938,2016-06-10,TF81/2A,46.108,16.004667,0.5,3.8365617
94939,2016-06-10,ID30/1,113.4,16.004667,0.5,3.8365617
94940,2016-06-10,ST07/10,59.108,16.004667,0.5,3.8365617
94941,2016-06-10,SN00/11,8.135,16.004667,0.5,3.8365617
94942,2016-06-10,SJ15/13,80.101,16.004667,0.5,3.8365617
94943,2016-06-10,SY68/34,67.537,16.004667,0.5,3.8365617
94944,2016-06-10,NO20/14,37.855,16.004667,0.5,3.8365617
94945,2016-06-10,NY63/2,130.901,16.004667,0.5,3.8365617
94946,2016-06-10,SK00/41,130.42,16.004667,0.5,3.8365617
94947,2016-06-10,NH95/17,29.353,16.004667,0.5,3.8365617
94948,2016-06-11,SK00/41,130.432,14.515083,4.0000005,7.815005
94949,2016-06-11,SU81/1,48.93,14.515083,4.0000005,7.815005
94950,2016-06-11,SU01/5B,83.181,14.515083,4.0000005,7.815005
94951,2016-06-11,SY68/34,67.5,14.515083,4.0000005,7.815005
94952,2016-06-11,SU71/23,41.61,14.515083,4.0000005,7.815005
94953,2016-06-11,NY63/2,130.904,14.515083,4.0000005,7.815005
94954,2016-06-11,TF03/37,14.617,14.515083,4.0000005,7.815005
94955,2016-06-11,SN00/11,8.1,14.515083,4.0000005,7.815005
94956,2016-06-11,TR14/9,74.1,14.515083,4.0000005,7.815005
94957,2016-06-11,ID30/1,113.35,14.515083,4.0000005,7.815005
94958,2016-06-11,TQ25/86,98.35,14.515083,4.0000005,7.815005
94959,2016-06-11,TF81/2A,46.094,14.515083,4.0000005,7.815005
94960,2016-06-11,ST07/10,58.963,14.515083,4.0000005,7.815005
94961,2016-06-11,NO20/14,37.991,14.515083,4.0000005,7.815005
94962,2016-06-11,SJ15/13,80.108,14.515083,4.0000005,7.815005
94963,2016-06-11,NH95/17,29.37,14.515083,4.0000005,7.815005
94964,2016-06-12,SJ15/13,80.126,13.902584,8.1,6.0209436
94965,2016-06-12,TF81/2A,46.086,13.902584,8.1,6.0209436
94966,2016-06-12,SK00/41,130.446,13.902584,8.1,6.0209436
94967,2016-06-12,TR14/9,74.01,13.902584,8.1,6.0209436
94968,2016-06-12,SY68/34,67.466,13.902584,8.1,6.0209436
94969,2016-06-12,SU01/5B,83.004,13.902584,8.1,6.0209436
94970,2016-06-12,SN00/11,8.087,13.902584,8.1,6.0209436
94971,2016-06-12,NY63/2,130.937,13.902584,8.1,6.0209436
94972,2016-06-12,ID30/1,113.31,13.902584,8.1,6.0209436
94973,2016-06-12,TQ25/86,98.33,13.902584,8.1,6.0209436
94974,2016-06-12,TF03/37,14.544,13.902584,8.1,6.0209436
94975,2016-06-12,NH95/17,29.38,13.902584,8.1,6.0209436
94976,2016-06-12,SU71/23,41.44,13.902584,8.1,6.0209436
94977,2016-06-12,SU81/1,48.77,13.902584,8.1,6.0209436
94978,2016-06-12,NO20/14,38.029,13.902584,8.1,6.0209436
94979,2016-06-12,ST07/10,58.907,13.902584,8.1,6.0209436
94980,2016-06-13,SN00/11,8.067,13.852584,5.4000006,7.7547646
94981,2016-06-13,NO20/14,37.981,13.852584,5.4000006,7.7547646
94982,2016-06-13,TF81/2A,46.076,13.852584,5.4000006,7.7547646
94983,2016-06-13,TR14/9,73.92,13.852584,5.4000006,7.7547646
94984,2016-06-13,SU01/5B,82.833,13.852584,5.4000006,7.7547646
94985,2016-06-13,SJ15/13,80.15,13.852584,5.4000006,7.7547646
94986,2016-06-13,ID30/1,113.29,13.852584,5.4000006,7.7547646
94987,2016-06-13,NH95/17,29.365,13.852584,5.4000006,7.7547646
94988,2016-06-13,ST07/10,58.879,13.852584,5.4000006,7.7547646
94989,2016-06-13,TQ25/86,98.31,13.852584,5.4000006,7.7547646
94990,2016-06-13,SK00/41,130.457,13.852584,5.4000006,7.7547646
94991,2016-06-13,SU71/23,41.28,13.852584,5.4000006,7.7547646
94992,2016-06-13,SU81/1,48.56,13.852584,5.4000006,7.7547646
94993,2016-06-13,SY68/34,67.433,13.852584,5.4000006,7.7547646
94994,2016-06-13,TF03/37,14.516,13.852584,5.4000006,7.7547646
94995,2016-06-13,NY63/2,130.947,13.852584,5.4000006,7.7547646
94996,2016-06-14,TF03/37,14.504,13.960916,1.3000001,8.365745
94997,2016-06-14,SJ15/13,80.175,13.960916,1.3000001,8.365745
94998,2016-06-14,NO20/14,37.946,13.960916,1.3000001,8.365745
94999,2016-06-14,ST07/10,58.783,13.960916,1.3000001,8.365745
95000,2016-06-14,TQ25/86,98.3,13.960916,1.3000001,8.365745
95001,2016-06-14,NH95/17,29.366,13.960916,1.3000001,8.365745
95002,2016-06-14,NY63/2,130.944,13.960916,1.3000001,8.365745
95003,2016-06-14,SY68/34,67.398,13.960916,1.3000001,8.365745
95004,2016-06-14,SU71/23,41.13,13.960916,1.3000001,8.365745
95005,2016-06-14,TF81/2A,46.066,13.960916,1.3000001,8.365745
95006,2016-06-14,ID30/1,113.25,13.960916,1.3000001,8.365745
95007,2016-06-14,TR14/9,73.83,13.960916,1.3000001,8.365745
95008,2016-06-14,SN00/11,8.056,13.960916,1.3000001,8.365745
95009,2016-06-14,SK00/41,130.473,13.960916,1.3000001,8.365745
95010,2016-06-14,SU01/5B,82.667,13.960916,1.3000001,8.365745
95011,2016-06-14,SU81/1,48.43,13.960916,1.3000001,8.365745
95012,2016-06-15,NH95/17,29.379,14.317165,3.5000002,8.796563
95013,2016-06-15,TQ25/86,98.27,14.317165,3.5000002,8.796563
95014,2016-06-15,TF03/37,14.461,14.317165,3.5000002,8.796563
95015,2016-06-15,SK00/41,130.48,14.317165,3.5000002,8.796563
95016,2016-06-15,SU17/57,135.93,14.317165,3.5000002,8.796563
95017,2016-06-15,TL33/67,83.82,14.317165,3.5000002,8.796563
95018,2016-06-15,SP00/62,101.31,14.317165,3.5000002,8.796563
95019,2016-06-15,ST07/10,58.718,14.317165,3.5000002,8.796563
95020,2016-06-15,TF81/2A,46.046,14.317165,3.5000002,8.796563
95021,2016-06-15,SU71/23,40.97,14.317165,3.5000002,8.796563
95022,2016-06-15,SY68/34,67.363,14.317165,3.5000002,8.796563
95023,2016-06-15,SJ15/13,80.162,14.317165,3.5000002,8.796563
95024,2016-06-15,SU81/1,48.3,14.317165,3.5000002,8.796563
95025,2016-06-15,SU01/5B,82.494,14.317165,3.5000002,8.796563
95026,2016-06-15,ID30/1,113.22,14.317165,3.5000002,8.796563
95027,2016-06-15,NO20/14,37.996,14.317165,3.5000002,8.796563
95028,2016-06-15,TR14/9,73.74,14.317165,3.5000002,8.796563
95029,2016-06-15,NY63/2,130.9,14.317165,3.5000002,8.796563
95030,2016-06-15,SN00/11,8.033,14.317165,3.5000002,8.796563
95031,2016-06-16,SU71/23,40.81,12.829667,0.4,11.933153
95032,2016-06-16,TF81/2A,46.026,12.829667,0.4,11.933153
95033,2016-06-16,TQ25/86,98.25,12.829667,0.4,11.933153
95034,2016-06-16,SN00/11,7.992,12.829667,0.4,11.933153
95035,2016-06-16,ID30/1,113.3,12.829667,0.4,11.933153
95036,2016-06-16,SK00/41,130.486,12.829667,0.4,11.933153
95037,2016-06-16,TF03/37,14.465,12.829667,0.4,11.933153
95038,2016-06-16,TR14/9,73.65,12.829667,0.4,11.933153
95039,2016-06-16,NH95/17,29.376,12.829667,0.4,11.933153
95040,2016-06-16,ST07/10,58.686,12.829667,0.4,11.933153
95041,2016-06-16,SU01/5B,82.316,12.829667,0.4,11.933153
95042,2016-06-16,SY68/34,67.337,12.829667,0.4,11.933153
95043,2016-06-16,SU81/1,48.18,12.829667,0.4,11.933153
95044,2016-06-16,NO20/14,38.07,12.829667,0.4,11.933153
95045,2016-06-16,SJ15/13,80.141,12.829667,0.4,11.933153
95046,2016-06-16,NY63/2,130.861,12.829667,0.4,11.933153
95047,2016-06-17,SU71/23,40.65,12.233833,0.0,11.051582
95048,2016-06-17,NH95/17,29.38,12.233833,0.0,11.051582
95049,2016-06-17,NO20/14,38.136,12.233833,0.0,11.051582
95050,2016-06-17,TR14/9,73.55,12.233833,0.0,11.051582
95051,2016-06-17,NY63/2,130.818,12.233833,0.0,11.051582
95052,2016-06-17,TF81/2A,45.998,12.233833,0.0,11.051582
95053,2016-06-17,SJ15/13,80.12,12.233833,0.0,11.051582
95054,2016-06-17,SN00/11,7.958,12.233833,0.0,11.051582
95055,2016-06-17,TQ25/86,98.21,12.233833,0.0,11.051582
95056,2016-06-17,ST07/10,58.781,12.233833,0.0,11.051582
95057,2016-06-17,SK00/41,130.481,12.233833,0.0,11.051582
95058,2016-06-17,SU01/5B,82.131,12.233833,0.0,11.051582
95059,2016-06-17,SU81/1,47.98,12.233833,0.0,11.051582
95060,2016-06-17,TF03/37,14.539,12.233833,0.0,11.051582
95061,2016-06-17,SY68/34,67.303,12.233833,0.0,11.051582
95062,2016-06-17,ID30/1,113.39,12.233833,0.0,11.051582
95063,2016-06-18,SY68/34,67.27,12.425502,0.0,9.109481
95064,2016-06-18,ST07/10,58.756,12.425502,0.0,9.109481
95065,2016-06-18,SU01/5B,81.939,12.425502,0.0,9.109481
95066,2016-06-18,TF03/37,14.554,12.425502,0.0,9.109481
95067,2016-06-18,SU71/23,40.48,12.425502,0.0,9.109481
95068,2016-06-18,NO20/14,38.209,12.425502,0.0,9.109481
95069,2016-06-18,TR14/9,73.46,12.425502,0.0,9.109481
95070,2016-06-18,SU81/1,47.83,12.425502,0.0,9.109481
95071,2016-06-18,NH95/17,29.367,12.425502,0.0,9.109481
95072,2016-06-18,NY63/2,130.787,12.425502,0.0,9.109481
95073,2016-06-18,SJ15/13,80.106,12.425502,0.0,9.109481
95074,2016-06-18,TQ25/86,98.18,12.425502,0.0,9.109481
95075,2016-06-18,SK00/41,130.473,12.425502,0.0,9.109481
95076,2016-06-18,TF81/2A,45.97,12.425502,0.0,9.109481
95077,2016-06-18,ID30/1,113.44,12.425502,0.0,9.109481
95078,2016-06-19,SU81/1,47.63,13.894249,4.0,14.536269
95079,2016-06-19,NH95/17,29.39,13.894249,4.0,14.536269
95080,2016-06-19,ID30/1,113.35,13.894249,4.0,14.536269
95081,2016-06-19,TR14/9,73.4,13.894249,4.0,14.536269
95082,2016-06-19,ST07/10,59.19,13.894249,4.0,14.536269
95083,2016-06-19,SJ15/13,80.14,13.894249,4.0,14.536269
95084,2016-06-19,NO20/14,38.171,13.894249,4.0,14.536269
95085,2016-06-19,SN00/11,7.951,13.894249,4.0,14.536269
95086,2016-06-19,SK00/41,130.472,13.894249,4.0,14.536269
95087,2016-06-19,SU71/23,40.31,13.894249,4.0,14.536269
95088,2016-06-19,NY63/2,130.838,13.894249,4.0,14.536269
95089,2016-06-19,TF03/37,14.594,13.894249,4.0,14.536269
95090,2016-06-19,SU01/5B,81.756,13.894249,4.0,14.536269
95091,2016-06-19,TF81/2A,45.963,13.894249,4.0,14.536269
95092,2016-06-19,SY68/34,67.244,13.894249,4.0,14.536269
95093,2016-06-19,TQ25/86,98.18,13.894249,4.0,14.536269
95094,2016-06-20,SP00/62,101.39,14.925498,2.6999998,16.658842
95095,2016-06-20,SJ15/13,80.146,14.925498,2.6999998,16.658842
95096,2016-06-20,ID30/1,113.3,14.925498,2.6999998,16.658842
95097,2016-06-20,TF81/2A,45.953,14.925498,2.6999998,16.658842
95098,2016-06-20,TR14/9,73.31,14.925498,2.6999998,16.658842
95099,2016-06-20,TV59/7C,1.67,14.925498,2.6999998,16.658842
95100,2016-06-20,NO20/14,38.105,14.925498,2.6999998,16.658842
95101,2016-06-20,SK00/41,130.48,14.925498,2.6999998,16.658842
95102,2016-06-20,SU01/5B,81.596,14.925498,2.6999998,16.658842
95103,2016-06-20,SU71/23,40.15,14.925498,2.6999998,16.658842
95104,2016-06-20,NY63/2,130.83,14.925498,2.6999998,16.658842
95105,2016-06-20,TF03/37,14.399,14.925498,2.6999998,16.658842
95106,2016-06-20,NH95/17,29.404,14.925498,2.6999998,16.658842
95107,2016-06-20,SN00/11,8.016,14.925498,2.6999998,16.658842
95108,2016-06-20,SY68/34,67.249,14.925498,2.6999998,16.658842
95109,2016-06-20,TQ25/86,98.17,14.925498,2.6999998,16.658842
95110,2016-06-20,ST07/10,62.491,14.925498,2.6999998,16.658842
95111,2016-06-20,SU81/1,47.5,14.925498,2.6999998,16.658842
95112,2016-06-21,SP00/62,101.25,14.054666,0.8000001,13.223429
95113,2016-06-21,TQ25/86,98.17,14.054666,0.8000001,13.223429
95114,2016-06-21,ST07/10,64.229,14.054666,0.8000001,13.223429
95115,2016-06-21,TR14/9,73.22,14.054666,0.8000001,13.223429
95116,2016-06-21,SK00/41,130.48,14.054666,0.8000001,13.223429
95117,2016-06-21,TF03/37,14.594,14.054666,0.8000001,13.223429
95118,2016-06-21,NY63/2,130.8,14.054666,0.8000001,13.223429
95119,2016-06-21,SU81/1,47.38,14.054666,0.8000001,13.223429
95120,2016-06-21,SU01/5B,81.433,14.054666,0.8000001,13.223429
95121,2016-06-21,TF81/2A,45.931,14.054666,0.8000001,13.223429
95122,2016-06-21,SU17/57,135.51,14.054666,0.8000001,13.223429
95123,2016-06-21,TL33/67,83.53,14.054666,0.8000001,13.223429
95124,2016-06-21,SN00/11,7.989,14.054666,0.8000001,13.223429
95125,2016-06-21,SY68/34,67.219,14.054666,0.8000001,13.223429
95126,2016-06-21,NO20/14,38.193,14.054666,0.8000001,13.223429
95127,2016-06-21,NH95/17,29.374,14.054666,0.8000001,13.223429
95128,2016-06-21,ID30/1,113.28,14.054666,0.8000001,13.223429
95129,2016-06-21,SU71/23,40.01,14.054666,0.8000001,13.223429
95130,2016-06-21,SJ15/13,80.128,14.054666,0.8000001,13.223429
95131,2016-06-22,SU71/23,39.85,15.427583,0.2,14.884538
95132,2016-06-22,SK00/41,130.487,15.427583,0.2,14.884538
95133,2016-06-22,TF03/37,14.32,15.427583,0.2,14.884538
95134,2016-06-22,NH95/17,29.365,15.427583,0.2,14.884538
95135,2016-06-22,SU81/1,47.25,15.427583,0.2,14.884538
95136,2016-06-22,SN00/11,7.968,15.427583,0.2,14.884538
95137,2016-06-22,TQ25/86,98.16,15.427583,0.2,14.884538
95138,2016-06-22,SY68/34,67.192,15.427583,0.2,14.884538
95139,2016-06-22,TM15/112,25.54,15.427583,0.2,14.884538
95140,2016-06-22,SJ15/13,80.118,15.427583,0.2,14.884538
95141,2016-06-22,ST07/10,64.572,15.427583,0.2,14.884538
95142,2016-06-22,TF81/2A,45.916,15.427583,0.2,14.884538
95143,2016-06-22,ID30/1,113.23,15.427583,0.2,14.884538
95144,2016-06-22,SU01/5B,81.274,15.427583,0.2,14.884538
95145,2016-06-22,TR14/9,73.17,15.427583,0.2,14.884538
95146,2016-06-22,SE95/6,22.1,15.427583,0.2,14.884538
95147,2016-06-22,NY63/2,130.786,15.427583,0.2,14.884538
95148,2016-06-22,NO20/14,38.216,15.427583,0.2,14.884538
95149,2016-06-22,SJ62/235,54.77,15.427583,0.2,14.884538
95150,2016-06-23,SU71/23,39.69,15.242168,0.0,8.567937
95151,2016-06-23,ID30/1,113.24,15.242168,0.0,8.567937
95152,2016-06-23,SU01/5B,81.127,15.242168,0.0,8.567937
95153,2016-06-23,TQ25/86,98.27,15.242168,0.0,8.567937
95154,2016-06-23,TF81/2A,45.902,15.242168,0.0,8.567937
95155,2016-06-23,NO20/14,38.211,15.242168,0.0,8.567937
95156,2016-06-23,SY68/34,67.163,15.242168,0.0,8.567937
95157,2016-06-23,SN00/11,7.942,15.242168,0.0,8.567937
95158,2016-06-23,NY63/2,130.789,15.242168,0.0,8.567937
95159,2016-06-23,SK00/41,130.49,15.242168,0.0,8.567937
95160,2016-06-23,SU81/1,47.07,15.242168,0.0,8.567937
95161,2016-06-23,ST07/10,64.466,15.242168,0.0,8.567937
95162,2016-06-23,NH95/17,29.37,15.242168,0.0,8.567937
95163,2016-06-23,TF03/37,14.496,15.242168,0.0,8.567937
95164,2016-06-23,SJ15/13,80.114,15.242168,0.0,8.567937
95165,2016-06-23,TR14/9,73.08,15.242168,0.0,8.567937
95166,2016-06-24,SJ15/13,80.108,13.835917,5.2,9.388299
95167,2016-06-24,TF03/37,14.516,13.835917,5.2,9.388299
95168,2016-06-24,SU71/23,39.56,13.835917,5.2,9.388299
95169,2016-06-24,NY63/2,130.778,13.835917,5.2,9.388299
95170,2016-06-24,ST07/10,64.193,13.835917,5.2,9.388299
95171,2016-06-24,SU81/1,46.98,13.835917,5.2,9.388299
95172,2016-06-24,SY68/34,67.131,13.835917,5.2,9.388299
95173,2016-06-24,ID30/1,113.38,13.835917,5.2,9.388299
95174,2016-06-24,SN00/11,7.905,13.835917,5.2,9.388299
95175,2016-06-24,SK00/41,130.494,13.835917,5.2,9.388299
95176,2016-06-24,TR14/9,72.99,13.835917,5.2,9.388299
95177,2016-06-24,NO20/14,38.204,13.835917,5.2,9.388299
95178,2016-06-24,TF81/2A,45.887,13.835917,5.2,9.388299
95179,2016-06-24,TQ25/86,98.34,13.835917,5.2,9.388299
95180,2016-06-24,NH95/17,29.374,13.835917,5.2,9.388299
95181,2016-06-25,SK00/41,130.5,13.456749,6.7,6.7419333
95182,2016-06-25,SU81/1,46.85,13.456749,6.7,6.7419333
95183,2016-06-25,SU01/5B,80.878,13.456749,6.7,6.7419333
95184,2016-06-25,SY68/34,67.101,13.456749,6.7,6.7419333
95185,2016-06-25,NO20/14,38.24,13.456749,6.7,6.7419333
95186,2016-06-25,ID30/1,113.38,13.456749,6.7,6.7419333
95187,2016-06-25,ST07/10,63.762,13.456749,6.7,6.7419333
95188,2016-06-25,SJ15/13,80.094,13.456749,6.7,6.7419333
95189,2016-06-25,SN00/11,7.872,13.456749,6.7,6.7419333
95190,2016-06-25,NH95/17,29.369,13.456749,6.7,6.7419333
95191,2016-06-25,SU71/23,39.44,13.456749,6.7,6.7419333
95192,2016-06-25,TQ25/86,98.37,13.456749,6.7,6.7419333
95193,2016-06-25,TF03/37,14.446,13.456749,6.7,6.7419333
95194,2016-06-25,TR14/9,72.92,13.456749,6.7,6.7419333
95195,2016-06-25,TF81/2A,45.872,13.456749,6.7,6.7419333
95196,2016-06-25,NY63/2,130.768,13.456749,6.7,6.7419333
95197,2016-06-26,NY63/2,130.778,13.110916,4.6,12.427534
95198,2016-06-26,SJ15/13,80.097,13.110916,4.6,12.427534
95199,2016-06-26,TF81/2A,45.858,13.110916,4.6,12.427534
95200,2016-06-26,NO20/14,38.23,13.110916,4.6,12.427534
95201,2016-06-26,SN00/11,7.851,13.110916,4.6,12.427534
95202,2016-06-26,ST07/10,63.26,13.110916,4.6,12.427534
95203,2016-06-26,SU71/23,39.3,13.110916,4.6,12.427534
95204,2016-06-26,SU81/1,46.76,13.110916,4.6,12.427534
95205,2016-06-26,TF03/37,14.498,13.110916,4.6,12.427534
95206,2016-06-26,TR14/9,72.83,13.110916,4.6,12.427534
95207,2016-06-26,NH95/17,29.378,13.110916,4.6,12.427534
95208,2016-06-26,TQ25/86,98.38,13.110916,4.6,12.427534
95209,2016-06-26,SY68/34,67.071,13.110916,4.6,12.427534
95210,2016-06-26,SU01/5B,80.756,13.110916,4.6,12.427534
95211,2016-06-26,SK00/41,130.505,13.110916,4.6,12.427534
95212,2016-06-26,ID30/1,113.3,13.110916,4.6,12.427534
95213,2016-06-27,NO20/14,38.229,12.521333,0.8,18.655407
95214,2016-06-27,ID30/1,113.31,12.521333,0.8,18.655407
95215,2016-06-27,SN00/11,7.822,12.521333,0.8,18.655407
95216,2016-06-27,SU81/1,46.58,12.521333,0.8,18.655407
95217,2016-06-27,TF03/37,14.555,12.521333,0.8,18.655407
95218,2016-06-27,SU01/5B,80.641,12.521333,0.8,18.655407
95219,2016-06-27,SJ15/13,80.085,12.521333,0.8,18.655407
95220,2016-06-27,TQ25/86,98.37,12.521333,0.8,18.655407
95221,2016-06-27,SK00/41,130.51,12.521333,0.8,18.655407
95222,2016-06-27,ST07/10,62.805,12.521333,0.8,18.655407
95223,2016-06-27,TR14/9,72.75,12.521333,0.8,18.655407
95224,2016-06-27,NY63/2,130.755,12.521333,0.8,18.655407
95225,2016-06-27,SU71/23,39.18,12.521333,0.8,18.655407
95226,2016-06-27,SY68/34,67.043,12.521333,0.8,18.655407
95227,2016-06-27,TA10/63,17.02,12.521333,0.8,18.655407
95228,2016-06-27,NH95/17,29.375,12.521333,0.8,18.655407
95229,2016-06-27,TF81/2A,45.839,12.521333,0.8,18.655407
95230,2016-06-28,SE94/5,18.55,11.429667,10.2,7.747433
95231,2016-06-28,SU01/5B,80.539,11.429667,10.2,7.747433
95232,2016-06-28,SY68/34,67.017,11.429667,10.2,7.747433
95233,2016-06-28,TF03/37,14.554,11.429667,10.2,7.747433
95234,2016-06-28,SU81/1,46.43,11.429667,10.2,7.747433
95235,2016-06-28,NY63/2,130.791,11.429667,10.2,7.747433
95236,2016-06-28,TF81/2A,45.836,11.429667,10.2,7.747433
95237,2016-06-28,ST07/10,62.539,11.429667,10.2,7.747433
95238,2016-06-28,SU71/23,39.05,11.429667,10.2,7.747433
95239,2016-06-28,NH95/17,29.375,11.429667,10.2,7.747433
95240,2016-06-28,TR14/9,72.68,11.429667,10.2,7.747433
95241,2016-06-28,SK00/41,130.516,11.429667,10.2,7.747433
95242,2016-06-28,TQ25/86,98.38,11.429667,10.2,7.747433
95243,2016-06-28,ID30/1,113.21,11.429667,10.2,7.747433
95244,2016-06-28,SJ15/13,80.113,11.429667,10.2,7.747433
95245,2016-06-28,SN00/11,7.853,11.429667,10.2,7.747433
95246,2016-06-28,NO20/14,38.212,11.429667,10.2,7.747433
95247,2016-06-29,SU01/5B,80.445,10.946334,15.300001,10.233532
95248,2016-06-29,ID30/1,113.12,10.946334,15.300001,10.233532
95249,2016-06-29,SU17/57,135.0,10.946334,15.300001,10.233532
95250,2016-06-29,SP00/62,101.39,10.946334,15.300001,10.233532
95251,2016-06-29,TF03/37,14.519,10.946334,15.300001,10.233532
95252,2016-06-29,TF81/2A,45.824,10.946334,15.300001,10.233532
95253,2016-06-29,SJ15/13,80.13,10.946334,15.300001,10.233532
95254,2016-06-29,SU71/23,38.93,10.946334,15.300001,10.233532
95255,2016-06-29,NO20/14,38.145,10.946334,15.300001,10.233532
95256,2016-06-29,NH95/17,29.375,10.946334,15.300001,10.233532
95257,2016-06-29,ST07/10,62.399,10.946334,15.300001,10.233532
95258,2016-06-29,SN00/11,7.893,10.946334,15.300001,10.233532
95259,2016-06-29,TL33/67,83.45,10.946334,15.300001,10.233532
95260,2016-06-29,SU81/1,46.3,10.946334,15.300001,10.233532
95261,2016-06-29,NY63/2,130.812,10.946334,15.300001,10.233532
95262,2016-06-29,TR14/9,72.6,10.946334,15.300001,10.233532
95263,2016-06-29,SK00/41,130.529,10.946334,15.300001,10.233532
95264,2016-06-29,TQ25/86,98.37,10.946334,15.300001,10.233532
95265,2016-06-29,SY68/34,66.992,10.946334,15.300001,10.233532
95266,2016-06-30,NH95/17,29.381,11.817168,6.1,14.508228
95267,2016-06-30,ST07/10,62.345,11.817168,6.1,14.508228
95268,2016-06-30,SU01/5B,80.353,11.817168,6.1,14.508228
95269,2016-06-30,SJ15/13,80.116,11.817168,6.1,14.508228
95270,2016-06-30,SK00/41,130.533,11.817168,6.1,14.508228
95271,2016-06-30,SU17/57,134.89,11.817168,6.1,14.508228
95272,2016-06-30,NO20/14,38.141,11.817168,6.1,14.508228
95273,2016-06-30,SN00/11,7.933,11.817168,6.1,14.508228
95274,2016-06-30,TR14/9,72.53,11.817168,6.1,14.508228
95275,2016-06-30,TL33/67,83.14,11.817168,6.1,14.508228
95276,2016-06-30,ID30/1,113.1,11.817168,6.1,14.508228
95277,2016-06-30,TQ25/86,98.35,11.817168,6.1,14.508228
95278,2016-06-30,SU81/1,46.2,11.817168,6.1,14.508228
95279,2016-06-30,NY63/2,130.791,11.817168,6.1,14.508228
95280,2016-06-30,SY68/34,66.97,11.817168,6.1,14.508228
95281,2016-06-30,SU71/23,38.81,11.817168,6.1,14.508228
95282,2016-06-30,TF03/37,14.477,11.817168,6.1,14.508228
95283,2016-06-30,TF81/2A,45.806,11.817168,6.1,14.508228
95284,2016-07-01,TR14/9,72.45,11.696334,13.000001,16.403461
95285,2016-07-01,SU81/1,46.04,11.696334,13.000001,16.403461
95286,2016-07-01,SU01/5B,80.262,11.696334,13.000001,16.403461
95287,2016-07-01,SY68/34,66.944,11.696334,13.000001,16.403461
95288,2016-07-01,NH95/17,29.376,11.696334,13.000001,16.403461
95289,2016-07-01,SU71/23,38.69,11.696334,13.000001,16.403461
95290,2016-07-01,SJ15/13,80.106,11.696334,13.000001,16.403461
95291,2016-07-01,ST07/10,62.249,11.696334,13.000001,16.403461
95292,2016-07-01,SK00/41,130.54,11.696334,13.000001,16.403461
95293,2016-07-01,NY63/2,130.809,11.696334,13.000001,16.403461
95294,2016-07-01,TL33/4,82.76,11.696334,13.000001,16.403461
95295,2016-07-01,TQ25/86,98.34,11.696334,13.000001,16.403461
95296,2016-07-01,ID30/1,113.1,11.696334,13.000001,16.403461
95297,2016-07-01,SN00/11,7.918,11.696334,13.000001,16.403461
95298,2016-07-01,NO20/14,38.123,11.696334,13.000001,16.403461
95299,2016-07-01,TF81/2A,45.795,11.696334,13.000001,16.403461
95300,2016-07-02,TR14/9,72.37,11.108834,9.0,18.806515
95301,2016-07-02,SY68/34,66.919,11.108834,9.0,18.806515
95302,2016-07-02,ID30/1,113.22,11.108834,9.0,18.806515
95303,2016-07-02,NH95/17,29.375,11.108834,9.0,18.806515
95304,2016-07-02,TF81/2A,45.77,11.108834,9.0,18.806515
95305,2016-07-02,NO20/14,38.061,11.108834,9.0,18.806515
95306,2016-07-02,SN00/11,7.882,11.108834,9.0,18.806515
95307,2016-07-02,SU81/1,45.91,11.108834,9.0,18.806515
95308,2016-07-02,SU01/5B,80.165,11.108834,9.0,18.806515
95309,2016-07-02,SK00/41,130.54,11.108834,9.0,18.806515
95310,2016-07-02,NY63/2,130.784,11.108834,9.0,18.806515
95311,2016-07-02,ST07/10,62.126,11.108834,9.0,18.806515
95312,2016-07-02,SU71/23,38.57,11.108834,9.0,18.806515
95313,2016-07-02,TQ25/86,98.32,11.108834,9.0,18.806515
95314,2016-07-02,SJ15/13,80.075,11.108834,9.0,18.806515
95315,2016-07-03,TF81/2A,45.75,11.792168,2.4,16.286303
95316,2016-07-03,NY63/2,130.741,11.792168,2.4,16.286303
95317,2016-07-03,SK00/41,130.536,11.792168,2.4,16.286303
95318,2016-07-03,ST07/10,61.996,11.792168,2.4,16.286303
95319,2016-07-03,NO20/14,38.022,11.792168,2.4,16.286303
95320,2016-07-03,ID30/1,113.36,11.792168,2.4,16.286303
95321,2016-07-03,SJ15/13,80.052,11.792168,2.4,16.286303
95322,2016-07-03,SU71/23,38.46,11.792168,2.4,16.286303
95323,2016-07-03,SU01/5B,80.064,11.792168,2.4,16.286303
95324,2016-07-03,NH95/17,29.363,11.792168,2.4,16.286303
95325,2016-07-03,TR14/9,72.31,11.792168,2.4,16.286303
95326,2016-07-03,SU81/1,45.82,11.792168,2.4,16.286303
95327,2016-07-03,SY68/34,66.892,11.792168,2.4,16.286303
95328,2016-07-03,TQ25/86,98.3,11.792168,2.4,16.286303
95329,2016-07-04,SN00/11,7.825,12.979668,9.2,7.984852
95330,2016-07-04,SJ15/13,80.062,12.979668,9.2,7.984852
95331,2016-07-04,SK00/41,130.536,12.979668,9.2,7.984852
95332,2016-07-04,ST07/10,61.866,12.979668,9.2,7.984852
95333,2016-07-04,SU01/5B,79.966,12.979668,9.2,7.984852
95334,2016-07-04,NH95/17,29.355,12.979668,9.2,7.984852
95335,2016-07-04,TF81/2A,45.742,12.979668,9.2,7.984852
95336,2016-07-04,TQ25/86,98.3,12.979668,9.2,7.984852
95337,2016-07-04,ID30/1,113.34,12.979668,9.2,7.984852
95338,2016-07-04,NO20/14,37.988,12.979668,9.2,7.984852
95339,2016-07-04,NY63/2,130.718,12.979668,9.2,7.984852
95340,2016-07-04,SU81/1,45.69,12.979668,9.2,7.984852
95341,2016-07-04,TR14/9,72.23,12.979668,9.2,7.984852
95342,2016-07-04,SU71/23,38.35,12.979668,9.2,7.984852
95343,2016-07-04,SY68/34,66.867,12.979668,9.2,7.984852
95344,2016-07-05,SJ15/13,80.036,13.26925,0.6,15.522352
95345,2016-07-05,ST07/10,61.667,13.26925,0.6,15.522352
95346,2016-07-05,TF81/2A,45.721,13.26925,0.6,15.522352
95347,2016-07-05,SU81/1,45.57,13.26925,0.6,15.522352
95348,2016-07-05,NH95/17,29.366,13.26925,0.6,15.522352
95349,2016-07-05,TR14/9,72.16,13.26925,0.6,15.522352
95350,2016-07-05,SN00/11,7.792,13.26925,0.6,15.522352
95351,2016-07-05,NO20/14,37.978,13.26925,0.6,15.522352
95352,2016-07-05,SY68/34,66.842,13.26925,0.6,15.522352
95353,2016-07-05,SU01/5B,79.864,13.26925,0.6,15.522352
95354,2016-07-05,SK00/41,130.539,13.26925,0.6,15.522352
95355,2016-07-05,ID30/1,113.53,13.26925,0.6,15.522352
95356,2016-07-05,TQ25/86,98.28,13.26925,0.6,15.522352
95357,2016-07-05,SU71/23,38.25,13.26925,0.6,15.522352
95358,2016-07-05,NY63/2,130.761,13.26925,0.6,15.522352
95359,2016-07-05,TL44/12,40.01,13.26925,0.6,15.522352
95360,2016-07-06,SN00/11,7.766,12.375503,0.6,12.997801
95361,2016-07-06,SU01/5B,79.758,12.375503,0.6,12.997801
95362,2016-07-06,TF81/2A,45.705,12.375503,0.6,12.997801
95363,2016-07-06,NY63/2,130.706,12.375503,0.6,12.997801
95364,2016-07-06,SY68/34,66.815,12.375503,0.6,12.997801
95365,2016-07-06,NO20/14,37.944,12.375503,0.6,12.997801
95366,2016-07-06,SU71/23,38.14,12.375503,0.6,12.997801
95367,2016-07-06,SP00/62,101.45,12.375503,0.6,12.997801
95368,2016-07-06,TL33/67,82.93,12.375503,0.6,12.997801
95369,2016-07-06,ST07/10,61.466,12.375503,0.6,12.997801
95370,2016-07-06,SU17/57,134.56,12.375503,0.6,12.997801
95371,2016-07-06,NH95/17,29.373,12.375503,0.6,12.997801
95372,2016-07-06,SJ15/13,80.038,12.375503,0.6,12.997801
95373,2016-07-06,TR14/9,72.09,12.375503,0.6,12.997801
95374,2016-07-06,ID30/1,113.51,12.375503,0.6,12.997801
95375,2016-07-06,TQ25/86,98.26,12.375503,0.6,12.997801
95376,2016-07-06,SU81/1,45.49,12.375503,0.6,12.997801
95377,2016-07-06,SK00/41,130.532,12.375503,0.6,12.997801
95378,2016-07-07,TR14/9,72.02,14.91925,1.2,13.685826
95379,2016-07-07,SY68/34,66.79,14.91925,1.2,13.685826
95380,2016-07-07,NO20/14,37.793,14.91925,1.2,13.685826
95381,2016-07-07,ID30/1,113.54,14.91925,1.2,13.685826
95382,2016-07-07,SK00/41,130.54,14.91925,1.2,13.685826
95383,2016-07-07,NY63/2,130.727,14.91925,1.2,13.685826
95384,2016-07-07,SU81/1,45.33,14.91925,1.2,13.685826
95385,2016-07-07,SU71/23,38.04,14.91925,1.2,13.685826
95386,2016-07-07,TQ25/86,98.25,14.91925,1.2,13.685826
95387,2016-07-07,SN00/11,7.747,14.91925,1.2,13.685826
95388,2016-07-07,SJ15/13,80.054,14.91925,1.2,13.685826
95389,2016-07-07,TF81/2A,45.697,14.91925,1.2,13.685826
95390,2016-07-07,NH95/17,29.39,14.91925,1.2,13.685826
95391,2016-07-07,SU01/5B,79.659,14.91925,1.2,13.685826
95392,2016-07-07,ST07/10,61.246,14.91925,1.2,13.685826
95393,2016-07-08,SJ15/13,80.045,15.081752,2.7,17.062696
95394,2016-07-08,NY63/2,130.739,15.081752,2.7,17.062696
95395,2016-07-08,SY68/34,66.765,15.081752,2.7,17.062696
95396,2016-07-08,SN00/11,7.728,15.081752,2.7,17.062696
95397,2016-07-08,NO20/14,37.679,15.081752,2.7,17.062696
95398,2016-07-08,ID30/1,113.73,15.081752,2.7,17.062696
95399,2016-07-08,SK00/41,130.55,15.081752,2.7,17.062696
95400,2016-07-08,NH95/17,29.382,15.081752,2.7,17.062696
95401,2016-07-08,ST07/10,60.995,15.081752,2.7,17.062696
95402,2016-07-08,TR14/9,71.95,15.081752,2.7,17.062696
95403,2016-07-08,TF81/2A,45.68,15.081752,2.7,17.062696
95404,2016-07-08,SU81/1,45.24,15.081752,2.7,17.062696
95405,2016-07-08,SU71/23,37.94,15.081752,2.7,17.062696
95406,2016-07-08,SU01/5B,79.558,15.081752,2.7,17.062696
95407,2016-07-08,TQ25/86,98.24,15.081752,2.7,17.062696
95408,2016-07-09,TF81/2A,45.671,15.2630005,7.2,17.542038
95409,2016-07-09,ST07/10,60.772,15.2630005,7.2,17.542038
95410,2016-07-09,SN00/11,7.733,15.2630005,7.2,17.542038
95411,2016-07-09,NH95/17,29.327,15.2630005,7.2,17.542038
95412,2016-07-09,NO20/14,37.612,15.2630005,7.2,17.542038
95413,2016-07-09,SY68/34,66.739,15.2630005,7.2,17.542038
95414,2016-07-09,SK00/41,130.55,15.2630005,7.2,17.542038
95415,2016-07-09,NY63/2,130.704,15.2630005,7.2,17.542038
95416,2016-07-09,TQ25/86,98.23,15.2630005,7.2,17.542038
95417,2016-07-09,TR14/9,71.88,15.2630005,7.2,17.542038
95418,2016-07-09,SU01/5B,79.454,15.2630005,7.2,17.542038
95419,2016-07-09,SU71/23,37.84,15.2630005,7.2,17.542038
95420,2016-07-09,SJ15/13,80.068,15.2630005,7.2,17.542038
95421,2016-07-09,SU81/1,45.1,15.2630005,7.2,17.542038
95422,2016-07-09,ID30/1,113.76,15.2630005,7.2,17.542038
95423,2016-07-10,TF81/2A,45.664,15.438,3.6,20.391516
95424,2016-07-10,TR14/9,71.81,15.438,3.6,20.391516
95425,2016-07-10,SK00/41,130.563,15.438,3.6,20.391516
95426,2016-07-10,SU71/23,37.75,15.438,3.6,20.391516
95427,2016-07-10,NY63/2,130.748,15.438,3.6,20.391516
95428,2016-07-10,NO20/14,37.496,15.438,3.6,20.391516
95429,2016-07-10,SY68/34,66.714,15.438,3.6,20.391516
95430,2016-07-10,SU01/5B,79.359,15.438,3.6,20.391516
95431,2016-07-10,SJ15/13,80.086,15.438,3.6,20.391516
95432,2016-07-10,SU81/1,45.0,15.438,3.6,20.391516
95433,2016-07-10,ST07/10,60.541,15.438,3.6,20.391516
95434,2016-07-10,TQ25/86,98.22,15.438,3.6,20.391516
95435,2016-07-10,NH95/17,29.263,15.438,3.6,20.391516
95436,2016-07-10,ID30/1,113.67,15.438,3.6,20.391516
95437,2016-07-11,SU71/23,37.66,14.756749,6.1999993,15.352568
95438,2016-07-11,SU81/1,44.94,14.756749,6.1999993,15.352568
95439,2016-07-11,SN00/11,7.7,14.756749,6.1999993,15.352568
95440,2016-07-11,ST07/10,60.297,14.756749,6.1999993,15.352568
95441,2016-07-11,SK00/41,130.57,14.756749,6.1999993,15.352568
95442,2016-07-11,SY68/34,66.691,14.756749,6.1999993,15.352568
95443,2016-07-11,NH95/17,29.326,14.756749,6.1999993,15.352568
95444,2016-07-11,NO20/14,37.444,14.756749,6.1999993,15.352568
95445,2016-07-11,ID30/1,113.87,14.756749,6.1999993,15.352568
95446,2016-07-11,SU01/5B,79.252,14.756749,6.1999993,15.352568
95447,2016-07-11,SJ15/13,80.056,14.756749,6.1999993,15.352568
95448,2016-07-11,TR14/9,71.74,14.756749,6.1999993,15.352568
95449,2016-07-11,TQ25/86,98.2,14.756749,6.1999993,15.352568
95450,2016-07-11,TF81/2A,45.643,14.756749,6.1999993,15.352568
95451,2016-07-11,NY63/2,130.766,14.756749,6.1999993,15.352568
95452,2016-07-12,TQ25/86,98.18,12.827582,0.1,11.04738
95453,2016-07-12,ST07/10,60.067,12.827582,0.1,11.04738
95454,2016-07-12,ID30/1,113.99,12.827582,0.1,11.04738
95455,2016-07-12,SU81/1,44.84,12.827582,0.1,11.04738
95456,2016-07-12,SY68/34,66.669,12.827582,0.1,11.04738
95457,2016-07-12,NO20/14,37.495,12.827582,0.1,11.04738
95458,2016-07-12,SU01/5B,79.137,12.827582,0.1,11.04738
95459,2016-07-12,NH95/17,29.399,12.827582,0.1,11.04738
95460,2016-07-12,SU71/23,37.56,12.827582,0.1,11.04738
95461,2016-07-12,TF81/2A,45.619,12.827582,0.1,11.04738
95462,2016-07-12,SJ15/13,80.028,12.827582,0.1,11.04738
95463,2016-07-12,SN00/11,7.673,12.827582,0.1,11.04738
95464,2016-07-12,TR14/9,71.66,12.827582,0.1,11.04738
95465,2016-07-12,SK00/41,130.566,12.827582,0.1,11.04738
95466,2016-07-12,NY63/2,130.705,12.827582,0.1,11.04738
95467,2016-07-13,TF81/2A,45.597,12.085919,3.7,12.828505
95468,2016-07-13,ID30/1,114.02,12.085919,3.7,12.828505
95469,2016-07-13,TL33/67,82.7,12.085919,3.7,12.828505
95470,2016-07-13,NH95/17,29.434,12.085919,3.7,12.828505
95471,2016-07-13,NO20/14,37.615,12.085919,3.7,12.828505
95472,2016-07-13,SU17/57,134.13,12.085919,3.7,12.828505
95473,2016-07-13,SY68/34,66.644,12.085919,3.7,12.828505
95474,2016-07-13,SK00/41,130.559,12.085919,3.7,12.828505
95475,2016-07-13,SU81/1,44.7,12.085919,3.7,12.828505
95476,2016-07-13,SU71/23,37.46,12.085919,3.7,12.828505
95477,2016-07-13,ST07/10,59.843,12.085919,3.7,12.828505
95478,2016-07-13,SP00/62,101.38,12.085919,3.7,12.828505
95479,2016-07-13,TQ25/86,98.16,12.085919,3.7,12.828505
95480,2016-07-13,SN00/11,7.646,12.085919,3.7,12.828505
95481,2016-07-13,SU01/5B,79.013,12.085919,3.7,12.828505
95482,2016-07-13,TR14/9,71.59,12.085919,3.7,12.828505
95483,2016-07-13,NY63/2,130.675,12.085919,3.7,12.828505
95484,2016-07-13,SJ15/13,80.004,12.085919,3.7,12.828505
95485,2016-07-14,SU81/1,44.6,12.990083,0.0,9.824183
95486,2016-07-14,NH95/17,29.488,12.990083,0.0,9.824183
95487,2016-07-14,NO20/14,37.609,12.990083,0.0,9.824183
95488,2016-07-14,TF81/2A,45.575,12.990083,0.0,9.824183
95489,2016-07-14,SU01/5B,78.886,12.990083,0.0,9.824183
95490,2016-07-14,SJ15/13,79.987,12.990083,0.0,9.824183
95491,2016-07-14,NY63/2,130.659,12.990083,0.0,9.824183
95492,2016-07-14,SY68/34,66.619,12.990083,0.0,9.824183
95493,2016-07-14,ST07/10,59.64,12.990083,0.0,9.824183
95494,2016-07-14,TR14/9,71.53,12.990083,0.0,9.824183
95495,2016-07-14,SK00/41,130.55,12.990083,0.0,9.824183
95496,2016-07-14,SN00/11,7.622,12.990083,0.0,9.824183
95497,2016-07-14,SU71/23,37.36,12.990083,0.0,9.824183
95498,2016-07-14,ID30/1,114.04,12.990083,0.0,9.824183
95499,2016-07-14,TV59/7C,1.42,12.990083,0.0,9.824183
95500,2016-07-14,TQ25/86,98.14,12.990083,0.0,9.824183
95501,2016-07-15,ST07/10,59.457,14.629668,3.3999999,15.755963
95502,2016-07-15,NY63/2,130.644,14.629668,3.3999999,15.755963
95503,2016-07-15,SU01/5B,78.762,14.629668,3.3999999,15.755963
95504,2016-07-15,TQ25/86,98.13,14.629668,3.3999999,15.755963
95505,2016-07-15,NO20/14,37.523,14.629668,3.3999999,15.755963
95506,2016-07-15,SU81/1,44.48,14.629668,3.3999999,15.755963
95507,2016-07-15,TF81/2A,45.561,14.629668,3.3999999,15.755963
95508,2016-07-15,SY68/34,66.595,14.629668,3.3999999,15.755963
95509,2016-07-15,TR14/9,71.47,14.629668,3.3999999,15.755963
95510,2016-07-15,SU71/23,37.27,14.629668,3.3999999,15.755963
95511,2016-07-15,SK00/41,130.55,14.629668,3.3999999,15.755963
95512,2016-07-15,SN00/11,7.622,14.629668,3.3999999,15.755963
95513,2016-07-15,NH95/17,29.402,14.629668,3.3999999,15.755963
95514,2016-07-15,ID30/1,114.0,14.629668,3.3999999,15.755963
95515,2016-07-15,SJ15/13,79.995,14.629668,3.3999999,15.755963
95516,2016-07-16,NH95/17,29.393,14.431751,1.0,16.880089
95517,2016-07-16,SU81/1,44.41,14.431751,1.0,16.880089
95518,2016-07-16,SJ15/13,79.998,14.431751,1.0,16.880089
95519,2016-07-16,TQ25/86,98.11,14.431751,1.0,16.880089
95520,2016-07-16,ST07/10,59.284,14.431751,1.0,16.880089
95521,2016-07-16,NO20/14,37.481,14.431751,1.0,16.880089
95522,2016-07-16,SU71/23,37.18,14.431751,1.0,16.880089
95523,2016-07-16,ID30/1,114.06,14.431751,1.0,16.880089
95524,2016-07-16,TF81/2A,45.547,14.431751,1.0,16.880089
95525,2016-07-16,SY68/34,66.57,14.431751,1.0,16.880089
95526,2016-07-16,TR14/9,71.4,14.431751,1.0,16.880089
95527,2016-07-16,NY63/2,130.677,14.431751,1.0,16.880089
95528,2016-07-16,SU01/5B,78.641,14.431751,1.0,16.880089
95529,2016-07-16,SN00/11,7.599,14.431751,1.0,16.880089
95530,2016-07-16,SK00/41,130.55,14.431751,1.0,16.880089
95531,2016-07-17,SJ15/13,79.996,14.362998,0.0,15.188374
95532,2016-07-17,SN00/11,7.579,14.362998,0.0,15.188374
95533,2016-07-17,TR14/9,71.33,14.362998,0.0,15.188374
95534,2016-07-17,ST07/10,59.104,14.362998,0.0,15.188374
95535,2016-07-17,SU81/1,44.33,14.362998,0.0,15.188374
95536,2016-07-17,SK00/41,130.55,14.362998,0.0,15.188374
95537,2016-07-17,SU71/23,37.09,14.362998,0.0,15.188374
95538,2016-07-17,SY68/34,66.548,14.362998,0.0,15.188374
95539,2016-07-17,NH95/17,29.371,14.362998,0.0,15.188374
95540,2016-07-17,SU01/5B,78.523,14.362998,0.0,15.188374
95541,2016-07-17,ID30/1,114.0,14.362998,0.0,15.188374
95542,2016-07-17,TQ25/86,98.1,14.362998,0.0,15.188374
95543,2016-07-17,TF81/2A,45.531,14.362998,0.0,15.188374
95544,2016-07-17,NY63/2,130.659,14.362998,0.0,15.188374
95545,2016-07-17,NO20/14,37.451,14.362998,0.0,15.188374
95546,2016-07-18,SJ15/13,79.998,17.406752,0.0,11.172731
95547,2016-07-18,SU71/23,37.0,17.406752,0.0,11.172731
95548,2016-07-18,TQ25/86,98.09,17.406752,0.0,11.172731
95549,2016-07-18,SN00/11,7.56,17.406752,0.0,11.172731
95550,2016-07-18,SU01/5B,78.403,17.406752,0.0,11.172731
95551,2016-07-18,TR14/9,71.27,17.406752,0.0,11.172731
95552,2016-07-18,NO20/14,37.398,17.406752,0.0,11.172731
95553,2016-07-18,NY63/2,130.646,17.406752,0.0,11.172731
95554,2016-07-18,SK00/41,130.55,17.406752,0.0,11.172731
95555,2016-07-18,SU81/1,44.24,17.406752,0.0,11.172731
95556,2016-07-18,NH95/17,29.351,17.406752,0.0,11.172731
95557,2016-07-18,TF81/2A,45.515,17.406752,0.0,11.172731
95558,2016-07-18,ID30/1,113.85,17.406752,0.0,11.172731
95559,2016-07-18,ST07/10,58.935,17.406752,0.0,11.172731
95560,2016-07-18,SY68/34,66.524,17.406752,0.0,11.172731
95561,2016-07-19,TQ25/86,98.09,21.229668,0.0,9.486521
95562,2016-07-19,SU81/1,44.15,21.229668,0.0,9.486521
95563,2016-07-19,TR14/9,71.21,21.229668,0.0,9.486521
95564,2016-07-19,NO20/14,37.349,21.229668,0.0,9.486521
95565,2016-07-19,NY63/2,130.645,21.229668,0.0,9.486521
95566,2016-07-19,TL33/67,82.44,21.229668,0.0,9.486521
95567,2016-07-19,TM15/112,25.41,21.229668,0.0,9.486521
95568,2016-07-19,ST07/10,58.784,21.229668,0.0,9.486521
95569,2016-07-19,NH95/17,29.422,21.229668,0.0,9.486521
95570,2016-07-19,SK00/41,130.562,21.229668,0.0,9.486521
95571,2016-07-19,SY68/34,66.501,21.229668,0.0,9.486521
95572,2016-07-19,ID30/1,113.68,21.229668,0.0,9.486521
95573,2016-07-19,TF81/2A,45.506,21.229668,0.0,9.486521
95574,2016-07-19,SU01/5B,78.29,21.229668,0.0,9.486521
95575,2016-07-19,TA10/63,16.62,21.229668,0.0,9.486521
95576,2016-07-19,SN00/11,7.545,21.229668,0.0,9.486521
95577,2016-07-19,SJ15/13,80.019,21.229668,0.0,9.486521
95578,2016-07-19,SU71/23,36.92,21.229668,0.0,9.486521
95579,2016-07-19,SP00/62,101.23,21.229668,0.0,9.486521
95580,2016-07-19,SU17/57,133.78,21.229668,0.0,9.486521
95581,2016-07-20,TR14/9,71.14,19.681751,33.100002,9.976653
95582,2016-07-20,ID30/1,113.75,19.681751,33.100002,9.976653
95583,2016-07-20,NO20/14,37.224,19.681751,33.100002,9.976653
95584,2016-07-20,SU01/5B,78.172,19.681751,33.100002,9.976653
95585,2016-07-20,ST07/10,58.605,19.681751,33.100002,9.976653
95586,2016-07-20,SK00/41,130.57,19.681751,33.100002,9.976653
95587,2016-07-20,SY68/34,66.478,19.681751,33.100002,9.976653
95588,2016-07-20,TF81/2A,45.492,19.681751,33.100002,9.976653
95589,2016-07-20,SU81/1,44.07,19.681751,33.100002,9.976653
95590,2016-07-20,SJ15/13,80.011,19.681751,33.100002,9.976653
95591,2016-07-20,NH95/17,29.443,19.681751,33.100002,9.976653
95592,2016-07-20,TQ25/86,98.07,19.681751,33.100002,9.976653
95593,2016-07-20,SU71/23,36.83,19.681751,33.100002,9.976653
95594,2016-07-20,SN00/11,7.523,19.681751,33.100002,9.976653
95595,2016-07-20,NY63/2,130.677,19.681751,33.100002,9.976653
95596,2016-07-21,SK00/41,130.57,16.321333,1.4,10.86156
95597,2016-07-21,TF81/2A,45.467,16.321333,1.4,10.86156
95598,2016-07-21,SJ15/13,79.988,16.321333,1.4,10.86156
95599,2016-07-21,NO20/14,37.24,16.321333,1.4,10.86156
95600,2016-07-21,NH95/17,29.454,16.321333,1.4,10.86156
95601,2016-07-21,SU01/5B,78.045,16.321333,1.4,10.86156
95602,2016-07-21,ST07/10,58.454,16.321333,1.4,10.86156
95603,2016-07-21,SN00/11,7.504,16.321333,1.4,10.86156
95604,2016-07-21,SY68/34,66.455,16.321333,1.4,10.86156
95605,2016-07-21,TQ25/86,98.05,16.321333,1.4,10.86156
95606,2016-07-21,SU71/23,36.75,16.321333,1.4,10.86156
95607,2016-07-21,SU81/1,44.01,16.321333,1.4,10.86156
95608,2016-07-21,TR14/9,71.08,16.321333,1.4,10.86156
95609,2016-07-21,ID30/1,113.85,16.321333,1.4,10.86156
95610,2016-07-21,NY63/2,130.662,16.321333,1.4,10.86156
95611,2016-07-22,NY63/2,130.625,16.933832,1.3000001,10.228981
95612,2016-07-22,NO20/14,37.243,16.933832,1.3000001,10.228981
95613,2016-07-22,SU71/23,36.65,16.933832,1.3000001,10.228981
95614,2016-07-22,SJ15/13,79.974,16.933832,1.3000001,10.228981
95615,2016-07-22,TF81/2A,45.448,16.933832,1.3000001,10.228981
95616,2016-07-22,SU81/1,43.91,16.933832,1.3000001,10.228981
95617,2016-07-22,ST07/10,58.316,16.933832,1.3000001,10.228981
95618,2016-07-22,ID30/1,113.78,16.933832,1.3000001,10.228981
95619,2016-07-22,SN00/11,7.492,16.933832,1.3000001,10.228981
95620,2016-07-22,SK00/41,130.57,16.933832,1.3000001,10.228981
95621,2016-07-22,NH95/17,29.48,16.933832,1.3000001,10.228981
95622,2016-07-22,SY68/34,66.434,16.933832,1.3000001,10.228981
95623,2016-07-22,TQ25/86,98.03,16.933832,1.3000001,10.228981
95624,2016-07-22,SU01/5B,77.919,16.933832,1.3000001,10.228981
95625,2016-07-22,TR14/9,71.01,16.933832,1.3000001,10.228981
95626,2016-07-23,SU81/1,43.84,16.415083,0.3,8.336682
95627,2016-07-23,SJ15/13,79.97,16.415083,0.3,8.336682
95628,2016-07-23,ST07/10,58.182,16.415083,0.3,8.336682
95629,2016-07-23,NH95/17,29.48,16.415083,0.3,8.336682
95630,2016-07-23,TR14/9,70.95,16.415083,0.3,8.336682
95631,2016-07-23,SU71/23,36.56,16.415083,0.3,8.336682
95632,2016-07-23,TQ25/86,98.02,16.415083,0.3,8.336682
95633,2016-07-23,SY68/34,66.41,16.415083,0.3,8.336682
95634,2016-07-23,SK00/41,130.57,16.415083,0.3,8.336682
95635,2016-07-23,NO20/14,37.242,16.415083,0.3,8.336682
95636,2016-07-23,SU01/5B,77.793,16.415083,0.3,8.336682
95637,2016-07-23,NY63/2,130.608,16.415083,0.3,8.336682
95638,2016-07-23,SN00/11,7.476,16.415083,0.3,8.336682
95639,2016-07-23,TF81/2A,45.431,16.415083,0.3,8.336682
95640,2016-07-23,ID30/1,113.76,16.415083,0.3,8.336682
95641,2016-07-24,SU71/23,36.47,16.7255,3.2000003,11.231187
95642,2016-07-24,NH95/17,29.452,16.7255,3.2000003,11.231187
95643,2016-07-24,SY68/34,66.386,16.7255,3.2000003,11.231187
95644,2016-07-24,NY63/2,130.607,16.7255,3.2000003,11.231187
95645,2016-07-24,TQ25/86,98.0,16.7255,3.2000003,11.231187
95646,2016-07-24,SN00/11,7.472,16.7255,3.2000003,11.231187
95647,2016-07-24,SJ15/13,79.977,16.7255,3.2000003,11.231187
95648,2016-07-24,TF81/2A,45.416,16.7255,3.2000003,11.231187
95649,2016-07-24,ID30/1,113.73,16.7255,3.2000003,11.231187
95650,2016-07-24,ST07/10,58.063,16.7255,3.2000003,11.231187
95651,2016-07-24,SU81/1,43.75,16.7255,3.2000003,11.231187
95652,2016-07-24,SK00/41,130.57,16.7255,3.2000003,11.231187
95653,2016-07-24,SU01/5B,77.669,16.7255,3.2000003,11.231187
95654,2016-07-24,TR14/9,70.89,16.7255,3.2000003,11.231187
95655,2016-07-24,NO20/14,37.185,16.7255,3.2000003,11.231187
95656,2016-07-25,ST07/10,57.934,14.188,3.2,15.490202
95657,2016-07-25,SN00/11,7.454,14.188,3.2,15.490202
95658,2016-07-25,NO20/14,37.165,14.188,3.2,15.490202
95659,2016-07-25,SY68/34,66.35,14.188,3.2,15.490202
95660,2016-07-25,SU01/5B,77.545,14.188,3.2,15.490202
95661,2016-07-25,NH95/17,29.412,14.188,3.2,15.490202
95662,2016-07-25,NY63/2,130.629,14.188,3.2,15.490202
95663,2016-07-25,ID30/1,113.65,14.188,3.2,15.490202
95664,2016-07-25,SU71/23,36.38,14.188,3.2,15.490202
95665,2016-07-25,TR14/9,70.82,14.188,3.2,15.490202
95666,2016-07-25,SK00/41,130.57,14.188,3.2,15.490202
95667,2016-07-25,SU81/1,43.68,14.188,3.2,15.490202
95668,2016-07-25,TQ25/86,97.98,14.188,3.2,15.490202
95669,2016-07-25,SJ15/13,79.963,14.188,3.2,15.490202
95670,2016-07-25,TF81/2A,45.395,14.188,3.2,15.490202
95671,2016-07-26,SK00/41,130.571,14.458836,4.8,11.202782
95672,2016-07-26,NH95/17,29.413,14.458836,4.8,11.202782
95673,2016-07-26,SJ15/13,79.969,14.458836,4.8,11.202782
95674,2016-07-26,ST07/10,57.834,14.458836,4.8,11.202782
95675,2016-07-26,TF81/2A,45.381,14.458836,4.8,11.202782
95676,2016-07-26,SU01/5B,77.419,14.458836,4.8,11.202782
95677,2016-07-26,NY63/2,130.602,14.458836,4.8,11.202782
95678,2016-07-26,SN00/11,7.44,14.458836,4.8,11.202782
95679,2016-07-26,TL33/67,82.2,14.458836,4.8,11.202782
95680,2016-07-26,TQ25/86,97.97,14.458836,4.8,11.202782
95681,2016-07-26,NO20/14,37.159,14.458836,4.8,11.202782
95682,2016-07-26,SY68/34,66.379,14.458836,4.8,11.202782
95683,2016-07-26,ID30/1,113.71,14.458836,4.8,11.202782
95684,2016-07-26,SU71/23,36.29,14.458836,4.8,11.202782
95685,2016-07-26,TR14/9,70.76,14.458836,4.8,11.202782
95686,2016-07-26,SU81/1,43.59,14.458836,4.8,11.202782
95687,2016-07-27,TR14/9,70.69,15.198414,9.700001,14.177532
95688,2016-07-27,NY63/2,130.63,15.198414,9.700001,14.177532
95689,2016-07-27,SU81/1,43.52,15.198414,9.700001,14.177532
95690,2016-07-27,TF81/2A,45.365,15.198414,9.700001,14.177532
95691,2016-07-27,SP00/62,101.02,15.198414,9.700001,14.177532
95692,2016-07-27,SU01/5B,77.302,15.198414,9.700001,14.177532
95693,2016-07-27,SK00/41,130.58,15.198414,9.700001,14.177532
95694,2016-07-27,ST07/10,57.776,15.198414,9.700001,14.177532
95695,2016-07-27,SJ15/13,79.966,15.198414,9.700001,14.177532
95696,2016-07-27,TQ25/86,97.95,15.198414,9.700001,14.177532
95697,2016-07-27,ID30/1,113.7,15.198414,9.700001,14.177532
95698,2016-07-27,SU17/57,133.33,15.198414,9.700001,14.177532
95699,2016-07-27,SU71/23,36.2,15.198414,9.700001,14.177532
95700,2016-07-27,NH95/17,29.369,15.198414,9.700001,14.177532
95701,2016-07-27,SY68/34,66.357,15.198414,9.700001,14.177532
95702,2016-07-27,SE94/5,17.16,15.198414,9.700001,14.177532
95703,2016-07-27,NO20/14,37.153,15.198414,9.700001,14.177532
95704,2016-07-28,TQ25/86,97.94,14.133835,4.4999995,8.312875
95705,2016-07-28,TR14/9,70.62,14.133835,4.4999995,8.312875
95706,2016-07-28,SY68/34,66.335,14.133835,4.4999995,8.312875
95707,2016-07-28,SE95/6,20.6,14.133835,4.4999995,8.312875
95708,2016-07-28,TF81/2A,45.351,14.133835,4.4999995,8.312875
95709,2016-07-28,NO20/14,37.12,14.133835,4.4999995,8.312875
95710,2016-07-28,SU01/5B,77.182,14.133835,4.4999995,8.312875
95711,2016-07-28,NH95/17,29.369,14.133835,4.4999995,8.312875
95712,2016-07-28,ST07/10,57.667,14.133835,4.4999995,8.312875
95713,2016-07-28,SU81/1,43.47,14.133835,4.4999995,8.312875
95714,2016-07-28,SJ15/13,79.979,14.133835,4.4999995,8.312875
95715,2016-07-28,ID30/1,113.7,14.133835,4.4999995,8.312875
95716,2016-07-28,NY63/2,130.606,14.133835,4.4999995,8.312875
95717,2016-07-28,SN00/11,7.441,14.133835,4.4999995,8.312875
95718,2016-07-28,SK00/41,130.585,14.133835,4.4999995,8.312875
95719,2016-07-28,SU71/23,36.12,14.133835,4.4999995,8.312875
95720,2016-07-29,ID30/1,113.72,16.077583,0.2,7.05001
95721,2016-07-29,NO20/14,37.019,16.077583,0.2,7.05001
95722,2016-07-29,SY68/34,66.313,16.077583,0.2,7.05001
95723,2016-07-29,TQ25/86,97.92,16.077583,0.2,7.05001
95724,2016-07-29,SJ15/13,79.964,16.077583,0.2,7.05001
95725,2016-07-29,NY63/2,130.648,16.077583,0.2,7.05001
95726,2016-07-29,NH95/17,29.399,16.077583,0.2,7.05001
95727,2016-07-29,SK00/41,130.59,16.077583,0.2,7.05001
95728,2016-07-29,SU71/23,36.04,16.077583,0.2,7.05001
95729,2016-07-29,TF81/2A,45.333,16.077583,0.2,7.05001
95730,2016-07-29,SN00/11,7.418,16.077583,0.2,7.05001
95731,2016-07-29,TR14/9,70.55,16.077583,0.2,7.05001
95732,2016-07-29,ST07/10,57.577,16.077583,0.2,7.05001
95733,2016-07-29,SU81/1,43.36,16.077583,0.2,7.05001
95734,2016-07-29,SU01/5B,77.064,16.077583,0.2,7.05001
95735,2016-07-30,NO20/14,37.013,12.813001,0.3,12.666003
95736,2016-07-30,SY68/34,66.291,12.813001,0.3,12.666003
95737,2016-07-30,TQ25/86,97.9,12.813001,0.3,12.666003
95738,2016-07-30,SU81/1,43.29,12.813001,0.3,12.666003
95739,2016-07-30,SU01/5B,76.94,12.813001,0.3,12.666003
95740,2016-07-30,SN00/11,7.401,12.813001,0.3,12.666003
95741,2016-07-30,ID30/1,113.76,12.813001,0.3,12.666003
95742,2016-07-30,SU71/23,35.95,12.813001,0.3,12.666003
95743,2016-07-30,NH95/17,29.39,12.813001,0.3,12.666003
95744,2016-07-30,SK00/41,130.59,12.813001,0.3,12.666003
95745,2016-07-30,TF81/2A,45.312,12.813001,0.3,12.666003
95746,2016-07-30,ST07/10,57.439,12.813001,0.3,12.666003
95747,2016-07-30,TR14/9,70.49,12.813001,0.3,12.666003
95748,2016-07-30,NY63/2,130.604,12.813001,0.3,12.666003
95749,2016-07-30,SJ15/13,79.946,12.813001,0.3,12.666003
95750,2016-07-31,SY68/34,66.27,12.896335,1.2,13.093151
95751,2016-07-31,TL33/67,82.14,12.896335,1.2,13.093151
95752,2016-07-31,SU01/5B,76.813,12.896335,1.2,13.093151
95753,2016-07-31,ID30/1,113.72,12.896335,1.2,13.093151
95754,2016-07-31,NY63/2,130.588,12.896335,1.2,13.093151
95755,2016-07-31,NO20/14,37.008,12.896335,1.2,13.093151
95756,2016-07-31,SP00/62,100.91,12.896335,1.2,13.093151
95757,2016-07-31,TF81/2A,45.29,12.896335,1.2,13.093151
95758,2016-07-31,SU81/1,43.2,12.896335,1.2,13.093151
95759,2016-07-31,SN00/11,7.378,12.896335,1.2,13.093151
95760,2016-07-31,SU71/23,35.86,12.896335,1.2,13.093151
95761,2016-07-31,TR14/9,70.41,12.896335,1.2,13.093151
95762,2016-07-31,SJ15/13,79.993,12.896335,1.2,13.093151
95763,2016-07-31,SU17/57,133.09,12.896335,1.2,13.093151
95764,2016-07-31,NH95/17,29.409,12.896335,1.2,13.093151
95765,2016-07-31,ST07/10,57.298,12.896335,1.2,13.093151
95766,2016-07-31,TQ25/86,97.88,12.896335,1.2,13.093151
95767,2016-07-31,SK00/41,130.59,12.896335,1.2,13.093151
95768,2016-08-01,NH95/17,29.38,13.723415,0.5,8.629227
95769,2016-08-01,TL44/12,38.7,13.723415,0.5,8.629227
95770,2016-08-01,SJ15/13,79.95,13.723415,0.5,8.629227
95771,2016-08-01,TQ25/86,97.86,13.723415,0.5,8.629227
95772,2016-08-01,ID30/1,113.81,13.723415,0.5,8.629227
95773,2016-08-01,TL33/4,81.58,13.723415,0.5,8.629227
95774,2016-08-01,TR14/9,70.35,13.723415,0.5,8.629227
95775,2016-08-01,NO20/14,36.983,13.723415,0.5,8.629227
95776,2016-08-01,SK00/41,130.59,13.723415,0.5,8.629227
95777,2016-08-01,SN00/11,7.408,13.723415,0.5,8.629227
95778,2016-08-01,SU01/5B,76.694,13.723415,0.5,8.629227
95779,2016-08-01,TF81/2A,45.287,13.723415,0.5,8.629227
95780,2016-08-01,SY68/34,66.269,13.723415,0.5,8.629227
95781,2016-08-01,SU71/23,35.77,13.723415,0.5,8.629227
95782,2016-08-01,ST07/10,57.719,13.723415,0.5,8.629227
95783,2016-08-01,NY63/2,130.57,13.723415,0.5,8.629227
95784,2016-08-01,SU81/1,43.11,13.723415,0.5,8.629227
95785,2016-08-02,NY63/2,130.591,14.721333,0.8,11.095669
95786,2016-08-02,SK00/41,130.596,14.721333,0.8,11.095669
95787,2016-08-02,TQ25/86,97.85,14.721333,0.8,11.095669
95788,2016-08-02,NH95/17,29.429,14.721333,0.8,11.095669
95789,2016-08-02,SY68/34,66.266,14.721333,0.8,11.095669
95790,2016-08-02,SU71/23,35.69,14.721333,0.8,11.095669
95791,2016-08-02,NO20/14,36.92,14.721333,0.8,11.095669
95792,2016-08-02,ST07/10,60.525,14.721333,0.8,11.095669
95793,2016-08-02,SJ15/13,79.962,14.721333,0.8,11.095669
95794,2016-08-02,ID30/1,113.73,14.721333,0.8,11.095669
95795,2016-08-02,TR14/9,70.28,14.721333,0.8,11.095669
95796,2016-08-02,SU01/5B,76.587,14.721333,0.8,11.095669
95797,2016-08-02,TF81/2A,45.275,14.721333,0.8,11.095669
95798,2016-08-02,SN00/11,7.634,14.721333,0.8,11.095669
95799,2016-08-02,SU81/1,43.04,14.721333,0.8,11.095669
95800,2016-08-03,SP00/62,100.89,15.485917,14.999998,19.766678
95801,2016-08-03,SY68/34,66.248,15.485917,14.999998,19.766678
95802,2016-08-03,SJ15/13,79.964,15.485917,14.999998,19.766678
95803,2016-08-03,TF03/37,13.65,15.485917,14.999998,19.766678
95804,2016-08-03,NH95/17,29.34,15.485917,14.999998,19.766678
95805,2016-08-03,SN00/11,7.704,15.485917,14.999998,19.766678
95806,2016-08-03,SK00/41,130.605,15.485917,14.999998,19.766678
95807,2016-08-03,NY63/2,130.61,15.485917,14.999998,19.766678
95808,2016-08-03,ID30/1,113.65,15.485917,14.999998,19.766678
95809,2016-08-03,SU17/57,132.98,15.485917,14.999998,19.766678
95810,2016-08-03,NO20/14,36.812,15.485917,14.999998,19.766678
95811,2016-08-03,SU71/23,35.62,15.485917,14.999998,19.766678
95812,2016-08-03,TR14/9,70.21,15.485917,14.999998,19.766678
95813,2016-08-03,ST07/10,63.16,15.485917,14.999998,19.766678
95814,2016-08-03,TF81/2A,45.263,15.485917,14.999998,19.766678
95815,2016-08-03,SU81/1,43.05,15.485917,14.999998,19.766678
95816,2016-08-03,TQ25/86,97.84,15.485917,14.999998,19.766678
95817,2016-08-03,TL33/67,81.76,15.485917,14.999998,19.766678
95818,2016-08-03,SU01/5B,76.475,15.485917,14.999998,19.766678
95819,2016-08-04,SJ15/13,79.928,15.7317505,3.2,15.98846
95820,2016-08-04,SU81/1,42.99,15.7317505,3.2,15.98846
95821,2016-08-04,NH95/17,29.342,15.7317505,3.2,15.98846
95822,2016-08-04,SK00/41,130.605,15.7317505,3.2,15.98846
95823,2016-08-04,SU71/23,35.54,15.7317505,3.2,15.98846
95824,2016-08-04,TF81/2A,45.245,15.7317505,3.2,15.98846
95825,2016-08-04,SU01/5B,76.357,15.7317505,3.2,15.98846
95826,2016-08-04,SY68/34,66.23,15.7317505,3.2,15.98846
95827,2016-08-04,ID30/1,113.76,15.7317505,3.2,15.98846
95828,2016-08-04,NO20/14,36.837,15.7317505,3.2,15.98846
95829,2016-08-04,TQ25/86,97.82,15.7317505,3.2,15.98846
95830,2016-08-04,TF03/37,13.531,15.7317505,3.2,15.98846
95831,2016-08-04,TR14/9,70.13,15.7317505,3.2,15.98846
95832,2016-08-04,NY63/2,130.63,15.7317505,3.2,15.98846
95833,2016-08-04,ST07/10,64.24,15.7317505,3.2,15.98846
95834,2016-08-05,SY68/34,66.211,14.91925,0.5,9.826011
95835,2016-08-05,ST07/10,64.513,14.91925,0.5,9.826011
95836,2016-08-05,TF03/37,13.492,14.91925,0.5,9.826011
95837,2016-08-05,NH95/17,29.334,14.91925,0.5,9.826011
95838,2016-08-05,TQ25/86,97.79,14.91925,0.5,9.826011
95839,2016-08-05,SK00/41,130.592,14.91925,0.5,9.826011
95840,2016-08-05,SU71/23,35.46,14.91925,0.5,9.826011
95841,2016-08-05,SU01/5B,76.232,14.91925,0.5,9.826011
95842,2016-08-05,TR14/9,70.06,14.91925,0.5,9.826011
95843,2016-08-05,SN00/11,7.683,14.91925,0.5,9.826011
95844,2016-08-05,NO20/14,36.93,14.91925,0.5,9.826011
95845,2016-08-05,SU81/1,42.9,14.91925,0.5,9.826011
95846,2016-08-05,TF81/2A,45.217,14.91925,0.5,9.826011
95847,2016-08-05,ID30/1,113.85,14.91925,0.5,9.826011
95848,2016-08-05,NY63/2,130.552,14.91925,0.5,9.826011
95849,2016-08-05,SJ15/13,79.892,14.91925,0.5,9.826011
95850,2016-08-06,TF81/2A,45.191,15.175499,0.0,14.719463
95851,2016-08-06,TQ25/86,97.77,15.175499,0.0,14.719463
95852,2016-08-06,NY63/2,130.523,15.175499,0.0,14.719463
95853,2016-08-06,SK00/41,130.583,15.175499,0.0,14.719463
95854,2016-08-06,TR14/9,69.99,15.175499,0.0,14.719463
95855,2016-08-06,ST07/10,64.458,15.175499,0.0,14.719463
95856,2016-08-06,SN00/11,7.669,15.175499,0.0,14.719463
95857,2016-08-06,SY68/34,66.192,15.175499,0.0,14.719463
95858,2016-08-06,SU71/23,35.37,15.175499,0.0,14.719463
95859,2016-08-06,ID30/1,113.83,15.175499,0.0,14.719463
95860,2016-08-06,NH95/17,29.342,15.175499,0.0,14.719463
95861,2016-08-06,SU81/1,42.79,15.175499,0.0,14.719463
95862,2016-08-06,NO20/14,36.953,15.175499,0.0,14.719463
95863,2016-08-06,SU01/5B,76.114,15.175499,0.0,14.719463
95864,2016-08-06,SJ15/13,79.885,15.175499,0.0,14.719463
95865,2016-08-06,TF03/37,13.43,15.175499,0.0,14.719463
95866,2016-08-07,TR14/9,69.92,15.56092,3.7000003,29.983969
95867,2016-08-07,TF81/2A,45.172,15.56092,3.7000003,29.983969
95868,2016-08-07,SJ15/13,79.895,15.56092,3.7000003,29.983969
95869,2016-08-07,SU81/1,42.69,15.56092,3.7000003,29.983969
95870,2016-08-07,TQ25/86,97.75,15.56092,3.7000003,29.983969
95871,2016-08-07,ST07/10,64.207,15.56092,3.7000003,29.983969
95872,2016-08-07,SN00/11,7.65,15.56092,3.7000003,29.983969
95873,2016-08-07,NH95/17,29.372,15.56092,3.7000003,29.983969
95874,2016-08-07,SY68/34,66.174,15.56092,3.7000003,29.983969
95875,2016-08-07,SU71/23,35.28,15.56092,3.7000003,29.983969
95876,2016-08-07,SK00/41,130.581,15.56092,3.7000003,29.983969
95877,2016-08-07,NY63/2,130.549,15.56092,3.7000003,29.983969
95878,2016-08-07,NO20/14,36.849,15.56092,3.7000003,29.983969
95879,2016-08-07,SU01/5B,76.012,15.56092,3.7000003,29.983969
95880,2016-08-07,TF03/37,13.42,15.56092,3.7000003,29.983969
95881,2016-08-07,ID30/1,113.73,15.56092,3.7000003,29.983969
95882,2016-08-08,TF81/2A,45.16,13.100499,0.3,23.743595
95883,2016-08-08,SY68/34,66.155,13.100499,0.3,23.743595
95884,2016-08-08,NY63/2,130.568,13.100499,0.3,23.743595
95885,2016-08-08,NO20/14,36.879,13.100499,0.3,23.743595
95886,2016-08-08,SU81/1,42.63,13.100499,0.3,23.743595
95887,2016-08-08,ID30/1,113.76,13.100499,0.3,23.743595
95888,2016-08-08,SU71/23,35.21,13.100499,0.3,23.743595
95889,2016-08-08,TR14/9,69.85,13.100499,0.3,23.743595
95890,2016-08-08,ST07/10,63.732,13.100499,0.3,23.743595
95891,2016-08-08,SJ15/13,79.876,13.100499,0.3,23.743595
95892,2016-08-08,SU01/5B,75.911,13.100499,0.3,23.743595
95893,2016-08-08,SK00/41,130.58,13.100499,0.3,23.743595
95894,2016-08-08,SN00/11,7.618,13.100499,0.3,23.743595
95895,2016-08-08,NH95/17,29.342,13.100499,0.3,23.743595
95896,2016-08-08,TQ25/86,97.73,13.100499,0.3,23.743595
95897,2016-08-08,TF03/37,13.352,13.100499,0.3,23.743595
95898,2016-08-09,NY63/2,130.51,11.458833,1.3000001,13.212152
95899,2016-08-09,SN00/11,7.588,11.458833,1.3000001,13.212152
95900,2016-08-09,NO20/14,36.955,11.458833,1.3000001,13.212152
95901,2016-08-09,ST07/10,63.173,11.458833,1.3000001,13.212152
95902,2016-08-09,SU81/1,42.59,11.458833,1.3000001,13.212152
95903,2016-08-09,ID30/1,113.73,11.458833,1.3000001,13.212152
95904,2016-08-09,TR14/9,69.78,11.458833,1.3000001,13.212152
95905,2016-08-09,TF81/2A,45.136,11.458833,1.3000001,13.212152
95906,2016-08-09,TF03/37,13.329,11.458833,1.3000001,13.212152
95907,2016-08-09,SY68/34,66.135,11.458833,1.3000001,13.212152
95908,2016-08-09,TQ25/86,97.71,11.458833,1.3000001,13.212152
95909,2016-08-09,NH95/17,29.321,11.458833,1.3000001,13.212152
95910,2016-08-09,SU01/5B,75.81,11.458833,1.3000001,13.212152
95911,2016-08-09,SJ15/13,79.869,11.458833,1.3000001,13.212152
95912,2016-08-09,SK00/41,130.58,11.458833,1.3000001,13.212152
95913,2016-08-09,SU71/23,35.13,11.458833,1.3000001,13.212152
95914,2016-08-10,TF81/2A,45.117,11.600501,4.2000003,9.687858
95915,2016-08-10,TR14/9,69.71,11.600501,4.2000003,9.687858
95916,2016-08-10,TL33/67,81.56,11.600501,4.2000003,9.687858
95917,2016-08-10,ID30/1,113.68,11.600501,4.2000003,9.687858
95918,2016-08-10,SU01/5B,75.714,11.600501,4.2000003,9.687858
95919,2016-08-10,NY63/2,130.515,11.600501,4.2000003,9.687858
95920,2016-08-10,NO20/14,36.954,11.600501,4.2000003,9.687858
95921,2016-08-10,SJ15/13,79.876,11.600501,4.2000003,9.687858
95922,2016-08-10,SY68/34,66.115,11.600501,4.2000003,9.687858
95923,2016-08-10,SU17/57,132.65,11.600501,4.2000003,9.687858
95924,2016-08-10,SP00/62,100.76,11.600501,4.2000003,9.687858
95925,2016-08-10,SK00/41,130.58,11.600501,4.2000003,9.687858
95926,2016-08-10,TF03/37,13.297,11.600501,4.2000003,9.687858
95927,2016-08-10,NH95/17,29.331,11.600501,4.2000003,9.687858
95928,2016-08-10,SN00/11,7.562,11.600501,4.2000003,9.687858
95929,2016-08-10,TQ25/86,97.69,11.600501,4.2000003,9.687858
95930,2016-08-10,SU81/1,42.53,11.600501,4.2000003,9.687858
95931,2016-08-10,ST07/10,62.676,11.600501,4.2000003,9.687858
95932,2016-08-10,SU71/23,35.04,11.600501,4.2000003,9.687858
95933,2016-08-11,NY63/2,130.542,14.650501,4.7999997,19.974262
95934,2016-08-11,NH95/17,29.359,14.650501,4.7999997,19.974262
95935,2016-08-11,TQ25/86,97.67,14.650501,4.7999997,19.974262
95936,2016-08-11,SK00/41,130.58,14.650501,4.7999997,19.974262
95937,2016-08-11,ST07/10,62.233,14.650501,4.7999997,19.974262
95938,2016-08-11,TR14/9,69.64,14.650501,4.7999997,19.974262
95939,2016-08-11,SU01/5B,75.618,14.650501,4.7999997,19.974262
95940,2016-08-11,TF03/37,13.259,14.650501,4.7999997,19.974262
95941,2016-08-11,SE94/5,16.39,14.650501,4.7999997,19.974262
95942,2016-08-11,SY68/34,66.096,14.650501,4.7999997,19.974262
95943,2016-08-11,TF81/2A,45.101,14.650501,4.7999997,19.974262
95944,2016-08-11,SU81/1,42.43,14.650501,4.7999997,19.974262
95945,2016-08-11,SU71/23,34.97,14.650501,4.7999997,19.974262
95946,2016-08-11,ID30/1,113.68,14.650501,4.7999997,19.974262
95947,2016-08-11,NO20/14,36.862,14.650501,4.7999997,19.974262
95948,2016-08-11,SJ15/13,79.878,14.650501,4.7999997,19.974262
95949,2016-08-11,SN00/11,7.536,14.650501,4.7999997,19.974262
95950,2016-08-12,SK00/41,130.58,15.527583,0.8,23.257557
95951,2016-08-12,SN00/11,7.509,15.527583,0.8,23.257557
95952,2016-08-12,NO20/14,36.813,15.527583,0.8,23.257557
95953,2016-08-12,SU71/23,34.89,15.527583,0.8,23.257557
95954,2016-08-12,ID30/1,113.57,15.527583,0.8,23.257557
95955,2016-08-12,TF03/37,13.258,15.527583,0.8,23.257557
95956,2016-08-12,SJ15/13,79.877,15.527583,0.8,23.257557
95957,2016-08-12,TF81/2A,45.082,15.527583,0.8,23.257557
95958,2016-08-12,TR14/9,69.57,15.527583,0.8,23.257557
95959,2016-08-12,SU81/1,42.32,15.527583,0.8,23.257557
95960,2016-08-12,NH95/17,29.389,15.527583,0.8,23.257557
95961,2016-08-12,SY68/34,66.077,15.527583,0.8,23.257557
95962,2016-08-12,ST07/10,61.836,15.527583,0.8,23.257557
95963,2016-08-12,NY63/2,130.569,15.527583,0.8,23.257557
95964,2016-08-12,TQ25/86,97.65,15.527583,0.8,23.257557
95965,2016-08-12,SU01/5B,75.52,15.527583,0.8,23.257557
95966,2016-08-13,SN00/11,7.484,14.8567505,3.1000004,18.0208
95967,2016-08-13,SU01/5B,75.431,14.8567505,3.1000004,18.0208
95968,2016-08-13,TQ25/86,97.63,14.8567505,3.1000004,18.0208
95969,2016-08-13,SU71/23,34.82,14.8567505,3.1000004,18.0208
95970,2016-08-13,NH95/17,29.379,14.8567505,3.1000004,18.0208
95971,2016-08-13,SK00/41,130.58,14.8567505,3.1000004,18.0208
95972,2016-08-13,ID30/1,113.54,14.8567505,3.1000004,18.0208
95973,2016-08-13,SJ15/13,79.862,14.8567505,3.1000004,18.0208
95974,2016-08-13,NY63/2,130.57,14.8567505,3.1000004,18.0208
95975,2016-08-13,SY68/34,66.057,14.8567505,3.1000004,18.0208
95976,2016-08-13,SU81/1,42.24,14.8567505,3.1000004,18.0208
95977,2016-08-13,TR14/9,69.49,14.8567505,3.1000004,18.0208
95978,2016-08-13,NO20/14,36.81,14.8567505,3.1000004,18.0208
95979,2016-08-13,TF81/2A,45.066,14.8567505,3.1000004,18.0208
95980,2016-08-13,TF03/37,13.156,14.8567505,3.1000004,18.0208
95981,2016-08-13,ST07/10,61.463,14.8567505,3.1000004,18.0208
95982,2016-08-14,TF03/37,13.141,14.702583,0.0,8.32355
95983,2016-08-14,SN00/11,7.459,14.702583,0.0,8.32355
95984,2016-08-14,NH95/17,29.353,14.702583,0.0,8.32355
95985,2016-08-14,NO20/14,36.862,14.702583,0.0,8.32355
95986,2016-08-14,SK00/41,130.58,14.702583,0.0,8.32355
95987,2016-08-14,SU71/23,34.74,14.702583,0.0,8.32355
95988,2016-08-14,SU81/1,42.21,14.702583,0.0,8.32355
95989,2016-08-14,ID30/1,113.51,14.702583,0.0,8.32355
95990,2016-08-14,TQ25/86,97.61,14.702583,0.0,8.32355
95991,2016-08-14,TF81/2A,45.044,14.702583,0.0,8.32355
95992,2016-08-14,SU01/5B,75.337,14.702583,0.0,8.32355
95993,2016-08-14,NY63/2,130.529,14.702583,0.0,8.32355
95994,2016-08-14,TR14/9,69.42,14.702583,0.0,8.32355
95995,2016-08-14,SY68/34,66.036,14.702583,0.0,8.32355
95996,2016-08-14,SJ15/13,79.852,14.702583,0.0,8.32355
95997,2016-08-14,ST07/10,61.103,14.702583,0.0,8.32355
95998,2016-08-15,ID30/1,113.46,15.588001,0.0,6.1694655
95999,2016-08-15,SK00/41,130.58,15.588001,0.0,6.1694655
96000,2016-08-15,SY68/34,66.017,15.588001,0.0,6.1694655
96001,2016-08-15,TR14/9,69.35,15.588001,0.0,6.1694655
96002,2016-08-15,TQ25/86,97.59,15.588001,0.0,6.1694655
96003,2016-08-15,NH95/17,29.353,15.588001,0.0,6.1694655
96004,2016-08-15,SU71/23,34.67,15.588001,0.0,6.1694655
96005,2016-08-15,NY63/2,130.514,15.588001,0.0,6.1694655
96006,2016-08-15,SN00/11,7.438,15.588001,0.0,6.1694655
96007,2016-08-15,SU81/1,42.11,15.588001,0.0,6.1694655
96008,2016-08-15,NO20/14,36.861,15.588001,0.0,6.1694655
96009,2016-08-15,SU01/5B,75.246,15.588001,0.0,6.1694655
96010,2016-08-15,TF81/2A,45.023,15.588001,0.0,6.1694655
96011,2016-08-15,ST07/10,60.765,15.588001,0.0,6.1694655
96012,2016-08-15,SJ15/13,79.86,15.588001,0.0,6.1694655
96013,2016-08-15,TF03/37,13.136,15.588001,0.0,6.1694655
96014,2016-08-16,SU71/23,34.6,16.425499,0.0,8.593992
96015,2016-08-16,ST07/10,60.477,16.425499,0.0,8.593992
96016,2016-08-16,SU01/5B,75.159,16.425499,0.0,8.593992
96017,2016-08-16,ID30/1,113.36,16.425499,0.0,8.593992
96018,2016-08-16,SY68/34,65.998,16.425499,0.0,8.593992
96019,2016-08-16,SU81/1,42.09,16.425499,0.0,8.593992
96020,2016-08-16,TF03/37,13.086,16.425499,0.0,8.593992
96021,2016-08-16,NO20/14,36.811,16.425499,0.0,8.593992
96022,2016-08-16,NY63/2,130.525,16.425499,0.0,8.593992
96023,2016-08-16,TF81/2A,45.008,16.425499,0.0,8.593992
96024,2016-08-16,TR14/9,69.28,16.425499,0.0,8.593992
96025,2016-08-16,TQ25/86,97.58,16.425499,0.0,8.593992
96026,2016-08-16,NH95/17,29.354,16.425499,0.0,8.593992
96027,2016-08-16,SJ15/13,79.871,16.425499,0.0,8.593992
96028,2016-08-16,SK00/41,130.585,16.425499,0.0,8.593992
96029,2016-08-16,SN00/11,7.417,16.425499,0.0,8.593992
96030,2016-08-17,SK00/41,130.592,15.5755,0.0,8.683272
96031,2016-08-17,NY63/2,130.534,15.5755,0.0,8.683272
96032,2016-08-17,ID30/1,113.33,15.5755,0.0,8.683272
96033,2016-08-17,SU81/1,42.05,15.5755,0.0,8.683272
96034,2016-08-17,TL33/67,81.27,15.5755,0.0,8.683272
96035,2016-08-17,TQ25/86,97.57,15.5755,0.0,8.683272
96036,2016-08-17,NH95/17,29.361,15.5755,0.0,8.683272
96037,2016-08-17,TR14/9,69.21,15.5755,0.0,8.683272
96038,2016-08-17,SU71/23,34.54,15.5755,0.0,8.683272
96039,2016-08-17,NO20/14,36.756,15.5755,0.0,8.683272
96040,2016-08-17,SU01/5B,75.075,15.5755,0.0,8.683272
96041,2016-08-17,TF81/2A,44.994,15.5755,0.0,8.683272
96042,2016-08-17,SN00/11,7.398,15.5755,0.0,8.683272
96043,2016-08-17,TF03/37,13.029,15.5755,0.0,8.683272
96044,2016-08-17,SY68/34,65.979,15.5755,0.0,8.683272
96045,2016-08-17,SJ15/13,79.879,15.5755,0.0,8.683272
96046,2016-08-17,ST07/10,60.15,15.5755,0.0,8.683272
96047,2016-08-17,SU17/57,132.33,15.5755,0.0,8.683272
96048,2016-08-17,SP00/62,100.64,15.5755,0.0,8.683272
96049,2016-08-18,SN00/11,7.385,15.900498,0.0,9.978005
96050,2016-08-18,SJ15/13,79.884,15.900498,0.0,9.978005
96051,2016-08-18,TF81/2A,44.979,15.900498,0.0,9.978005
96052,2016-08-18,SU01/5B,74.989,15.900498,0.0,9.978005
96053,2016-08-18,TQ25/86,97.55,15.900498,0.0,9.978005
96054,2016-08-18,ST07/10,59.872,15.900498,0.0,9.978005
96055,2016-08-18,TF03/37,12.992,15.900498,0.0,9.978005
96056,2016-08-18,TV59/7C,1.42,15.900498,0.0,9.978005
96057,2016-08-18,TR14/9,69.14,15.900498,0.0,9.978005
96058,2016-08-18,NO20/14,36.705,15.900498,0.0,9.978005
96059,2016-08-18,SU71/23,34.48,15.900498,0.0,9.978005
96060,2016-08-18,SY68/34,65.961,15.900498,0.0,9.978005
96061,2016-08-18,ID30/1,113.31,15.900498,0.0,9.978005
96062,2016-08-18,NY63/2,130.536,15.900498,0.0,9.978005
96063,2016-08-18,SK00/41,130.6,15.900498,0.0,9.978005
96064,2016-08-18,SU81/1,41.99,15.900498,0.0,9.978005
96065,2016-08-18,NH95/17,29.362,15.900498,0.0,9.978005
96066,2016-08-19,TQ25/86,97.53,14.763,5.8,16.267124
96067,2016-08-19,ST07/10,59.697,14.763,5.8,16.267124
96068,2016-08-19,TF81/2A,44.962,14.763,5.8,16.267124
96069,2016-08-19,SU01/5B,74.904,14.763,5.8,16.267124
96070,2016-08-19,SY68/34,65.945,14.763,5.8,16.267124
96071,2016-08-19,TR14/9,69.07,14.763,5.8,16.267124
96072,2016-08-19,SK00/41,130.611,14.763,5.8,16.267124
96073,2016-08-19,TF03/37,12.97,14.763,5.8,16.267124
96074,2016-08-19,ID30/1,113.38,14.763,5.8,16.267124
96075,2016-08-19,SN00/11,7.404,14.763,5.8,16.267124
96076,2016-08-19,SU81/1,41.91,14.763,5.8,16.267124
96077,2016-08-19,NY63/2,130.533,14.763,5.8,16.267124
96078,2016-08-19,NH95/17,29.372,14.763,5.8,16.267124
96079,2016-08-19,SJ15/13,79.91,14.763,5.8,16.267124
96080,2016-08-19,SU71/23,34.41,14.763,5.8,16.267124
96081,2016-08-19,NO20/14,36.629,14.763,5.8,16.267124
96082,2016-08-20,SK00/41,130.62,14.542168,10.9,19.529734
96083,2016-08-20,TF03/37,12.992,14.542168,10.9,19.529734
96084,2016-08-20,SJ15/13,79.889,14.542168,10.9,19.529734
96085,2016-08-20,NO20/14,36.547,14.542168,10.9,19.529734
96086,2016-08-20,TF81/2A,44.95,14.542168,10.9,19.529734
96087,2016-08-20,ST07/10,59.583,14.542168,10.9,19.529734
96088,2016-08-20,SN00/11,7.404,14.542168,10.9,19.529734
96089,2016-08-20,ID30/1,113.47,14.542168,10.9,19.529734
96090,2016-08-20,TR14/9,68.99,14.542168,10.9,19.529734
96091,2016-08-20,SU71/23,34.34,14.542168,10.9,19.529734
96092,2016-08-20,SU01/5B,74.813,14.542168,10.9,19.529734
96093,2016-08-20,NH95/17,29.377,14.542168,10.9,19.529734
96094,2016-08-20,TQ25/86,97.5,14.542168,10.9,19.529734
96095,2016-08-20,SU81/1,41.87,14.542168,10.9,19.529734
96096,2016-08-20,NY63/2,130.567,14.542168,10.9,19.529734
96097,2016-08-20,SY68/34,65.926,14.542168,10.9,19.529734
96098,2016-08-21,TR14/9,68.92,14.942166,1.9000001,17.27629
96099,2016-08-21,ID30/1,113.7,14.942166,1.9000001,17.27629
96100,2016-08-21,NO20/14,36.599,14.942166,1.9000001,17.27629
96101,2016-08-21,SJ15/13,79.842,14.942166,1.9000001,17.27629
96102,2016-08-21,TQ25/86,97.46,14.942166,1.9000001,17.27629
96103,2016-08-21,SU71/23,34.26,14.942166,1.9000001,17.27629
96104,2016-08-21,SN00/11,7.4,14.942166,1.9000001,17.27629
96105,2016-08-21,ST07/10,59.687,14.942166,1.9000001,17.27629
96106,2016-08-21,SK00/41,130.609,14.942166,1.9000001,17.27629
96107,2016-08-21,NY63/2,130.546,14.942166,1.9000001,17.27629
96108,2016-08-21,TF03/37,12.926,14.942166,1.9000001,17.27629
96109,2016-08-21,NH95/17,29.345,14.942166,1.9000001,17.27629
96110,2016-08-21,SY68/34,65.906,14.942166,1.9000001,17.27629
96111,2016-08-21,SU01/5B,74.71,14.942166,1.9000001,17.27629
96112,2016-08-21,TF81/2A,44.93,14.942166,1.9000001,17.27629
96113,2016-08-21,SU81/1,41.79,14.942166,1.9000001,17.27629
96114,2016-08-22,SU71/23,34.18,16.513002,5.4000006,12.473354
96115,2016-08-22,NY63/2,130.486,16.513002,5.4000006,12.473354
96116,2016-08-22,NH95/17,29.327,16.513002,5.4000006,12.473354
96117,2016-08-22,SK00/41,130.597,16.513002,5.4000006,12.473354
96118,2016-08-22,SJ15/13,79.821,16.513002,5.4000006,12.473354
96119,2016-08-22,SY68/34,65.887,16.513002,5.4000006,12.473354
96120,2016-08-22,SU81/1,41.67,16.513002,5.4000006,12.473354
96121,2016-08-22,TQ25/86,97.43,16.513002,5.4000006,12.473354
96122,2016-08-22,ID30/1,113.82,16.513002,5.4000006,12.473354
96123,2016-08-22,ST07/10,59.852,16.513002,5.4000006,12.473354
96124,2016-08-22,TF03/37,12.914,16.513002,5.4000006,12.473354
96125,2016-08-22,SU01/5B,74.609,16.513002,5.4000006,12.473354
96126,2016-08-22,SN00/11,7.422,16.513002,5.4000006,12.473354
96127,2016-08-22,NO20/14,36.644,16.513002,5.4000006,12.473354
96128,2016-08-22,TM15/112,25.42,16.513002,5.4000006,12.473354
96129,2016-08-22,TF81/2A,44.899,16.513002,5.4000006,12.473354
96130,2016-08-22,TR14/9,68.85,16.513002,5.4000006,12.473354
96131,2016-08-23,SU81/1,41.59,16.340082,1.6,8.488484
96132,2016-08-23,NH95/17,29.317,16.340082,1.6,8.488484
96133,2016-08-23,NO20/14,36.699,16.340082,1.6,8.488484
96134,2016-08-23,SY68/34,65.868,16.340082,1.6,8.488484
96135,2016-08-23,SU01/5B,74.519,16.340082,1.6,8.488484
96136,2016-08-23,ST07/10,59.911,16.340082,1.6,8.488484
96137,2016-08-23,TR14/9,68.78,16.340082,1.6,8.488484
96138,2016-08-23,SU71/23,34.1,16.340082,1.6,8.488484
96139,2016-08-23,SN00/11,7.429,16.340082,1.6,8.488484
96140,2016-08-23,SJ15/13,79.821,16.340082,1.6,8.488484
96141,2016-08-23,ID30/1,113.9,16.340082,1.6,8.488484
96142,2016-08-23,TF81/2A,44.875,16.340082,1.6,8.488484
96143,2016-08-23,NY63/2,130.466,16.340082,1.6,8.488484
96144,2016-08-23,TQ25/86,97.42,16.340082,1.6,8.488484
96145,2016-08-23,SK00/41,130.59,16.340082,1.6,8.488484
96146,2016-08-23,TF03/37,12.865,16.340082,1.6,8.488484
96147,2016-08-23,SE95/6,19.95,16.340082,1.6,8.488484
96148,2016-08-23,SJ62/235,54.55,16.340082,1.6,8.488484
96149,2016-08-24,SU01/5B,74.431,16.521334,0.1,5.7429123
96150,2016-08-24,ST07/10,59.821,16.521334,0.1,5.7429123
96151,2016-08-24,TQ25/86,97.4,16.521334,0.1,5.7429123
96152,2016-08-24,SN00/11,7.414,16.521334,0.1,5.7429123
96153,2016-08-24,NY63/2,130.494,16.521334,0.1,5.7429123
96154,2016-08-24,SU81/1,41.55,16.521334,0.1,5.7429123
96155,2016-08-24,TR14/9,68.71,16.521334,0.1,5.7429123
96156,2016-08-24,TF81/2A,44.862,16.521334,0.1,5.7429123
96157,2016-08-24,SJ15/13,79.82,16.521334,0.1,5.7429123
96158,2016-08-24,SK00/41,130.59,16.521334,0.1,5.7429123
96159,2016-08-24,NH95/17,29.313,16.521334,0.1,5.7429123
96160,2016-08-24,TL33/67,80.96,16.521334,0.1,5.7429123
96161,2016-08-24,SU71/23,34.03,16.521334,0.1,5.7429123
96162,2016-08-24,NO20/14,36.677,16.521334,0.1,5.7429123
96163,2016-08-24,TF03/37,12.836,16.521334,0.1,5.7429123
96164,2016-08-24,SP00/62,100.55,16.521334,0.1,5.7429123
96165,2016-08-24,SY68/34,65.849,16.521334,0.1,5.7429123
96166,2016-08-24,SU17/57,132.03,16.521334,0.1,5.7429123
96167,2016-08-24,ID30/1,113.96,16.521334,0.1,5.7429123
96168,2016-08-25,SN00/11,7.395,16.529665,2.3,7.692607
96169,2016-08-25,TF81/2A,44.844,16.529665,2.3,7.692607
96170,2016-08-25,SY68/34,65.83,16.529665,2.3,7.692607
96171,2016-08-25,NY63/2,130.485,16.529665,2.3,7.692607
96172,2016-08-25,TQ25/86,97.37,16.529665,2.3,7.692607
96173,2016-08-25,ST07/10,59.76,16.529665,2.3,7.692607
96174,2016-08-25,TF03/37,12.78,16.529665,2.3,7.692607
96175,2016-08-25,SJ15/13,79.832,16.529665,2.3,7.692607
96176,2016-08-25,SU81/1,41.47,16.529665,2.3,7.692607
96177,2016-08-25,SU71/23,33.96,16.529665,2.3,7.692607
96178,2016-08-25,TR14/9,68.64,16.529665,2.3,7.692607
96179,2016-08-25,ID30/1,113.86,16.529665,2.3,7.692607
96180,2016-08-25,SK00/41,130.59,16.529665,2.3,7.692607
96181,2016-08-25,NH95/17,29.312,16.529665,2.3,7.692607
96182,2016-08-25,NO20/14,36.672,16.529665,2.3,7.692607
96183,2016-08-25,SU01/5B,74.344,16.529665,2.3,7.692607
96184,2016-08-26,TR14/9,68.56,15.054668,0.0,13.496918
96185,2016-08-26,SU81/1,41.42,15.054668,0.0,13.496918
96186,2016-08-26,TF03/37,12.797,15.054668,0.0,13.496918
96187,2016-08-26,SJ15/13,79.816,15.054668,0.0,13.496918
96188,2016-08-26,NO20/14,36.682,15.054668,0.0,13.496918
96189,2016-08-26,NH95/17,29.313,15.054668,0.0,13.496918
96190,2016-08-26,TQ25/86,97.34,15.054668,0.0,13.496918
96191,2016-08-26,NY63/2,130.509,15.054668,0.0,13.496918
96192,2016-08-26,SY68/34,65.81,15.054668,0.0,13.496918
96193,2016-08-26,TF81/2A,44.828,15.054668,0.0,13.496918
96194,2016-08-26,SU01/5B,74.251,15.054668,0.0,13.496918
96195,2016-08-26,ID30/1,113.74,15.054668,0.0,13.496918
96196,2016-08-26,SK00/41,130.59,15.054668,0.0,13.496918
96197,2016-08-26,ST07/10,59.808,15.054668,0.0,13.496918
96198,2016-08-26,SU71/23,33.89,15.054668,0.0,13.496918
96199,2016-08-26,SN00/11,7.373,15.054668,0.0,13.496918
96200,2016-08-27,SU81/1,41.34,15.565085,0.0,9.16108
96201,2016-08-27,TF03/37,12.743,15.565085,0.0,9.16108
96202,2016-08-27,SU71/23,33.82,15.565085,0.0,9.16108
96203,2016-08-27,SJ15/13,79.831,15.565085,0.0,9.16108
96204,2016-08-27,NO20/14,36.695,15.565085,0.0,9.16108
96205,2016-08-27,SK00/41,130.59,15.565085,0.0,9.16108
96206,2016-08-27,NY63/2,130.466,15.565085,0.0,9.16108
96207,2016-08-27,SN00/11,7.361,15.565085,0.0,9.16108
96208,2016-08-27,TQ25/86,97.32,15.565085,0.0,9.16108
96209,2016-08-27,ID30/1,113.68,15.565085,0.0,9.16108
96210,2016-08-27,TR14/9,68.49,15.565085,0.0,9.16108
96211,2016-08-27,SU01/5B,74.165,15.565085,0.0,9.16108
96212,2016-08-27,ST07/10,59.827,15.565085,0.0,9.16108
96213,2016-08-27,SY68/34,65.797,15.565085,0.0,9.16108
96214,2016-08-27,NH95/17,29.295,15.565085,0.0,9.16108
96215,2016-08-27,TF81/2A,44.803,15.565085,0.0,9.16108
96216,2016-08-28,SU01/5B,74.078,14.671336,3.8,7.487449
96217,2016-08-28,TF03/37,12.734,14.671336,3.8,7.487449
96218,2016-08-28,NH95/17,29.287,14.671336,3.8,7.487449
96219,2016-08-28,SU71/23,33.75,14.671336,3.8,7.487449
96220,2016-08-28,SU81/1,41.26,14.671336,3.8,7.487449
96221,2016-08-28,SK00/41,130.59,14.671336,3.8,7.487449
96222,2016-08-28,TQ25/86,97.28,14.671336,3.8,7.487449
96223,2016-08-28,ST07/10,59.719,14.671336,3.8,7.487449
96224,2016-08-28,SJ15/13,79.814,14.671336,3.8,7.487449
96225,2016-08-28,TR14/9,68.42,14.671336,3.8,7.487449
96226,2016-08-28,SY68/34,65.778,14.671336,3.8,7.487449
96227,2016-08-28,NO20/14,36.647,14.671336,3.8,7.487449
96228,2016-08-28,NY63/2,130.499,14.671336,3.8,7.487449
96229,2016-08-28,ID30/1,113.63,14.671336,3.8,7.487449
96230,2016-08-28,TF81/2A,44.794,14.671336,3.8,7.487449
96231,2016-08-28,SN00/11,7.343,14.671336,3.8,7.487449
96232,2016-08-29,TQ25/86,97.24,13.627585,0.0,10.690918
96233,2016-08-29,TF03/37,12.717,13.627585,0.0,10.690918
96234,2016-08-29,NH95/17,29.283,13.627585,0.0,10.690918
96235,2016-08-29,ID30/1,113.58,13.627585,0.0,10.690918
96236,2016-08-29,SU71/23,33.67,13.627585,0.0,10.690918
96237,2016-08-29,SU01/5B,73.982,13.627585,0.0,10.690918
96238,2016-08-29,SK00/41,130.589,13.627585,0.0,10.690918
96239,2016-08-29,NO20/14,36.669,13.627585,0.0,10.690918
96240,2016-08-29,TR14/9,68.34,13.627585,0.0,10.690918
96241,2016-08-29,SU81/1,41.19,13.627585,0.0,10.690918
96242,2016-08-29,SY68/34,65.76,13.627585,0.0,10.690918
96243,2016-08-29,TF81/2A,44.77,13.627585,0.0,10.690918
96244,2016-08-29,ST07/10,59.566,13.627585,0.0,10.690918
96245,2016-08-29,NY63/2,130.485,13.627585,0.0,10.690918
96246,2016-08-29,SJ15/13,79.789,13.627585,0.0,10.690918
96247,2016-08-29,SN00/11,7.322,13.627585,0.0,10.690918
96248,2016-08-30,NY63/2,130.466,16.173418,0.3,14.709269
96249,2016-08-30,SU01/5B,73.896,16.173418,0.3,14.709269
96250,2016-08-30,NH95/17,29.283,16.173418,0.3,14.709269
96251,2016-08-30,SY68/34,65.74,16.173418,0.3,14.709269
96252,2016-08-30,ST07/10,59.425,16.173418,0.3,14.709269
96253,2016-08-30,TR14/9,68.28,16.173418,0.3,14.709269
96254,2016-08-30,TA10/63,15.72,16.173418,0.3,14.709269
96255,2016-08-30,TQ25/86,97.21,16.173418,0.3,14.709269
96256,2016-08-30,SU81/1,41.12,16.173418,0.3,14.709269
96257,2016-08-30,SJ15/13,79.797,16.173418,0.3,14.709269
96258,2016-08-30,SK00/41,130.58,16.173418,0.3,14.709269
96259,2016-08-30,NO20/14,36.624,16.173418,0.3,14.709269
96260,2016-08-30,ID30/1,113.49,16.173418,0.3,14.709269
96261,2016-08-30,TF81/2A,44.745,16.173418,0.3,14.709269
96262,2016-08-30,SN00/11,7.309,16.173418,0.3,14.709269
96263,2016-08-30,SU71/23,33.59,16.173418,0.3,14.709269
96264,2016-08-31,SU01/5B,73.814,15.510917,2.4,16.230297
96265,2016-08-31,TF03/37,12.734,15.510917,2.4,16.230297
96266,2016-08-31,TL33/67,80.55,15.510917,2.4,16.230297
96267,2016-08-31,TF81/2A,44.731,15.510917,2.4,16.230297
96268,2016-08-31,TR14/9,68.2,15.510917,2.4,16.230297
96269,2016-08-31,SK00/41,130.58,15.510917,2.4,16.230297
96270,2016-08-31,SU17/57,131.74,15.510917,2.4,16.230297
96271,2016-08-31,SY68/34,65.722,15.510917,2.4,16.230297
96272,2016-08-31,NO20/14,36.575,15.510917,2.4,16.230297
96273,2016-08-31,SU81/1,41.07,15.510917,2.4,16.230297
96274,2016-08-31,ST07/10,59.246,15.510917,2.4,16.230297
96275,2016-08-31,SU71/23,33.51,15.510917,2.4,16.230297
96276,2016-08-31,NY63/2,130.485,15.510917,2.4,16.230297
96277,2016-08-31,SP00/62,100.47,15.510917,2.4,16.230297
96278,2016-08-31,SJ15/13,79.791,15.510917,2.4,16.230297
96279,2016-08-31,ID30/1,113.49,15.510917,2.4,16.230297
96280,2016-08-31,NH95/17,29.28,15.510917,2.4,16.230297
96281,2016-08-31,TQ25/86,97.18,15.510917,2.4,16.230297
96282,2016-09-01,SU01/5B,73.73,13.838,0.3,17.469788
96283,2016-09-01,SK00/41,130.58,13.838,0.3,17.469788
96284,2016-09-01,SU71/23,33.44,13.838,0.3,17.469788
96285,2016-09-01,SY68/34,65.704,13.838,0.3,17.469788
96286,2016-09-01,TQ25/86,97.15,13.838,0.3,17.469788
96287,2016-09-01,TL44/12,37.47,13.838,0.3,17.469788
96288,2016-09-01,NO20/14,36.591,13.838,0.3,17.469788
96289,2016-09-01,TR14/9,68.13,13.838,0.3,17.469788
96290,2016-09-01,SN00/11,7.281,13.838,0.3,17.469788
96291,2016-09-01,TF81/2A,44.712,13.838,0.3,17.469788
96292,2016-09-01,NH95/17,29.274,13.838,0.3,17.469788
96293,2016-09-01,SU81/1,40.99,13.838,0.3,17.469788
96294,2016-09-01,ST07/10,59.076,13.838,0.3,17.469788
96295,2016-09-01,SJ15/13,79.792,13.838,0.3,17.469788
96296,2016-09-01,NY63/2,130.46,13.838,0.3,17.469788
96297,2016-09-02,NH95/17,29.274,14.667167,2.2,16.603909
96298,2016-09-02,TR14/9,68.06,14.667167,2.2,16.603909
96299,2016-09-02,ST07/10,58.898,14.667167,2.2,16.603909
96300,2016-09-02,NO20/14,36.537,14.667167,2.2,16.603909
96301,2016-09-02,SY68/34,65.686,14.667167,2.2,16.603909
96302,2016-09-02,TF81/2A,44.696,14.667167,2.2,16.603909
96303,2016-09-02,SJ15/13,79.797,14.667167,2.2,16.603909
96304,2016-09-02,SK00/41,130.58,14.667167,2.2,16.603909
96305,2016-09-02,TL33/4,80.46,14.667167,2.2,16.603909
96306,2016-09-02,SN00/11,7.282,14.667167,2.2,16.603909
96307,2016-09-02,SU71/23,33.37,14.667167,2.2,16.603909
96308,2016-09-02,SU01/5B,73.651,14.667167,2.2,16.603909
96309,2016-09-02,NY63/2,130.48,14.667167,2.2,16.603909
96310,2016-09-02,TQ25/86,97.13,14.667167,2.2,16.603909
96311,2016-09-02,SU81/1,40.92,14.667167,2.2,16.603909
96312,2016-09-03,NY63/2,130.47,13.77967,5.7999997,10.317266
96313,2016-09-03,SY68/34,65.683,13.77967,5.7999997,10.317266
96314,2016-09-03,SU01/5B,73.576,13.77967,5.7999997,10.317266
96315,2016-09-03,ST07/10,59.028,13.77967,5.7999997,10.317266
96316,2016-09-03,TQ25/86,97.1,13.77967,5.7999997,10.317266
96317,2016-09-03,SU81/1,40.89,13.77967,5.7999997,10.317266
96318,2016-09-03,SK00/41,130.589,13.77967,5.7999997,10.317266
96319,2016-09-03,TF81/2A,44.68,13.77967,5.7999997,10.317266
96320,2016-09-03,SU71/23,33.29,13.77967,5.7999997,10.317266
96321,2016-09-03,SN00/11,7.342,13.77967,5.7999997,10.317266
96322,2016-09-03,TR14/9,67.98,13.77967,5.7999997,10.317266
96323,2016-09-03,SJ15/13,79.823,13.77967,5.7999997,10.317266
96324,2016-09-03,NH95/17,29.265,13.77967,5.7999997,10.317266
96325,2016-09-03,NO20/14,36.519,13.77967,5.7999997,10.317266
96326,2016-09-04,SU01/5B,73.498,14.702582,6.0,7.559949
96327,2016-09-04,TF81/2A,44.669,14.702582,6.0,7.559949
96328,2016-09-04,NY63/2,130.513,14.702582,6.0,7.559949
96329,2016-09-04,SK00/41,130.59,14.702582,6.0,7.559949
96330,2016-09-04,NH95/17,29.253,14.702582,6.0,7.559949
96331,2016-09-04,ST07/10,59.298,14.702582,6.0,7.559949
96332,2016-09-04,NO20/14,36.506,14.702582,6.0,7.559949
96333,2016-09-04,TR14/9,67.91,14.702582,6.0,7.559949
96334,2016-09-04,SY68/34,65.668,14.702582,6.0,7.559949
96335,2016-09-04,SN00/11,7.427,14.702582,6.0,7.559949
96336,2016-09-04,TQ25/86,97.07,14.702582,6.0,7.559949
96337,2016-09-04,SJ15/13,79.796,14.702582,6.0,7.559949
96338,2016-09-04,SU71/23,33.23,14.702582,6.0,7.559949
96339,2016-09-04,SU81/1,40.8,14.702582,6.0,7.559949
96340,2016-09-05,TR14/9,67.84,15.956753,0.0,11.242393
96341,2016-09-05,SY68/34,65.655,15.956753,0.0,11.242393
96342,2016-09-05,SK00/41,130.587,15.956753,0.0,11.242393
96343,2016-09-05,SU81/1,40.72,15.956753,0.0,11.242393
96344,2016-09-05,TF81/2A,44.643,15.956753,0.0,11.242393
96345,2016-09-05,SJ15/13,79.774,15.956753,0.0,11.242393
96346,2016-09-05,NY63/2,130.444,15.956753,0.0,11.242393
96347,2016-09-05,SU01/5B,73.414,15.956753,0.0,11.242393
96348,2016-09-05,ST07/10,59.538,15.956753,0.0,11.242393
96349,2016-09-05,NH95/17,29.25,15.956753,0.0,11.242393
96350,2016-09-05,TQ25/86,97.03,15.956753,0.0,11.242393
96351,2016-09-05,SN00/11,7.515,15.956753,0.0,11.242393
96352,2016-09-05,SU71/23,33.15,15.956753,0.0,11.242393
96353,2016-09-05,NO20/14,36.514,15.956753,0.0,11.242393
96354,2016-09-06,TR14/9,67.77,18.240084,0.0,14.022018
96355,2016-09-06,SU71/23,33.07,18.240084,0.0,14.022018
96356,2016-09-06,SK00/41,130.58,18.240084,0.0,14.022018
96357,2016-09-06,NO20/14,36.503,18.240084,0.0,14.022018
96358,2016-09-06,TQ25/86,97.0,18.240084,0.0,14.022018
96359,2016-09-06,SN00/11,7.551,18.240084,0.0,14.022018
96360,2016-09-06,TF81/2A,44.621,18.240084,0.0,14.022018
96361,2016-09-06,ST07/10,59.793,18.240084,0.0,14.022018
96362,2016-09-06,SY68/34,65.639,18.240084,0.0,14.022018
96363,2016-09-06,SU81/1,40.63,18.240084,0.0,14.022018
96364,2016-09-06,NY63/2,130.43,18.240084,0.0,14.022018
96365,2016-09-06,SU01/5B,73.335,18.240084,0.0,14.022018
96366,2016-09-06,NH95/17,29.232,18.240084,0.0,14.022018
96367,2016-09-06,SJ15/13,79.764,18.240084,0.0,14.022018
96368,2016-09-07,TQ25/86,96.98,18.525501,0.0,10.076568
96369,2016-09-07,ST07/10,59.982,18.525501,0.0,10.076568
96370,2016-09-07,SU71/23,33.0,18.525501,0.0,10.076568
96371,2016-09-07,SK00/41,130.581,18.525501,0.0,10.076568
96372,2016-09-07,TR14/9,67.69,18.525501,0.0,10.076568
96373,2016-09-07,TL33/67,80.26,18.525501,0.0,10.076568
96374,2016-09-07,SJ15/13,79.79,18.525501,0.0,10.076568
96375,2016-09-07,SP00/62,100.38,18.525501,0.0,10.076568
96376,2016-09-07,SY68/34,65.623,18.525501,0.0,10.076568
96377,2016-09-07,NH95/17,29.222,18.525501,0.0,10.076568
96378,2016-09-07,SU17/57,131.51,18.525501,0.0,10.076568
96379,2016-09-07,NO20/14,36.456,18.525501,0.0,10.076568
96380,2016-09-07,NY63/2,130.426,18.525501,0.0,10.076568
96381,2016-09-07,SU81/1,40.63,18.525501,0.0,10.076568
96382,2016-09-07,SN00/11,7.589,18.525501,0.0,10.076568
96383,2016-09-07,SU01/5B,73.268,18.525501,0.0,10.076568
96384,2016-09-07,TF81/2A,44.597,18.525501,0.0,10.076568
96385,2016-09-08,ST07/10,60.013,16.156752,6.0,17.073032
96386,2016-09-08,SU71/23,32.94,16.156752,6.0,17.073032
96387,2016-09-08,NY63/2,130.464,16.156752,6.0,17.073032
96388,2016-09-08,SU81/1,40.58,16.156752,6.0,17.073032
96389,2016-09-08,SJ15/13,79.79,16.156752,6.0,17.073032
96390,2016-09-08,SU01/5B,73.197,16.156752,6.0,17.073032
96391,2016-09-08,TR14/9,67.62,16.156752,6.0,17.073032
96392,2016-09-08,SN00/11,7.632,16.156752,6.0,17.073032
96393,2016-09-08,NH95/17,29.247,16.156752,6.0,17.073032
96394,2016-09-08,TQ25/86,96.94,16.156752,6.0,17.073032
96395,2016-09-08,SY68/34,65.606,16.156752,6.0,17.073032
96396,2016-09-08,TF81/2A,44.592,16.156752,6.0,17.073032
96397,2016-09-08,NO20/14,36.37,16.156752,6.0,17.073032
96398,2016-09-08,SK00/41,130.59,16.156752,6.0,17.073032
96399,2016-09-09,NY63/2,130.455,15.792169,9.799999,23.927391
96400,2016-09-09,ST07/10,59.953,15.792169,9.799999,23.927391
96401,2016-09-09,TR14/9,67.55,15.792169,9.799999,23.927391
96402,2016-09-09,SU71/23,32.87,15.792169,9.799999,23.927391
96403,2016-09-09,SN00/11,7.671,15.792169,9.799999,23.927391
96404,2016-09-09,SY68/34,65.589,15.792169,9.799999,23.927391
96405,2016-09-09,NH95/17,29.258,15.792169,9.799999,23.927391
96406,2016-09-09,NO20/14,36.361,15.792169,9.799999,23.927391
96407,2016-09-09,TF81/2A,44.571,15.792169,9.799999,23.927391
96408,2016-09-09,SU01/5B,73.121,15.792169,9.799999,23.927391
96409,2016-09-09,SJ15/13,79.787,15.792169,9.799999,23.927391
96410,2016-09-09,TQ25/86,96.91,15.792169,9.799999,23.927391
96411,2016-09-09,SK00/41,130.59,15.792169,9.799999,23.927391
96412,2016-09-09,SU81/1,40.56,15.792169,9.799999,23.927391
96413,2016-09-10,NO20/14,36.416,13.246334,0.0,9.098507
96414,2016-09-10,SJ15/13,79.766,13.246334,0.0,9.098507
96415,2016-09-10,NH95/17,29.242,13.246334,0.0,9.098507
96416,2016-09-10,TQ25/86,96.87,13.246334,0.0,9.098507
96417,2016-09-10,ST07/10,59.888,13.246334,0.0,9.098507
96418,2016-09-10,SU81/1,40.47,13.246334,0.0,9.098507
96419,2016-09-10,SU01/5B,73.048,13.246334,0.0,9.098507
96420,2016-09-10,SU71/23,32.81,13.246334,0.0,9.098507
96421,2016-09-10,SN00/11,7.744,13.246334,0.0,9.098507
96422,2016-09-10,NY63/2,130.451,13.246334,0.0,9.098507
96423,2016-09-10,TR14/9,67.47,13.246334,0.0,9.098507
96424,2016-09-10,SK00/41,130.59,13.246334,0.0,9.098507
96425,2016-09-10,TF81/2A,44.555,13.246334,0.0,9.098507
96426,2016-09-10,SY68/34,65.599,13.246334,0.0,9.098507
96427,2016-09-11,TR14/9,67.4,13.906751,0.0,17.659233
96428,2016-09-11,TF81/2A,44.533,13.906751,0.0,17.659233
96429,2016-09-11,SJ15/13,79.768,13.906751,0.0,17.659233
96430,2016-09-11,NH95/17,29.241,13.906751,0.0,17.659233
96431,2016-09-11,NO20/14,36.419,13.906751,0.0,17.659233
96432,2016-09-11,SY68/34,65.581,13.906751,0.0,17.659233
96433,2016-09-11,NY63/2,130.427,13.906751,0.0,17.659233
96434,2016-09-11,SU01/5B,72.975,13.906751,0.0,17.659233
96435,2016-09-11,SU81/1,40.38,13.906751,0.0,17.659233
96436,2016-09-11,TQ25/86,96.84,13.906751,0.0,17.659233
96437,2016-09-11,SK00/41,130.584,13.906751,0.0,17.659233
96438,2016-09-11,SN00/11,7.796,13.906751,0.0,17.659233
96439,2016-09-11,SU71/23,32.74,13.906751,0.0,17.659233
96440,2016-09-11,ST07/10,59.773,13.906751,0.0,17.659233
96441,2016-09-12,NO20/14,36.366,17.190084,0.0,20.93911
96442,2016-09-12,TF81/2A,44.515,17.190084,0.0,20.93911
96443,2016-09-12,SU81/1,40.35,17.190084,0.0,20.93911
96444,2016-09-12,SK00/41,130.59,17.190084,0.0,20.93911
96445,2016-09-12,SJ15/13,79.768,17.190084,0.0,20.93911
96446,2016-09-12,SU71/23,32.68,17.190084,0.0,20.93911
96447,2016-09-12,TQ25/86,96.81,17.190084,0.0,20.93911
96448,2016-09-12,TR14/9,67.33,17.190084,0.0,20.93911
96449,2016-09-12,ST07/10,59.617,17.190084,0.0,20.93911
96450,2016-09-12,SU01/5B,72.909,17.190084,0.0,20.93911
96451,2016-09-12,NH95/17,29.233,17.190084,0.0,20.93911
96452,2016-09-12,SN00/11,7.845,17.190084,0.0,20.93911
96453,2016-09-12,NY63/2,130.434,17.190084,0.0,20.93911
96454,2016-09-12,SY68/34,65.567,17.190084,0.0,20.93911
96455,2016-09-13,NY63/2,130.413,19.698418,1.2,8.251288
96456,2016-09-13,SK00/41,130.59,19.698418,1.2,8.251288
96457,2016-09-13,ST07/10,59.496,19.698418,1.2,8.251288
96458,2016-09-13,SN00/11,7.893,19.698418,1.2,8.251288
96459,2016-09-13,SY68/34,65.555,19.698418,1.2,8.251288
96460,2016-09-13,TR14/9,67.25,19.698418,1.2,8.251288
96461,2016-09-13,SU81/1,40.29,19.698418,1.2,8.251288
96462,2016-09-13,SU01/5B,72.846,19.698418,1.2,8.251288
96463,2016-09-13,SJ15/13,79.756,19.698418,1.2,8.251288
96464,2016-09-13,SU71/23,32.61,19.698418,1.2,8.251288
96465,2016-09-13,NH95/17,29.225,19.698418,1.2,8.251288
96466,2016-09-13,TF81/2A,44.497,19.698418,1.2,8.251288
96467,2016-09-13,TQ25/86,96.77,19.698418,1.2,8.251288
96468,2016-09-13,NO20/14,36.498,19.698418,1.2,8.251288
96469,2016-09-14,NY63/2,130.402,17.35675,0.0,11.7658
96470,2016-09-14,NH95/17,29.234,17.35675,0.0,11.7658
96471,2016-09-14,SP00/62,100.38,17.35675,0.0,11.7658
96472,2016-09-14,SK00/41,130.58,17.35675,0.0,11.7658
96473,2016-09-14,SU71/23,32.55,17.35675,0.0,11.7658
96474,2016-09-14,TF81/2A,44.48,17.35675,0.0,11.7658
96475,2016-09-14,TL33/67,79.99,17.35675,0.0,11.7658
96476,2016-09-14,SN00/11,7.917,17.35675,0.0,11.7658
96477,2016-09-14,TR14/9,67.18,17.35675,0.0,11.7658
96478,2016-09-14,TV59/7C,1.46,17.35675,0.0,11.7658
96479,2016-09-14,SU81/1,40.25,17.35675,0.0,11.7658
96480,2016-09-14,TQ25/86,96.73,17.35675,0.0,11.7658
96481,2016-09-14,SY68/34,65.542,17.35675,0.0,11.7658
96482,2016-09-14,SJ15/13,79.75,17.35675,0.0,11.7658
96483,2016-09-14,ST07/10,59.33,17.35675,0.0,11.7658
96484,2016-09-14,SU17/57,131.27,17.35675,0.0,11.7658
96485,2016-09-14,NO20/14,36.629,17.35675,0.0,11.7658
96486,2016-09-14,SU01/5B,72.779,17.35675,0.0,11.7658
96487,2016-09-15,NY63/2,130.406,18.19425,0.0,4.9262013
96488,2016-09-15,SU81/1,40.14,18.19425,0.0,4.9262013
96489,2016-09-15,SN00/11,7.939,18.19425,0.0,4.9262013
96490,2016-09-15,SY68/34,65.529,18.19425,0.0,4.9262013
96491,2016-09-15,SU71/23,32.48,18.19425,0.0,4.9262013
96492,2016-09-15,SK00/41,130.58,18.19425,0.0,4.9262013
96493,2016-09-15,SU01/5B,72.718,18.19425,0.0,4.9262013
96494,2016-09-15,TR14/9,67.11,18.19425,0.0,4.9262013
96495,2016-09-15,NO20/14,36.659,18.19425,0.0,4.9262013
96496,2016-09-15,TQ25/86,96.69,18.19425,0.0,4.9262013
96497,2016-09-15,ST07/10,59.167,18.19425,0.0,4.9262013
96498,2016-09-15,SJ15/13,79.745,18.19425,0.0,4.9262013
96499,2016-09-15,NH95/17,29.248,18.19425,0.0,4.9262013
96500,2016-09-15,TF81/2A,44.461,18.19425,0.0,4.9262013
96501,2016-09-16,NH95/17,29.251,14.17133,1.1,14.109034
96502,2016-09-16,SJ15/13,79.719,14.17133,1.1,14.109034
96503,2016-09-16,SU81/1,40.06,14.17133,1.1,14.109034
96504,2016-09-16,NO20/14,36.723,14.17133,1.1,14.109034
96505,2016-09-16,TQ25/86,96.65,14.17133,1.1,14.109034
96506,2016-09-16,TR14/9,67.04,14.17133,1.1,14.109034
96507,2016-09-16,SY68/34,65.514,14.17133,1.1,14.109034
96508,2016-09-16,NY63/2,130.409,14.17133,1.1,14.109034
96509,2016-09-16,SN00/11,7.937,14.17133,1.1,14.109034
96510,2016-09-16,SK00/41,130.577,14.17133,1.1,14.109034
96511,2016-09-16,SU01/5B,72.651,14.17133,1.1,14.109034
96512,2016-09-16,TF81/2A,44.445,14.17133,1.1,14.109034
96513,2016-09-16,ST07/10,58.978,14.17133,1.1,14.109034
96514,2016-09-16,SU71/23,32.42,14.17133,1.1,14.109034
96515,2016-09-17,NO20/14,36.847,12.256751,0.0,6.3008018
96516,2016-09-17,NH95/17,29.249,12.256751,0.0,6.3008018
96517,2016-09-17,SU81/1,40.02,12.256751,0.0,6.3008018
96518,2016-09-17,TF81/2A,44.422,12.256751,0.0,6.3008018
96519,2016-09-17,SJ15/13,79.707,12.256751,0.0,6.3008018
96520,2016-09-17,SU71/23,32.36,12.256751,0.0,6.3008018
96521,2016-09-17,SN00/11,7.928,12.256751,0.0,6.3008018
96522,2016-09-17,TQ25/86,96.61,12.256751,0.0,6.3008018
96523,2016-09-17,SU01/5B,72.584,12.256751,0.0,6.3008018
96524,2016-09-17,SK00/41,130.565,12.256751,0.0,6.3008018
96525,2016-09-17,NY63/2,130.366,12.256751,0.0,6.3008018
96526,2016-09-17,SY68/34,65.499,12.256751,0.0,6.3008018
96527,2016-09-17,TM15/112,25.25,12.256751,0.0,6.3008018
96528,2016-09-17,ST07/10,58.815,12.256751,0.0,6.3008018
96529,2016-09-17,TR14/9,66.97,12.256751,0.0,6.3008018
96530,2016-09-18,SN00/11,7.917,12.68592,0.2,7.9077606
96531,2016-09-18,TR14/9,66.9,12.68592,0.2,7.9077606
96532,2016-09-18,SU01/5B,72.529,12.68592,0.2,7.9077606
96533,2016-09-18,SU81/1,39.94,12.68592,0.2,7.9077606
96534,2016-09-18,TL33/67,78.62,12.68592,0.2,7.9077606
96535,2016-09-18,NY63/2,130.367,12.68592,0.2,7.9077606
96536,2016-09-18,ST07/10,58.655,12.68592,0.2,7.9077606
96537,2016-09-18,SY68/34,65.486,12.68592,0.2,7.9077606
96538,2016-09-18,TF81/2A,44.398,12.68592,0.2,7.9077606
96539,2016-09-18,SK00/41,130.559,12.68592,0.2,7.9077606
96540,2016-09-18,NH95/17,29.259,12.68592,0.2,7.9077606
96541,2016-09-18,SJ15/13,79.71,12.68592,0.2,7.9077606
96542,2016-09-18,NO20/14,36.864,12.68592,0.2,7.9077606
96543,2016-09-18,SU71/23,32.3,12.68592,0.2,7.9077606
96544,2016-09-18,TQ25/86,96.58,12.68592,0.2,7.9077606
96545,2016-09-19,SY68/34,65.474,13.648418,0.0,6.9419246
96546,2016-09-19,NY63/2,130.372,13.648418,0.0,6.9419246
96547,2016-09-19,SN00/11,7.904,13.648418,0.0,6.9419246
96548,2016-09-19,TQ25/86,96.54,13.648418,0.0,6.9419246
96549,2016-09-19,SU81/1,39.91,13.648418,0.0,6.9419246
96550,2016-09-19,SU01/5B,72.479,13.648418,0.0,6.9419246
96551,2016-09-19,TR14/9,66.82,13.648418,0.0,6.9419246
96552,2016-09-19,SJ15/13,79.706,13.648418,0.0,6.9419246
96553,2016-09-19,TF81/2A,44.381,13.648418,0.0,6.9419246
96554,2016-09-19,SU71/23,32.23,13.648418,0.0,6.9419246
96555,2016-09-19,NO20/14,36.917,13.648418,0.0,6.9419246
96556,2016-09-19,SK00/41,130.55,13.648418,0.0,6.9419246
96557,2016-09-19,ST07/10,58.484,13.648418,0.0,6.9419246
96558,2016-09-19,NH95/17,29.232,13.648418,0.0,6.9419246
96559,2016-09-20,SJ15/13,79.716,13.415085,0.0,3.888207
96560,2016-09-20,TR14/9,66.75,13.415085,0.0,3.888207
96561,2016-09-20,TF81/2A,44.363,13.415085,0.0,3.888207
96562,2016-09-20,SU71/23,32.17,13.415085,0.0,3.888207
96563,2016-09-20,ST07/10,58.331,13.415085,0.0,3.888207
96564,2016-09-20,NY63/2,130.365,13.415085,0.0,3.888207
96565,2016-09-20,SY68/34,65.463,13.415085,0.0,3.888207
96566,2016-09-20,NH95/17,29.245,13.415085,0.0,3.888207
96567,2016-09-20,SN00/11,7.88,13.415085,0.0,3.888207
96568,2016-09-20,SK00/41,130.55,13.415085,0.0,3.888207
96569,2016-09-20,TQ25/86,96.5,13.415085,0.0,3.888207
96570,2016-09-20,SU81/1,39.82,13.415085,0.0,3.888207
96571,2016-09-20,NO20/14,36.927,13.415085,0.0,3.888207
96572,2016-09-20,SP00/62,100.24,13.415085,0.0,3.888207
96573,2016-09-20,SE95/6,19.51,13.415085,0.0,3.888207
96574,2016-09-20,SU01/5B,72.432,13.415085,0.0,3.888207
96575,2016-09-21,NH95/17,29.252,13.7317505,4.2000003,11.67052
96576,2016-09-21,SU01/5B,72.383,13.7317505,4.2000003,11.67052
96577,2016-09-21,NO20/14,36.927,13.7317505,4.2000003,11.67052
96578,2016-09-21,SY68/34,65.452,13.7317505,4.2000003,11.67052
96579,2016-09-21,SN00/11,7.857,13.7317505,4.2000003,11.67052
96580,2016-09-21,ST07/10,58.157,13.7317505,4.2000003,11.67052
96581,2016-09-21,SU17/57,131.03,13.7317505,4.2000003,11.67052
96582,2016-09-21,SJ15/13,79.724,13.7317505,4.2000003,11.67052
96583,2016-09-21,TF81/2A,44.346,13.7317505,4.2000003,11.67052
96584,2016-09-21,TR14/9,66.67,13.7317505,4.2000003,11.67052
96585,2016-09-21,SU71/23,32.12,13.7317505,4.2000003,11.67052
96586,2016-09-21,SK00/41,130.55,13.7317505,4.2000003,11.67052
96587,2016-09-21,SU81/1,39.79,13.7317505,4.2000003,11.67052
96588,2016-09-21,SP00/62,100.31,13.7317505,4.2000003,11.67052
96589,2016-09-21,TQ25/86,96.46,13.7317505,4.2000003,11.67052
96590,2016-09-22,TQ25/86,96.42,12.821332,1.6000001,12.917865
96591,2016-09-22,TF81/2A,44.329,12.821332,1.6000001,12.917865
96592,2016-09-22,SY68/34,65.44,12.821332,1.6000001,12.917865
96593,2016-09-22,SU01/5B,72.332,12.821332,1.6000001,12.917865
96594,2016-09-22,SU81/1,39.69,12.821332,1.6000001,12.917865
96595,2016-09-22,TR14/9,66.6,12.821332,1.6000001,12.917865
96596,2016-09-22,SJ15/13,79.706,12.821332,1.6000001,12.917865
96597,2016-09-22,SK00/41,130.549,12.821332,1.6000001,12.917865
96598,2016-09-22,SU71/23,32.06,12.821332,1.6000001,12.917865
96599,2016-09-22,NH95/17,29.244,12.821332,1.6000001,12.917865
96600,2016-09-22,NO20/14,36.913,12.821332,1.6000001,12.917865
96601,2016-09-22,ST07/10,57.992,12.821332,1.6000001,12.917865
96602,2016-09-22,SN00/11,7.837,12.821332,1.6000001,12.917865
96603,2016-09-22,NY63/2,130.4,12.821332,1.6000001,12.917865
96604,2016-09-23,ST07/10,57.835,12.646333,0.5,16.868664
96605,2016-09-23,SK00/41,130.54,12.646333,0.5,16.868664
96606,2016-09-23,SU71/23,32.01,12.646333,0.5,16.868664
96607,2016-09-23,TF81/2A,44.309,12.646333,0.5,16.868664
96608,2016-09-23,TR14/9,66.53,12.646333,0.5,16.868664
96609,2016-09-23,SN00/11,7.825,12.646333,0.5,16.868664
96610,2016-09-23,SJ15/13,79.708,12.646333,0.5,16.868664
96611,2016-09-23,SU81/1,39.64,12.646333,0.5,16.868664
96612,2016-09-23,TQ25/86,96.37,12.646333,0.5,16.868664
96613,2016-09-23,NY63/2,130.387,12.646333,0.5,16.868664
96614,2016-09-23,SY68/34,65.428,12.646333,0.5,16.868664
96615,2016-09-23,NO20/14,36.949,12.646333,0.5,16.868664
96616,2016-09-23,NH95/17,29.244,12.646333,0.5,16.868664
96617,2016-09-23,SU01/5B,72.283,12.646333,0.5,16.868664
96618,2016-09-24,ST07/10,57.997,15.527584,2.1000001,24.52377
96619,2016-09-24,NY63/2,130.394,15.527584,2.1000001,24.52377
96620,2016-09-24,SY68/34,65.417,15.527584,2.1000001,24.52377
96621,2016-09-24,NO20/14,36.865,15.527584,2.1000001,24.52377
96622,2016-09-24,TF81/2A,44.289,15.527584,2.1000001,24.52377
96623,2016-09-24,SU71/23,31.97,15.527584,2.1000001,24.52377
96624,2016-09-24,NH95/17,29.253,15.527584,2.1000001,24.52377
96625,2016-09-24,SU01/5B,72.247,15.527584,2.1000001,24.52377
96626,2016-09-24,SK00/41,130.546,15.527584,2.1000001,24.52377
96627,2016-09-24,TQ25/86,96.33,15.527584,2.1000001,24.52377
96628,2016-09-24,SU81/1,39.57,15.527584,2.1000001,24.52377
96629,2016-09-24,TR14/9,66.45,15.527584,2.1000001,24.52377
96630,2016-09-24,SJ15/13,79.734,15.527584,2.1000001,24.52377
96631,2016-09-24,SN00/11,7.826,15.527584,2.1000001,24.52377
96632,2016-09-25,SJ15/13,79.702,12.898417,9.299999,17.79952
96633,2016-09-25,TF81/2A,44.28,12.898417,9.299999,17.79952
96634,2016-09-25,TR14/9,66.38,12.898417,9.299999,17.79952
96635,2016-09-25,NH95/17,29.239,12.898417,9.299999,17.79952
96636,2016-09-25,SU71/23,31.97,12.898417,9.299999,17.79952
96637,2016-09-25,SY68/34,65.408,12.898417,9.299999,17.79952
96638,2016-09-25,NY63/2,130.427,12.898417,9.299999,17.79952
96639,2016-09-25,NO20/14,36.876,12.898417,9.299999,17.79952
96640,2016-09-25,SU81/1,39.51,12.898417,9.299999,17.79952
96641,2016-09-25,TQ25/86,96.27,12.898417,9.299999,17.79952
96642,2016-09-25,SK00/41,130.548,12.898417,9.299999,17.79952
96643,2016-09-25,SN00/11,7.817,12.898417,9.299999,17.79952
96644,2016-09-25,ST07/10,59.574,12.898417,9.299999,17.79952
96645,2016-09-25,SU01/5B,72.199,12.898417,9.299999,17.79952
96646,2016-09-26,SK00/41,130.54,11.0005,4.1,9.333023
96647,2016-09-26,NO20/14,37.0,11.0005,4.1,9.333023
96648,2016-09-26,SY68/34,65.398,11.0005,4.1,9.333023
96649,2016-09-26,TF81/2A,44.253,11.0005,4.1,9.333023
96650,2016-09-26,SJ15/13,79.697,11.0005,4.1,9.333023
96651,2016-09-26,NY63/2,130.36,11.0005,4.1,9.333023
96652,2016-09-26,TQ25/86,96.22,11.0005,4.1,9.333023
96653,2016-09-26,TA10/63,15.03,11.0005,4.1,9.333023
96654,2016-09-26,ST07/10,60.546,11.0005,4.1,9.333023
96655,2016-09-26,SN00/11,7.899,11.0005,4.1,9.333023
96656,2016-09-26,NH95/17,29.209,11.0005,4.1,9.333023
96657,2016-09-26,SU71/23,31.96,11.0005,4.1,9.333023
96658,2016-09-26,TR14/9,66.3,11.0005,4.1,9.333023
96659,2016-09-26,SU01/5B,72.149,11.0005,4.1,9.333023
96660,2016-09-26,SU81/1,39.45,11.0005,4.1,9.333023
96661,2016-09-27,SK00/41,130.532,13.935916,0.6,20.877203
96662,2016-09-27,SY68/34,65.393,13.935916,0.6,20.877203
96663,2016-09-27,NY63/2,130.361,13.935916,0.6,20.877203
96664,2016-09-27,SN00/11,8.033,13.935916,0.6,20.877203
96665,2016-09-27,NO20/14,36.978,13.935916,0.6,20.877203
96666,2016-09-27,SU01/5B,72.098,13.935916,0.6,20.877203
96667,2016-09-27,TQ25/86,96.16,13.935916,0.6,20.877203
96668,2016-09-27,SU71/23,31.96,13.935916,0.6,20.877203
96669,2016-09-27,SU81/1,39.4,13.935916,0.6,20.877203
96670,2016-09-27,TF81/2A,44.235,13.935916,0.6,20.877203
96671,2016-09-27,SJ15/13,79.68,13.935916,0.6,20.877203
96672,2016-09-27,ST07/10,61.475,13.935916,0.6,20.877203
96673,2016-09-27,NH95/17,29.224,13.935916,0.6,20.877203
96674,2016-09-27,TR14/9,66.23,13.935916,0.6,20.877203
96675,2016-09-28,TF81/2A,44.217,14.819248,3.6000001,24.669806
96676,2016-09-28,SU81/1,39.36,14.819248,3.6000001,24.669806
96677,2016-09-28,NO20/14,36.949,14.819248,3.6000001,24.669806
96678,2016-09-28,NY63/2,130.355,14.819248,3.6000001,24.669806
96679,2016-09-28,NH95/17,29.229,14.819248,3.6000001,24.669806
96680,2016-09-28,SN00/11,8.164,14.819248,3.6000001,24.669806
96681,2016-09-28,ST07/10,62.166,14.819248,3.6000001,24.669806
96682,2016-09-28,SP00/62,100.26,14.819248,3.6000001,24.669806
96683,2016-09-28,SU17/57,130.81,14.819248,3.6000001,24.669806
96684,2016-09-28,TQ25/86,96.1,14.819248,3.6000001,24.669806
96685,2016-09-28,SK00/41,130.53,14.819248,3.6000001,24.669806
96686,2016-09-28,SU01/5B,72.051,14.819248,3.6000001,24.669806
96687,2016-09-28,TR14/9,66.16,14.819248,3.6000001,24.669806
96688,2016-09-28,SE94/5,14.68,14.819248,3.6000001,24.669806
96689,2016-09-28,SU71/23,31.95,14.819248,3.6000001,24.669806
96690,2016-09-28,SY68/34,65.382,14.819248,3.6000001,24.669806
96691,2016-09-29,NY63/2,130.392,11.873417,8.1,26.749414
96692,2016-09-29,TQ25/86,96.05,11.873417,8.1,26.749414
96693,2016-09-29,SU01/5B,72.016,11.873417,8.1,26.749414
96694,2016-09-29,SJ15/13,79.702,11.873417,8.1,26.749414
96695,2016-09-29,SU81/1,39.3,11.873417,8.1,26.749414
96696,2016-09-29,NO20/14,36.911,11.873417,8.1,26.749414
96697,2016-09-29,ST07/10,63.218,11.873417,8.1,26.749414
96698,2016-09-29,TR14/9,66.09,11.873417,8.1,26.749414
96699,2016-09-29,TF81/2A,44.207,11.873417,8.1,26.749414
96700,2016-09-29,SK00/41,130.53,11.873417,8.1,26.749414
96701,2016-09-29,SU71/23,31.93,11.873417,8.1,26.749414
96702,2016-09-29,NH95/17,29.248,11.873417,8.1,26.749414
96703,2016-09-29,SN00/11,8.342,11.873417,8.1,26.749414
96704,2016-09-29,SY68/34,65.373,11.873417,8.1,26.749414
96705,2016-09-30,TR14/9,66.01,10.0130005,2.1000001,11.991158
96706,2016-09-30,SJ15/13,79.707,10.0130005,2.1000001,11.991158
96707,2016-09-30,ST07/10,64.115,10.0130005,2.1000001,11.991158
96708,2016-09-30,SU01/5B,71.976,10.0130005,2.1000001,11.991158
96709,2016-09-30,SK00/41,130.536,10.0130005,2.1000001,11.991158
96710,2016-09-30,TF03/37,12.195,10.0130005,2.1000001,11.991158
96711,2016-09-30,SU17/57,130.73,10.0130005,2.1000001,11.991158
96712,2016-09-30,SY68/34,65.362,10.0130005,2.1000001,11.991158
96713,2016-09-30,TQ25/86,95.99,10.0130005,2.1000001,11.991158
96714,2016-09-30,NY63/2,130.374,10.0130005,2.1000001,11.991158
96715,2016-09-30,SU71/23,31.9,10.0130005,2.1000001,11.991158
96716,2016-09-30,SP00/62,100.24,10.0130005,2.1000001,11.991158
96717,2016-09-30,SU81/1,39.28,10.0130005,2.1000001,11.991158
96718,2016-09-30,TF81/2A,44.188,10.0130005,2.1000001,11.991158
96719,2016-09-30,NO20/14,36.964,10.0130005,2.1000001,11.991158
96720,2016-09-30,SN00/11,8.556,10.0130005,2.1000001,11.991158
96721,2016-09-30,NH95/17,29.247,10.0130005,2.1000001,11.991158
96722,2016-10-01,NH95/17,29.234,8.9400835,2.3,7.1505284
96723,2016-10-01,NO20/14,37.042,8.9400835,2.3,7.1505284
96724,2016-10-01,SU01/5B,71.937,8.9400835,2.3,7.1505284
96725,2016-10-01,SJ15/13,79.696,8.9400835,2.3,7.1505284
96726,2016-10-01,TR14/9,65.94,8.9400835,2.3,7.1505284
96727,2016-10-01,SY68/34,65.354,8.9400835,2.3,7.1505284
96728,2016-10-01,TQ25/86,95.93,8.9400835,2.3,7.1505284
96729,2016-10-01,NY63/2,130.374,8.9400835,2.3,7.1505284
96730,2016-10-01,SN00/11,8.836,8.9400835,2.3,7.1505284
96731,2016-10-01,SU71/23,31.87,8.9400835,2.3,7.1505284
96732,2016-10-01,SK00/41,130.52,8.9400835,2.3,7.1505284
96733,2016-10-01,SU81/1,39.25,8.9400835,2.3,7.1505284
96734,2016-10-01,TF81/2A,44.172,8.9400835,2.3,7.1505284
96735,2016-10-02,SY68/34,65.342,9.2838335,0.0,6.800602
96736,2016-10-02,SN00/11,9.209,9.2838335,0.0,6.800602
96737,2016-10-02,SU71/23,31.84,9.2838335,0.0,6.800602
96738,2016-10-02,NO20/14,37.151,9.2838335,0.0,6.800602
96739,2016-10-02,TR14/9,65.87,9.2838335,0.0,6.800602
96740,2016-10-02,SK00/41,130.51,9.2838335,0.0,6.800602
96741,2016-10-02,TF81/2A,44.156,9.2838335,0.0,6.800602
96742,2016-10-02,SU81/1,39.18,9.2838335,0.0,6.800602
96743,2016-10-02,ST07/10,65.289,9.2838335,0.0,6.800602
96744,2016-10-02,NY63/2,130.338,9.2838335,0.0,6.800602
96745,2016-10-02,SU01/5B,71.877,9.2838335,0.0,6.800602
96746,2016-10-02,SJ15/13,79.656,9.2838335,0.0,6.800602
96747,2016-10-02,TQ25/86,95.86,9.2838335,0.0,6.800602
96748,2016-10-02,NH95/17,29.225,9.2838335,0.0,6.800602
96749,2016-10-03,SY68/34,65.329,9.508835,0.0,12.066086
96750,2016-10-03,ST07/10,65.484,9.508835,0.0,12.066086
96751,2016-10-03,NY63/2,130.302,9.508835,0.0,12.066086
96752,2016-10-03,SJ15/13,79.635,9.508835,0.0,12.066086
96753,2016-10-03,TR14/9,65.79,9.508835,0.0,12.066086
96754,2016-10-03,NO20/14,37.222,9.508835,0.0,12.066086
96755,2016-10-03,TQ25/86,95.79,9.508835,0.0,12.066086
96756,2016-10-03,SK00/41,130.5,9.508835,0.0,12.066086
96757,2016-10-03,SU71/23,31.8,9.508835,0.0,12.066086
96758,2016-10-03,SN00/11,9.518,9.508835,0.0,12.066086
96759,2016-10-03,SU81/1,39.1,9.508835,0.0,12.066086
96760,2016-10-03,NH95/17,29.212,9.508835,0.0,12.066086
96761,2016-10-03,SU01/5B,71.822,9.508835,0.0,12.066086
96762,2016-10-03,TF81/2A,44.118,9.508835,0.0,12.066086
96763,2016-10-04,TR14/9,65.72,13.079666,0.0,16.801294
96764,2016-10-04,SY68/34,65.318,13.079666,0.0,16.801294
96765,2016-10-04,SU81/1,39.03,13.079666,0.0,16.801294
96766,2016-10-04,TF81/2A,44.103,13.079666,0.0,16.801294
96767,2016-10-04,TL44/12,36.6,13.079666,0.0,16.801294
96768,2016-10-04,NY63/2,130.291,13.079666,0.0,16.801294
96769,2016-10-04,TL33/4,79.57,13.079666,0.0,16.801294
96770,2016-10-04,SU71/23,31.76,13.079666,0.0,16.801294
96771,2016-10-04,NH95/17,29.218,13.079666,0.0,16.801294
96772,2016-10-04,SU01/5B,71.78,13.079666,0.0,16.801294
96773,2016-10-04,NO20/14,37.142,13.079666,0.0,16.801294
96774,2016-10-04,ST07/10,65.319,13.079666,0.0,16.801294
96775,2016-10-04,SN00/11,9.721,13.079666,0.0,16.801294
96776,2016-10-04,TQ25/86,95.74,13.079666,0.0,16.801294
96777,2016-10-04,SK00/41,130.49,13.079666,0.0,16.801294
96778,2016-10-04,SJ15/13,79.633,13.079666,0.0,16.801294
96779,2016-10-05,SJ15/13,79.635,11.896335,0.0,18.216211
96780,2016-10-05,SU01/5B,71.74,11.896335,0.0,18.216211
96781,2016-10-05,NH95/17,29.188,11.896335,0.0,18.216211
96782,2016-10-05,SU81/1,39.01,11.896335,0.0,18.216211
96783,2016-10-05,SK00/41,130.47,11.896335,0.0,18.216211
96784,2016-10-05,TV59/7C,1.49,11.896335,0.0,18.216211
96785,2016-10-05,SN00/11,9.634,11.896335,0.0,18.216211
96786,2016-10-05,TQ25/86,95.67,11.896335,0.0,18.216211
96787,2016-10-05,SY68/34,65.305,11.896335,0.0,18.216211
96788,2016-10-05,TF81/2A,44.086,11.896335,0.0,18.216211
96789,2016-10-05,ST07/10,64.966,11.896335,0.0,18.216211
96790,2016-10-05,NO20/14,37.08,11.896335,0.0,18.216211
96791,2016-10-05,TR14/9,65.65,11.896335,0.0,18.216211
96792,2016-10-05,SU71/23,31.73,11.896335,0.0,18.216211
96793,2016-10-05,NY63/2,130.295,11.896335,0.0,18.216211
96794,2016-10-06,NY63/2,130.299,10.596334,0.0,16.210745
96795,2016-10-06,TQ25/86,95.61,10.596334,0.0,16.210745
96796,2016-10-06,NH95/17,29.189,10.596334,0.0,16.210745
96797,2016-10-06,SU81/1,38.93,10.596334,0.0,16.210745
96798,2016-10-06,ST07/10,64.526,10.596334,0.0,16.210745
96799,2016-10-06,SJ15/13,79.648,10.596334,0.0,16.210745
96800,2016-10-06,SU71/23,31.69,10.596334,0.0,16.210745
96801,2016-10-06,SU01/5B,71.703,10.596334,0.0,16.210745
96802,2016-10-06,SY68/34,65.292,10.596334,0.0,16.210745
96803,2016-10-06,TF81/2A,44.069,10.596334,0.0,16.210745
96804,2016-10-06,SK00/41,130.46,10.596334,0.0,16.210745
96805,2016-10-06,TR14/9,65.58,10.596334,0.0,16.210745
96806,2016-10-06,SN00/11,9.877,10.596334,0.0,16.210745
96807,2016-10-06,NO20/14,37.04,10.596334,0.0,16.210745
96808,2016-10-07,SU81/1,38.91,11.792168,0.0,11.311481
96809,2016-10-07,TQ25/86,95.55,11.792168,0.0,11.311481
96810,2016-10-07,NH95/17,29.195,11.792168,0.0,11.311481
96811,2016-10-07,TF81/2A,44.057,11.792168,0.0,11.311481
96812,2016-10-07,NO20/14,36.966,11.792168,0.0,11.311481
96813,2016-10-07,SY68/34,65.28,11.792168,0.0,11.311481
96814,2016-10-07,SJ15/13,79.646,11.792168,0.0,11.311481
96815,2016-10-07,SN00/11,9.865,11.792168,0.0,11.311481
96816,2016-10-07,SU71/23,31.66,11.792168,0.0,11.311481
96817,2016-10-07,NY63/2,130.323,11.792168,0.0,11.311481
96818,2016-10-07,ID30/1,113.7,11.792168,0.0,11.311481
96819,2016-10-07,SU01/5B,71.664,11.792168,0.0,11.311481
96820,2016-10-07,TR14/9,65.51,11.792168,0.0,11.311481
96821,2016-10-07,SK00/41,130.46,11.792168,0.0,11.311481
96822,2016-10-07,ST07/10,64.025,11.792168,0.0,11.311481
96823,2016-10-08,NY63/2,130.311,10.404668,0.0,7.3381763
96824,2016-10-08,SU81/1,38.83,10.404668,0.0,7.3381763
96825,2016-10-08,SJ15/13,79.63,10.404668,0.0,7.3381763
96826,2016-10-08,TR14/9,65.43,10.404668,0.0,7.3381763
96827,2016-10-08,SU01/5B,71.619,10.404668,0.0,7.3381763
96828,2016-10-08,SY68/34,65.268,10.404668,0.0,7.3381763
96829,2016-10-08,ID30/1,113.76,10.404668,0.0,7.3381763
96830,2016-10-08,TF81/2A,44.038,10.404668,0.0,7.3381763
96831,2016-10-08,NO20/14,36.976,10.404668,0.0,7.3381763
96832,2016-10-08,TQ25/86,95.47,10.404668,0.0,7.3381763
96833,2016-10-08,ST07/10,63.485,10.404668,0.0,7.3381763
96834,2016-10-08,SU71/23,31.62,10.404668,0.0,7.3381763
96835,2016-10-08,SN00/11,9.803,10.404668,0.0,7.3381763
96836,2016-10-08,NH95/17,29.189,10.404668,0.0,7.3381763
96837,2016-10-08,SK00/41,130.45,10.404668,0.0,7.3381763
96838,2016-10-09,NO20/14,37.008,8.7213335,0.0,7.1431866
96839,2016-10-09,SU71/23,31.59,8.7213335,0.0,7.1431866
96840,2016-10-09,ID30/1,113.77,8.7213335,0.0,7.1431866
96841,2016-10-09,ST07/10,63.01,8.7213335,0.0,7.1431866
96842,2016-10-09,SJ15/13,79.63,8.7213335,0.0,7.1431866
96843,2016-10-09,SU01/5B,71.576,8.7213335,0.0,7.1431866
96844,2016-10-09,SK00/41,130.45,8.7213335,0.0,7.1431866
96845,2016-10-09,SY68/34,65.256,8.7213335,0.0,7.1431866
96846,2016-10-09,TF81/2A,44.018,8.7213335,0.0,7.1431866
96847,2016-10-09,SN00/11,9.731,8.7213335,0.0,7.1431866
96848,2016-10-09,NY63/2,130.292,8.7213335,0.0,7.1431866
96849,2016-10-09,TQ25/86,95.4,8.7213335,0.0,7.1431866
96850,2016-10-09,TR14/9,65.36,8.7213335,0.0,7.1431866
96851,2016-10-09,NH95/17,29.186,8.7213335,0.0,7.1431866
96852,2016-10-09,SU81/1,38.81,8.7213335,0.0,7.1431866
96853,2016-10-10,SU71/23,31.56,8.2255,0.1,9.634786
96854,2016-10-10,ST07/10,62.577,8.2255,0.1,9.634786
96855,2016-10-10,SK00/41,130.44,8.2255,0.1,9.634786
96856,2016-10-10,NH95/17,29.183,8.2255,0.1,9.634786
96857,2016-10-10,TR14/9,65.29,8.2255,0.1,9.634786
96858,2016-10-10,SU81/1,38.73,8.2255,0.1,9.634786
96859,2016-10-10,SY68/34,65.242,8.2255,0.1,9.634786
96860,2016-10-10,SU01/5B,71.542,8.2255,0.1,9.634786
96861,2016-10-10,SN00/11,9.656,8.2255,0.1,9.634786
96862,2016-10-10,NO20/14,36.994,8.2255,0.1,9.634786
96863,2016-10-10,ID30/1,113.69,8.2255,0.1,9.634786
96864,2016-10-10,TF81/2A,44.002,8.2255,0.1,9.634786
96865,2016-10-10,NY63/2,130.3,8.2255,0.1,9.634786
96866,2016-10-10,TQ25/86,95.33,8.2255,0.1,9.634786
96867,2016-10-10,SJ15/13,79.638,8.2255,0.1,9.634786
96868,2016-10-11,SU81/1,38.67,10.05675,0.0,13.6505375
96869,2016-10-11,ID30/1,113.59,10.05675,0.0,13.6505375
96870,2016-10-11,TQ25/86,95.26,10.05675,0.0,13.6505375
96871,2016-10-11,NO20/14,36.941,10.05675,0.0,13.6505375
96872,2016-10-11,SY68/34,65.229,10.05675,0.0,13.6505375
96873,2016-10-11,NH95/17,29.186,10.05675,0.0,13.6505375
96874,2016-10-11,ST07/10,62.172,10.05675,0.0,13.6505375
96875,2016-10-11,SK00/41,130.44,10.05675,0.0,13.6505375
96876,2016-10-11,TR14/9,65.23,10.05675,0.0,13.6505375
96877,2016-10-11,SU71/23,31.52,10.05675,0.0,13.6505375
96878,2016-10-11,SU01/5B,71.505,10.05675,0.0,13.6505375
96879,2016-10-11,TF81/2A,43.986,10.05675,0.0,13.6505375
96880,2016-10-11,NY63/2,130.302,10.05675,0.0,13.6505375
96881,2016-10-11,SJ15/13,79.642,10.05675,0.0,13.6505375
96882,2016-10-11,SN00/11,9.579,10.05675,0.0,13.6505375
96883,2016-10-12,TR14/9,65.16,9.585916,0.0,13.470428
96884,2016-10-12,SU01/5B,71.47,9.585916,0.0,13.470428
96885,2016-10-12,ID30/1,113.61,9.585916,0.0,13.470428
96886,2016-10-12,TF81/2A,43.97,9.585916,0.0,13.470428
96887,2016-10-12,SU81/1,38.64,9.585916,0.0,13.470428
96888,2016-10-12,SU17/57,130.42,9.585916,0.0,13.470428
96889,2016-10-12,SJ15/13,79.647,9.585916,0.0,13.470428
96890,2016-10-12,TQ25/86,95.18,9.585916,0.0,13.470428
96891,2016-10-12,NY63/2,130.295,9.585916,0.0,13.470428
96892,2016-10-12,SP00/62,100.2,9.585916,0.0,13.470428
96893,2016-10-12,NO20/14,36.901,9.585916,0.0,13.470428
96894,2016-10-12,SN00/11,9.493,9.585916,0.0,13.470428
96895,2016-10-12,SK00/41,130.44,9.585916,0.0,13.470428
96896,2016-10-12,ST07/10,61.8,9.585916,0.0,13.470428
96897,2016-10-12,SY68/34,65.218,9.585916,0.0,13.470428
96898,2016-10-12,NH95/17,29.178,9.585916,0.0,13.470428
96899,2016-10-12,SU71/23,31.49,9.585916,0.0,13.470428
96900,2016-10-13,SN00/11,9.413,9.352585,1.1,14.550057
96901,2016-10-13,SJ15/13,79.647,9.352585,1.1,14.550057
96902,2016-10-13,NH95/17,29.19,9.352585,1.1,14.550057
96903,2016-10-13,SK00/41,130.44,9.352585,1.1,14.550057
96904,2016-10-13,NY63/2,130.303,9.352585,1.1,14.550057
96905,2016-10-13,SU01/5B,71.442,9.352585,1.1,14.550057
96906,2016-10-13,SU71/23,31.46,9.352585,1.1,14.550057
96907,2016-10-13,ST07/10,61.467,9.352585,1.1,14.550057
96908,2016-10-13,SU81/1,38.61,9.352585,1.1,14.550057
96909,2016-10-13,NO20/14,36.825,9.352585,1.1,14.550057
96910,2016-10-13,TF81/2A,43.955,9.352585,1.1,14.550057
96911,2016-10-13,SY68/34,65.205,9.352585,1.1,14.550057
96912,2016-10-13,ID30/1,113.58,9.352585,1.1,14.550057
96913,2016-10-13,TQ25/86,95.11,9.352585,1.1,14.550057
96914,2016-10-13,TR14/9,65.09,9.352585,1.1,14.550057
96915,2016-10-14,ST07/10,61.136,9.429667,0.8000001,11.334954
96916,2016-10-14,SN00/11,9.338,9.429667,0.8000001,11.334954
96917,2016-10-14,TF81/2A,43.943,9.429667,0.8000001,11.334954
96918,2016-10-14,SJ15/13,79.68,9.429667,0.8000001,11.334954
96919,2016-10-14,NY63/2,130.335,9.429667,0.8000001,11.334954
96920,2016-10-14,SU71/23,31.43,9.429667,0.8000001,11.334954
96921,2016-10-14,SY68/34,65.192,9.429667,0.8000001,11.334954
96922,2016-10-14,NO20/14,36.737,9.429667,0.8000001,11.334954
96923,2016-10-14,SU01/5B,71.412,9.429667,0.8000001,11.334954
96924,2016-10-14,NH95/17,29.201,9.429667,0.8000001,11.334954
96925,2016-10-14,TQ25/86,95.03,9.429667,0.8000001,11.334954
96926,2016-10-14,SU81/1,38.57,9.429667,0.8000001,11.334954
96927,2016-10-14,TR14/9,65.02,9.429667,0.8000001,11.334954
96928,2016-10-14,SK00/41,130.45,9.429667,0.8000001,11.334954
96929,2016-10-14,ID30/1,113.69,9.429667,0.8000001,11.334954
96930,2016-10-15,SN00/11,9.301,10.323417,0.3,9.166431
96931,2016-10-15,SU81/1,38.52,10.323417,0.3,9.166431
96932,2016-10-15,SU71/23,31.4,10.323417,0.3,9.166431
96933,2016-10-15,TF81/2A,43.929,10.323417,0.3,9.166431
96934,2016-10-15,TR14/9,64.95,10.323417,0.3,9.166431
96935,2016-10-15,SK00/41,130.46,10.323417,0.3,9.166431
96936,2016-10-15,ID30/1,113.83,10.323417,0.3,9.166431
96937,2016-10-15,SJ15/13,79.668,10.323417,0.3,9.166431
96938,2016-10-15,ST07/10,60.882,10.323417,0.3,9.166431
96939,2016-10-15,NY63/2,130.33,10.323417,0.3,9.166431
96940,2016-10-15,SU01/5B,71.371,10.323417,0.3,9.166431
96941,2016-10-15,SY68/34,65.187,10.323417,0.3,9.166431
96942,2016-10-15,NO20/14,36.677,10.323417,0.3,9.166431
96943,2016-10-15,NH95/17,29.206,10.323417,0.3,9.166431
96944,2016-10-15,TQ25/86,94.95,10.323417,0.3,9.166431
96945,2016-10-16,SJ15/13,79.652,9.729668,5.0,16.14074
96946,2016-10-16,NY63/2,130.298,9.729668,5.0,16.14074
96947,2016-10-16,SU71/23,31.37,9.729668,5.0,16.14074
96948,2016-10-16,SU81/1,38.44,9.729668,5.0,16.14074
96949,2016-10-16,SY68/34,65.199,9.729668,5.0,16.14074
96950,2016-10-16,NO20/14,36.684,9.729668,5.0,16.14074
96951,2016-10-16,SN00/11,9.244,9.729668,5.0,16.14074
96952,2016-10-16,ID30/1,114.07,9.729668,5.0,16.14074
96953,2016-10-16,TQ25/86,94.87,9.729668,5.0,16.14074
96954,2016-10-16,ST07/10,60.608,9.729668,5.0,16.14074
96955,2016-10-16,NH95/17,29.207,9.729668,5.0,16.14074
96956,2016-10-16,TF81/2A,43.907,9.729668,5.0,16.14074
96957,2016-10-16,TR14/9,64.89,9.729668,5.0,16.14074
96958,2016-10-16,SK00/41,130.46,9.729668,5.0,16.14074
96959,2016-10-16,SU01/5B,71.328,9.729668,5.0,16.14074
96960,2016-10-17,SJ15/13,79.625,10.890083,3.7,19.181896
96961,2016-10-17,NH95/17,29.203,10.890083,3.7,19.181896
96962,2016-10-17,NY63/2,130.292,10.890083,3.7,19.181896
96963,2016-10-17,SY68/34,65.188,10.890083,3.7,19.181896
96964,2016-10-17,SU01/5B,71.282,10.890083,3.7,19.181896
96965,2016-10-17,SU71/23,31.36,10.890083,3.7,19.181896
96966,2016-10-17,SU81/1,38.43,10.890083,3.7,19.181896
96967,2016-10-17,SK00/41,130.46,10.890083,3.7,19.181896
96968,2016-10-17,TR14/9,64.82,10.890083,3.7,19.181896
96969,2016-10-17,NO20/14,36.653,10.890083,3.7,19.181896
96970,2016-10-17,ID30/1,114.11,10.890083,3.7,19.181896
96971,2016-10-17,TF81/2A,43.887,10.890083,3.7,19.181896
96972,2016-10-17,TQ25/86,94.8,10.890083,3.7,19.181896
96973,2016-10-17,SN00/11,9.195,10.890083,3.7,19.181896
96974,2016-10-17,ST07/10,60.436,10.890083,3.7,19.181896
96975,2016-10-18,SY68/34,65.175,8.152583,10.4,14.627396
96976,2016-10-18,NH95/17,29.187,8.152583,10.4,14.627396
96977,2016-10-18,SU71/23,31.33,8.152583,10.4,14.627396
96978,2016-10-18,SJ15/13,79.607,8.152583,10.4,14.627396
96979,2016-10-18,SN00/11,9.161,8.152583,10.4,14.627396
96980,2016-10-18,TF81/2A,43.868,8.152583,10.4,14.627396
96981,2016-10-18,ST07/10,60.654,8.152583,10.4,14.627396
96982,2016-10-18,SK00/41,130.45,8.152583,10.4,14.627396
96983,2016-10-18,NY63/2,130.272,8.152583,10.4,14.627396
96984,2016-10-18,SU01/5B,71.244,8.152583,10.4,14.627396
96985,2016-10-18,TR14/9,64.76,8.152583,10.4,14.627396
96986,2016-10-18,SU81/1,38.38,8.152583,10.4,14.627396
96987,2016-10-18,TQ25/86,94.73,8.152583,10.4,14.627396
96988,2016-10-18,ID30/1,114.18,8.152583,10.4,14.627396
96989,2016-10-18,NO20/14,36.693,8.152583,10.4,14.627396
96990,2016-10-19,SY68/34,65.163,8.360917,0.0,9.624628
96991,2016-10-19,NY63/2,130.27,8.360917,0.0,9.624628
96992,2016-10-19,NO20/14,36.766,8.360917,0.0,9.624628
96993,2016-10-19,TQ25/86,94.67,8.360917,0.0,9.624628
96994,2016-10-19,SU01/5B,71.209,8.360917,0.0,9.624628
96995,2016-10-19,NH95/17,29.166,8.360917,0.0,9.624628
96996,2016-10-19,TF81/2A,43.851,8.360917,0.0,9.624628
96997,2016-10-19,SU71/23,31.3,8.360917,0.0,9.624628
96998,2016-10-19,SP00/62,100.19,8.360917,0.0,9.624628
96999,2016-10-19,SK00/41,130.44,8.360917,0.0,9.624628
97000,2016-10-19,TR14/9,64.69,8.360917,0.0,9.624628
97001,2016-10-19,SU17/57,130.24,8.360917,0.0,9.624628
97002,2016-10-19,ID30/1,114.15,8.360917,0.0,9.624628
97003,2016-10-19,SJ15/13,79.598,8.360917,0.0,9.624628
97004,2016-10-19,ST07/10,60.595,8.360917,0.0,9.624628
97005,2016-10-19,SN00/11,9.123,8.360917,0.0,9.624628
97006,2016-10-19,SU81/1,38.34,8.360917,0.0,9.624628
97007,2016-10-20,SK00/41,130.43,9.2755,0.0,7.5955644
97008,2016-10-20,SE94/5,14.0,9.2755,0.0,7.5955644
97009,2016-10-20,TQ25/86,94.6,9.2755,0.0,7.5955644
97010,2016-10-20,NH95/17,29.166,9.2755,0.0,7.5955644
97011,2016-10-20,SU81/1,38.3,9.2755,0.0,7.5955644
97012,2016-10-20,SN00/11,9.096,9.2755,0.0,7.5955644
97013,2016-10-20,ST07/10,60.428,9.2755,0.0,7.5955644
97014,2016-10-20,TF81/2A,43.833,9.2755,0.0,7.5955644
97015,2016-10-20,SU71/23,31.26,9.2755,0.0,7.5955644
97016,2016-10-20,ID30/1,114.15,9.2755,0.0,7.5955644
97017,2016-10-20,SY68/34,65.15,9.2755,0.0,7.5955644
97018,2016-10-20,SU01/5B,71.18,9.2755,0.0,7.5955644
97019,2016-10-20,TR14/9,64.63,9.2755,0.0,7.5955644
97020,2016-10-20,NO20/14,36.786,9.2755,0.0,7.5955644
97021,2016-10-20,SJ15/13,79.601,9.2755,0.0,7.5955644
97022,2016-10-20,NY63/2,130.263,9.2755,0.0,7.5955644
97023,2016-10-21,TR14/9,64.56,7.9505005,0.0,3.8975375
97024,2016-10-21,SU71/23,31.24,7.9505005,0.0,3.8975375
97025,2016-10-21,TF81/2A,43.816,7.9505005,0.0,3.8975375
97026,2016-10-21,ST07/10,60.236,7.9505005,0.0,3.8975375
97027,2016-10-21,SJ15/13,79.61,7.9505005,0.0,3.8975375
97028,2016-10-21,SN00/11,9.076,7.9505005,0.0,3.8975375
97029,2016-10-21,SY68/34,65.138,7.9505005,0.0,3.8975375
97030,2016-10-21,SU81/1,38.23,7.9505005,0.0,3.8975375
97031,2016-10-21,NY63/2,130.27,7.9505005,0.0,3.8975375
97032,2016-10-21,ID30/1,114.1,7.9505005,0.0,3.8975375
97033,2016-10-21,SK00/41,130.42,7.9505005,0.0,3.8975375
97034,2016-10-21,NH95/17,29.166,7.9505005,0.0,3.8975375
97035,2016-10-21,NO20/14,36.772,7.9505005,0.0,3.8975375
97036,2016-10-21,SU01/5B,71.156,7.9505005,0.0,3.8975375
97037,2016-10-21,TQ25/86,94.53,7.9505005,0.0,3.8975375
97038,2016-10-22,ID30/1,113.98,7.310917,0.0,8.785049
97039,2016-10-22,SU71/23,31.22,7.310917,0.0,8.785049
97040,2016-10-22,TF81/2A,43.798,7.310917,0.0,8.785049
97041,2016-10-22,TR14/9,64.5,7.310917,0.0,8.785049
97042,2016-10-22,NO20/14,36.773,7.310917,0.0,8.785049
97043,2016-10-22,TQ25/86,94.46,7.310917,0.0,8.785049
97044,2016-10-22,SU81/1,38.18,7.310917,0.0,8.785049
97045,2016-10-22,SJ15/13,79.619,7.310917,0.0,8.785049
97046,2016-10-22,SU01/5B,71.141,7.310917,0.0,8.785049
97047,2016-10-22,NH95/17,29.171,7.310917,0.0,8.785049
97048,2016-10-22,NY63/2,130.278,7.310917,0.0,8.785049
97049,2016-10-22,ST07/10,60.053,7.310917,0.0,8.785049
97050,2016-10-22,SN00/11,9.063,7.310917,0.0,8.785049
97051,2016-10-22,SK00/41,130.42,7.310917,0.0,8.785049
97052,2016-10-22,SY68/34,65.126,7.310917,0.0,8.785049
97053,2016-10-23,TR14/9,64.43,7.4338326,0.0,15.651986
97054,2016-10-23,NH95/17,29.173,7.4338326,0.0,15.651986
97055,2016-10-23,TQ25/86,94.4,7.4338326,0.0,15.651986
97056,2016-10-23,NO20/14,36.754,7.4338326,0.0,15.651986
97057,2016-10-23,ST07/10,59.874,7.4338326,0.0,15.651986
97058,2016-10-23,SU01/5B,71.133,7.4338326,0.0,15.651986
97059,2016-10-23,SN00/11,9.044,7.4338326,0.0,15.651986
97060,2016-10-23,SU81/1,38.18,7.4338326,0.0,15.651986
97061,2016-10-23,SY68/34,65.114,7.4338326,0.0,15.651986
97062,2016-10-23,NY63/2,130.283,7.4338326,0.0,15.651986
97063,2016-10-23,ID30/1,113.84,7.4338326,0.0,15.651986
97064,2016-10-23,TF81/2A,43.785,7.4338326,0.0,15.651986
97065,2016-10-23,SJ15/13,79.623,7.4338326,0.0,15.651986
97066,2016-10-23,SK00/41,130.42,7.4338326,0.0,15.651986
97067,2016-10-23,SU71/23,31.21,7.4338326,0.0,15.651986
97068,2016-10-24,SJ15/13,79.604,7.181751,0.0,8.740398
97069,2016-10-24,NH95/17,29.179,7.181751,0.0,8.740398
97070,2016-10-24,ST07/10,59.715,7.181751,0.0,8.740398
97071,2016-10-24,NY63/2,130.281,7.181751,0.0,8.740398
97072,2016-10-24,TF81/2A,43.767,7.181751,0.0,8.740398
97073,2016-10-24,SU01/5B,71.113,7.181751,0.0,8.740398
97074,2016-10-24,SN00/11,9.006,7.181751,0.0,8.740398
97075,2016-10-24,SU71/23,31.19,7.181751,0.0,8.740398
97076,2016-10-24,NO20/14,36.753,7.181751,0.0,8.740398
97077,2016-10-24,TR14/9,64.37,7.181751,0.0,8.740398
97078,2016-10-24,ID30/1,113.75,7.181751,0.0,8.740398
97079,2016-10-24,SY68/34,65.111,7.181751,0.0,8.740398
97080,2016-10-24,SU81/1,38.12,7.181751,0.0,8.740398
97081,2016-10-24,TQ25/86,94.33,7.181751,0.0,8.740398
97082,2016-10-24,SK00/41,130.42,7.181751,0.0,8.740398
97083,2016-10-25,ID30/1,114.09,7.1650834,0.0,8.051309
97084,2016-10-25,NY63/2,130.251,7.1650834,0.0,8.051309
97085,2016-10-25,ST07/10,59.592,7.1650834,0.0,8.051309
97086,2016-10-25,SK00/41,130.41,7.1650834,0.0,8.051309
97087,2016-10-25,SJ15/13,79.584,7.1650834,0.0,8.051309
97088,2016-10-25,TQ25/86,94.27,7.1650834,0.0,8.051309
97089,2016-10-25,NH95/17,29.178,7.1650834,0.0,8.051309
97090,2016-10-25,SU01/5B,71.086,7.1650834,0.0,8.051309
97091,2016-10-25,SY68/34,65.109,7.1650834,0.0,8.051309
97092,2016-10-25,NO20/14,36.777,7.1650834,0.0,8.051309
97093,2016-10-25,SN00/11,8.958,7.1650834,0.0,8.051309
97094,2016-10-25,TF81/2A,43.748,7.1650834,0.0,8.051309
97095,2016-10-25,TM15/112,25.24,7.1650834,0.0,8.051309
97096,2016-10-25,SU81/1,38.05,7.1650834,0.0,8.051309
97097,2016-10-25,SE95/6,18.95,7.1650834,0.0,8.051309
97098,2016-10-25,TR14/9,64.31,7.1650834,0.0,8.051309
97099,2016-10-25,SU71/23,31.18,7.1650834,0.0,8.051309
97100,2016-10-26,TR14/9,64.24,11.440083,0.1,16.20323
97101,2016-10-26,NH95/17,29.172,11.440083,0.1,16.20323
97102,2016-10-26,SJ15/13,79.569,11.440083,0.1,16.20323
97103,2016-10-26,SY68/34,65.1,11.440083,0.1,16.20323
97104,2016-10-26,ST07/10,59.431,11.440083,0.1,16.20323
97105,2016-10-26,SK00/41,130.4,11.440083,0.1,16.20323
97106,2016-10-26,SU81/1,37.99,11.440083,0.1,16.20323
97107,2016-10-26,NY63/2,130.247,11.440083,0.1,16.20323
97108,2016-10-26,TQ25/86,94.21,11.440083,0.1,16.20323
97109,2016-10-26,SU17/57,130.15,11.440083,0.1,16.20323
97110,2016-10-26,SP00/62,100.15,11.440083,0.1,16.20323
97111,2016-10-26,SU01/5B,71.065,11.440083,0.1,16.20323
97112,2016-10-26,SU71/23,31.16,11.440083,0.1,16.20323
97113,2016-10-26,ID30/1,114.04,11.440083,0.1,16.20323
97114,2016-10-26,NO20/14,36.712,11.440083,0.1,16.20323
97115,2016-10-26,TF81/2A,43.726,11.440083,0.1,16.20323
97116,2016-10-26,SN00/11,8.913,11.440083,0.1,16.20323
97117,2016-10-27,TQ25/86,94.15,12.083833,1.0,23.069908
97118,2016-10-27,SU01/5B,71.046,12.083833,1.0,23.069908
97119,2016-10-27,SY68/34,65.091,12.083833,1.0,23.069908
97120,2016-10-27,NH95/17,29.174,12.083833,1.0,23.069908
97121,2016-10-27,SN00/11,8.869,12.083833,1.0,23.069908
97122,2016-10-27,TR14/9,64.18,12.083833,1.0,23.069908
97123,2016-10-27,NO20/14,36.687,12.083833,1.0,23.069908
97124,2016-10-27,SJ15/13,79.566,12.083833,1.0,23.069908
97125,2016-10-27,SU71/23,31.15,12.083833,1.0,23.069908
97126,2016-10-27,TF81/2A,43.707,12.083833,1.0,23.069908
97127,2016-10-27,ID30/1,113.98,12.083833,1.0,23.069908
97128,2016-10-27,NY63/2,130.227,12.083833,1.0,23.069908
97129,2016-10-27,SK00/41,130.39,12.083833,1.0,23.069908
97130,2016-10-27,SU81/1,37.98,12.083833,1.0,23.069908
97131,2016-10-27,ST07/10,59.273,12.083833,1.0,23.069908
97132,2016-10-27,TL33/67,78.51,12.083833,1.0,23.069908
97133,2016-10-28,ST07/10,59.112,9.904667,0.1,12.056874
97134,2016-10-28,TF81/2A,43.692,9.904667,0.1,12.056874
97135,2016-10-28,SN00/11,8.822,9.904667,0.1,12.056874
97136,2016-10-28,NY63/2,130.233,9.904667,0.1,12.056874
97137,2016-10-28,SY68/34,65.082,9.904667,0.1,12.056874
97138,2016-10-28,SU01/5B,71.032,9.904667,0.1,12.056874
97139,2016-10-28,SU17/57,130.03,9.904667,0.1,12.056874
97140,2016-10-28,ID30/1,113.9,9.904667,0.1,12.056874
97141,2016-10-28,NH95/17,29.161,9.904667,0.1,12.056874
97142,2016-10-28,SK00/41,130.38,9.904667,0.1,12.056874
97143,2016-10-28,TR14/9,64.12,9.904667,0.1,12.056874
97144,2016-10-28,TQ25/86,94.1,9.904667,0.1,12.056874
97145,2016-10-28,SU81/1,37.91,9.904667,0.1,12.056874
97146,2016-10-28,SU71/23,31.13,9.904667,0.1,12.056874
97147,2016-10-28,NO20/14,36.759,9.904667,0.1,12.056874
97148,2016-10-29,ID30/1,113.85,10.50675,0.0,6.0549726
97149,2016-10-29,TQ25/86,94.05,10.50675,0.0,6.0549726
97150,2016-10-29,SK00/41,130.37,10.50675,0.0,6.0549726
97151,2016-10-29,NY63/2,130.199,10.50675,0.0,6.0549726
97152,2016-10-29,SN00/11,8.778,10.50675,0.0,6.0549726
97153,2016-10-29,SU81/1,37.89,10.50675,0.0,6.0549726
97154,2016-10-29,TF81/2A,43.67,10.50675,0.0,6.0549726
97155,2016-10-29,SY68/34,65.073,10.50675,0.0,6.0549726
97156,2016-10-29,SU01/5B,71.02,10.50675,0.0,6.0549726
97157,2016-10-29,NO20/14,36.789,10.50675,0.0,6.0549726
97158,2016-10-29,ST07/10,58.966,10.50675,0.0,6.0549726
97159,2016-10-29,TR14/9,64.06,10.50675,0.0,6.0549726
97160,2016-10-29,NH95/17,29.167,10.50675,0.0,6.0549726
97161,2016-10-29,SU71/23,31.11,10.50675,0.0,6.0549726
97162,2016-10-29,SJ15/13,79.551,10.50675,0.0,6.0549726
97163,2016-10-30,SK00/41,130.36,10.963,0.4,5.7096543
97164,2016-10-30,NY63/2,130.217,10.963,0.4,5.7096543
97165,2016-10-30,SY68/34,65.061,10.963,0.4,5.7096543
97166,2016-10-30,SU01/5B,71.013,10.963,0.4,5.7096543
97167,2016-10-30,ST07/10,58.807,10.963,0.4,5.7096543
97168,2016-10-30,ID30/1,113.82,10.963,0.4,5.7096543
97169,2016-10-30,TR14/9,63.94,10.963,0.4,5.7096543
97170,2016-10-30,SJ15/13,79.572,10.963,0.4,5.7096543
97171,2016-10-30,SU71/23,31.09,10.963,0.4,5.7096543
97172,2016-10-30,NO20/14,36.745,10.963,0.4,5.7096543
97173,2016-10-30,TQ25/86,93.99,10.963,0.4,5.7096543
97174,2016-10-30,TF81/2A,43.654,10.963,0.4,5.7096543
97175,2016-10-30,SN00/11,8.733,10.963,0.4,5.7096543
97176,2016-10-30,NH95/17,29.176,10.963,0.4,5.7096543
97177,2016-10-30,SU81/1,37.87,10.963,0.4,5.7096543
97178,2016-10-31,TF03/37,12.195,9.721333,0.0,4.7378693
97179,2016-10-31,TF81/2A,43.64,9.721333,0.0,4.7378693
97180,2016-10-31,SY68/34,65.05,9.721333,0.0,4.7378693
97181,2016-10-31,NY63/2,130.219,9.721333,0.0,4.7378693
97182,2016-10-31,SK00/41,130.36,9.721333,0.0,4.7378693
97183,2016-10-31,SP00/62,100.14,9.721333,0.0,4.7378693
97184,2016-10-31,SN00/11,8.685,9.721333,0.0,4.7378693
97185,2016-10-31,SU71/23,31.08,9.721333,0.0,4.7378693
97186,2016-10-31,SU01/5B,71.005,9.721333,0.0,4.7378693
97187,2016-10-31,NH95/17,29.182,9.721333,0.0,4.7378693
97188,2016-10-31,SU81/1,37.8,9.721333,0.0,4.7378693
97189,2016-10-31,TQ25/86,93.95,9.721333,0.0,4.7378693
97190,2016-10-31,TA10/63,14.1,9.721333,0.0,4.7378693
97191,2016-10-31,SJ15/13,79.576,9.721333,0.0,4.7378693
97192,2016-10-31,NO20/14,36.795,9.721333,0.0,4.7378693
97193,2016-10-31,ST07/10,58.644,9.721333,0.0,4.7378693
97194,2016-10-31,ID30/1,113.75,9.721333,0.0,4.7378693
97195,2016-11-01,TR14/9,63.88,7.0755005,1.1,8.891156
97196,2016-11-01,ID30/1,113.55,7.0755005,1.1,8.891156
97197,2016-11-01,SY68/34,65.04,7.0755005,1.1,8.891156
97198,2016-11-01,NO20/14,36.813,7.0755005,1.1,8.891156
97199,2016-11-01,TL44/12,35.92,7.0755005,1.1,8.891156
97200,2016-11-01,SU01/5B,70.994,7.0755005,1.1,8.891156
97201,2016-11-01,TL33/4,78.51,7.0755005,1.1,8.891156
97202,2016-11-01,TQ25/86,93.9,7.0755005,1.1,8.891156
97203,2016-11-01,ST07/10,58.506,7.0755005,1.1,8.891156
97204,2016-11-01,SU81/1,37.77,7.0755005,1.1,8.891156
97205,2016-11-01,NY63/2,130.224,7.0755005,1.1,8.891156
97206,2016-11-01,SN00/11,8.634,7.0755005,1.1,8.891156
97207,2016-11-01,SJ15/13,79.573,7.0755005,1.1,8.891156
97208,2016-11-01,SK00/41,130.36,7.0755005,1.1,8.891156
97209,2016-11-01,TL33/67,78.26,7.0755005,1.1,8.891156
97210,2016-11-01,TF81/2A,43.612,7.0755005,1.1,8.891156
97211,2016-11-01,NH95/17,29.206,7.0755005,1.1,8.891156
97212,2016-11-01,SU71/23,31.06,7.0755005,1.1,8.891156
97213,2016-11-01,SJ62/235,54.4,7.0755005,1.1,8.891156
97214,2016-11-02,NH95/17,29.209,3.5150836,0.0,7.237614
97215,2016-11-02,NO20/14,36.777,3.5150836,0.0,7.237614
97216,2016-11-02,SY68/34,65.033,3.5150836,0.0,7.237614
97217,2016-11-02,ID30/1,113.5,3.5150836,0.0,7.237614
97218,2016-11-02,NY63/2,130.222,3.5150836,0.0,7.237614
97219,2016-11-02,SJ15/13,79.577,3.5150836,0.0,7.237614
97220,2016-11-02,TF81/2A,43.596,3.5150836,0.0,7.237614
97221,2016-11-02,TQ25/86,93.86,3.5150836,0.0,7.237614
97222,2016-11-02,ST07/10,58.355,3.5150836,0.0,7.237614
97223,2016-11-02,SU01/5B,70.977,3.5150836,0.0,7.237614
97224,2016-11-02,SU81/1,37.76,3.5150836,0.0,7.237614
97225,2016-11-02,TR14/9,63.82,3.5150836,0.0,7.237614
97226,2016-11-02,SN00/11,8.585,3.5150836,0.0,7.237614
97227,2016-11-02,SK00/41,130.36,3.5150836,0.0,7.237614
97228,2016-11-02,SU71/23,31.04,3.5150836,0.0,7.237614
97229,2016-11-03,SN00/11,8.549,6.133833,1.6000001,10.617616
97230,2016-11-03,SU01/5B,70.97,6.133833,1.6000001,10.617616
97231,2016-11-03,NY63/2,130.226,6.133833,1.6000001,10.617616
97232,2016-11-03,ID30/1,113.53,6.133833,1.6000001,10.617616
97233,2016-11-03,SU71/23,31.02,6.133833,1.6000001,10.617616
97234,2016-11-03,SJ15/13,79.601,6.133833,1.6000001,10.617616
97235,2016-11-03,TF81/2A,43.565,6.133833,1.6000001,10.617616
97236,2016-11-03,TQ25/86,93.82,6.133833,1.6000001,10.617616
97237,2016-11-03,NH95/17,29.231,6.133833,1.6000001,10.617616
97238,2016-11-03,SK00/41,130.36,6.133833,1.6000001,10.617616
97239,2016-11-03,SY68/34,65.027,6.133833,1.6000001,10.617616
97240,2016-11-03,NO20/14,36.683,6.133833,1.6000001,10.617616
97241,2016-11-03,ST07/10,58.208,6.133833,1.6000001,10.617616
97242,2016-11-03,TR14/9,63.77,6.133833,1.6000001,10.617616
97243,2016-11-03,SU81/1,37.68,6.133833,1.6000001,10.617616
97244,2016-11-04,SU01/5B,70.973,5.5629997,1.8000001,9.851281
97245,2016-11-04,SU71/23,31.0,5.5629997,1.8000001,9.851281
97246,2016-11-04,SK00/41,130.37,5.5629997,1.8000001,9.851281
97247,2016-11-04,SN00/11,8.517,5.5629997,1.8000001,9.851281
97248,2016-11-04,ID30/1,113.53,5.5629997,1.8000001,9.851281
97249,2016-11-04,SU81/1,37.67,5.5629997,1.8000001,9.851281
97250,2016-11-04,TQ25/86,93.78,5.5629997,1.8000001,9.851281
97251,2016-11-04,NY63/2,130.264,5.5629997,1.8000001,9.851281
97252,2016-11-04,TR14/9,63.71,5.5629997,1.8000001,9.851281
97253,2016-11-04,SJ15/13,79.615,5.5629997,1.8000001,9.851281
97254,2016-11-04,NO20/14,36.605,5.5629997,1.8000001,9.851281
97255,2016-11-04,TF81/2A,43.546,5.5629997,1.8000001,9.851281
97256,2016-11-04,NH95/17,29.232,5.5629997,1.8000001,9.851281
97257,2016-11-04,SY68/34,65.027,5.5629997,1.8000001,9.851281
97258,2016-11-04,ST07/10,58.151,5.5629997,1.8000001,9.851281
97259,2016-11-05,ST07/10,58.025,4.0588336,0.0,18.855703
97260,2016-11-05,SU81/1,37.66,4.0588336,0.0,18.855703
97261,2016-11-05,NO20/14,36.633,4.0588336,0.0,18.855703
97262,2016-11-05,SU71/23,30.98,4.0588336,0.0,18.855703
97263,2016-11-05,NH95/17,29.233,4.0588336,0.0,18.855703
97264,2016-11-05,SN00/11,8.47,4.0588336,0.0,18.855703
97265,2016-11-05,SY68/34,65.02,4.0588336,0.0,18.855703
97266,2016-11-05,SK00/41,130.372,4.0588336,0.0,18.855703
97267,2016-11-05,SJ15/13,79.595,4.0588336,0.0,18.855703
97268,2016-11-05,NY63/2,130.262,4.0588336,0.0,18.855703
97269,2016-11-05,SU01/5B,70.961,4.0588336,0.0,18.855703
97270,2016-11-05,ID30/1,113.56,4.0588336,0.0,18.855703
97271,2016-11-05,TF81/2A,43.531,4.0588336,0.0,18.855703
97272,2016-11-05,TR14/9,63.66,4.0588336,0.0,18.855703
97273,2016-11-05,TQ25/86,93.74,4.0588336,0.0,18.855703
97274,2016-11-06,NO20/14,36.654,3.9671667,0.4,17.036217
97275,2016-11-06,ST07/10,57.866,3.9671667,0.4,17.036217
97276,2016-11-06,SJ15/13,79.578,3.9671667,0.4,17.036217
97277,2016-11-06,SU71/23,30.97,3.9671667,0.4,17.036217
97278,2016-11-06,SK00/41,130.374,3.9671667,0.4,17.036217
97279,2016-11-06,SU81/1,37.57,3.9671667,0.4,17.036217
97280,2016-11-06,NH95/17,29.235,3.9671667,0.4,17.036217
97281,2016-11-06,TF81/2A,43.513,3.9671667,0.4,17.036217
97282,2016-11-06,TQ25/86,93.7,3.9671667,0.4,17.036217
97283,2016-11-06,SY68/34,65.008,3.9671667,0.4,17.036217
97284,2016-11-06,SU01/5B,70.944,3.9671667,0.4,17.036217
97285,2016-11-06,ID30/1,113.58,3.9671667,0.4,17.036217
97286,2016-11-06,NY63/2,130.23,3.9671667,0.4,17.036217
97287,2016-11-06,SN00/11,8.436,3.9671667,0.4,17.036217
97288,2016-11-06,TR14/9,63.6,3.9671667,0.4,17.036217
97289,2016-11-07,NO20/14,36.698,3.2546666,0.0,11.064135
97290,2016-11-07,ST07/10,57.748,3.2546666,0.0,11.064135
97291,2016-11-07,SJ15/13,79.566,3.2546666,0.0,11.064135
97292,2016-11-07,ID30/1,113.57,3.2546666,0.0,11.064135
97293,2016-11-07,NY63/2,130.207,3.2546666,0.0,11.064135
97294,2016-11-07,SU01/5B,70.919,3.2546666,0.0,11.064135
97295,2016-11-07,TF81/2A,43.493,3.2546666,0.0,11.064135
97296,2016-11-07,SU71/23,30.95,3.2546666,0.0,11.064135
97297,2016-11-07,TR14/9,63.54,3.2546666,0.0,11.064135
97298,2016-11-07,SY68/34,64.997,3.2546666,0.0,11.064135
97299,2016-11-07,TQ25/86,93.65,3.2546666,0.0,11.064135
97300,2016-11-07,SN00/11,8.383,3.2546666,0.0,11.064135
97301,2016-11-07,NH95/17,29.241,3.2546666,0.0,11.064135
97302,2016-11-07,SU81/1,37.59,3.2546666,0.0,11.064135
97303,2016-11-07,SK00/41,130.37,3.2546666,0.0,11.064135
97304,2016-11-08,TR14/9,63.5,1.7296668,4.7,7.5530233
97305,2016-11-08,NY63/2,130.218,1.7296668,4.7,7.5530233
97306,2016-11-08,NH95/17,29.256,1.7296668,4.7,7.5530233
97307,2016-11-08,SJ15/13,79.606,1.7296668,4.7,7.5530233
97308,2016-11-08,TQ25/86,93.62,1.7296668,4.7,7.5530233
97309,2016-11-08,NO20/14,36.536,1.7296668,4.7,7.5530233
97310,2016-11-08,SU01/5B,70.91,1.7296668,4.7,7.5530233
97311,2016-11-08,SY68/34,64.992,1.7296668,4.7,7.5530233
97312,2016-11-08,ID30/1,113.76,1.7296668,4.7,7.5530233
97313,2016-11-08,ST07/10,57.846,1.7296668,4.7,7.5530233
97314,2016-11-08,SK00/41,130.371,1.7296668,4.7,7.5530233
97315,2016-11-08,SN00/11,8.452,1.7296668,4.7,7.5530233
97316,2016-11-08,TF81/2A,43.482,1.7296668,4.7,7.5530233
97317,2016-11-08,SU81/1,37.49,1.7296668,4.7,7.5530233
97318,2016-11-08,SU71/23,30.92,1.7296668,4.7,7.5530233
97319,2016-11-09,TQ25/86,93.57,2.3817499,7.2000003,6.3631573
97320,2016-11-09,ID30/1,114.41,2.3817499,7.2000003,6.3631573
97321,2016-11-09,TR14/9,63.45,2.3817499,7.2000003,6.3631573
97322,2016-11-09,SU81/1,37.47,2.3817499,7.2000003,6.3631573
97323,2016-11-09,SY68/34,65.002,2.3817499,7.2000003,6.3631573
97324,2016-11-09,TL33/67,78.0,2.3817499,7.2000003,6.3631573
97325,2016-11-09,SP00/62,100.13,2.3817499,7.2000003,6.3631573
97326,2016-11-09,NY63/2,130.276,2.3817499,7.2000003,6.3631573
97327,2016-11-09,SJ15/13,79.597,2.3817499,7.2000003,6.3631573
97328,2016-11-09,NH95/17,29.26,2.3817499,7.2000003,6.3631573
97329,2016-11-09,SU01/5B,70.893,2.3817499,7.2000003,6.3631573
97330,2016-11-09,ST07/10,58.622,2.3817499,7.2000003,6.3631573
97331,2016-11-09,SK00/41,130.374,2.3817499,7.2000003,6.3631573
97332,2016-11-09,NO20/14,36.498,2.3817499,7.2000003,6.3631573
97333,2016-11-09,SU71/23,30.91,2.3817499,7.2000003,6.3631573
97334,2016-11-09,TF81/2A,43.466,2.3817499,7.2000003,6.3631573
97335,2016-11-09,SN00/11,8.835,2.3817499,7.2000003,6.3631573
97336,2016-11-09,SU17/57,129.78,2.3817499,7.2000003,6.3631573
97337,2016-11-10,NO20/14,36.517,4.06925,1.9000001,11.832269
97338,2016-11-10,SJ15/13,79.565,4.06925,1.9000001,11.832269
97339,2016-11-10,ID30/1,114.31,4.06925,1.9000001,11.832269
97340,2016-11-10,TQ25/86,93.53,4.06925,1.9000001,11.832269
97341,2016-11-10,SY68/34,65.006,4.06925,1.9000001,11.832269
97342,2016-11-10,NH95/17,29.237,4.06925,1.9000001,11.832269
97343,2016-11-10,SK00/41,130.368,4.06925,1.9000001,11.832269
97344,2016-11-10,SN00/11,8.915,4.06925,1.9000001,11.832269
97345,2016-11-10,SU81/1,37.42,4.06925,1.9000001,11.832269
97346,2016-11-10,TR14/9,63.39,4.06925,1.9000001,11.832269
97347,2016-11-10,SU71/23,30.89,4.06925,1.9000001,11.832269
97348,2016-11-10,SU01/5B,70.867,4.06925,1.9000001,11.832269
97349,2016-11-10,ST07/10,59.073,4.06925,1.9000001,11.832269
97350,2016-11-10,NY63/2,130.242,4.06925,1.9000001,11.832269
97351,2016-11-10,TF81/2A,43.446,4.06925,1.9000001,11.832269
97352,2016-11-11,SU01/5B,70.837,4.254667,1.5,13.150687
97353,2016-11-11,SN00/11,9.078,4.254667,1.5,13.150687
97354,2016-11-11,TF81/2A,43.423,4.254667,1.5,13.150687
97355,2016-11-11,ST07/10,59.383,4.254667,1.5,13.150687
97356,2016-11-11,SE95/6,18.72,4.254667,1.5,13.150687
97357,2016-11-11,TQ25/86,93.48,4.254667,1.5,13.150687
97358,2016-11-11,SJ15/13,79.558,4.254667,1.5,13.150687
97359,2016-11-11,TR14/9,63.33,4.254667,1.5,13.150687
97360,2016-11-11,NO20/14,36.636,4.254667,1.5,13.150687
97361,2016-11-11,SU71/23,30.87,4.254667,1.5,13.150687
97362,2016-11-11,NY63/2,130.189,4.254667,1.5,13.150687
97363,2016-11-11,SY68/34,65.04,4.254667,1.5,13.150687
97364,2016-11-11,SU81/1,37.4,4.254667,1.5,13.150687
97365,2016-11-11,ID30/1,114.29,4.254667,1.5,13.150687
97366,2016-11-11,NH95/17,29.235,4.254667,1.5,13.150687
97367,2016-11-11,SK00/41,130.352,4.254667,1.5,13.150687
97368,2016-11-12,SU71/23,30.84,7.7671666,10.2,14.574077
97369,2016-11-12,ID30/1,114.85,7.7671666,10.2,14.574077
97370,2016-11-12,SJ15/13,79.543,7.7671666,10.2,14.574077
97371,2016-11-12,TR14/9,63.27,7.7671666,10.2,14.574077
97372,2016-11-12,SN00/11,9.546,7.7671666,10.2,14.574077
97373,2016-11-12,TF81/2A,43.409,7.7671666,10.2,14.574077
97374,2016-11-12,NY63/2,130.222,7.7671666,10.2,14.574077
97375,2016-11-12,NH95/17,29.236,7.7671666,10.2,14.574077
97376,2016-11-12,SU81/1,37.35,7.7671666,10.2,14.574077
97377,2016-11-12,SU01/5B,70.823,7.7671666,10.2,14.574077
97378,2016-11-12,SK00/41,130.348,7.7671666,10.2,14.574077
97379,2016-11-12,NO20/14,36.577,7.7671666,10.2,14.574077
97380,2016-11-12,TQ25/86,93.43,7.7671666,10.2,14.574077
97381,2016-11-12,ST07/10,60.444,7.7671666,10.2,14.574077
97382,2016-11-12,SY68/34,65.028,7.7671666,10.2,14.574077
97383,2016-11-13,TF81/2A,43.387,5.8629994,1.2,9.438695
97384,2016-11-13,SK00/41,130.331,5.8629994,1.2,9.438695
97385,2016-11-13,SN00/11,9.775,5.8629994,1.2,9.438695
97386,2016-11-13,SU71/23,30.82,5.8629994,1.2,9.438695
97387,2016-11-13,NH95/17,29.233,5.8629994,1.2,9.438695
97388,2016-11-13,SJ15/13,79.52,5.8629994,1.2,9.438695
97389,2016-11-13,ID30/1,114.67,5.8629994,1.2,9.438695
97390,2016-11-13,SU01/5B,70.792,5.8629994,1.2,9.438695
97391,2016-11-13,SY68/34,65.03,5.8629994,1.2,9.438695
97392,2016-11-13,TQ25/86,93.36,5.8629994,1.2,9.438695
97393,2016-11-13,TR14/9,63.21,5.8629994,1.2,9.438695
97394,2016-11-13,SU81/1,37.3,5.8629994,1.2,9.438695
97395,2016-11-13,ST07/10,61.46,5.8629994,1.2,9.438695
97396,2016-11-13,NY63/2,130.208,5.8629994,1.2,9.438695
97397,2016-11-13,NO20/14,36.698,5.8629994,1.2,9.438695
97398,2016-11-14,ST07/10,62.003,11.346333,1.1,15.537869
97399,2016-11-14,TF81/2A,43.376,11.346333,1.1,15.537869
97400,2016-11-14,TQ25/86,93.31,11.346333,1.1,15.537869
97401,2016-11-14,NO20/14,36.612,11.346333,1.1,15.537869
97402,2016-11-14,SK00/41,130.32,11.346333,1.1,15.537869
97403,2016-11-14,SN00/11,10.03,11.346333,1.1,15.537869
97404,2016-11-14,SJ15/13,79.531,11.346333,1.1,15.537869
97405,2016-11-14,NY63/2,130.204,11.346333,1.1,15.537869
97406,2016-11-14,SU81/1,37.25,11.346333,1.1,15.537869
97407,2016-11-14,SY68/34,65.029,11.346333,1.1,15.537869
97408,2016-11-14,ID30/1,114.55,11.346333,1.1,15.537869
97409,2016-11-14,TR14/9,63.16,11.346333,1.1,15.537869
97410,2016-11-14,SU01/5B,70.776,11.346333,1.1,15.537869
97411,2016-11-14,SU71/23,30.8,11.346333,1.1,15.537869
97412,2016-11-14,NH95/17,29.241,11.346333,1.1,15.537869
97413,2016-11-15,SU01/5B,70.772,9.7734165,0.0,15.079152
97414,2016-11-15,SU81/1,37.25,9.7734165,0.0,15.079152
97415,2016-11-15,SK00/41,130.31,9.7734165,0.0,15.079152
97416,2016-11-15,ST07/10,62.373,9.7734165,0.0,15.079152
97417,2016-11-15,TQ25/86,93.25,9.7734165,0.0,15.079152
97418,2016-11-15,NO20/14,36.576,9.7734165,0.0,15.079152
97419,2016-11-15,TF81/2A,43.364,9.7734165,0.0,15.079152
97420,2016-11-15,SJ15/13,79.551,9.7734165,0.0,15.079152
97421,2016-11-15,NH95/17,29.245,9.7734165,0.0,15.079152
97422,2016-11-15,SN00/11,10.202,9.7734165,0.0,15.079152
97423,2016-11-15,SY68/34,65.024,9.7734165,0.0,15.079152
97424,2016-11-15,NY63/2,130.237,9.7734165,0.0,15.079152
97425,2016-11-15,TR14/9,63.11,9.7734165,0.0,15.079152
97426,2016-11-15,ID30/1,114.41,9.7734165,0.0,15.079152
97427,2016-11-15,SU71/23,30.78,9.7734165,0.0,15.079152
97428,2016-11-16,SN00/11,10.318,6.9838333,8.4,21.88819
97429,2016-11-16,SY68/34,65.019,6.9838333,8.4,21.88819
97430,2016-11-16,TQ25/86,93.19,6.9838333,8.4,21.88819
97431,2016-11-16,TR14/9,63.05,6.9838333,8.4,21.88819
97432,2016-11-16,SU71/23,30.76,6.9838333,8.4,21.88819
97433,2016-11-16,ST07/10,63.601,6.9838333,8.4,21.88819
97434,2016-11-16,SU17/57,129.66,6.9838333,8.4,21.88819
97435,2016-11-16,NY63/2,130.259,6.9838333,8.4,21.88819
97436,2016-11-16,ID30/1,114.35,6.9838333,8.4,21.88819
97437,2016-11-16,SP00/62,100.3,6.9838333,8.4,21.88819
97438,2016-11-16,SE94/5,13.26,6.9838333,8.4,21.88819
97439,2016-11-16,NO20/14,36.486,6.9838333,8.4,21.88819
97440,2016-11-16,SU01/5B,70.783,6.9838333,8.4,21.88819
97441,2016-11-16,TF81/2A,43.356,6.9838333,8.4,21.88819
97442,2016-11-16,SJ15/13,79.587,6.9838333,8.4,21.88819
97443,2016-11-16,TL33/67,77.7,6.9838333,8.4,21.88819
97444,2016-11-16,SK00/41,130.32,6.9838333,8.4,21.88819
97445,2016-11-16,SU81/1,37.21,6.9838333,8.4,21.88819
97446,2016-11-16,NH95/17,29.284,6.9838333,8.4,21.88819
97447,2016-11-17,SN00/11,10.428,4.1442504,11.1,15.889881
97448,2016-11-17,SU71/23,30.74,4.1442504,11.1,15.889881
97449,2016-11-17,SY68/34,65.021,4.1442504,11.1,15.889881
97450,2016-11-17,NH95/17,29.309,4.1442504,11.1,15.889881
97451,2016-11-17,SJ15/13,79.641,4.1442504,11.1,15.889881
97452,2016-11-17,ID30/1,114.48,4.1442504,11.1,15.889881
97453,2016-11-17,SU81/1,37.22,4.1442504,11.1,15.889881
97454,2016-11-17,SK00/41,130.338,4.1442504,11.1,15.889881
97455,2016-11-17,SU01/5B,70.808,4.1442504,11.1,15.889881
97456,2016-11-17,NY63/2,130.296,4.1442504,11.1,15.889881
97457,2016-11-17,TF81/2A,43.351,4.1442504,11.1,15.889881
97458,2016-11-17,TQ25/86,93.13,4.1442504,11.1,15.889881
97459,2016-11-17,NO20/14,36.422,4.1442504,11.1,15.889881
97460,2016-11-17,ST07/10,65.067,4.1442504,11.1,15.889881
97461,2016-11-17,TR14/9,62.99,4.1442504,11.1,15.889881
97462,2016-11-18,NY63/2,130.38,2.3692498,0.1,9.132293
97463,2016-11-18,NO20/14,36.456,2.3692498,0.1,9.132293
97464,2016-11-18,TR14/9,62.94,2.3692498,0.1,9.132293
97465,2016-11-18,NH95/17,29.31,2.3692498,0.1,9.132293
97466,2016-11-18,ID30/1,114.46,2.3692498,0.1,9.132293
97467,2016-11-18,ST07/10,68.4,2.3692498,0.1,9.132293
97468,2016-11-18,SU71/23,30.72,2.3692498,0.1,9.132293
97469,2016-11-18,SU81/1,37.2,2.3692498,0.1,9.132293
97470,2016-11-18,SJ15/13,79.619,2.3692498,0.1,9.132293
97471,2016-11-18,SU01/5B,70.816,2.3692498,0.1,9.132293
97472,2016-11-18,SY68/34,65.024,2.3692498,0.1,9.132293
97473,2016-11-18,SK00/41,130.35,2.3692498,0.1,9.132293
97474,2016-11-18,SN00/11,10.468,2.3692498,0.1,9.132293
97475,2016-11-18,TF81/2A,43.332,2.3692498,0.1,9.132293
97476,2016-11-18,TQ25/86,93.05,2.3692498,0.1,9.132293
97477,2016-11-19,NO20/14,36.522,2.1192505,0.1,8.745017
97478,2016-11-19,SU01/5B,70.83,2.1192505,0.1,8.745017
97479,2016-11-19,SJ15/13,79.622,2.1192505,0.1,8.745017
97480,2016-11-19,ST07/10,72.037,2.1192505,0.1,8.745017
97481,2016-11-19,SY68/34,65.06,2.1192505,0.1,8.745017
97482,2016-11-19,ID30/1,114.53,2.1192505,0.1,8.745017
97483,2016-11-19,SN00/11,10.482,2.1192505,0.1,8.745017
97484,2016-11-19,TR14/9,62.92,2.1192505,0.1,8.745017
97485,2016-11-19,NH95/17,29.302,2.1192505,0.1,8.745017
97486,2016-11-19,TQ25/86,92.99,2.1192505,0.1,8.745017
97487,2016-11-19,SK00/41,130.349,2.1192505,0.1,8.745017
97488,2016-11-19,TF81/2A,43.32,2.1192505,0.1,8.745017
97489,2016-11-19,SU71/23,30.69,2.1192505,0.1,8.745017
97490,2016-11-19,SU81/1,37.15,2.1192505,0.1,8.745017
97491,2016-11-19,NY63/2,130.35,2.1192505,0.1,8.745017
97492,2016-11-20,TQ25/86,92.94,0.31300002,0.0,6.6660914
97493,2016-11-20,NO20/14,36.528,0.31300002,0.0,6.6660914
97494,2016-11-20,SJ15/13,79.607,0.31300002,0.0,6.6660914
97495,2016-11-20,SU01/5B,70.865,0.31300002,0.0,6.6660914
97496,2016-11-20,SN00/11,10.547,0.31300002,0.0,6.6660914
97497,2016-11-20,SU71/23,30.67,0.31300002,0.0,6.6660914
97498,2016-11-20,SY68/34,65.161,0.31300002,0.0,6.6660914
97499,2016-11-20,ID30/1,114.5,0.31300002,0.0,6.6660914
97500,2016-11-20,TF81/2A,43.307,0.31300002,0.0,6.6660914
97501,2016-11-20,ST07/10,77.899,0.31300002,0.0,6.6660914
97502,2016-11-20,NY63/2,130.37,0.31300002,0.0,6.6660914
97503,2016-11-20,SK00/41,130.35,0.31300002,0.0,6.6660914
97504,2016-11-20,NH95/17,29.298,0.31300002,0.0,6.6660914
97505,2016-11-20,TR14/9,62.9,0.31300002,0.0,6.6660914
97506,2016-11-20,SU81/1,37.09,0.31300002,0.0,6.6660914
97507,2016-11-21,ST07/10,81.692,1.1275834,12.7,18.271366
97508,2016-11-21,NY63/2,130.341,1.1275834,12.7,18.271366
97509,2016-11-21,SU01/5B,70.902,1.1275834,12.7,18.271366
97510,2016-11-21,SY68/34,65.396,1.1275834,12.7,18.271366
97511,2016-11-21,TF81/2A,43.296,1.1275834,12.7,18.271366
97512,2016-11-21,ID30/1,114.45,1.1275834,12.7,18.271366
97513,2016-11-21,SU71/23,30.65,1.1275834,12.7,18.271366
97514,2016-11-21,SJ15/13,79.668,1.1275834,12.7,18.271366
97515,2016-11-21,SK00/41,130.35,1.1275834,12.7,18.271366
97516,2016-11-21,SU81/1,37.14,1.1275834,12.7,18.271366
97517,2016-11-21,TQ25/86,92.91,1.1275834,12.7,18.271366
97518,2016-11-21,TR14/9,62.87,1.1275834,12.7,18.271366
97519,2016-11-21,SN00/11,10.792,1.1275834,12.7,18.271366
97520,2016-11-21,NH95/17,29.281,1.1275834,12.7,18.271366
97521,2016-11-21,NO20/14,36.596,1.1275834,12.7,18.271366
97522,2016-11-22,SU81/1,37.15,4.1255,10.099999,17.969275
97523,2016-11-22,NO20/14,36.557,4.1255,10.099999,17.969275
97524,2016-11-22,NH95/17,29.276,4.1255,10.099999,17.969275
97525,2016-11-22,SK00/41,130.343,4.1255,10.099999,17.969275
97526,2016-11-22,TF81/2A,43.272,4.1255,10.099999,17.969275
97527,2016-11-22,TQ25/86,92.89,4.1255,10.099999,17.969275
97528,2016-11-22,SU01/5B,70.939,4.1255,10.099999,17.969275
97529,2016-11-22,TR14/9,62.83,4.1255,10.099999,17.969275
97530,2016-11-22,ST07/10,84.239,4.1255,10.099999,17.969275
97531,2016-11-22,SU71/23,30.63,4.1255,10.099999,17.969275
97532,2016-11-22,SJ15/13,79.733,4.1255,10.099999,17.969275
97533,2016-11-22,ID30/1,114.39,4.1255,10.099999,17.969275
97534,2016-11-22,NY63/2,130.412,4.1255,10.099999,17.969275
97535,2016-11-22,SY68/34,65.802,4.1255,10.099999,17.969275
97536,2016-11-22,SN00/11,11.8,4.1255,10.099999,17.969275
97537,2016-11-23,TL33/67,77.52,1.1984168,0.0,7.1733646
97538,2016-11-23,ST07/10,84.235,1.1984168,0.0,7.1733646
97539,2016-11-23,SY68/34,66.196,1.1984168,0.0,7.1733646
97540,2016-11-23,SU17/57,129.66,1.1984168,0.0,7.1733646
97541,2016-11-23,SU81/1,37.14,1.1984168,0.0,7.1733646
97542,2016-11-23,ID30/1,114.37,1.1984168,0.0,7.1733646
97543,2016-11-23,SK00/41,130.318,1.1984168,0.0,7.1733646
97544,2016-11-23,SJ15/13,79.723,1.1984168,0.0,7.1733646
97545,2016-11-23,TR14/9,62.8,1.1984168,0.0,7.1733646
97546,2016-11-23,TF81/2A,43.254,1.1984168,0.0,7.1733646
97547,2016-11-23,NY63/2,130.378,1.1984168,0.0,7.1733646
97548,2016-11-23,NO20/14,36.75,1.1984168,0.0,7.1733646
97549,2016-11-23,SN00/11,12.194,1.1984168,0.0,7.1733646
97550,2016-11-23,SP00/62,101.29,1.1984168,0.0,7.1733646
97551,2016-11-23,TQ25/86,92.88,1.1984168,0.0,7.1733646
97552,2016-11-23,SU71/23,30.61,1.1984168,0.0,7.1733646
97553,2016-11-23,SU01/5B,71.001,1.1984168,0.0,7.1733646
97554,2016-11-23,NH95/17,29.25,1.1984168,0.0,7.1733646
97555,2016-11-24,NO20/14,36.851,-0.7286668,0.0,5.7359347
97556,2016-11-24,SY68/34,66.55,-0.7286668,0.0,5.7359347
97557,2016-11-24,NY63/2,130.358,-0.7286668,0.0,5.7359347
97558,2016-11-24,ST07/10,83.388,-0.7286668,0.0,5.7359347
97559,2016-11-24,TQ25/86,92.87,-0.7286668,0.0,5.7359347
97560,2016-11-24,ID30/1,114.3,-0.7286668,0.0,5.7359347
97561,2016-11-24,TF81/2A,43.244,-0.7286668,0.0,5.7359347
97562,2016-11-24,SN00/11,12.208,-0.7286668,0.0,5.7359347
97563,2016-11-24,SJ15/13,79.716,-0.7286668,0.0,5.7359347
97564,2016-11-24,SU81/1,37.11,-0.7286668,0.0,5.7359347
97565,2016-11-24,SU71/23,30.59,-0.7286668,0.0,5.7359347
97566,2016-11-24,SU01/5B,71.151,-0.7286668,0.0,5.7359347
97567,2016-11-24,NH95/17,29.252,-0.7286668,0.0,5.7359347
97568,2016-11-24,SK00/41,130.295,-0.7286668,0.0,5.7359347
97569,2016-11-24,TR14/9,62.77,-0.7286668,0.0,5.7359347
97570,2016-11-25,SU81/1,37.08,-0.40991664,0.0,3.4631095
97571,2016-11-25,TQ25/86,92.86,-0.40991664,0.0,3.4631095
97572,2016-11-25,NO20/14,36.832,-0.40991664,0.0,3.4631095
97573,2016-11-25,NY63/2,130.379,-0.40991664,0.0,3.4631095
97574,2016-11-25,SU01/5B,71.403,-0.40991664,0.0,3.4631095
97575,2016-11-25,TR14/9,62.74,-0.40991664,0.0,3.4631095
97576,2016-11-25,SY68/34,66.859,-0.40991664,0.0,3.4631095
97577,2016-11-25,NH95/17,29.259,-0.40991664,0.0,3.4631095
97578,2016-11-25,ST07/10,82.349,-0.40991664,0.0,3.4631095
97579,2016-11-25,SK00/41,130.283,-0.40991664,0.0,3.4631095
97580,2016-11-25,ID30/1,114.25,-0.40991664,0.0,3.4631095
97581,2016-11-25,SN00/11,12.124,-0.40991664,0.0,3.4631095
97582,2016-11-25,TF81/2A,43.237,-0.40991664,0.0,3.4631095
97583,2016-11-25,SJ15/13,79.717,-0.40991664,0.0,3.4631095
97584,2016-11-25,SU71/23,30.57,-0.40991664,0.0,3.4631095
97585,2016-11-26,SU01/5B,71.764,0.5817501,0.0,3.0198455
97586,2016-11-26,ID30/1,114.22,0.5817501,0.0,3.0198455
97587,2016-11-26,NO20/14,36.758,0.5817501,0.0,3.0198455
97588,2016-11-26,TR14/9,62.72,0.5817501,0.0,3.0198455
97589,2016-11-26,SK00/41,130.273,0.5817501,0.0,3.0198455
97590,2016-11-26,ST07/10,81.055,0.5817501,0.0,3.0198455
97591,2016-11-26,NY63/2,130.405,0.5817501,0.0,3.0198455
97592,2016-11-26,TQ25/86,92.83,0.5817501,0.0,3.0198455
97593,2016-11-26,SU71/23,30.56,0.5817501,0.0,3.0198455
97594,2016-11-26,SJ15/13,79.709,0.5817501,0.0,3.0198455
97595,2016-11-26,SU81/1,37.02,0.5817501,0.0,3.0198455
97596,2016-11-26,SN00/11,12.031,0.5817501,0.0,3.0198455
97597,2016-11-26,SY68/34,67.12,0.5817501,0.0,3.0198455
97598,2016-11-26,TF81/2A,43.228,0.5817501,0.0,3.0198455
97599,2016-11-26,NH95/17,29.268,0.5817501,0.0,3.0198455
97600,2016-11-27,SU71/23,30.54,3.8359168,0.0,6.989932
97601,2016-11-27,SK00/41,130.262,3.8359168,0.0,6.989932
97602,2016-11-27,SJ15/13,79.68,3.8359168,0.0,6.989932
97603,2016-11-27,ST07/10,79.271,3.8359168,0.0,6.989932
97604,2016-11-27,TR14/9,62.69,3.8359168,0.0,6.989932
97605,2016-11-27,TQ25/86,92.79,3.8359168,0.0,6.989932
97606,2016-11-27,SN00/11,11.943,3.8359168,0.0,6.989932
97607,2016-11-27,NY63/2,130.403,3.8359168,0.0,6.989932
97608,2016-11-27,NH95/17,29.259,3.8359168,0.0,6.989932
97609,2016-11-27,SU81/1,36.97,3.8359168,0.0,6.989932
97610,2016-11-27,ID30/1,114.18,3.8359168,0.0,6.989932
97611,2016-11-27,TF81/2A,43.216,3.8359168,0.0,6.989932
97612,2016-11-27,NO20/14,36.764,3.8359168,0.0,6.989932
97613,2016-11-27,SU01/5B,72.117,3.8359168,0.0,6.989932
97614,2016-11-27,SY68/34,67.335,3.8359168,0.0,6.989932
97615,2016-11-28,SU71/23,30.52,1.4067502,0.0,6.3158207
97616,2016-11-28,SU01/5B,72.442,1.4067502,0.0,6.3158207
97617,2016-11-28,SU81/1,36.97,1.4067502,0.0,6.3158207
97618,2016-11-28,SY68/34,67.511,1.4067502,0.0,6.3158207
97619,2016-11-28,TF81/2A,43.204,1.4067502,0.0,6.3158207
97620,2016-11-28,ST07/10,77.686,1.4067502,0.0,6.3158207
97621,2016-11-28,SJ15/13,79.66,1.4067502,0.0,6.3158207
97622,2016-11-28,TQ25/86,92.75,1.4067502,0.0,6.3158207
97623,2016-11-28,TR14/9,62.66,1.4067502,0.0,6.3158207
97624,2016-11-28,NY63/2,130.393,1.4067502,0.0,6.3158207
97625,2016-11-28,NH95/17,29.269,1.4067502,0.0,6.3158207
97626,2016-11-28,SN00/11,11.86,1.4067502,0.0,6.3158207
97627,2016-11-28,SK00/41,130.25,1.4067502,0.0,6.3158207
97628,2016-11-28,ID30/1,114.16,1.4067502,0.0,6.3158207
97629,2016-11-28,TA10/63,13.7,1.4067502,0.0,6.3158207
97630,2016-11-28,NO20/14,36.789,1.4067502,0.0,6.3158207
97631,2016-11-29,SJ15/13,79.647,1.0713334,0.0,7.9732633
97632,2016-11-29,SU81/1,36.96,1.0713334,0.0,7.9732633
97633,2016-11-29,SN00/11,11.764,1.0713334,0.0,7.9732633
97634,2016-11-29,ST07/10,76.29,1.0713334,0.0,7.9732633
97635,2016-11-29,SK00/41,130.238,1.0713334,0.0,7.9732633
97636,2016-11-29,SU01/5B,72.75,1.0713334,0.0,7.9732633
97637,2016-11-29,SU71/23,30.51,1.0713334,0.0,7.9732633
97638,2016-11-29,TR14/9,62.64,1.0713334,0.0,7.9732633
97639,2016-11-29,NO20/14,36.743,1.0713334,0.0,7.9732633
97640,2016-11-29,TQ25/86,92.7,1.0713334,0.0,7.9732633
97641,2016-11-29,NH95/17,29.271,1.0713334,0.0,7.9732633
97642,2016-11-29,ID30/1,114.09,1.0713334,0.0,7.9732633
97643,2016-11-29,NY63/2,130.392,1.0713334,0.0,7.9732633
97644,2016-11-29,SY68/34,67.659,1.0713334,0.0,7.9732633
97645,2016-11-29,TF81/2A,43.195,1.0713334,0.0,7.9732633
97646,2016-11-30,SP00/62,102.31,4.9546666,0.0,11.881295
97647,2016-11-30,NO20/14,36.706,4.9546666,0.0,11.881295
97648,2016-11-30,SJ15/13,79.645,4.9546666,0.0,11.881295
97649,2016-11-30,SK00/41,130.23,4.9546666,0.0,11.881295
97650,2016-11-30,SU17/57,130.09,4.9546666,0.0,11.881295
97651,2016-11-30,TV59/7C,1.26,4.9546666,0.0,11.881295
97652,2016-11-30,SU01/5B,73.05,4.9546666,0.0,11.881295
97653,2016-11-30,SY68/34,67.788,4.9546666,0.0,11.881295
97654,2016-11-30,SU71/23,30.5,4.9546666,0.0,11.881295
97655,2016-11-30,SU81/1,36.9,4.9546666,0.0,11.881295
97656,2016-11-30,TL33/67,77.53,4.9546666,0.0,11.881295
97657,2016-11-30,TQ25/86,92.66,4.9546666,0.0,11.881295
97658,2016-11-30,SN00/11,11.674,4.9546666,0.0,11.881295
97659,2016-11-30,TF03/37,13.586,4.9546666,0.0,11.881295
97660,2016-11-30,NY63/2,130.401,4.9546666,0.0,11.881295
97661,2016-11-30,ID30/1,114.03,4.9546666,0.0,11.881295
97662,2016-11-30,NH95/17,29.278,4.9546666,0.0,11.881295
97663,2016-11-30,ST07/10,75.191,4.9546666,0.0,11.881295
97664,2016-11-30,TF81/2A,43.188,4.9546666,0.0,11.881295
97665,2016-11-30,TR14/9,62.62,4.9546666,0.0,11.881295
97666,2016-12-01,SJ15/13,79.649,6.2755,0.0,12.315584
97667,2016-12-01,NH95/17,29.269,6.2755,0.0,12.315584
97668,2016-12-01,SU01/5B,73.353,6.2755,0.0,12.315584
97669,2016-12-01,SK00/41,130.229,6.2755,0.0,12.315584
97670,2016-12-01,SY68/34,67.907,6.2755,0.0,12.315584
97671,2016-12-01,NO20/14,36.658,6.2755,0.0,12.315584
97672,2016-12-01,SU71/23,30.48,6.2755,0.0,12.315584
97673,2016-12-01,TF81/2A,43.182,6.2755,0.0,12.315584
97674,2016-12-01,TL33/4,77.51,6.2755,0.0,12.315584
97675,2016-12-01,NY63/2,130.412,6.2755,0.0,12.315584
97676,2016-12-01,ST07/10,74.081,6.2755,0.0,12.315584
97677,2016-12-01,SN00/11,11.589,6.2755,0.0,12.315584
97678,2016-12-01,TQ25/86,92.61,6.2755,0.0,12.315584
97679,2016-12-01,TR14/9,62.59,6.2755,0.0,12.315584
97680,2016-12-01,SU81/1,36.94,6.2755,0.0,12.315584
97681,2016-12-02,SK00/41,130.22,3.685917,0.0,3.5053332
97682,2016-12-02,SN00/11,11.497,3.685917,0.0,3.5053332
97683,2016-12-02,SU81/1,36.94,3.685917,0.0,3.5053332
97684,2016-12-02,SY68/34,68.013,3.685917,0.0,3.5053332
97685,2016-12-02,ST07/10,73.043,3.685917,0.0,3.5053332
97686,2016-12-02,ID30/1,113.982,3.685917,0.0,3.5053332
97687,2016-12-02,TL44/12,35.48,3.685917,0.0,3.5053332
97688,2016-12-02,TQ25/86,92.56,3.685917,0.0,3.5053332
97689,2016-12-02,SU71/23,30.48,3.685917,0.0,3.5053332
97690,2016-12-02,SU01/5B,73.662,3.685917,0.0,3.5053332
97691,2016-12-02,NH95/17,29.269,3.685917,0.0,3.5053332
97692,2016-12-02,NO20/14,36.672,3.685917,0.0,3.5053332
97693,2016-12-02,TF81/2A,43.172,3.685917,0.0,3.5053332
97694,2016-12-02,TR14/9,62.57,3.685917,0.0,3.5053332
97695,2016-12-02,NY63/2,130.417,3.685917,0.0,3.5053332
97696,2016-12-02,SJ15/13,79.649,3.685917,0.0,3.5053332
97697,2016-12-03,SK00/41,130.22,3.1463337,0.0,5.379342
97698,2016-12-03,SU81/1,36.91,3.1463337,0.0,5.379342
97699,2016-12-03,SU01/5B,73.973,3.1463337,0.0,5.379342
97700,2016-12-03,NY63/2,130.42,3.1463337,0.0,5.379342
97701,2016-12-03,TQ25/86,92.51,3.1463337,0.0,5.379342
97702,2016-12-03,TF81/2A,43.164,3.1463337,0.0,5.379342
97703,2016-12-03,SY68/34,68.105,3.1463337,0.0,5.379342
97704,2016-12-03,NH95/17,29.27,3.1463337,0.0,5.379342
97705,2016-12-03,TR14/9,62.55,3.1463337,0.0,5.379342
97706,2016-12-03,ST07/10,72.103,3.1463337,0.0,5.379342
97707,2016-12-03,SJ15/13,79.644,3.1463337,0.0,5.379342
97708,2016-12-03,SU71/23,30.46,3.1463337,0.0,5.379342
97709,2016-12-03,SN00/11,11.418,3.1463337,0.0,5.379342
97710,2016-12-03,NO20/14,36.676,3.1463337,0.0,5.379342
97711,2016-12-04,SY68/34,68.18,1.23175,0.0,8.151149
97712,2016-12-04,SJ15/13,79.642,1.23175,0.0,8.151149
97713,2016-12-04,TF81/2A,43.157,1.23175,0.0,8.151149
97714,2016-12-04,NO20/14,36.696,1.23175,0.0,8.151149
97715,2016-12-04,SN00/11,11.331,1.23175,0.0,8.151149
97716,2016-12-04,SU81/1,36.94,1.23175,0.0,8.151149
97717,2016-12-04,SU01/5B,74.277,1.23175,0.0,8.151149
97718,2016-12-04,SU71/23,30.45,1.23175,0.0,8.151149
97719,2016-12-04,TQ25/86,92.46,1.23175,0.0,8.151149
97720,2016-12-04,ST07/10,71.195,1.23175,0.0,8.151149
97721,2016-12-04,TR14/9,62.52,1.23175,0.0,8.151149
97722,2016-12-04,NH95/17,29.276,1.23175,0.0,8.151149
97723,2016-12-04,SK00/41,130.22,1.23175,0.0,8.151149
97724,2016-12-04,NY63/2,130.416,1.23175,0.0,8.151149
97725,2016-12-05,SU81/1,36.91,0.52966666,0.0,7.9529214
97726,2016-12-05,SU01/5B,74.553,0.52966666,0.0,7.9529214
97727,2016-12-05,SJ15/13,79.634,0.52966666,0.0,7.9529214
97728,2016-12-05,SK00/41,130.216,0.52966666,0.0,7.9529214
97729,2016-12-05,TR14/9,62.5,0.52966666,0.0,7.9529214
97730,2016-12-05,SU71/23,30.45,0.52966666,0.0,7.9529214
97731,2016-12-05,TF81/2A,43.149,0.52966666,0.0,7.9529214
97732,2016-12-05,NY63/2,130.428,0.52966666,0.0,7.9529214
97733,2016-12-05,SY68/34,68.244,0.52966666,0.0,7.9529214
97734,2016-12-05,TQ25/86,92.4,0.52966666,0.0,7.9529214
97735,2016-12-05,NO20/14,36.727,0.52966666,0.0,7.9529214
97736,2016-12-05,NH95/17,29.287,0.52966666,0.0,7.9529214
97737,2016-12-05,ST07/10,70.287,0.52966666,0.0,7.9529214
97738,2016-12-06,NO20/14,36.678,4.7359166,2.0,10.9274
97739,2016-12-06,TQ25/86,92.34,4.7359166,2.0,10.9274
97740,2016-12-06,NY63/2,130.428,4.7359166,2.0,10.9274
97741,2016-12-06,ST07/10,69.411,4.7359166,2.0,10.9274
97742,2016-12-06,NH95/17,29.306,4.7359166,2.0,10.9274
97743,2016-12-06,SU81/1,36.9,4.7359166,2.0,10.9274
97744,2016-12-06,SU01/5B,74.794,4.7359166,2.0,10.9274
97745,2016-12-06,TR14/9,62.48,4.7359166,2.0,10.9274
97746,2016-12-06,SN00/11,11.124,4.7359166,2.0,10.9274
97747,2016-12-06,SU71/23,30.44,4.7359166,2.0,10.9274
97748,2016-12-06,SK00/41,130.21,4.7359166,2.0,10.9274
97749,2016-12-06,SY68/34,68.299,4.7359166,2.0,10.9274
97750,2016-12-06,TF81/2A,43.141,4.7359166,2.0,10.9274
97751,2016-12-06,SJ15/13,79.628,4.7359166,2.0,10.9274
97752,2016-12-07,SU17/57,130.55,11.4400835,0.0,25.334904
97753,2016-12-07,SK00/41,130.21,11.4400835,0.0,25.334904
97754,2016-12-07,ST07/10,68.613,11.4400835,0.0,25.334904
97755,2016-12-07,SY68/34,68.346,11.4400835,0.0,25.334904
97756,2016-12-07,TQ25/86,92.29,11.4400835,0.0,25.334904
97757,2016-12-07,SU81/1,36.91,11.4400835,0.0,25.334904
97758,2016-12-07,TF81/2A,43.134,11.4400835,0.0,25.334904
97759,2016-12-07,SN00/11,11.034,11.4400835,0.0,25.334904
97760,2016-12-07,SU71/23,30.43,11.4400835,0.0,25.334904
97761,2016-12-07,SU01/5B,75.026,11.4400835,0.0,25.334904
97762,2016-12-07,SP00/62,102.11,11.4400835,0.0,25.334904
97763,2016-12-07,NH95/17,29.355,11.4400835,0.0,25.334904
97764,2016-12-07,SJ15/13,79.626,11.4400835,0.0,25.334904
97765,2016-12-07,TR14/9,62.46,11.4400835,0.0,25.334904
97766,2016-12-07,TL33/67,77.37,11.4400835,0.0,25.334904
97767,2016-12-07,NY63/2,130.442,11.4400835,0.0,25.334904
97768,2016-12-07,NO20/14,36.528,11.4400835,0.0,25.334904
97769,2016-12-08,NY63/2,130.441,10.065082,7.1,9.033152
97770,2016-12-08,SU71/23,30.42,10.065082,7.1,9.033152
97771,2016-12-08,TQ25/86,92.23,10.065082,7.1,9.033152
97772,2016-12-08,NH95/17,29.296,10.065082,7.1,9.033152
97773,2016-12-08,SN00/11,11.279,10.065082,7.1,9.033152
97774,2016-12-08,SY68/34,68.383,10.065082,7.1,9.033152
97775,2016-12-08,NO20/14,36.496,10.065082,7.1,9.033152
97776,2016-12-08,SU81/1,36.88,10.065082,7.1,9.033152
97777,2016-12-08,TF81/2A,43.127,10.065082,7.1,9.033152
97778,2016-12-08,ST07/10,67.87,10.065082,7.1,9.033152
97779,2016-12-08,SJ15/13,79.621,10.065082,7.1,9.033152
97780,2016-12-08,SU01/5B,75.25,10.065082,7.1,9.033152
97781,2016-12-08,TR14/9,62.44,10.065082,7.1,9.033152
97782,2016-12-08,SK00/41,130.206,10.065082,7.1,9.033152
97783,2016-12-09,SY68/34,68.413,10.5025835,3.6000001,18.78362
97784,2016-12-09,NO20/14,36.461,10.5025835,3.6000001,18.78362
97785,2016-12-09,SK00/41,130.2,10.5025835,3.6000001,18.78362
97786,2016-12-09,SN00/11,11.367,10.5025835,3.6000001,18.78362
97787,2016-12-09,NH95/17,29.279,10.5025835,3.6000001,18.78362
97788,2016-12-09,TR14/9,62.42,10.5025835,3.6000001,18.78362
97789,2016-12-09,TF81/2A,43.119,10.5025835,3.6000001,18.78362
97790,2016-12-09,NY63/2,130.433,10.5025835,3.6000001,18.78362
97791,2016-12-09,SJ15/13,79.629,10.5025835,3.6000001,18.78362
97792,2016-12-09,SU71/23,30.41,10.5025835,3.6000001,18.78362
97793,2016-12-09,TQ25/86,92.18,10.5025835,3.6000001,18.78362
97794,2016-12-09,SU81/1,36.93,10.5025835,3.6000001,18.78362
97795,2016-12-09,SU01/5B,75.46,10.5025835,3.6000001,18.78362
97796,2016-12-09,ST07/10,67.144,10.5025835,3.6000001,18.78362
97797,2016-12-10,SU71/23,30.41,8.6171665,0.0,15.9501705
97798,2016-12-10,SN00/11,11.476,8.6171665,0.0,15.9501705
97799,2016-12-10,TR14/9,62.39,8.6171665,0.0,15.9501705
97800,2016-12-10,NO20/14,36.437,8.6171665,0.0,15.9501705
97801,2016-12-10,NH95/17,29.319,8.6171665,0.0,15.9501705
97802,2016-12-10,TF81/2A,43.114,8.6171665,0.0,15.9501705
97803,2016-12-10,SY68/34,68.438,8.6171665,0.0,15.9501705
97804,2016-12-10,NY63/2,130.452,8.6171665,0.0,15.9501705
97805,2016-12-10,ST07/10,66.722,8.6171665,0.0,15.9501705
97806,2016-12-10,TQ25/86,92.13,8.6171665,0.0,15.9501705
97807,2016-12-10,SU81/1,36.9,8.6171665,0.0,15.9501705
97808,2016-12-10,SU01/5B,75.666,8.6171665,0.0,15.9501705
97809,2016-12-10,SK00/41,130.2,8.6171665,0.0,15.9501705
97810,2016-12-10,SJ15/13,79.626,8.6171665,0.0,15.9501705
97811,2016-12-11,NY63/2,130.441,7.4650836,0.3,14.387422
97812,2016-12-11,TF81/2A,43.105,7.4650836,0.3,14.387422
97813,2016-12-11,NO20/14,36.473,7.4650836,0.3,14.387422
97814,2016-12-11,SY68/34,68.449,7.4650836,0.3,14.387422
97815,2016-12-11,ST07/10,66.558,7.4650836,0.3,14.387422
97816,2016-12-11,SU01/5B,75.837,7.4650836,0.3,14.387422
97817,2016-12-11,SU81/1,36.98,7.4650836,0.3,14.387422
97818,2016-12-11,TR14/9,62.38,7.4650836,0.3,14.387422
97819,2016-12-11,SU71/23,30.4,7.4650836,0.3,14.387422
97820,2016-12-11,SK00/41,130.196,7.4650836,0.3,14.387422
97821,2016-12-11,SN00/11,11.584,7.4650836,0.3,14.387422
97822,2016-12-11,NH95/17,29.308,7.4650836,0.3,14.387422
97823,2016-12-11,SJ15/13,79.617,7.4650836,0.3,14.387422
97824,2016-12-11,TQ25/86,92.08,7.4650836,0.3,14.387422
97825,2016-12-12,SJ15/13,79.63,6.3984165,0.2,6.1521688
97826,2016-12-12,TR14/9,62.36,6.3984165,0.2,6.1521688
97827,2016-12-12,SU71/23,30.4,6.3984165,0.2,6.1521688
97828,2016-12-12,NO20/14,36.492,6.3984165,0.2,6.1521688
97829,2016-12-12,SK00/41,130.19,6.3984165,0.2,6.1521688
97830,2016-12-12,TF81/2A,43.1,6.3984165,0.2,6.1521688
97831,2016-12-12,NY63/2,130.42,6.3984165,0.2,6.1521688
97832,2016-12-12,SY68/34,68.461,6.3984165,0.2,6.1521688
97833,2016-12-12,ST07/10,66.303,6.3984165,0.2,6.1521688
97834,2016-12-12,SU81/1,36.92,6.3984165,0.2,6.1521688
97835,2016-12-12,SU01/5B,76.007,6.3984165,0.2,6.1521688
97836,2016-12-12,TQ25/86,92.04,6.3984165,0.2,6.1521688
97837,2016-12-12,NH95/17,29.31,6.3984165,0.2,6.1521688
97838,2016-12-12,SN00/11,11.708,6.3984165,0.2,6.1521688
97839,2016-12-13,SY68/34,68.47,7.5067487,1.8,8.6972
97840,2016-12-13,ST07/10,66.274,7.5067487,1.8,8.6972
97841,2016-12-13,SU01/5B,76.161,7.5067487,1.8,8.6972
97842,2016-12-13,SJ15/13,79.636,7.5067487,1.8,8.6972
97843,2016-12-13,TQ25/86,91.99,7.5067487,1.8,8.6972
97844,2016-12-13,SU71/23,30.4,7.5067487,1.8,8.6972
97845,2016-12-13,TF81/2A,43.094,7.5067487,1.8,8.6972
97846,2016-12-13,SN00/11,11.899,7.5067487,1.8,8.6972
97847,2016-12-13,NO20/14,36.539,7.5067487,1.8,8.6972
97848,2016-12-13,SU81/1,37.0,7.5067487,1.8,8.6972
97849,2016-12-13,TR14/9,62.34,7.5067487,1.8,8.6972
97850,2016-12-13,NH95/17,29.309,7.5067487,1.8,8.6972
97851,2016-12-13,SK00/41,130.19,7.5067487,1.8,8.6972
97852,2016-12-13,NY63/2,130.435,7.5067487,1.8,8.6972
97853,2016-12-14,NY63/2,130.442,9.552583,0.0,13.754032
97854,2016-12-14,ST07/10,66.541,9.552583,0.0,13.754032
97855,2016-12-14,SU01/5B,76.295,9.552583,0.0,13.754032
97856,2016-12-14,TL33/67,77.21,9.552583,0.0,13.754032
97857,2016-12-14,TR14/9,62.3,9.552583,0.0,13.754032
97858,2016-12-14,SJ15/13,79.627,9.552583,0.0,13.754032
97859,2016-12-14,SU81/1,37.03,9.552583,0.0,13.754032
97860,2016-12-14,SY68/34,68.466,9.552583,0.0,13.754032
97861,2016-12-14,TQ25/86,91.93,9.552583,0.0,13.754032
97862,2016-12-14,SU17/57,130.92,9.552583,0.0,13.754032
97863,2016-12-14,NH95/17,29.316,9.552583,0.0,13.754032
97864,2016-12-14,NO20/14,36.207,9.552583,0.0,13.754032
97865,2016-12-14,SN00/11,12.182,9.552583,0.0,13.754032
97866,2016-12-14,TF81/2A,43.086,9.552583,0.0,13.754032
97867,2016-12-14,SU71/23,30.39,9.552583,0.0,13.754032
97868,2016-12-14,SK00/41,130.19,9.552583,0.0,13.754032
97869,2016-12-14,SP00/62,102.11,9.552583,0.0,13.754032
97870,2016-12-15,SY68/34,68.463,8.258834,2.7,13.803881
97871,2016-12-15,NO20/14,36.204,8.258834,2.7,13.803881
97872,2016-12-15,SU01/5B,76.414,8.258834,2.7,13.803881
97873,2016-12-15,SU81/1,37.05,8.258834,2.7,13.803881
97874,2016-12-15,SN00/11,12.296,8.258834,2.7,13.803881
97875,2016-12-15,TA10/63,14.15,8.258834,2.7,13.803881
97876,2016-12-15,SK00/41,130.19,8.258834,2.7,13.803881
97877,2016-12-15,TF81/2A,43.081,8.258834,2.7,13.803881
97878,2016-12-15,TQ25/86,91.87,8.258834,2.7,13.803881
97879,2016-12-15,NY63/2,130.43,8.258834,2.7,13.803881
97880,2016-12-15,NH95/17,29.325,8.258834,2.7,13.803881
97881,2016-12-15,SU71/23,30.39,8.258834,2.7,13.803881
97882,2016-12-15,TR14/9,62.28,8.258834,2.7,13.803881
97883,2016-12-15,ST07/10,66.758,8.258834,2.7,13.803881
97884,2016-12-15,SJ15/13,79.624,8.258834,2.7,13.803881
97885,2016-12-16,SU81/1,37.07,8.26925,1.4000001,9.77774
97886,2016-12-16,SU71/23,30.38,8.26925,1.4000001,9.77774
97887,2016-12-16,SJ15/13,79.579,8.26925,1.4000001,9.77774
97888,2016-12-16,NY63/2,130.429,8.26925,1.4000001,9.77774
97889,2016-12-16,ST07/10,66.669,8.26925,1.4000001,9.77774
97890,2016-12-16,NH95/17,29.21,8.26925,1.4000001,9.77774
97891,2016-12-16,SU01/5B,76.485,8.26925,1.4000001,9.77774
97892,2016-12-16,SY68/34,68.443,8.26925,1.4000001,9.77774
97893,2016-12-16,SK00/41,130.18,8.26925,1.4000001,9.77774
97894,2016-12-16,SN00/11,12.269,8.26925,1.4000001,9.77774
97895,2016-12-16,NO20/14,36.252,8.26925,1.4000001,9.77774
97896,2016-12-16,TF81/2A,43.069,8.26925,1.4000001,9.77774
97897,2016-12-16,TQ25/86,91.79,8.26925,1.4000001,9.77774
97898,2016-12-17,NH95/17,29.206,4.7838335,0.0,9.167174
97899,2016-12-17,SJ15/13,79.559,4.7838335,0.0,9.167174
97900,2016-12-17,NY63/2,130.377,4.7838335,0.0,9.167174
97901,2016-12-17,SK00/41,130.165,4.7838335,0.0,9.167174
97902,2016-12-17,SU71/23,30.38,4.7838335,0.0,9.167174
97903,2016-12-17,SN00/11,12.195,4.7838335,0.0,9.167174
97904,2016-12-17,ST07/10,66.505,4.7838335,0.0,9.167174
97905,2016-12-17,TQ25/86,91.71,4.7838335,0.0,9.167174
97906,2016-12-17,SU81/1,37.01,4.7838335,0.0,9.167174
97907,2016-12-17,TR14/9,62.26,4.7838335,0.0,9.167174
97908,2016-12-17,SY68/34,68.423,4.7838335,0.0,9.167174
97909,2016-12-17,SU01/5B,76.552,4.7838335,0.0,9.167174
97910,2016-12-17,NO20/14,36.363,4.7838335,0.0,9.167174
97911,2016-12-17,TF81/2A,43.06,4.7838335,0.0,9.167174
97912,2016-12-18,SU71/23,30.38,6.827584,0.0,9.385612
97913,2016-12-18,SU81/1,37.04,6.827584,0.0,9.385612
97914,2016-12-18,TR14/9,62.24,6.827584,0.0,9.385612
97915,2016-12-18,NH95/17,29.218,6.827584,0.0,9.385612
97916,2016-12-18,ST07/10,66.276,6.827584,0.0,9.385612
97917,2016-12-18,NO20/14,36.329,6.827584,0.0,9.385612
97918,2016-12-18,NY63/2,130.377,6.827584,0.0,9.385612
97919,2016-12-18,SK00/41,130.16,6.827584,0.0,9.385612
97920,2016-12-18,SU01/5B,76.598,6.827584,0.0,9.385612
97921,2016-12-18,SY68/34,68.41,6.827584,0.0,9.385612
97922,2016-12-18,TF81/2A,43.058,6.827584,0.0,9.385612
97923,2016-12-18,SN00/11,12.144,6.827584,0.0,9.385612
97924,2016-12-18,TQ25/86,91.64,6.827584,0.0,9.385612
97925,2016-12-18,SJ15/13,79.581,6.827584,0.0,9.385612
97926,2016-12-19,NY63/2,130.411,6.6713333,0.0,5.8539243
97927,2016-12-19,SU01/5B,76.714,6.6713333,0.0,5.8539243
97928,2016-12-19,SY68/34,68.398,6.6713333,0.0,5.8539243
97929,2016-12-19,TR14/9,62.22,6.6713333,0.0,5.8539243
97930,2016-12-19,SU81/1,37.09,6.6713333,0.0,5.8539243
97931,2016-12-19,TQ25/86,91.57,6.6713333,0.0,5.8539243
97932,2016-12-19,SJ15/13,79.607,6.6713333,0.0,5.8539243
97933,2016-12-19,TF81/2A,43.056,6.6713333,0.0,5.8539243
97934,2016-12-19,SU71/23,30.38,6.6713333,0.0,5.8539243
97935,2016-12-19,SK00/41,130.16,6.6713333,0.0,5.8539243
97936,2016-12-19,NH95/17,29.228,6.6713333,0.0,5.8539243
97937,2016-12-19,NO20/14,36.287,6.6713333,0.0,5.8539243
97938,2016-12-19,SN00/11,12.099,6.6713333,0.0,5.8539243
97939,2016-12-19,ST07/10,66.006,6.6713333,0.0,5.8539243
97940,2016-12-20,TR14/9,62.21,5.763,1.5,16.852669
97941,2016-12-20,NO20/14,36.194,5.763,1.5,16.852669
97942,2016-12-20,SU81/1,37.08,5.763,1.5,16.852669
97943,2016-12-20,NH95/17,29.254,5.763,1.5,16.852669
97944,2016-12-20,SU71/23,30.37,5.763,1.5,16.852669
97945,2016-12-20,NY63/2,130.431,5.763,1.5,16.852669
97946,2016-12-20,SK00/41,130.167,5.763,1.5,16.852669
97947,2016-12-20,TF81/2A,43.054,5.763,1.5,16.852669
97948,2016-12-20,TQ25/86,91.5,5.763,1.5,16.852669
97949,2016-12-20,SY68/34,68.383,5.763,1.5,16.852669
97950,2016-12-20,ST07/10,65.735,5.763,1.5,16.852669
97951,2016-12-20,SN00/11,12.06,5.763,1.5,16.852669
97952,2016-12-20,SU01/5B,76.828,5.763,1.5,16.852669
97953,2016-12-20,TM15/112,25.25,5.763,1.5,16.852669
97954,2016-12-20,SJ15/13,79.635,5.763,1.5,16.852669
97955,2016-12-20,SJ62/235,54.41,5.763,1.5,16.852669
97956,2016-12-21,TQ25/86,91.43,5.3650837,7.2999997,19.779215
97957,2016-12-21,SU17/57,131.17,5.3650837,7.2999997,19.779215
97958,2016-12-21,SU81/1,37.12,5.3650837,7.2999997,19.779215
97959,2016-12-21,NH95/17,29.255,5.3650837,7.2999997,19.779215
97960,2016-12-21,SU01/5B,76.907,5.3650837,7.2999997,19.779215
97961,2016-12-21,SU71/23,30.36,5.3650837,7.2999997,19.779215
97962,2016-12-21,NO20/14,36.104,5.3650837,7.2999997,19.779215
97963,2016-12-21,SK00/41,130.17,5.3650837,7.2999997,19.779215
97964,2016-12-21,ST07/10,65.429,5.3650837,7.2999997,19.779215
97965,2016-12-21,NY63/2,130.479,5.3650837,7.2999997,19.779215
97966,2016-12-21,SP00/62,102.12,5.3650837,7.2999997,19.779215
97967,2016-12-21,SJ15/13,79.616,5.3650837,7.2999997,19.779215
97968,2016-12-21,TR14/9,62.19,5.3650837,7.2999997,19.779215
97969,2016-12-21,SY68/34,68.361,5.3650837,7.2999997,19.779215
97970,2016-12-21,TF81/2A,43.046,5.3650837,7.2999997,19.779215
97971,2016-12-21,SN00/11,12.026,5.3650837,7.2999997,19.779215
97972,2016-12-21,TL33/67,76.96,5.3650837,7.2999997,19.779215
97973,2016-12-22,SK00/41,130.163,5.43175,4.9999995,23.793669
97974,2016-12-22,NY63/2,130.431,5.43175,4.9999995,23.793669
97975,2016-12-22,TQ25/86,91.35,5.43175,4.9999995,23.793669
97976,2016-12-22,TR14/9,62.18,5.43175,4.9999995,23.793669
97977,2016-12-22,NH95/17,29.249,5.43175,4.9999995,23.793669
97978,2016-12-22,SU81/1,37.13,5.43175,4.9999995,23.793669
97979,2016-12-22,SY68/34,68.332,5.43175,4.9999995,23.793669
97980,2016-12-22,TF81/2A,43.038,5.43175,4.9999995,23.793669
97981,2016-12-22,NO20/14,36.148,5.43175,4.9999995,23.793669
97982,2016-12-22,SU71/23,30.37,5.43175,4.9999995,23.793669
97983,2016-12-22,ST07/10,65.073,5.43175,4.9999995,23.793669
97984,2016-12-22,SU01/5B,76.943,5.43175,4.9999995,23.793669
97985,2016-12-22,SN00/11,11.99,5.43175,4.9999995,23.793669
97986,2016-12-22,SE94/5,12.94,5.43175,4.9999995,23.793669
97987,2016-12-22,SJ15/13,79.596,5.43175,4.9999995,23.793669
97988,2016-12-23,NH95/17,29.28,6.7546673,15.5,27.83879
97989,2016-12-23,SU71/23,30.36,6.7546673,15.5,27.83879
97990,2016-12-23,TF81/2A,43.038,6.7546673,15.5,27.83879
97991,2016-12-23,NY63/2,130.406,6.7546673,15.5,27.83879
97992,2016-12-23,SJ15/13,79.621,6.7546673,15.5,27.83879
97993,2016-12-23,SE95/6,20.37,6.7546673,15.5,27.83879
97994,2016-12-23,ST07/10,64.184,6.7546673,15.5,27.83879
97995,2016-12-23,SU81/1,37.12,6.7546673,15.5,27.83879
97996,2016-12-23,TR14/9,62.16,6.7546673,15.5,27.83879
97997,2016-12-23,SK00/41,130.16,6.7546673,15.5,27.83879
97998,2016-12-23,SN00/11,12.006,6.7546673,15.5,27.83879
97999,2016-12-23,SY68/34,68.309,6.7546673,15.5,27.83879
98000,2016-12-23,TQ25/86,91.28,6.7546673,15.5,27.83879
98001,2016-12-23,NO20/14,36.107,6.7546673,15.5,27.83879
98002,2016-12-23,SU01/5B,77.005,6.7546673,15.5,27.83879
98003,2016-12-24,TR14/9,62.14,6.073416,5.5,29.691544
98004,2016-12-24,TQ25/86,91.21,6.073416,5.5,29.691544
98005,2016-12-24,SK00/41,130.154,6.073416,5.5,29.691544
98006,2016-12-24,ST07/10,64.59,6.073416,5.5,29.691544
98007,2016-12-24,SY68/34,68.281,6.073416,5.5,29.691544
98008,2016-12-24,SN00/11,12.03,6.073416,5.5,29.691544
98009,2016-12-24,NH95/17,29.292,6.073416,5.5,29.691544
98010,2016-12-24,SU71/23,30.37,6.073416,5.5,29.691544
98011,2016-12-24,SU01/5B,77.053,6.073416,5.5,29.691544
98012,2016-12-24,NO20/14,36.157,6.073416,5.5,29.691544
98013,2016-12-24,TF81/2A,43.03,6.073416,5.5,29.691544
98014,2016-12-24,NY63/2,130.453,6.073416,5.5,29.691544
98015,2016-12-24,SJ15/13,79.622,6.073416,5.5,29.691544
98016,2016-12-24,SU81/1,37.12,6.073416,5.5,29.691544
98017,2016-12-25,SU01/5B,77.111,9.958835,4.6,30.439396
98018,2016-12-25,SN00/11,12.065,9.958835,4.6,30.439396
98019,2016-12-25,SJ15/13,79.632,9.958835,4.6,30.439396
98020,2016-12-25,SY68/34,68.254,9.958835,4.6,30.439396
98021,2016-12-25,NO20/14,36.122,9.958835,4.6,30.439396
98022,2016-12-25,TF81/2A,43.025,9.958835,4.6,30.439396
98023,2016-12-25,TR14/9,62.12,9.958835,4.6,30.439396
98024,2016-12-25,ST07/10,64.468,9.958835,4.6,30.439396
98025,2016-12-25,SU81/1,37.12,9.958835,4.6,30.439396
98026,2016-12-25,SU71/23,30.36,9.958835,4.6,30.439396
98027,2016-12-25,NY63/2,130.467,9.958835,4.6,30.439396
98028,2016-12-25,NH95/17,29.325,9.958835,4.6,30.439396
98029,2016-12-25,TQ25/86,91.14,9.958835,4.6,30.439396
98030,2016-12-25,SK00/41,130.15,9.958835,4.6,30.439396
98031,2016-12-26,TF81/2A,43.01,4.690083,0.5,27.576149
98032,2016-12-26,TR14/9,62.1,4.690083,0.5,27.576149
98033,2016-12-26,NY63/2,130.46,4.690083,0.5,27.576149
98034,2016-12-26,SY68/34,68.215,4.690083,0.5,27.576149
98035,2016-12-26,SN00/11,12.034,4.690083,0.5,27.576149
98036,2016-12-26,SJ15/13,79.582,4.690083,0.5,27.576149
98037,2016-12-26,SK00/41,130.14,4.690083,0.5,27.576149
98038,2016-12-26,ST07/10,64.341,4.690083,0.5,27.576149
98039,2016-12-26,SU01/5B,77.119,4.690083,0.5,27.576149
98040,2016-12-26,SU71/23,30.36,4.690083,0.5,27.576149
98041,2016-12-26,NH95/17,29.306,4.690083,0.5,27.576149
98042,2016-12-26,NO20/14,36.331,4.690083,0.5,27.576149
98043,2016-12-26,SU81/1,37.15,4.690083,0.5,27.576149
98044,2016-12-26,TQ25/86,91.06,4.690083,0.5,27.576149
98045,2016-12-27,SU81/1,37.1,4.3650837,0.0,9.722327
98046,2016-12-27,NH95/17,29.298,4.3650837,0.0,9.722327
98047,2016-12-27,SK00/41,130.125,4.3650837,0.0,9.722327
98048,2016-12-27,SY68/34,68.178,4.3650837,0.0,9.722327
98049,2016-12-27,TR14/9,62.09,4.3650837,0.0,9.722327
98050,2016-12-27,SU01/5B,77.127,4.3650837,0.0,9.722327
98051,2016-12-27,NO20/14,36.543,4.3650837,0.0,9.722327
98052,2016-12-27,TQ25/86,90.99,4.3650837,0.0,9.722327
98053,2016-12-27,ST07/10,64.259,4.3650837,0.0,9.722327
98054,2016-12-27,SN00/11,11.995,4.3650837,0.0,9.722327
98055,2016-12-27,NY63/2,130.381,4.3650837,0.0,9.722327
98056,2016-12-27,SJ15/13,79.571,4.3650837,0.0,9.722327
98057,2016-12-27,TF81/2A,43.002,4.3650837,0.0,9.722327
98058,2016-12-27,SU71/23,30.36,4.3650837,0.0,9.722327
98059,2016-12-28,SJ15/13,79.591,1.9942499,0.0,7.8839793
98060,2016-12-28,SP00/62,101.89,1.9942499,0.0,7.8839793
98061,2016-12-28,SK00/41,130.119,1.9942499,0.0,7.8839793
98062,2016-12-28,SU81/1,37.16,1.9942499,0.0,7.8839793
98063,2016-12-28,SN00/11,11.968,1.9942499,0.0,7.8839793
98064,2016-12-28,ST07/10,64.178,1.9942499,0.0,7.8839793
98065,2016-12-28,SU17/57,131.31,1.9942499,0.0,7.8839793
98066,2016-12-28,NO20/14,36.575,1.9942499,0.0,7.8839793
98067,2016-12-28,SU01/5B,77.174,1.9942499,0.0,7.8839793
98068,2016-12-28,TQ25/86,90.92,1.9942499,0.0,7.8839793
98069,2016-12-28,SU71/23,30.36,1.9942499,0.0,7.8839793
98070,2016-12-28,TR14/9,62.07,1.9942499,0.0,7.8839793
98071,2016-12-28,NY63/2,130.388,1.9942499,0.0,7.8839793
98072,2016-12-28,TF81/2A,42.999,1.9942499,0.0,7.8839793
98073,2016-12-28,SY68/34,68.147,1.9942499,0.0,7.8839793
98074,2016-12-28,TL33/67,76.92,1.9942499,0.0,7.8839793
98075,2016-12-28,NH95/17,29.31,1.9942499,0.0,7.8839793
98076,2016-12-29,SK00/41,130.11,3.563,0.0,11.119905
98077,2016-12-29,SU71/23,30.36,3.563,0.0,11.119905
98078,2016-12-29,TQ25/86,90.85,3.563,0.0,11.119905
98079,2016-12-29,NO20/14,36.465,3.563,0.0,11.119905
98080,2016-12-29,SU01/5B,77.235,3.563,0.0,11.119905
98081,2016-12-29,SU81/1,37.15,3.563,0.0,11.119905
98082,2016-12-29,SN00/11,11.934,3.563,0.0,11.119905
98083,2016-12-29,TR14/9,62.05,3.563,0.0,11.119905
98084,2016-12-29,NH95/17,29.329,3.563,0.0,11.119905
98085,2016-12-29,NY63/2,130.428,3.563,0.0,11.119905
98086,2016-12-29,ST07/10,64.043,3.563,0.0,11.119905
98087,2016-12-29,TF81/2A,42.996,3.563,0.0,11.119905
98088,2016-12-29,SY68/34,68.114,3.563,0.0,11.119905
98089,2016-12-29,SJ15/13,79.599,3.563,0.0,11.119905
98090,2016-12-30,SU01/5B,77.286,8.660917,0.0,19.045815
98091,2016-12-30,TQ25/86,90.78,8.660917,0.0,19.045815
98092,2016-12-30,TF81/2A,42.992,8.660917,0.0,19.045815
98093,2016-12-30,TR14/9,62.04,8.660917,0.0,19.045815
98094,2016-12-30,SU71/23,30.36,8.660917,0.0,19.045815
98095,2016-12-30,SJ15/13,79.601,8.660917,0.0,19.045815
98096,2016-12-30,TV59/7C,1.52,8.660917,0.0,19.045815
98097,2016-12-30,SN00/11,11.889,8.660917,0.0,19.045815
98098,2016-12-30,SY68/34,68.081,8.660917,0.0,19.045815
98099,2016-12-30,SU81/1,37.2,8.660917,0.0,19.045815
98100,2016-12-30,NH95/17,29.341,8.660917,0.0,19.045815
98101,2016-12-30,NY63/2,130.447,8.660917,0.0,19.045815
98102,2016-12-30,ST07/10,63.783,8.660917,0.0,19.045815
98103,2016-12-30,SK00/41,130.11,8.660917,0.0,19.045815
98104,2016-12-30,NO20/14,36.359,8.660917,0.0,19.045815
98105,2016-12-31,ST07/10,63.587,8.338,6.3,22.50718
98106,2016-12-31,NY63/2,130.455,8.338,6.3,22.50718
98107,2016-12-31,SU71/23,30.35,8.338,6.3,22.50718
98108,2016-12-31,TQ25/86,90.72,8.338,6.3,22.50718
98109,2016-12-31,SY68/34,68.056,8.338,6.3,22.50718
98110,2016-12-31,TR14/9,62.026,8.338,6.3,22.50718
98111,2016-12-31,SU17/57,131.38,8.338,6.3,22.50718
98112,2016-12-31,SN00/11,11.854,8.338,6.3,22.50718
98113,2016-12-31,SU81/1,37.14,8.338,6.3,22.50718
98114,2016-12-31,SU01/5B,77.345,8.338,6.3,22.50718
98115,2016-12-31,NO20/14,36.26,8.338,6.3,22.50718
98116,2016-12-31,SJ15/13,79.627,8.338,6.3,22.50718
98117,2016-12-31,TF81/2A,42.992,8.338,6.3,22.50718
98118,2016-12-31,SK00/41,130.113,8.338,6.3,22.50718
98119,2016-12-31,SP00/62,101.77,8.338,6.3,22.50718
98120,2016-12-31,TF03/37,14.414,8.338,6.3,22.50718
98121,2016-12-31,TL33/67,76.62,8.338,6.3,22.50718
98122,2016-12-31,NH95/17,29.362,8.338,6.3,22.50718
98123,2017-01-01,NY63/2,130.503,3.7021668,5.2000003,15.0937395
98124,2017-01-01,SK00/41,130.12,3.7021668,5.2000003,15.0937395
98125,2017-01-01,ST07/10,63.365,3.7021668,5.2000003,15.0937395
98126,2017-01-01,SU81/1,37.23,3.7021668,5.2000003,15.0937395
98127,2017-01-01,NH95/17,29.415,3.7021668,5.2000003,15.0937395
98128,2017-01-01,SU01/5B,77.441,3.7021668,5.2000003,15.0937395
98129,2017-01-01,TR14/9,62.008,3.7021668,5.2000003,15.0937395
98130,2017-01-01,SU71/23,30.23,3.7021668,5.2000003,15.0937395
98131,2017-01-01,SY68/34,68.03,3.7021668,5.2000003,15.0937395
98132,2017-01-01,TQ25/86,90.66,3.7021668,5.2000003,15.0937395
98133,2017-01-01,SJ15/13,79.615,3.7021668,5.2000003,15.0937395
98134,2017-01-01,SN00/11,11.831,3.7021668,5.2000003,15.0937395
98135,2017-01-01,TF81/2A,42.993,3.7021668,5.2000003,15.0937395
98136,2017-01-01,NO20/14,36.356,3.7021668,5.2000003,15.0937395
98137,2017-01-02,NH95/17,29.441,0.40425003,0.0,8.007522
98138,2017-01-02,TQ25/86,90.58,0.40425003,0.0,8.007522
98139,2017-01-02,SJ15/13,79.602,0.40425003,0.0,8.007522
98140,2017-01-02,NO20/14,36.41,0.40425003,0.0,8.007522
98141,2017-01-02,SU71/23,30.23,0.40425003,0.0,8.007522
98142,2017-01-02,SK00/41,130.112,0.40425003,0.0,8.007522
98143,2017-01-02,SU81/1,37.21,0.40425003,0.0,8.007522
98144,2017-01-02,NY63/2,130.452,0.40425003,0.0,8.007522
98145,2017-01-02,SY68/34,67.992,0.40425003,0.0,8.007522
98146,2017-01-02,SU01/5B,77.459,0.40425003,0.0,8.007522
98147,2017-01-02,TF81/2A,42.984,0.40425003,0.0,8.007522
98148,2017-01-02,SN00/11,11.753,0.40425003,0.0,8.007522
98149,2017-01-02,ST07/10,63.127,0.40425003,0.0,8.007522
98150,2017-01-02,TR14/9,61.994,0.40425003,0.0,8.007522
98151,2017-01-03,ID30/1,113.412,5.9813333,0.2,18.582724
98152,2017-01-03,NO20/14,36.296,5.9813333,0.2,18.582724
98153,2017-01-03,SU81/1,37.19,5.9813333,0.2,18.582724
98154,2017-01-03,TL33/4,76.79,5.9813333,0.2,18.582724
98155,2017-01-03,NH95/17,29.462,5.9813333,0.2,18.582724
98156,2017-01-03,ST07/10,62.925,5.9813333,0.2,18.582724
98157,2017-01-03,TR14/9,61.978,5.9813333,0.2,18.582724
98158,2017-01-03,SU71/23,30.22,5.9813333,0.2,18.582724
98159,2017-01-03,SY68/34,67.958,5.9813333,0.2,18.582724
98160,2017-01-03,NY63/2,130.456,5.9813333,0.2,18.582724
98161,2017-01-03,SJ15/13,79.617,5.9813333,0.2,18.582724
98162,2017-01-03,SN00/11,11.692,5.9813333,0.2,18.582724
98163,2017-01-03,SK00/41,130.11,5.9813333,0.2,18.582724
98164,2017-01-03,SU01/5B,77.499,5.9813333,0.2,18.582724
98165,2017-01-03,TQ25/86,90.52,5.9813333,0.2,18.582724
98166,2017-01-03,TF81/2A,42.977,5.9813333,0.2,18.582724
98167,2017-01-04,SU81/1,37.27,2.5229995,0.1,12.924728
98168,2017-01-04,SU01/5B,77.538,2.5229995,0.1,12.924728
98169,2017-01-04,SY68/34,67.924,2.5229995,0.1,12.924728
98170,2017-01-04,SU71/23,30.22,2.5229995,0.1,12.924728
98171,2017-01-04,ST07/10,62.706,2.5229995,0.1,12.924728
98172,2017-01-04,TL44/12,35.52,2.5229995,0.1,12.924728
98173,2017-01-04,NY63/2,130.496,2.5229995,0.1,12.924728
98174,2017-01-04,SK00/41,130.126,2.5229995,0.1,12.924728
98175,2017-01-04,SJ15/13,79.603,2.5229995,0.1,12.924728
98176,2017-01-04,SN00/11,11.633,2.5229995,0.1,12.924728
98177,2017-01-04,NO20/14,36.328,2.5229995,0.1,12.924728
98178,2017-01-04,NH95/17,29.44,2.5229995,0.1,12.924728
98179,2017-01-04,TQ25/86,90.45,2.5229995,0.1,12.924728
98180,2017-01-04,TR14/9,61.958,2.5229995,0.1,12.924728
98181,2017-01-04,TF81/2A,42.976,2.5229995,0.1,12.924728
98182,2017-01-05,TR14/9,61.944,-0.1019999,0.0,9.02147
98183,2017-01-05,SU01/5B,77.558,-0.1019999,0.0,9.02147
98184,2017-01-05,SY68/34,67.885,-0.1019999,0.0,9.02147
98185,2017-01-05,TF81/2A,42.963,-0.1019999,0.0,9.02147
98186,2017-01-05,SN00/11,11.557,-0.1019999,0.0,9.02147
98187,2017-01-05,SK00/41,130.116,-0.1019999,0.0,9.02147
98188,2017-01-05,ST07/10,62.46,-0.1019999,0.0,9.02147
98189,2017-01-05,NY63/2,130.451,-0.1019999,0.0,9.02147
98190,2017-01-05,SU81/1,37.26,-0.1019999,0.0,9.02147
98191,2017-01-05,NO20/14,36.415,-0.1019999,0.0,9.02147
98192,2017-01-05,NH95/17,29.442,-0.1019999,0.0,9.02147
98193,2017-01-05,TQ25/86,90.38,-0.1019999,0.0,9.02147
98194,2017-01-05,SJ15/13,79.591,-0.1019999,0.0,9.02147
98195,2017-01-05,SU71/23,30.22,-0.1019999,0.0,9.02147
98196,2017-01-06,ST07/10,62.373,4.933417,3.1999996,13.628783
98197,2017-01-06,SU81/1,37.25,4.933417,3.1999996,13.628783
98198,2017-01-06,TR14/9,61.927,4.933417,3.1999996,13.628783
98199,2017-01-06,NO20/14,36.321,4.933417,3.1999996,13.628783
98200,2017-01-06,NH95/17,29.447,4.933417,3.1999996,13.628783
98201,2017-01-06,SU71/23,30.21,4.933417,3.1999996,13.628783
98202,2017-01-06,SU01/5B,77.599,4.933417,3.1999996,13.628783
98203,2017-01-06,SN00/11,11.552,4.933417,3.1999996,13.628783
98204,2017-01-06,TQ25/86,90.32,4.933417,3.1999996,13.628783
98205,2017-01-06,TF81/2A,42.957,4.933417,3.1999996,13.628783
98206,2017-01-06,SK00/41,130.11,4.933417,3.1999996,13.628783
98207,2017-01-06,SJ15/13,79.598,4.933417,3.1999996,13.628783
98208,2017-01-06,NY63/2,130.461,4.933417,3.1999996,13.628783
98209,2017-01-06,SY68/34,67.853,4.933417,3.1999996,13.628783
98210,2017-01-07,SU71/23,30.21,8.343833,0.6,5.6535244
98211,2017-01-07,SU01/5B,77.658,8.343833,0.6,5.6535244
98212,2017-01-07,NH95/17,29.444,8.343833,0.6,5.6535244
98213,2017-01-07,TQ25/86,90.24,8.343833,0.6,5.6535244
98214,2017-01-07,NO20/14,36.327,8.343833,0.6,5.6535244
98215,2017-01-07,SU81/1,37.21,8.343833,0.6,5.6535244
98216,2017-01-07,SK00/41,130.108,8.343833,0.6,5.6535244
98217,2017-01-07,NY63/2,130.474,8.343833,0.6,5.6535244
98218,2017-01-07,ST07/10,62.298,8.343833,0.6,5.6535244
98219,2017-01-07,SJ15/13,79.591,8.343833,0.6,5.6535244
98220,2017-01-07,TF81/2A,42.957,8.343833,0.6,5.6535244
98221,2017-01-07,SY68/34,67.826,8.343833,0.6,5.6535244
98222,2017-01-07,TR14/9,61.914,8.343833,0.6,5.6535244
98223,2017-01-07,SN00/11,11.886,8.343833,0.6,5.6535244
98224,2017-01-08,SN00/11,12.033,7.495918,0.2,8.2619705
98225,2017-01-08,SU71/23,30.21,7.495918,0.2,8.2619705
98226,2017-01-08,NH95/17,29.452,7.495918,0.2,8.2619705
98227,2017-01-08,SU81/1,37.26,7.495918,0.2,8.2619705
98228,2017-01-08,SY68/34,67.798,7.495918,0.2,8.2619705
98229,2017-01-08,ST07/10,62.242,7.495918,0.2,8.2619705
98230,2017-01-08,SJ15/13,79.608,7.495918,0.2,8.2619705
98231,2017-01-08,TQ25/86,90.18,7.495918,0.2,8.2619705
98232,2017-01-08,NO20/14,36.269,7.495918,0.2,8.2619705
98233,2017-01-08,TF81/2A,42.949,7.495918,0.2,8.2619705
98234,2017-01-08,TR14/9,61.898,7.495918,0.2,8.2619705
98235,2017-01-08,NY63/2,130.469,7.495918,0.2,8.2619705
98236,2017-01-08,SK00/41,130.1,7.495918,0.2,8.2619705
98237,2017-01-08,SU01/5B,77.724,7.495918,0.2,8.2619705
98238,2017-01-09,TQ25/86,90.03,6.3625836,11.000001,18.669912
98239,2017-01-09,NY63/2,130.5,6.3625836,11.000001,18.669912
98240,2017-01-09,SN00/11,12.107,6.3625836,11.000001,18.669912
98241,2017-01-09,NH95/17,29.49,6.3625836,11.000001,18.669912
98242,2017-01-09,SK00/41,130.115,6.3625836,11.000001,18.669912
98243,2017-01-09,SU71/23,30.21,6.3625836,11.000001,18.669912
98244,2017-01-09,SU81/1,37.28,6.3625836,11.000001,18.669912
98245,2017-01-09,SY68/34,67.776,6.3625836,11.000001,18.669912
98246,2017-01-09,TR14/9,61.885,6.3625836,11.000001,18.669912
98247,2017-01-09,NO20/14,36.093,6.3625836,11.000001,18.669912
98248,2017-01-09,TF81/2A,42.949,6.3625836,11.000001,18.669912
98249,2017-01-09,SU01/5B,77.838,6.3625836,11.000001,18.669912
98250,2017-01-09,SJ15/13,79.658,6.3625836,11.000001,18.669912
98251,2017-01-09,ST07/10,62.381,6.3625836,11.000001,18.669912
98252,2017-01-10,NH95/17,29.495,6.6604996,1.6,18.057665
98253,2017-01-10,SJ15/13,79.654,6.6604996,1.6,18.057665
98254,2017-01-10,TR14/9,61.869,6.6604996,1.6,18.057665
98255,2017-01-10,SU01/5B,77.945,6.6604996,1.6,18.057665
98256,2017-01-10,SN00/11,12.127,6.6604996,1.6,18.057665
98257,2017-01-10,SU71/23,30.21,6.6604996,1.6,18.057665
98258,2017-01-10,ST07/10,62.777,6.6604996,1.6,18.057665
98259,2017-01-10,SY68/34,67.748,6.6604996,1.6,18.057665
98260,2017-01-10,NO20/14,36.022,6.6604996,1.6,18.057665
98261,2017-01-10,SK00/41,130.125,6.6604996,1.6,18.057665
98262,2017-01-10,SU81/1,37.29,6.6604996,1.6,18.057665
98263,2017-01-10,TF81/2A,42.957,6.6604996,1.6,18.057665
98264,2017-01-10,NY63/2,130.567,6.6604996,1.6,18.057665
98265,2017-01-11,SU71/23,30.21,5.6292496,3.7999992,30.9021
98266,2017-01-11,TL33/67,76.36,5.6292496,3.7999992,30.9021
98267,2017-01-11,TQ25/86,89.59,5.6292496,3.7999992,30.9021
98268,2017-01-11,SP00/62,101.79,5.6292496,3.7999992,30.9021
98269,2017-01-11,SJ15/13,79.64,5.6292496,3.7999992,30.9021
98270,2017-01-11,SY68/34,67.718,5.6292496,3.7999992,30.9021
98271,2017-01-11,SK00/41,130.13,5.6292496,3.7999992,30.9021
98272,2017-01-11,NY63/2,130.543,5.6292496,3.7999992,30.9021
98273,2017-01-11,TF81/2A,42.949,5.6292496,3.7999992,30.9021
98274,2017-01-11,ST07/10,63.124,5.6292496,3.7999992,30.9021
98275,2017-01-11,SU01/5B,78.026,5.6292496,3.7999992,30.9021
98276,2017-01-11,NO20/14,35.996,5.6292496,3.7999992,30.9021
98277,2017-01-11,SU81/1,37.34,5.6292496,3.7999992,30.9021
98278,2017-01-11,SU17/57,131.51,5.6292496,3.7999992,30.9021
98279,2017-01-11,NH95/17,29.514,5.6292496,3.7999992,30.9021
98280,2017-01-11,SN00/11,12.116,5.6292496,3.7999992,30.9021
98281,2017-01-11,TR14/9,61.863,5.6292496,3.7999992,30.9021
98282,2017-01-12,TF81/2A,42.942,1.5396668,7.8,16.900324
98283,2017-01-12,SY68/34,67.719,1.5396668,7.8,16.900324
98284,2017-01-12,NO20/14,36.034,1.5396668,7.8,16.900324
98285,2017-01-12,SU81/1,37.33,1.5396668,7.8,16.900324
98286,2017-01-12,TR14/9,61.86,1.5396668,7.8,16.900324
98287,2017-01-12,SJ15/13,79.662,1.5396668,7.8,16.900324
98288,2017-01-12,ID30/1,114.22,1.5396668,7.8,16.900324
98289,2017-01-12,ST07/10,63.68,1.5396668,7.8,16.900324
98290,2017-01-12,SN00/11,12.118,1.5396668,7.8,16.900324
98291,2017-01-12,SK00/41,130.133,1.5396668,7.8,16.900324
98292,2017-01-12,SU01/5B,78.138,1.5396668,7.8,16.900324
98293,2017-01-12,NY63/2,130.513,1.5396668,7.8,16.900324
98294,2017-01-12,SU71/23,30.21,1.5396668,7.8,16.900324
98295,2017-01-12,NH95/17,29.514,1.5396668,7.8,16.900324
98296,2017-01-13,NH95/17,29.513,-0.16241674,2.3,19.13223
98297,2017-01-13,ST07/10,64.438,-0.16241674,2.3,19.13223
98298,2017-01-13,SU81/1,37.42,-0.16241674,2.3,19.13223
98299,2017-01-13,TR14/9,61.844,-0.16241674,2.3,19.13223
98300,2017-01-13,NY63/2,130.538,-0.16241674,2.3,19.13223
98301,2017-01-13,NO20/14,36.103,-0.16241674,2.3,19.13223
98302,2017-01-13,SJ15/13,79.612,-0.16241674,2.3,19.13223
98303,2017-01-13,ID30/1,114.18,-0.16241674,2.3,19.13223
98304,2017-01-13,SU01/5B,78.212,-0.16241674,2.3,19.13223
98305,2017-01-13,SK00/41,130.127,-0.16241674,2.3,19.13223
98306,2017-01-13,TF81/2A,42.951,-0.16241674,2.3,19.13223
98307,2017-01-13,SY68/34,67.71,-0.16241674,2.3,19.13223
98308,2017-01-13,SN00/11,12.095,-0.16241674,2.3,19.13223
98309,2017-01-13,SU71/23,30.23,-0.16241674,2.3,19.13223
98310,2017-01-14,NH95/17,29.521,0.95008326,0.70000005,10.3245
98311,2017-01-14,SU01/5B,78.267,0.95008326,0.70000005,10.3245
98312,2017-01-14,TR14/9,61.829,0.95008326,0.70000005,10.3245
98313,2017-01-14,SK00/41,130.114,0.95008326,0.70000005,10.3245
98314,2017-01-14,SU81/1,37.41,0.95008326,0.70000005,10.3245
98315,2017-01-14,SJ15/13,79.602,0.95008326,0.70000005,10.3245
98316,2017-01-14,ST07/10,64.934,0.95008326,0.70000005,10.3245
98317,2017-01-14,SU71/23,30.23,0.95008326,0.70000005,10.3245
98318,2017-01-14,SY68/34,67.717,0.95008326,0.70000005,10.3245
98319,2017-01-14,NY63/2,130.47,0.95008326,0.70000005,10.3245
98320,2017-01-14,TF81/2A,42.931,0.95008326,0.70000005,10.3245
98321,2017-01-14,NO20/14,36.198,0.95008326,0.70000005,10.3245
98322,2017-01-14,ID30/1,114.63,0.95008326,0.70000005,10.3245
98323,2017-01-14,SN00/11,12.06,0.95008326,0.70000005,10.3245
98324,2017-01-15,SJ15/13,79.626,7.008417,11.500001,12.851192
98325,2017-01-15,SY68/34,67.722,7.008417,11.500001,12.851192
98326,2017-01-15,SU81/1,37.44,7.008417,11.500001,12.851192
98327,2017-01-15,TF81/2A,42.924,7.008417,11.500001,12.851192
98328,2017-01-15,NO20/14,36.187,7.008417,11.500001,12.851192
98329,2017-01-15,NH95/17,29.543,7.008417,11.500001,12.851192
98330,2017-01-15,SN00/11,12.033,7.008417,11.500001,12.851192
98331,2017-01-15,SU01/5B,78.336,7.008417,11.500001,12.851192
98332,2017-01-15,SK00/41,130.103,7.008417,11.500001,12.851192
98333,2017-01-15,NY63/2,130.462,7.008417,11.500001,12.851192
98334,2017-01-15,TR14/9,61.816,7.008417,11.500001,12.851192
98335,2017-01-15,SU71/23,30.23,7.008417,11.500001,12.851192
98336,2017-01-15,ST07/10,65.035,7.008417,11.500001,12.851192
98337,2017-01-15,ID30/1,114.73,7.008417,11.500001,12.851192
98338,2017-01-16,SN00/11,12.0,8.283418,2.8,9.907704
98339,2017-01-16,SU71/23,30.23,8.283418,2.8,9.907704
98340,2017-01-16,SK00/41,130.091,8.283418,2.8,9.907704
98341,2017-01-16,TF81/2A,42.917,8.283418,2.8,9.907704
98342,2017-01-16,SY68/34,67.721,8.283418,2.8,9.907704
98343,2017-01-16,SU01/5B,78.423,8.283418,2.8,9.907704
98344,2017-01-16,SU81/1,37.5,8.283418,2.8,9.907704
98345,2017-01-16,TR14/9,61.803,8.283418,2.8,9.907704
98346,2017-01-16,SJ15/13,79.691,8.283418,2.8,9.907704
98347,2017-01-16,ST07/10,64.945,8.283418,2.8,9.907704
98348,2017-01-16,NY63/2,130.532,8.283418,2.8,9.907704
98349,2017-01-16,ID30/1,114.74,8.283418,2.8,9.907704
98350,2017-01-16,NO20/14,36.213,8.283418,2.8,9.907704
98351,2017-01-16,NH95/17,29.576,8.283418,2.8,9.907704
98352,2017-01-17,SU01/5B,78.528,6.845917,2.8,7.6682544
98353,2017-01-17,SK00/41,130.079,6.845917,2.8,7.6682544
98354,2017-01-17,ST07/10,64.701,6.845917,2.8,7.6682544
98355,2017-01-17,NY63/2,130.546,6.845917,2.8,7.6682544
98356,2017-01-17,SU71/23,30.24,6.845917,2.8,7.6682544
98357,2017-01-17,SU81/1,37.61,6.845917,2.8,7.6682544
98358,2017-01-17,SY68/34,67.716,6.845917,2.8,7.6682544
98359,2017-01-17,SJ15/13,79.726,6.845917,2.8,7.6682544
98360,2017-01-17,NO20/14,36.277,6.845917,2.8,7.6682544
98361,2017-01-17,TF81/2A,42.916,6.845917,2.8,7.6682544
98362,2017-01-17,ID30/1,114.76,6.845917,2.8,7.6682544
98363,2017-01-17,SN00/11,11.957,6.845917,2.8,7.6682544
98364,2017-01-17,NH95/17,29.581,6.845917,2.8,7.6682544
98365,2017-01-17,TR14/9,61.972,6.845917,2.8,7.6682544
98366,2017-01-18,SN00/11,11.916,7.031334,0.0,5.3705697
98367,2017-01-18,NY63/2,130.558,7.031334,0.0,5.3705697
98368,2017-01-18,NO20/14,36.311,7.031334,0.0,5.3705697
98369,2017-01-18,NH95/17,29.567,7.031334,0.0,5.3705697
98370,2017-01-18,TR14/9,61.787,7.031334,0.0,5.3705697
98371,2017-01-18,SU01/5B,78.679,7.031334,0.0,5.3705697
98372,2017-01-18,SJ15/13,79.729,7.031334,0.0,5.3705697
98373,2017-01-18,SU17/57,131.56,7.031334,0.0,5.3705697
98374,2017-01-18,SP00/62,102.15,7.031334,0.0,5.3705697
98375,2017-01-18,ST07/10,64.373,7.031334,0.0,5.3705697
98376,2017-01-18,SK00/41,130.07,7.031334,0.0,5.3705697
98377,2017-01-18,ID30/1,114.79,7.031334,0.0,5.3705697
98378,2017-01-18,TF81/2A,42.907,7.031334,0.0,5.3705697
98379,2017-01-18,SY68/34,67.713,7.031334,0.0,5.3705697
98380,2017-01-18,SU71/23,30.24,7.031334,0.0,5.3705697
98381,2017-01-18,TQ25/86,89.36,7.031334,0.0,5.3705697
98382,2017-01-18,SU81/1,37.71,7.031334,0.0,5.3705697
98383,2017-01-18,TL33/67,76.37,7.031334,0.0,5.3705697
98384,2017-01-19,ST07/10,63.987,6.1646667,0.0,5.3411717
98385,2017-01-19,NY63/2,130.571,6.1646667,0.0,5.3411717
98386,2017-01-19,SU01/5B,78.881,6.1646667,0.0,5.3411717
98387,2017-01-19,SU81/1,37.81,6.1646667,0.0,5.3411717
98388,2017-01-19,TR14/9,61.78,6.1646667,0.0,5.3411717
98389,2017-01-19,SJ15/13,79.731,6.1646667,0.0,5.3411717
98390,2017-01-19,NH95/17,29.571,6.1646667,0.0,5.3411717
98391,2017-01-19,SY68/34,67.715,6.1646667,0.0,5.3411717
98392,2017-01-19,ID30/1,114.84,6.1646667,0.0,5.3411717
98393,2017-01-19,NO20/14,36.346,6.1646667,0.0,5.3411717
98394,2017-01-19,SU71/23,30.25,6.1646667,0.0,5.3411717
98395,2017-01-19,SN00/11,11.871,6.1646667,0.0,5.3411717
98396,2017-01-19,TF81/2A,42.905,6.1646667,0.0,5.3411717
98397,2017-01-19,SK00/41,130.06,6.1646667,0.0,5.3411717
98398,2017-01-20,SJ15/13,79.736,4.3792496,0.0,7.0728383
98399,2017-01-20,ST07/10,63.665,4.3792496,0.0,7.0728383
98400,2017-01-20,SU01/5B,79.139,4.3792496,0.0,7.0728383
98401,2017-01-20,NH95/17,29.574,4.3792496,0.0,7.0728383
98402,2017-01-20,NY63/2,130.583,4.3792496,0.0,7.0728383
98403,2017-01-20,TR14/9,61.78,4.3792496,0.0,7.0728383
98404,2017-01-20,SY68/34,67.721,4.3792496,0.0,7.0728383
98405,2017-01-20,SK00/41,130.06,4.3792496,0.0,7.0728383
98406,2017-01-20,TF81/2A,42.904,4.3792496,0.0,7.0728383
98407,2017-01-20,SU71/23,30.25,4.3792496,0.0,7.0728383
98408,2017-01-20,NO20/14,36.354,4.3792496,0.0,7.0728383
98409,2017-01-20,SN00/11,11.824,4.3792496,0.0,7.0728383
98410,2017-01-20,SU81/1,38.01,4.3792496,0.0,7.0728383
98411,2017-01-20,TV59/7C,1.75,4.3792496,0.0,7.0728383
98412,2017-01-20,ID30/1,114.78,4.3792496,0.0,7.0728383
98413,2017-01-21,NY63/2,130.608,2.3313334,0.0,9.471879
98414,2017-01-21,SY68/34,67.728,2.3313334,0.0,9.471879
98415,2017-01-21,NO20/14,36.347,2.3313334,0.0,9.471879
98416,2017-01-21,SU81/1,38.27,2.3313334,0.0,9.471879
98417,2017-01-21,ST07/10,63.307,2.3313334,0.0,9.471879
98418,2017-01-21,SJ15/13,79.745,2.3313334,0.0,9.471879
98419,2017-01-21,SU01/5B,79.444,2.3313334,0.0,9.471879
98420,2017-01-21,SN00/11,11.774,2.3313334,0.0,9.471879
98421,2017-01-21,NH95/17,29.578,2.3313334,0.0,9.471879
98422,2017-01-21,TR14/9,61.783,2.3313334,0.0,9.471879
98423,2017-01-21,ID30/1,114.73,2.3313334,0.0,9.471879
98424,2017-01-21,SK00/41,130.06,2.3313334,0.0,9.471879
98425,2017-01-21,SU71/23,30.27,2.3313334,0.0,9.471879
98426,2017-01-21,TF81/2A,42.903,2.3313334,0.0,9.471879
98427,2017-01-22,ST07/10,62.958,1.8167502,0.1,8.234852
98428,2017-01-22,SU81/1,38.46,1.8167502,0.1,8.234852
98429,2017-01-22,SY68/34,67.734,1.8167502,0.1,8.234852
98430,2017-01-22,TR14/9,61.789,1.8167502,0.1,8.234852
98431,2017-01-22,ID30/1,114.66,1.8167502,0.1,8.234852
98432,2017-01-22,TF81/2A,42.903,1.8167502,0.1,8.234852
98433,2017-01-22,SN00/11,11.712,1.8167502,0.1,8.234852
98434,2017-01-22,NO20/14,36.375,1.8167502,0.1,8.234852
98435,2017-01-22,SJ15/13,79.728,1.8167502,0.1,8.234852
98436,2017-01-22,NH95/17,29.581,1.8167502,0.1,8.234852
98437,2017-01-22,SK00/41,130.06,1.8167502,0.1,8.234852
98438,2017-01-22,SU01/5B,79.754,1.8167502,0.1,8.234852
98439,2017-01-22,SU71/23,30.29,1.8167502,0.1,8.234852
98440,2017-01-22,NY63/2,130.623,1.8167502,0.1,8.234852
98441,2017-01-23,SY68/34,67.74,1.6417499,0.0,10.461263
98442,2017-01-23,NH95/17,29.57,1.6417499,0.0,10.461263
98443,2017-01-23,NO20/14,36.393,1.6417499,0.0,10.461263
98444,2017-01-23,TF81/2A,42.9,1.6417499,0.0,10.461263
98445,2017-01-23,SK00/41,130.055,1.6417499,0.0,10.461263
98446,2017-01-23,SU71/23,30.33,1.6417499,0.0,10.461263
98447,2017-01-23,SU81/1,38.65,1.6417499,0.0,10.461263
98448,2017-01-23,SE94/5,13.46,1.6417499,0.0,10.461263
98449,2017-01-23,TR14/9,61.79,1.6417499,0.0,10.461263
98450,2017-01-23,SJ15/13,79.714,1.6417499,0.0,10.461263
98451,2017-01-23,SN00/11,11.634,1.6417499,0.0,10.461263
98452,2017-01-23,SU01/5B,80.054,1.6417499,0.0,10.461263
98453,2017-01-23,NY63/2,130.617,1.6417499,0.0,10.461263
98454,2017-01-23,ID30/1,114.59,1.6417499,0.0,10.461263
98455,2017-01-23,ST07/10,62.637,1.6417499,0.0,10.461263
98456,2017-01-24,NH95/17,29.566,5.6584163,0.1,15.565937
98457,2017-01-24,SE95/6,20.62,5.6584163,0.1,15.565937
98458,2017-01-24,SK00/41,130.05,5.6584163,0.1,15.565937
98459,2017-01-24,TF81/2A,42.898,5.6584163,0.1,15.565937
98460,2017-01-24,SU71/23,30.38,5.6584163,0.1,15.565937
98461,2017-01-24,SU01/5B,80.347,5.6584163,0.1,15.565937
98462,2017-01-24,SN00/11,11.56,5.6584163,0.1,15.565937
98463,2017-01-24,SU81/1,38.81,5.6584163,0.1,15.565937
98464,2017-01-24,ST07/10,62.332,5.6584163,0.1,15.565937
98465,2017-01-24,NY63/2,130.627,5.6584163,0.1,15.565937
98466,2017-01-24,SY68/34,67.748,5.6584163,0.1,15.565937
98467,2017-01-24,TR14/9,61.798,5.6584163,0.1,15.565937
98468,2017-01-24,SJ15/13,79.704,5.6584163,0.1,15.565937
98469,2017-01-24,ID30/1,114.54,5.6584163,0.1,15.565937
98470,2017-01-24,NO20/14,36.376,5.6584163,0.1,15.565937
98471,2017-01-25,TL33/67,76.27,5.2605004,0.0,18.513056
98472,2017-01-25,SU81/1,39.01,5.2605004,0.0,18.513056
98473,2017-01-25,NY63/2,130.62,5.2605004,0.0,18.513056
98474,2017-01-25,SU71/23,30.45,5.2605004,0.0,18.513056
98475,2017-01-25,SY68/34,67.757,5.2605004,0.0,18.513056
98476,2017-01-25,SP00/62,102.41,5.2605004,0.0,18.513056
98477,2017-01-25,SJ15/13,79.703,5.2605004,0.0,18.513056
98478,2017-01-25,ID30/1,114.48,5.2605004,0.0,18.513056
98479,2017-01-25,SN00/11,11.493,5.2605004,0.0,18.513056
98480,2017-01-25,TQ25/86,89.19,5.2605004,0.0,18.513056
98481,2017-01-25,SK00/41,130.05,5.2605004,0.0,18.513056
98482,2017-01-25,NO20/14,36.354,5.2605004,0.0,18.513056
98483,2017-01-25,SU01/5B,80.642,5.2605004,0.0,18.513056
98484,2017-01-25,TF81/2A,42.895,5.2605004,0.0,18.513056
98485,2017-01-25,SU17/57,131.72,5.2605004,0.0,18.513056
98486,2017-01-25,TR14/9,61.804,5.2605004,0.0,18.513056
98487,2017-01-25,NH95/17,29.556,5.2605004,0.0,18.513056
98488,2017-01-25,ST07/10,62.048,5.2605004,0.0,18.513056
98489,2017-01-26,SK00/41,130.053,0.7209167,0.0,21.912382
98490,2017-01-26,NO20/14,36.41,0.7209167,0.0,21.912382
98491,2017-01-26,SJ15/13,79.718,0.7209167,0.0,21.912382
98492,2017-01-26,TF81/2A,42.895,0.7209167,0.0,21.912382
98493,2017-01-26,NH95/17,29.539,0.7209167,0.0,21.912382
98494,2017-01-26,SU81/1,39.2,0.7209167,0.0,21.912382
98495,2017-01-26,TR14/9,61.817,0.7209167,0.0,21.912382
98496,2017-01-26,ID30/1,114.38,0.7209167,0.0,21.912382
98497,2017-01-26,NY63/2,130.625,0.7209167,0.0,21.912382
98498,2017-01-26,ST07/10,61.847,0.7209167,0.0,21.912382
98499,2017-01-26,SY68/34,67.769,0.7209167,0.0,21.912382
98500,2017-01-26,SU01/5B,80.955,0.7209167,0.0,21.912382
98501,2017-01-26,SU71/23,30.54,0.7209167,0.0,21.912382
98502,2017-01-26,SN00/11,11.438,0.7209167,0.0,21.912382
98503,2017-01-26,TA10/63,14.83,0.7209167,0.0,21.912382
98504,2017-01-27,SU71/23,30.63,1.5896667,0.2,17.401892
98505,2017-01-27,TR14/9,61.827,1.5896667,0.2,17.401892
98506,2017-01-27,TF81/2A,42.899,1.5896667,0.2,17.401892
98507,2017-01-27,SU01/5B,81.268,1.5896667,0.2,17.401892
98508,2017-01-27,ST07/10,61.672,1.5896667,0.2,17.401892
98509,2017-01-27,NO20/14,36.418,1.5896667,0.2,17.401892
98510,2017-01-27,NH95/17,29.558,1.5896667,0.2,17.401892
98511,2017-01-27,ID30/1,114.35,1.5896667,0.2,17.401892
98512,2017-01-27,SK00/41,130.063,1.5896667,0.2,17.401892
98513,2017-01-27,NY63/2,130.651,1.5896667,0.2,17.401892
98514,2017-01-27,SN00/11,11.375,1.5896667,0.2,17.401892
98515,2017-01-27,SY68/34,67.786,1.5896667,0.2,17.401892
98516,2017-01-27,SJ15/13,79.721,1.5896667,0.2,17.401892
98517,2017-01-27,SU81/1,39.34,1.5896667,0.2,17.401892
98518,2017-01-28,ID30/1,114.3,3.033417,4.9999995,11.995784
98519,2017-01-28,NO20/14,36.354,3.033417,4.9999995,11.995784
98520,2017-01-28,ST07/10,61.497,3.033417,4.9999995,11.995784
98521,2017-01-28,SY68/34,67.806,3.033417,4.9999995,11.995784
98522,2017-01-28,SJ15/13,79.696,3.033417,4.9999995,11.995784
98523,2017-01-28,SU71/23,30.74,3.033417,4.9999995,11.995784
98524,2017-01-28,SU01/5B,81.527,3.033417,4.9999995,11.995784
98525,2017-01-28,NY63/2,130.66,3.033417,4.9999995,11.995784
98526,2017-01-28,NH95/17,29.553,3.033417,4.9999995,11.995784
98527,2017-01-28,TR14/9,61.842,3.033417,4.9999995,11.995784
98528,2017-01-28,SN00/11,11.311,3.033417,4.9999995,11.995784
98529,2017-01-28,SK00/41,130.067,3.033417,4.9999995,11.995784
98530,2017-01-28,SU81/1,39.57,3.033417,4.9999995,11.995784
98531,2017-01-28,TF81/2A,42.896,3.033417,4.9999995,11.995784
98532,2017-01-29,SU71/23,30.84,2.1438334,0.1,8.511248
98533,2017-01-29,SN00/11,11.302,2.1438334,0.1,8.511248
98534,2017-01-29,SU81/1,39.68,2.1438334,0.1,8.511248
98535,2017-01-29,ST07/10,62.282,2.1438334,0.1,8.511248
98536,2017-01-29,NY63/2,130.64,2.1438334,0.1,8.511248
98537,2017-01-29,NO20/14,36.405,2.1438334,0.1,8.511248
98538,2017-01-29,SJ15/13,79.685,2.1438334,0.1,8.511248
98539,2017-01-29,TR14/9,61.866,2.1438334,0.1,8.511248
98540,2017-01-29,ID30/1,114.27,2.1438334,0.1,8.511248
98541,2017-01-29,SK00/41,130.06,2.1438334,0.1,8.511248
98542,2017-01-29,SU01/5B,81.748,2.1438334,0.1,8.511248
98543,2017-01-29,NH95/17,29.559,2.1438334,0.1,8.511248
98544,2017-01-29,TF81/2A,42.891,2.1438334,0.1,8.511248
98545,2017-01-29,SY68/34,67.864,2.1438334,0.1,8.511248
98546,2017-01-30,ID30/1,114.28,3.6292505,0.0,15.080395
98547,2017-01-30,SK00/41,130.059,3.6292505,0.0,15.080395
98548,2017-01-30,SY68/34,67.959,3.6292505,0.0,15.080395
98549,2017-01-30,NY63/2,130.642,3.6292505,0.0,15.080395
98550,2017-01-30,TM15/112,25.12,3.6292505,0.0,15.080395
98551,2017-01-30,NH95/17,29.563,3.6292505,0.0,15.080395
98552,2017-01-30,NO20/14,36.443,3.6292505,0.0,15.080395
98553,2017-01-30,ST07/10,64.53,3.6292505,0.0,15.080395
98554,2017-01-30,SN00/11,11.46,3.6292505,0.0,15.080395
98555,2017-01-30,TF81/2A,42.896,3.6292505,0.0,15.080395
98556,2017-01-30,TR14/9,61.879,3.6292505,0.0,15.080395
98557,2017-01-30,SJ15/13,79.672,3.6292505,0.0,15.080395
98558,2017-01-30,SU01/5B,81.97,3.6292505,0.0,15.080395
98559,2017-01-30,SU71/23,31.0,3.6292505,0.0,15.080395
98560,2017-01-30,SU81/1,39.86,3.6292505,0.0,15.080395
98561,2017-01-31,SY68/34,68.082,6.5105,6.6999993,20.20381
98562,2017-01-31,SJ15/13,79.668,6.5105,6.6999993,20.20381
98563,2017-01-31,NY63/2,130.638,6.5105,6.6999993,20.20381
98564,2017-01-31,SU81/1,40.06,6.5105,6.6999993,20.20381
98565,2017-01-31,TF81/2A,42.887,6.5105,6.6999993,20.20381
98566,2017-01-31,NH95/17,29.535,6.5105,6.6999993,20.20381
98567,2017-01-31,NO20/14,36.388,6.5105,6.6999993,20.20381
98568,2017-01-31,SK00/41,130.05,6.5105,6.6999993,20.20381
98569,2017-01-31,SN00/11,11.658,6.5105,6.6999993,20.20381
98570,2017-01-31,ST07/10,66.207,6.5105,6.6999993,20.20381
98571,2017-01-31,TR14/9,61.9,6.5105,6.6999993,20.20381
98572,2017-01-31,SU01/5B,82.172,6.5105,6.6999993,20.20381
98573,2017-01-31,ID30/1,114.89,6.5105,6.6999993,20.20381
98574,2017-01-31,SU71/23,31.12,6.5105,6.6999993,20.20381
98575,2017-02-01,SK00/41,130.055,7.752168,2.5999997,16.388641
98576,2017-02-01,SU81/1,40.18,7.752168,2.5999997,16.388641
98577,2017-02-01,TL33/4,76.37,7.752168,2.5999997,16.388641
98578,2017-02-01,TL44/12,36.14,7.752168,2.5999997,16.388641
98579,2017-02-01,NY63/2,130.65,7.752168,2.5999997,16.388641
98580,2017-02-01,SU17/57,132.14,7.752168,2.5999997,16.388641
98581,2017-02-01,SN00/11,11.841,7.752168,2.5999997,16.388641
98582,2017-02-01,ID30/1,114.7,7.752168,2.5999997,16.388641
98583,2017-02-01,ST07/10,67.628,7.752168,2.5999997,16.388641
98584,2017-02-01,TL33/67,76.28,7.752168,2.5999997,16.388641
98585,2017-02-01,TR14/9,61.94,7.752168,2.5999997,16.388641
98586,2017-02-01,TQ25/86,89.19,7.752168,2.5999997,16.388641
98587,2017-02-01,SU71/23,31.25,7.752168,2.5999997,16.388641
98588,2017-02-01,SU01/5B,82.493,7.752168,2.5999997,16.388641
98589,2017-02-01,SJ15/13,79.694,7.752168,2.5999997,16.388641
98590,2017-02-01,SY68/34,68.3,7.752168,2.5999997,16.388641
98591,2017-02-01,NH95/17,29.53,7.752168,2.5999997,16.388641
98592,2017-02-01,TF81/2A,42.887,7.752168,2.5999997,16.388641
98593,2017-02-01,NO20/14,36.339,7.752168,2.5999997,16.388641
98594,2017-02-01,SP00/62,102.42,7.752168,2.5999997,16.388641
98595,2017-02-02,SU81/1,40.71,9.65425,1.4000001,26.966154
98596,2017-02-02,TF81/2A,42.892,9.65425,1.4000001,26.966154
98597,2017-02-02,NY63/2,130.706,9.65425,1.4000001,26.966154
98598,2017-02-02,SN00/11,12.019,9.65425,1.4000001,26.966154
98599,2017-02-02,SY68/34,68.648,9.65425,1.4000001,26.966154
98600,2017-02-02,TF03/37,15.64,9.65425,1.4000001,26.966154
98601,2017-02-02,ST07/10,68.392,9.65425,1.4000001,26.966154
98602,2017-02-02,NO20/14,36.219,9.65425,1.4000001,26.966154
98603,2017-02-02,SK00/41,130.067,9.65425,1.4000001,26.966154
98604,2017-02-02,NH95/17,29.527,9.65425,1.4000001,26.966154
98605,2017-02-02,SU01/5B,83.541,9.65425,1.4000001,26.966154
98606,2017-02-02,ID30/1,114.81,9.65425,1.4000001,26.966154
98607,2017-02-02,SU71/23,31.41,9.65425,1.4000001,26.966154
98608,2017-02-02,TR14/9,61.96,9.65425,1.4000001,26.966154
98609,2017-02-02,SJ15/13,79.717,9.65425,1.4000001,26.966154
98610,2017-02-03,SJ15/13,79.697,7.6417503,1.9,25.853289
98611,2017-02-03,SN00/11,12.359,7.6417503,1.9,25.853289
98612,2017-02-03,ID30/1,115.41,7.6417503,1.9,25.853289
98613,2017-02-03,ST07/10,68.779,7.6417503,1.9,25.853289
98614,2017-02-03,NY63/2,130.729,7.6417503,1.9,25.853289
98615,2017-02-03,SU81/1,41.65,7.6417503,1.9,25.853289
98616,2017-02-03,TR14/9,61.99,7.6417503,1.9,25.853289
98617,2017-02-03,SU01/5B,85.914,7.6417503,1.9,25.853289
98618,2017-02-03,SU71/23,32.43,7.6417503,1.9,25.853289
98619,2017-02-03,SK00/41,130.07,7.6417503,1.9,25.853289
98620,2017-02-03,TF81/2A,42.894,7.6417503,1.9,25.853289
98621,2017-02-03,NO20/14,36.202,7.6417503,1.9,25.853289
98622,2017-02-03,NH95/17,29.518,7.6417503,1.9,25.853289
98623,2017-02-04,NH95/17,29.521,4.0771666,2.1999998,14.014052
98624,2017-02-04,SN00/11,13.023,4.0771666,2.1999998,14.014052
98625,2017-02-04,SK00/41,130.061,4.0771666,2.1999998,14.014052
98626,2017-02-04,TF81/2A,42.899,4.0771666,2.1999998,14.014052
98627,2017-02-04,SJ15/13,79.666,4.0771666,2.1999998,14.014052
98628,2017-02-04,ST07/10,68.838,4.0771666,2.1999998,14.014052
98629,2017-02-04,NO20/14,36.253,4.0771666,2.1999998,14.014052
98630,2017-02-04,SY68/34,69.42,4.0771666,2.1999998,14.014052
98631,2017-02-04,ID30/1,116.21,4.0771666,2.1999998,14.014052
98632,2017-02-04,TR14/9,62.01,4.0771666,2.1999998,14.014052
98633,2017-02-04,SU81/1,42.82,4.0771666,2.1999998,14.014052
98634,2017-02-04,SU01/5B,89.031,4.0771666,2.1999998,14.014052
98635,2017-02-04,NY63/2,130.712,4.0771666,2.1999998,14.014052
98636,2017-02-04,SU71/23,33.21,4.0771666,2.1999998,14.014052
98637,2017-02-05,ST07/10,68.859,3.1542504,0.8000001,10.307153
98638,2017-02-05,SY68/34,69.648,3.1542504,0.8000001,10.307153
98639,2017-02-05,SJ15/13,79.612,3.1542504,0.8000001,10.307153
98640,2017-02-05,SN00/11,13.109,3.1542504,0.8000001,10.307153
98641,2017-02-05,SK00/41,130.048,3.1542504,0.8000001,10.307153
98642,2017-02-05,NY63/2,130.654,3.1542504,0.8000001,10.307153
98643,2017-02-05,NH95/17,29.488,3.1542504,0.8000001,10.307153
98644,2017-02-05,TF81/2A,42.888,3.1542504,0.8000001,10.307153
98645,2017-02-05,SU81/1,43.95,3.1542504,0.8000001,10.307153
98646,2017-02-05,ID30/1,115.84,3.1542504,0.8000001,10.307153
98647,2017-02-05,SU71/23,33.96,3.1542504,0.8000001,10.307153
98648,2017-02-05,TR14/9,62.03,3.1542504,0.8000001,10.307153
98649,2017-02-05,NO20/14,36.424,3.1542504,0.8000001,10.307153
98650,2017-02-05,SU01/5B,91.181,3.1542504,0.8000001,10.307153
98651,2017-02-06,NY63/2,130.581,3.2563334,5.9,19.517279
98652,2017-02-06,SJ15/13,79.619,3.2563334,5.9,19.517279
98653,2017-02-06,NO20/14,36.533,3.2563334,5.9,19.517279
98654,2017-02-06,ID30/1,115.81,3.2563334,5.9,19.517279
98655,2017-02-06,SK00/41,130.039,3.2563334,5.9,19.517279
98656,2017-02-06,SU01/5B,92.375,3.2563334,5.9,19.517279
98657,2017-02-06,TF81/2A,42.879,3.2563334,5.9,19.517279
98658,2017-02-06,SU71/23,34.65,3.2563334,5.9,19.517279
98659,2017-02-06,NH95/17,29.48,3.2563334,5.9,19.517279
98660,2017-02-06,TR14/9,62.07,3.2563334,5.9,19.517279
98661,2017-02-06,ST07/10,69.405,3.2563334,5.9,19.517279
98662,2017-02-06,SY68/34,69.818,3.2563334,5.9,19.517279
98663,2017-02-06,SU81/1,44.88,3.2563334,5.9,19.517279
98664,2017-02-06,SN00/11,13.122,3.2563334,5.9,19.517279
98665,2017-02-07,SU81/1,46.13,4.4355,4.8999996,12.070226
98666,2017-02-07,NO20/14,36.573,4.4355,4.8999996,12.070226
98667,2017-02-07,SY68/34,69.97,4.4355,4.8999996,12.070226
98668,2017-02-07,SU71/23,35.45,4.4355,4.8999996,12.070226
98669,2017-02-07,ST07/10,70.522,4.4355,4.8999996,12.070226
98670,2017-02-07,SN00/11,13.316,4.4355,4.8999996,12.070226
98671,2017-02-07,SJ15/13,79.594,4.4355,4.8999996,12.070226
98672,2017-02-07,SU01/5B,93.084,4.4355,4.8999996,12.070226
98673,2017-02-07,SK00/41,130.028,4.4355,4.8999996,12.070226
98674,2017-02-07,TF81/2A,42.884,4.4355,4.8999996,12.070226
98675,2017-02-07,ID30/1,115.93,4.4355,4.8999996,12.070226
98676,2017-02-07,TR14/9,62.1,4.4355,4.8999996,12.070226
98677,2017-02-07,NY63/2,130.63,4.4355,4.8999996,12.070226
98678,2017-02-07,NH95/17,29.472,4.4355,4.8999996,12.070226
98679,2017-02-08,SY68/34,70.085,2.2855003,3.3000002,9.265816
98680,2017-02-08,SU81/1,47.29,2.2855003,3.3000002,9.265816
98681,2017-02-08,TQ25/86,89.93,2.2855003,3.3000002,9.265816
98682,2017-02-08,SU01/5B,93.48,2.2855003,3.3000002,9.265816
98683,2017-02-08,TM15/112,25.26,2.2855003,3.3000002,9.265816
98684,2017-02-08,TL33/67,76.36,2.2855003,3.3000002,9.265816
98685,2017-02-08,TR14/9,62.14,2.2855003,3.3000002,9.265816
98686,2017-02-08,SU71/23,36.12,2.2855003,3.3000002,9.265816
98687,2017-02-08,SU17/57,133.0,2.2855003,3.3000002,9.265816
98688,2017-02-08,NO20/14,36.742,2.2855003,3.3000002,9.265816
98689,2017-02-08,NY63/2,130.574,2.2855003,3.3000002,9.265816
98690,2017-02-08,ST07/10,71.296,2.2855003,3.3000002,9.265816
98691,2017-02-08,ID30/1,115.88,2.2855003,3.3000002,9.265816
98692,2017-02-08,SK00/41,130.014,2.2855003,3.3000002,9.265816
98693,2017-02-08,SP00/62,102.82,2.2855003,3.3000002,9.265816
98694,2017-02-08,SN00/11,13.269,2.2855003,3.3000002,9.265816
98695,2017-02-08,TF81/2A,42.881,2.2855003,3.3000002,9.265816
98696,2017-02-08,SJ15/13,79.562,2.2855003,3.3000002,9.265816
98697,2017-02-08,NH95/17,29.463,2.2855003,3.3000002,9.265816
98698,2017-02-09,TF81/2A,42.874,0.118833356,0.0,8.733917
98699,2017-02-09,SY68/34,70.192,0.118833356,0.0,8.733917
98700,2017-02-09,NY63/2,130.552,0.118833356,0.0,8.733917
98701,2017-02-09,SU01/5B,93.708,0.118833356,0.0,8.733917
98702,2017-02-09,NH95/17,29.462,0.118833356,0.0,8.733917
98703,2017-02-09,SU81/1,48.07,0.118833356,0.0,8.733917
98704,2017-02-09,SU71/23,36.6,0.118833356,0.0,8.733917
98705,2017-02-09,TR14/9,62.18,0.118833356,0.0,8.733917
98706,2017-02-09,ID30/1,115.81,0.118833356,0.0,8.733917
98707,2017-02-09,SJ15/13,79.577,0.118833356,0.0,8.733917
98708,2017-02-09,NO20/14,36.813,0.118833356,0.0,8.733917
98709,2017-02-09,SN00/11,13.185,0.118833356,0.0,8.733917
98710,2017-02-09,SK00/41,130.01,0.118833356,0.0,8.733917
98711,2017-02-09,ST07/10,71.377,0.118833356,0.0,8.733917
98712,2017-02-10,ID30/1,115.71,0.33758333,0.0,8.610425
98713,2017-02-10,NH95/17,29.452,0.33758333,0.0,8.610425
98714,2017-02-10,SY68/34,70.291,0.33758333,0.0,8.610425
98715,2017-02-10,SJ15/13,79.582,0.33758333,0.0,8.610425
98716,2017-02-10,SK00/41,130.0,0.33758333,0.0,8.610425
98717,2017-02-10,TF81/2A,42.882,0.33758333,0.0,8.610425
98718,2017-02-10,ST07/10,71.076,0.33758333,0.0,8.610425
98719,2017-02-10,NO20/14,36.864,0.33758333,0.0,8.610425
98720,2017-02-10,SU71/23,37.02,0.33758333,0.0,8.610425
98721,2017-02-10,NY63/2,130.583,0.33758333,0.0,8.610425
98722,2017-02-10,SU81/1,48.71,0.33758333,0.0,8.610425
98723,2017-02-10,SU01/5B,93.814,0.33758333,0.0,8.610425
98724,2017-02-10,SN00/11,13.084,0.33758333,0.0,8.610425
98725,2017-02-10,TR14/9,62.22,0.33758333,0.0,8.610425
98726,2017-02-11,SU71/23,37.38,2.5667503,8.7,16.713268
98727,2017-02-11,NO20/14,36.899,2.5667503,8.7,16.713268
98728,2017-02-11,TR14/9,62.27,2.5667503,8.7,16.713268
98729,2017-02-11,SY68/34,70.379,2.5667503,8.7,16.713268
98730,2017-02-11,SK00/41,129.998,2.5667503,8.7,16.713268
98731,2017-02-11,NY63/2,130.583,2.5667503,8.7,16.713268
98732,2017-02-11,SN00/11,13.005,2.5667503,8.7,16.713268
98733,2017-02-11,SJ15/13,79.587,2.5667503,8.7,16.713268
98734,2017-02-11,TF81/2A,42.886,2.5667503,8.7,16.713268
98735,2017-02-11,ST07/10,70.616,2.5667503,8.7,16.713268
98736,2017-02-11,SU01/5B,93.822,2.5667503,8.7,16.713268
98737,2017-02-11,ID30/1,115.58,2.5667503,8.7,16.713268
98738,2017-02-11,NH95/17,29.45,2.5667503,8.7,16.713268
98739,2017-02-11,SU81/1,49.12,2.5667503,8.7,16.713268
98740,2017-02-12,NH95/17,29.466,2.9667501,3.9,21.790346
98741,2017-02-12,NO20/14,36.924,2.9667501,3.9,21.790346
98742,2017-02-12,SN00/11,12.927,2.9667501,3.9,21.790346
98743,2017-02-12,ST07/10,70.083,2.9667501,3.9,21.790346
98744,2017-02-12,SJ15/13,79.595,2.9667501,3.9,21.790346
98745,2017-02-12,SK00/41,129.99,2.9667501,3.9,21.790346
98746,2017-02-12,SU71/23,37.7,2.9667501,3.9,21.790346
98747,2017-02-12,ID30/1,115.45,2.9667501,3.9,21.790346
98748,2017-02-12,SU01/5B,93.772,2.9667501,3.9,21.790346
98749,2017-02-12,TF81/2A,42.885,2.9667501,3.9,21.790346
98750,2017-02-12,NY63/2,130.59,2.9667501,3.9,21.790346
98751,2017-02-12,TR14/9,62.32,2.9667501,3.9,21.790346
98752,2017-02-12,SY68/34,70.453,2.9667501,3.9,21.790346
98753,2017-02-12,SU81/1,49.48,2.9667501,3.9,21.790346
98754,2017-02-13,ID30/1,115.34,4.7396665,0.0,20.489775
98755,2017-02-13,SU71/23,37.98,4.7396665,0.0,20.489775
98756,2017-02-13,ST07/10,69.45,4.7396665,0.0,20.489775
98757,2017-02-13,SJ15/13,79.601,4.7396665,0.0,20.489775
98758,2017-02-13,NO20/14,36.9,4.7396665,0.0,20.489775
98759,2017-02-13,NY63/2,130.609,4.7396665,0.0,20.489775
98760,2017-02-13,SK00/41,129.99,4.7396665,0.0,20.489775
98761,2017-02-13,SY68/34,70.506,4.7396665,0.0,20.489775
98762,2017-02-13,TF81/2A,42.882,4.7396665,0.0,20.489775
98763,2017-02-13,SU01/5B,93.692,4.7396665,0.0,20.489775
98764,2017-02-13,TR14/9,62.37,4.7396665,0.0,20.489775
98765,2017-02-13,NH95/17,29.474,4.7396665,0.0,20.489775
98766,2017-02-13,SU81/1,49.76,4.7396665,0.0,20.489775
98767,2017-02-13,SN00/11,12.842,4.7396665,0.0,20.489775
98768,2017-02-14,NY63/2,130.626,5.123,0.0,17.94026
98769,2017-02-14,SY68/34,70.534,5.123,0.0,17.94026
98770,2017-02-14,SU71/23,38.24,5.123,0.0,17.94026
98771,2017-02-14,SN00/11,12.74,5.123,0.0,17.94026
98772,2017-02-14,ST07/10,68.714,5.123,0.0,17.94026
98773,2017-02-14,NO20/14,36.842,5.123,0.0,17.94026
98774,2017-02-14,SK00/41,129.985,5.123,0.0,17.94026
98775,2017-02-14,SJ15/13,79.59,5.123,0.0,17.94026
98776,2017-02-14,TF81/2A,42.889,5.123,0.0,17.94026
98777,2017-02-14,SU01/5B,93.573,5.123,0.0,17.94026
98778,2017-02-14,TR14/9,62.42,5.123,0.0,17.94026
98779,2017-02-14,NH95/17,29.486,5.123,0.0,17.94026
98780,2017-02-14,ID30/1,115.23,5.123,0.0,17.94026
98781,2017-02-14,SU81/1,49.92,5.123,0.0,17.94026
98782,2017-02-15,TF81/2A,42.888,8.1188345,1.4000001,14.670607
98783,2017-02-15,SU71/23,38.45,8.1188345,1.4000001,14.670607
98784,2017-02-15,SU81/1,50.01,8.1188345,1.4000001,14.670607
98785,2017-02-15,ST07/10,68.008,8.1188345,1.4000001,14.670607
98786,2017-02-15,TQ25/86,90.33,8.1188345,1.4000001,14.670607
98787,2017-02-15,SN00/11,12.644,8.1188345,1.4000001,14.670607
98788,2017-02-15,SU01/5B,93.435,8.1188345,1.4000001,14.670607
98789,2017-02-15,SU17/57,134.24,8.1188345,1.4000001,14.670607
98790,2017-02-15,TR14/9,62.48,8.1188345,1.4000001,14.670607
98791,2017-02-15,TL33/67,76.49,8.1188345,1.4000001,14.670607
98792,2017-02-15,SP00/62,102.74,8.1188345,1.4000001,14.670607
98793,2017-02-15,NH95/17,29.463,8.1188345,1.4000001,14.670607
98794,2017-02-15,NY63/2,130.623,8.1188345,1.4000001,14.670607
98795,2017-02-15,NO20/14,36.818,8.1188345,1.4000001,14.670607
98796,2017-02-15,SK00/41,129.98,8.1188345,1.4000001,14.670607
98797,2017-02-15,SJ15/13,79.577,8.1188345,1.4000001,14.670607
98798,2017-02-15,SY68/34,70.549,8.1188345,1.4000001,14.670607
98799,2017-02-15,ID30/1,115.11,8.1188345,1.4000001,14.670607
98800,2017-02-16,SN00/11,12.549,7.4480014,1.5000001,15.503739
98801,2017-02-16,ID30/1,114.99,7.4480014,1.5000001,15.503739
98802,2017-02-16,SJ15/13,79.57,7.4480014,1.5000001,15.503739
98803,2017-02-16,NY63/2,130.634,7.4480014,1.5000001,15.503739
98804,2017-02-16,SU01/5B,93.308,7.4480014,1.5000001,15.503739
98805,2017-02-16,SY68/34,70.551,7.4480014,1.5000001,15.503739
98806,2017-02-16,SU71/23,38.63,7.4480014,1.5000001,15.503739
98807,2017-02-16,TR14/9,62.54,7.4480014,1.5000001,15.503739
98808,2017-02-16,NH95/17,29.475,7.4480014,1.5000001,15.503739
98809,2017-02-16,NO20/14,36.692,7.4480014,1.5000001,15.503739
98810,2017-02-16,SK00/41,129.97,7.4480014,1.5000001,15.503739
98811,2017-02-16,SU81/1,50.07,7.4480014,1.5000001,15.503739
98812,2017-02-16,ST07/10,67.373,7.4480014,1.5000001,15.503739
98813,2017-02-16,TF81/2A,42.892,7.4480014,1.5000001,15.503739
98814,2017-02-17,NH95/17,29.462,7.6396675,0.1,10.413253
98815,2017-02-17,NO20/14,36.751,7.6396675,0.1,10.413253
98816,2017-02-17,SU01/5B,93.193,7.6396675,0.1,10.413253
98817,2017-02-17,SU71/23,38.81,7.6396675,0.1,10.413253
98818,2017-02-17,SN00/11,12.455,7.6396675,0.1,10.413253
98819,2017-02-17,TF81/2A,42.895,7.6396675,0.1,10.413253
98820,2017-02-17,SK00/41,129.97,7.6396675,0.1,10.413253
98821,2017-02-17,TR14/9,62.6,7.6396675,0.1,10.413253
98822,2017-02-17,SJ15/13,79.574,7.6396675,0.1,10.413253
98823,2017-02-17,NY63/2,130.622,7.6396675,0.1,10.413253
98824,2017-02-17,ST07/10,66.739,7.6396675,0.1,10.413253
98825,2017-02-17,ID30/1,114.92,7.6396675,0.1,10.413253
98826,2017-02-17,SY68/34,70.544,7.6396675,0.1,10.413253
98827,2017-02-17,SU81/1,50.08,7.6396675,0.1,10.413253
98828,2017-02-18,NY63/2,130.631,8.018834,0.9,16.519081
98829,2017-02-18,NO20/14,36.659,8.018834,0.9,16.519081
98830,2017-02-18,ST07/10,66.161,8.018834,0.9,16.519081
98831,2017-02-18,SJ15/13,79.579,8.018834,0.9,16.519081
98832,2017-02-18,SN00/11,12.368,8.018834,0.9,16.519081
98833,2017-02-18,SU01/5B,93.081,8.018834,0.9,16.519081
98834,2017-02-18,SK00/41,129.97,8.018834,0.9,16.519081
98835,2017-02-18,SU71/23,38.98,8.018834,0.9,16.519081
98836,2017-02-18,NH95/17,29.466,8.018834,0.9,16.519081
98837,2017-02-18,TR14/9,62.67,8.018834,0.9,16.519081
98838,2017-02-18,TF81/2A,42.896,8.018834,0.9,16.519081
98839,2017-02-18,ID30/1,114.83,8.018834,0.9,16.519081
98840,2017-02-18,SU81/1,50.12,8.018834,0.9,16.519081
98841,2017-02-18,SY68/34,70.527,8.018834,0.9,16.519081
98842,2017-02-19,SU71/23,39.15,8.489667,0.6,10.175915
98843,2017-02-19,ST07/10,65.591,8.489667,0.6,10.175915
98844,2017-02-19,NH95/17,29.465,8.489667,0.6,10.175915
98845,2017-02-19,TF81/2A,42.905,8.489667,0.6,10.175915
98846,2017-02-19,SN00/11,12.283,8.489667,0.6,10.175915
98847,2017-02-19,SY68/34,70.504,8.489667,0.6,10.175915
98848,2017-02-19,SU01/5B,92.954,8.489667,0.6,10.175915
98849,2017-02-19,ID30/1,114.74,8.489667,0.6,10.175915
98850,2017-02-19,SU81/1,50.16,8.489667,0.6,10.175915
98851,2017-02-19,NY63/2,130.65,8.489667,0.6,10.175915
98852,2017-02-19,TR14/9,62.74,8.489667,0.6,10.175915
98853,2017-02-19,NO20/14,36.63,8.489667,0.6,10.175915
98854,2017-02-19,SK00/41,129.97,8.489667,0.6,10.175915
98855,2017-02-19,SJ15/13,79.576,8.489667,0.6,10.175915
98856,2017-02-20,ID30/1,114.75,9.623,2.6,19.594349
98857,2017-02-20,SY68/34,70.478,9.623,2.6,19.594349
98858,2017-02-20,SU81/1,50.13,9.623,2.6,19.594349
98859,2017-02-20,TM15/112,25.31,9.623,2.6,19.594349
98860,2017-02-20,TF81/2A,42.91,9.623,2.6,19.594349
98861,2017-02-20,NO20/14,36.555,9.623,2.6,19.594349
98862,2017-02-20,TR14/9,62.81,9.623,2.6,19.594349
98863,2017-02-20,SU71/23,39.3,9.623,2.6,19.594349
98864,2017-02-20,SK00/41,129.97,9.623,2.6,19.594349
98865,2017-02-20,NH95/17,29.457,9.623,2.6,19.594349
98866,2017-02-20,ST07/10,65.092,9.623,2.6,19.594349
98867,2017-02-20,NY63/2,130.646,9.623,2.6,19.594349
98868,2017-02-20,SN00/11,12.197,9.623,2.6,19.594349
98869,2017-02-20,SU01/5B,92.812,9.623,2.6,19.594349
98870,2017-02-20,SJ15/13,79.577,9.623,2.6,19.594349
98871,2017-02-21,ID30/1,114.69,8.09175,8.299999,17.947239
98872,2017-02-21,SN00/11,12.12,8.09175,8.299999,17.947239
98873,2017-02-21,SY68/34,70.45,8.09175,8.299999,17.947239
98874,2017-02-21,TV59/7C,1.68,8.09175,8.299999,17.947239
98875,2017-02-21,SU81/1,50.11,8.09175,8.299999,17.947239
98876,2017-02-21,SU71/23,39.44,8.09175,8.299999,17.947239
98877,2017-02-21,SU01/5B,92.661,8.09175,8.299999,17.947239
98878,2017-02-21,ST07/10,65.565,8.09175,8.299999,17.947239
98879,2017-02-21,NO20/14,36.547,8.09175,8.299999,17.947239
98880,2017-02-21,SJ15/13,79.595,8.09175,8.299999,17.947239
98881,2017-02-21,SK00/41,129.97,8.09175,8.299999,17.947239
98882,2017-02-21,NY63/2,130.64,8.09175,8.299999,17.947239
98883,2017-02-21,NH95/17,29.467,8.09175,8.299999,17.947239
98884,2017-02-21,TF81/2A,42.916,8.09175,8.299999,17.947239
98885,2017-02-21,TR14/9,62.88,8.09175,8.299999,17.947239
98886,2017-02-22,ST07/10,66.771,6.3334165,5.4,19.502064
98887,2017-02-22,SP00/62,102.57,6.3334165,5.4,19.502064
98888,2017-02-22,SY68/34,70.424,6.3334165,5.4,19.502064
98889,2017-02-22,SU81/1,50.15,6.3334165,5.4,19.502064
98890,2017-02-22,SK00/41,129.976,6.3334165,5.4,19.502064
98891,2017-02-22,SJ15/13,79.622,6.3334165,5.4,19.502064
98892,2017-02-22,TR14/9,62.95,6.3334165,5.4,19.502064
98893,2017-02-22,SU17/57,135.01,6.3334165,5.4,19.502064
98894,2017-02-22,NY63/2,130.696,6.3334165,5.4,19.502064
98895,2017-02-22,ID30/1,114.61,6.3334165,5.4,19.502064
98896,2017-02-22,SN00/11,12.049,6.3334165,5.4,19.502064
98897,2017-02-22,TQ25/86,91.3,6.3334165,5.4,19.502064
98898,2017-02-22,NH95/17,29.483,6.3334165,5.4,19.502064
98899,2017-02-22,SU01/5B,92.517,6.3334165,5.4,19.502064
98900,2017-02-22,SU71/23,39.57,6.3334165,5.4,19.502064
98901,2017-02-22,TF81/2A,42.927,6.3334165,5.4,19.502064
98902,2017-02-22,TL33/67,76.56,6.3334165,5.4,19.502064
98903,2017-02-22,NO20/14,36.513,6.3334165,5.4,19.502064
98904,2017-02-22,SJ62/235,54.37,6.3334165,5.4,19.502064
98905,2017-02-23,SY68/34,70.389,4.5271664,14.4,18.325386
98906,2017-02-23,NH95/17,29.49,4.5271664,14.4,18.325386
98907,2017-02-23,SN00/11,11.981,4.5271664,14.4,18.325386
98908,2017-02-23,NY63/2,130.692,4.5271664,14.4,18.325386
98909,2017-02-23,TR14/9,63.0,4.5271664,14.4,18.325386
98910,2017-02-23,SU81/1,50.12,4.5271664,14.4,18.325386
98911,2017-02-23,NO20/14,36.546,4.5271664,14.4,18.325386
98912,2017-02-23,SU01/5B,91.964,4.5271664,14.4,18.325386
98913,2017-02-23,TF81/2A,42.933,4.5271664,14.4,18.325386
98914,2017-02-23,ID30/1,115.0,4.5271664,14.4,18.325386
98915,2017-02-23,SK00/41,129.988,4.5271664,14.4,18.325386
98916,2017-02-23,SJ15/13,79.642,4.5271664,14.4,18.325386
98917,2017-02-23,SE94/5,15.1,4.5271664,14.4,18.325386
98918,2017-02-23,SU71/23,39.7,4.5271664,14.4,18.325386
98919,2017-02-23,ST07/10,67.976,4.5271664,14.4,18.325386
98920,2017-02-24,NH95/17,29.47,4.1646667,0.8000001,15.142392
98921,2017-02-24,ID30/1,114.8,4.1646667,0.8000001,15.142392
98922,2017-02-24,SY68/34,70.342,4.1646667,0.8000001,15.142392
98923,2017-02-24,NO20/14,36.724,4.1646667,0.8000001,15.142392
98924,2017-02-24,TF81/2A,42.931,4.1646667,0.8000001,15.142392
98925,2017-02-24,SU81/1,50.05,4.1646667,0.8000001,15.142392
98926,2017-02-24,SU71/23,39.81,4.1646667,0.8000001,15.142392
98927,2017-02-24,SU01/5B,92.133,4.1646667,0.8000001,15.142392
98928,2017-02-24,ST07/10,68.769,4.1646667,0.8000001,15.142392
98929,2017-02-24,SN00/11,11.893,4.1646667,0.8000001,15.142392
98930,2017-02-24,NY63/2,130.653,4.1646667,0.8000001,15.142392
98931,2017-02-24,TR14/9,63.07,4.1646667,0.8000001,15.142392
98932,2017-02-24,SJ15/13,79.706,4.1646667,0.8000001,15.142392
98933,2017-02-24,SK00/41,129.973,4.1646667,0.8000001,15.142392
98934,2017-02-25,SU71/23,39.85,7.8980002,12.0,18.76773
98935,2017-02-25,SN00/11,11.846,7.8980002,12.0,18.76773
98936,2017-02-25,NY63/2,130.655,7.8980002,12.0,18.76773
98937,2017-02-25,TR14/9,63.15,7.8980002,12.0,18.76773
98938,2017-02-25,SJ15/13,79.766,7.8980002,12.0,18.76773
98939,2017-02-25,TF81/2A,42.932,7.8980002,12.0,18.76773
98940,2017-02-25,SY68/34,70.309,7.8980002,12.0,18.76773
98941,2017-02-25,ID30/1,114.75,7.8980002,12.0,18.76773
98942,2017-02-25,SK00/41,129.97,7.8980002,12.0,18.76773
98943,2017-02-25,SU81/1,49.96,7.8980002,12.0,18.76773
98944,2017-02-25,SU01/5B,91.908,7.8980002,12.0,18.76773
98945,2017-02-25,NH95/17,29.503,7.8980002,12.0,18.76773
98946,2017-02-25,ST07/10,68.924,7.8980002,12.0,18.76773
98947,2017-02-25,NO20/14,36.626,7.8980002,12.0,18.76773
98948,2017-02-26,ST07/10,68.97,6.795916,10.8,18.940823
98949,2017-02-26,TF81/2A,42.946,6.795916,10.8,18.940823
98950,2017-02-26,NY63/2,130.693,6.795916,10.8,18.940823
98951,2017-02-26,ID30/1,115.46,6.795916,10.8,18.940823
98952,2017-02-26,NO20/14,36.592,6.795916,10.8,18.940823
98953,2017-02-26,TR14/9,63.24,6.795916,10.8,18.940823
98954,2017-02-26,SU71/23,39.93,6.795916,10.8,18.940823
98955,2017-02-26,SJ15/13,79.796,6.795916,10.8,18.940823
98956,2017-02-26,NH95/17,29.518,6.795916,10.8,18.940823
98957,2017-02-26,SY68/34,70.281,6.795916,10.8,18.940823
98958,2017-02-26,SU01/5B,91.71,6.795916,10.8,18.940823
98959,2017-02-26,SK00/41,129.977,6.795916,10.8,18.940823
98960,2017-02-26,SU81/1,49.85,6.795916,10.8,18.940823
98961,2017-02-26,SN00/11,11.791,6.795916,10.8,18.940823
98962,2017-02-27,SJ15/13,79.843,3.59175,7.0999994,11.270317
98963,2017-02-27,NO20/14,36.572,3.59175,7.0999994,11.270317
98964,2017-02-27,NH95/17,29.526,3.59175,7.0999994,11.270317
98965,2017-02-27,NY63/2,130.747,3.59175,7.0999994,11.270317
98966,2017-02-27,SU81/1,49.86,3.59175,7.0999994,11.270317
98967,2017-02-27,SN00/11,11.76,3.59175,7.0999994,11.270317
98968,2017-02-27,TF81/2A,42.961,3.59175,7.0999994,11.270317
98969,2017-02-27,TR14/9,63.31,3.59175,7.0999994,11.270317
98970,2017-02-27,ST07/10,69.062,3.59175,7.0999994,11.270317
98971,2017-02-27,TA10/63,16.01,3.59175,7.0999994,11.270317
98972,2017-02-27,SU01/5B,91.563,3.59175,7.0999994,11.270317
98973,2017-02-27,SY68/34,70.274,3.59175,7.0999994,11.270317
98974,2017-02-27,SK00/41,129.989,3.59175,7.0999994,11.270317
98975,2017-02-27,ID30/1,115.46,3.59175,7.0999994,11.270317
98976,2017-02-27,SU71/23,40.01,3.59175,7.0999994,11.270317
98977,2017-02-27,SE95/6,25.55,3.59175,7.0999994,11.270317
98978,2017-02-28,SK00/41,129.99,1.7063335,0.70000005,7.392445
98979,2017-02-28,TF81/2A,42.981,1.7063335,0.70000005,7.392445
98980,2017-02-28,SY68/34,70.242,1.7063335,0.70000005,7.392445
98981,2017-02-28,SU01/5B,92.367,1.7063335,0.70000005,7.392445
98982,2017-02-28,SN00/11,11.693,1.7063335,0.70000005,7.392445
98983,2017-02-28,NO20/14,36.586,1.7063335,0.70000005,7.392445
98984,2017-02-28,ST07/10,69.435,1.7063335,0.70000005,7.392445
98985,2017-02-28,TF03/37,16.04,1.7063335,0.70000005,7.392445
98986,2017-02-28,SU81/1,49.97,1.7063335,0.70000005,7.392445
98987,2017-02-28,SJ15/13,79.829,1.7063335,0.70000005,7.392445
98988,2017-02-28,NY63/2,130.8,1.7063335,0.70000005,7.392445
98989,2017-02-28,SU71/23,40.14,1.7063335,0.70000005,7.392445
98990,2017-02-28,ID30/1,115.47,1.7063335,0.70000005,7.392445
98991,2017-02-28,TR14/9,63.352,1.7063335,0.70000005,7.392445
98992,2017-02-28,NH95/17,29.517,1.7063335,0.70000005,7.392445
98993,2017-03-01,TL33/67,76.49,2.3313334,6.0,7.2426405
98994,2017-03-01,TQ25/86,91.3,2.3313334,6.0,7.2426405
98995,2017-03-01,TL44/12,36.55,2.3313334,6.0,7.2426405
98996,2017-03-01,SU17/57,135.39,2.3313334,6.0,7.2426405
98997,2017-03-01,SN00/11,11.614,2.3313334,6.0,7.2426405
98998,2017-03-01,SU81/1,49.92,2.3313334,6.0,7.2426405
98999,2017-03-01,NY63/2,130.731,2.3313334,6.0,7.2426405
99000,2017-03-01,TR14/9,63.396,2.3313334,6.0,7.2426405
99001,2017-03-01,SJ15/13,79.821,2.3313334,6.0,7.2426405
99002,2017-03-01,SU01/5B,91.12,2.3313334,6.0,7.2426405
99003,2017-03-01,SU71/23,40.18,2.3313334,6.0,7.2426405
99004,2017-03-01,ST07/10,69.842,2.3313334,6.0,7.2426405
99005,2017-03-01,TF81/2A,42.985,2.3313334,6.0,7.2426405
99006,2017-03-01,SY68/34,70.197,2.3313334,6.0,7.2426405
99007,2017-03-01,ID30/1,115.4748,2.3313334,6.0,7.2426405
99008,2017-03-01,NH95/17,29.515,2.3313334,6.0,7.2426405
99009,2017-03-01,SK00/41,129.986,2.3313334,6.0,7.2426405
99010,2017-03-01,NO20/14,36.652,2.3313334,6.0,7.2426405
99011,2017-03-01,SP00/62,102.37,2.3313334,6.0,7.2426405
99012,2017-03-02,TF81/2A,42.992,3.41675,9.999999,11.817488
99013,2017-03-02,SU81/1,49.85,3.41675,9.999999,11.817488
99014,2017-03-02,TR14/9,63.476,3.41675,9.999999,11.817488
99015,2017-03-02,SK00/41,129.971,3.41675,9.999999,11.817488
99016,2017-03-02,ID30/1,115.439,3.41675,9.999999,11.817488
99017,2017-03-02,SJ15/13,79.813,3.41675,9.999999,11.817488
99018,2017-03-02,SN00/11,11.537,3.41675,9.999999,11.817488
99019,2017-03-02,NO20/14,36.698,3.41675,9.999999,11.817488
99020,2017-03-02,ST07/10,70.249,3.41675,9.999999,11.817488
99021,2017-03-02,NH95/17,29.512,3.41675,9.999999,11.817488
99022,2017-03-02,SU01/5B,90.851,3.41675,9.999999,11.817488
99023,2017-03-02,SY68/34,70.15,3.41675,9.999999,11.817488
99024,2017-03-02,SU71/23,40.2,3.41675,9.999999,11.817488
99025,2017-03-02,TL33/4,76.18,3.41675,9.999999,11.817488
99026,2017-03-02,NY63/2,130.744,3.41675,9.999999,11.817488
99027,2017-03-03,ID30/1,115.5663,5.6146665,7.7999988,13.22367
99028,2017-03-03,TF81/2A,42.993,5.6146665,7.7999988,13.22367
99029,2017-03-03,SJ15/13,79.881,5.6146665,7.7999988,13.22367
99030,2017-03-03,SU81/1,49.84,5.6146665,7.7999988,13.22367
99031,2017-03-03,SY68/34,70.157,5.6146665,7.7999988,13.22367
99032,2017-03-03,TR14/9,63.534,5.6146665,7.7999988,13.22367
99033,2017-03-03,SN00/11,11.518,5.6146665,7.7999988,13.22367
99034,2017-03-03,NO20/14,36.711,5.6146665,7.7999988,13.22367
99035,2017-03-03,ST07/10,70.52,5.6146665,7.7999988,13.22367
99036,2017-03-03,SU01/5B,90.661,5.6146665,7.7999988,13.22367
99037,2017-03-03,SU71/23,40.2,5.6146665,7.7999988,13.22367
99038,2017-03-03,NH95/17,29.507,5.6146665,7.7999988,13.22367
99039,2017-03-03,SK00/41,129.972,5.6146665,7.7999988,13.22367
99040,2017-03-03,NY63/2,130.713,5.6146665,7.7999988,13.22367
99041,2017-03-04,TR14/9,63.587,6.443834,3.5999994,11.194269
99042,2017-03-04,SY68/34,70.129,6.443834,3.5999994,11.194269
99043,2017-03-04,TF81/2A,43.02,6.443834,3.5999994,11.194269
99044,2017-03-04,NO20/14,36.632,6.443834,3.5999994,11.194269
99045,2017-03-04,SU01/5B,90.508,6.443834,3.5999994,11.194269
99046,2017-03-04,SN00/11,11.495,6.443834,3.5999994,11.194269
99047,2017-03-04,ST07/10,70.378,6.443834,3.5999994,11.194269
99048,2017-03-04,NH95/17,29.523,6.443834,3.5999994,11.194269
99049,2017-03-04,NY63/2,130.798,6.443834,3.5999994,11.194269
99050,2017-03-04,SU71/23,40.28,6.443834,3.5999994,11.194269
99051,2017-03-04,ID30/1,116.826,6.443834,3.5999994,11.194269
99052,2017-03-04,SK00/41,129.98,6.443834,3.5999994,11.194269
99053,2017-03-04,SJ15/13,79.884,6.443834,3.5999994,11.194269
99054,2017-03-04,SU81/1,49.96,6.443834,3.5999994,11.194269
99055,2017-03-05,NH95/17,29.56,5.4271665,1.5000001,10.33881
99056,2017-03-05,SU01/5B,90.328,5.4271665,1.5000001,10.33881
99057,2017-03-05,SU71/23,40.35,5.4271665,1.5000001,10.33881
99058,2017-03-05,NO20/14,36.667,5.4271665,1.5000001,10.33881
99059,2017-03-05,SJ15/13,79.851,5.4271665,1.5000001,10.33881
99060,2017-03-05,SN00/11,11.554,5.4271665,1.5000001,10.33881
99061,2017-03-05,SY68/34,70.09,5.4271665,1.5000001,10.33881
99062,2017-03-05,ID30/1,116.3647,5.4271665,1.5000001,10.33881
99063,2017-03-05,NY63/2,130.807,5.4271665,1.5000001,10.33881
99064,2017-03-05,TR14/9,63.621,5.4271665,1.5000001,10.33881
99065,2017-03-05,ST07/10,70.905,5.4271665,1.5000001,10.33881
99066,2017-03-05,TF81/2A,43.034,5.4271665,1.5000001,10.33881
99067,2017-03-05,SK00/41,129.976,5.4271665,1.5000001,10.33881
99068,2017-03-05,SU81/1,50.11,5.4271665,1.5000001,10.33881
99069,2017-03-06,NH95/17,29.544,4.975084,3.0999997,8.492534
99070,2017-03-06,TR14/9,63.662,4.975084,3.0999997,8.492534
99071,2017-03-06,ST07/10,71.257,4.975084,3.0999997,8.492534
99072,2017-03-06,NO20/14,36.804,4.975084,3.0999997,8.492534
99073,2017-03-06,SU01/5B,90.122,4.975084,3.0999997,8.492534
99074,2017-03-06,SY68/34,70.038,4.975084,3.0999997,8.492534
99075,2017-03-06,SU81/1,50.36,4.975084,3.0999997,8.492534
99076,2017-03-06,ID30/1,116.3173,4.975084,3.0999997,8.492534
99077,2017-03-06,TF81/2A,43.045,4.975084,3.0999997,8.492534
99078,2017-03-06,SJ15/13,79.801,4.975084,3.0999997,8.492534
99079,2017-03-06,SN00/11,11.671,4.975084,3.0999997,8.492534
99080,2017-03-06,NY63/2,130.736,4.975084,3.0999997,8.492534
99081,2017-03-06,SU71/23,40.46,4.975084,3.0999997,8.492534
99082,2017-03-06,SK00/41,129.96,4.975084,3.0999997,8.492534
99083,2017-03-07,SU71/23,40.63,4.6771665,1.0,10.794159
99084,2017-03-07,TF81/2A,43.05,4.6771665,1.0,10.794159
99085,2017-03-07,SY68/34,69.987,4.6771665,1.0,10.794159
99086,2017-03-07,SN00/11,11.733,4.6771665,1.0,10.794159
99087,2017-03-07,SU01/5B,89.942,4.6771665,1.0,10.794159
99088,2017-03-07,SJ15/13,79.802,4.6771665,1.0,10.794159
99089,2017-03-07,SU81/1,50.68,4.6771665,1.0,10.794159
99090,2017-03-07,ID30/1,116.1854,4.6771665,1.0,10.794159
99091,2017-03-07,NY63/2,130.701,4.6771665,1.0,10.794159
99092,2017-03-07,SK00/41,129.949,4.6771665,1.0,10.794159
99093,2017-03-07,NH95/17,29.538,4.6771665,1.0,10.794159
99094,2017-03-07,TR14/9,63.713,4.6771665,1.0,10.794159
99095,2017-03-07,ST07/10,71.746,4.6771665,1.0,10.794159
99096,2017-03-07,NO20/14,36.885,4.6771665,1.0,10.794159
99097,2017-03-08,NH95/17,29.56,7.543834,4.6,13.553969
99098,2017-03-08,NO20/14,36.829,7.543834,4.6,13.553969
99099,2017-03-08,SP00/62,102.49,7.543834,4.6,13.553969
99100,2017-03-08,SU81/1,51.26,7.543834,4.6,13.553969
99101,2017-03-08,NY63/2,130.755,7.543834,4.6,13.553969
99102,2017-03-08,SJ15/13,79.798,7.543834,4.6,13.553969
99103,2017-03-08,SU01/5B,89.913,7.543834,4.6,13.553969
99104,2017-03-08,ST07/10,72.139,7.543834,4.6,13.553969
99105,2017-03-08,TR14/9,63.744,7.543834,4.6,13.553969
99106,2017-03-08,SU17/57,135.48,7.543834,4.6,13.553969
99107,2017-03-08,SK00/41,129.94,7.543834,4.6,13.553969
99108,2017-03-08,ID30/1,116.1785,7.543834,4.6,13.553969
99109,2017-03-08,SY68/34,69.944,7.543834,4.6,13.553969
99110,2017-03-08,SN00/11,11.85,7.543834,4.6,13.553969
99111,2017-03-08,TQ25/86,92.71,7.543834,4.6,13.553969
99112,2017-03-08,SU71/23,40.9,7.543834,4.6,13.553969
99113,2017-03-08,TL33/67,76.48,7.543834,4.6,13.553969
99114,2017-03-08,TF81/2A,43.065,7.543834,4.6,13.553969
99115,2017-03-09,SU01/5B,90.044,7.141751,2.7,14.041247
99116,2017-03-09,SU81/1,51.92,7.141751,2.7,14.041247
99117,2017-03-09,NY63/2,130.744,7.141751,2.7,14.041247
99118,2017-03-09,ST07/10,72.527,7.141751,2.7,14.041247
99119,2017-03-09,SU71/23,41.26,7.141751,2.7,14.041247
99120,2017-03-09,ID30/1,116.0373,7.141751,2.7,14.041247
99121,2017-03-09,SY68/34,69.904,7.141751,2.7,14.041247
99122,2017-03-09,SK00/41,129.927,7.141751,2.7,14.041247
99123,2017-03-09,SJ15/13,79.764,7.141751,2.7,14.041247
99124,2017-03-09,TF81/2A,43.078,7.141751,2.7,14.041247
99125,2017-03-09,NH95/17,29.531,7.141751,2.7,14.041247
99126,2017-03-09,TR14/9,63.788,7.141751,2.7,14.041247
99127,2017-03-09,NO20/14,36.915,7.141751,2.7,14.041247
99128,2017-03-10,TF81/2A,43.088,7.441751,0.5,12.951582
99129,2017-03-10,TR14/9,63.842,7.441751,0.5,12.951582
99130,2017-03-10,NY63/2,130.696,7.441751,0.5,12.951582
99131,2017-03-10,ID30/1,115.9081,7.441751,0.5,12.951582
99132,2017-03-10,SJ15/13,79.773,7.441751,0.5,12.951582
99133,2017-03-10,SU71/23,41.56,7.441751,0.5,12.951582
99134,2017-03-10,SY68/34,69.867,7.441751,0.5,12.951582
99135,2017-03-10,SK00/41,129.92,7.441751,0.5,12.951582
99136,2017-03-10,ST07/10,72.488,7.441751,0.5,12.951582
99137,2017-03-10,NO20/14,36.99,7.441751,0.5,12.951582
99138,2017-03-10,SU81/1,52.52,7.441751,0.5,12.951582
99139,2017-03-10,NH95/17,29.598,7.441751,0.5,12.951582
99140,2017-03-10,SU01/5B,90.368,7.441751,0.5,12.951582
99141,2017-03-11,SK00/41,129.92,8.739666,2.3,10.688167
99142,2017-03-11,NO20/14,36.938,8.739666,2.3,10.688167
99143,2017-03-11,ID30/1,115.835,8.739666,2.3,10.688167
99144,2017-03-11,ST07/10,72.157,8.739666,2.3,10.688167
99145,2017-03-11,TF81/2A,43.108,8.739666,2.3,10.688167
99146,2017-03-11,SU81/1,53.06,8.739666,2.3,10.688167
99147,2017-03-11,SU71/23,41.86,8.739666,2.3,10.688167
99148,2017-03-11,SU01/5B,90.811,8.739666,2.3,10.688167
99149,2017-03-11,TR14/9,63.881,8.739666,2.3,10.688167
99150,2017-03-11,SJ15/13,79.786,8.739666,2.3,10.688167
99151,2017-03-11,NH95/17,29.609,8.739666,2.3,10.688167
99152,2017-03-11,SY68/34,69.831,8.739666,2.3,10.688167
99153,2017-03-11,NY63/2,130.751,8.739666,2.3,10.688167
99154,2017-03-12,SK00/41,129.914,8.825084,1.7,9.301123
99155,2017-03-12,TF81/2A,43.131,8.825084,1.7,9.301123
99156,2017-03-12,SU81/1,53.54,8.825084,1.7,9.301123
99157,2017-03-12,NY63/2,130.784,8.825084,1.7,9.301123
99158,2017-03-12,ST07/10,71.826,8.825084,1.7,9.301123
99159,2017-03-12,SU01/5B,91.229,8.825084,1.7,9.301123
99160,2017-03-12,SY68/34,69.792,8.825084,1.7,9.301123
99161,2017-03-12,NH95/17,29.605,8.825084,1.7,9.301123
99162,2017-03-12,SU71/23,42.15,8.825084,1.7,9.301123
99163,2017-03-12,SJ15/13,79.753,8.825084,1.7,9.301123
99164,2017-03-12,NO20/14,36.917,8.825084,1.7,9.301123
99165,2017-03-12,ID30/1,115.7167,8.825084,1.7,9.301123
99166,2017-03-12,TR14/9,63.9,8.825084,1.7,9.301123
99167,2017-03-13,SK00/41,129.902,6.6771665,0.3,10.48576
99168,2017-03-13,TF81/2A,43.144,6.6771665,0.3,10.48576
99169,2017-03-13,NY63/2,130.73,6.6771665,0.3,10.48576
99170,2017-03-13,SU81/1,53.87,6.6771665,0.3,10.48576
99171,2017-03-13,ST07/10,71.371,6.6771665,0.3,10.48576
99172,2017-03-13,NO20/14,36.984,6.6771665,0.3,10.48576
99173,2017-03-13,SY68/34,69.751,6.6771665,0.3,10.48576
99174,2017-03-13,TR14/9,63.934,6.6771665,0.3,10.48576
99175,2017-03-13,SU01/5B,91.499,6.6771665,0.3,10.48576
99176,2017-03-13,ID30/1,115.5694,6.6771665,0.3,10.48576
99177,2017-03-13,SU71/23,42.39,6.6771665,0.3,10.48576
99178,2017-03-13,SJ15/13,79.714,6.6771665,0.3,10.48576
99179,2017-03-13,NH95/17,29.591,6.6771665,0.3,10.48576
99180,2017-03-14,NO20/14,36.968,9.523002,0.9000001,17.392313
99181,2017-03-14,TR14/9,63.973,9.523002,0.9000001,17.392313
99182,2017-03-14,SU81/1,54.03,9.523002,0.9000001,17.392313
99183,2017-03-14,NY63/2,130.729,9.523002,0.9000001,17.392313
99184,2017-03-14,ID30/1,115.4478,9.523002,0.9000001,17.392313
99185,2017-03-14,SU71/23,42.58,9.523002,0.9000001,17.392313
99186,2017-03-14,TF81/2A,43.155,9.523002,0.9000001,17.392313
99187,2017-03-14,ST07/10,70.79,9.523002,0.9000001,17.392313
99188,2017-03-14,SU01/5B,91.695,9.523002,0.9000001,17.392313
99189,2017-03-14,SY68/34,69.717,9.523002,0.9000001,17.392313
99190,2017-03-14,SJ15/13,79.7,9.523002,0.9000001,17.392313
99191,2017-03-14,SK00/41,129.892,9.523002,0.9000001,17.392313
99192,2017-03-14,NH95/17,29.576,9.523002,0.9000001,17.392313
99193,2017-03-15,TQ25/86,93.13,7.387584,0.0,9.66766
99194,2017-03-15,SY68/34,69.688,7.387584,0.0,9.66766
99195,2017-03-15,TL33/67,76.47,7.387584,0.0,9.66766
99196,2017-03-15,NO20/14,37.031,7.387584,0.0,9.66766
99197,2017-03-15,ID30/1,115.3235,7.387584,0.0,9.66766
99198,2017-03-15,ST07/10,70.164,7.387584,0.0,9.66766
99199,2017-03-15,SU71/23,42.77,7.387584,0.0,9.66766
99200,2017-03-15,NH95/17,29.576,7.387584,0.0,9.66766
99201,2017-03-15,SU17/57,135.5,7.387584,0.0,9.66766
99202,2017-03-15,TR14/9,64.021,7.387584,0.0,9.66766
99203,2017-03-15,TF81/2A,43.171,7.387584,0.0,9.66766
99204,2017-03-15,NY63/2,130.726,7.387584,0.0,9.66766
99205,2017-03-15,SU81/1,54.19,7.387584,0.0,9.66766
99206,2017-03-15,SK00/41,129.89,7.387584,0.0,9.66766
99207,2017-03-15,SP00/62,102.48,7.387584,0.0,9.66766
99208,2017-03-15,SJ15/13,79.708,7.387584,0.0,9.66766
99209,2017-03-15,SU01/5B,91.859,7.387584,0.0,9.66766
99210,2017-03-16,NH95/17,29.593,7.2417502,4.4,16.697905
99211,2017-03-16,SK00/41,129.89,7.2417502,4.4,16.697905
99212,2017-03-16,SU01/5B,92.024,7.2417502,4.4,16.697905
99213,2017-03-16,SJ15/13,79.732,7.2417502,4.4,16.697905
99214,2017-03-16,TF81/2A,43.188,7.2417502,4.4,16.697905
99215,2017-03-16,ST07/10,69.539,7.2417502,4.4,16.697905
99216,2017-03-16,SY68/34,69.664,7.2417502,4.4,16.697905
99217,2017-03-16,ID30/1,115.2436,7.2417502,4.4,16.697905
99218,2017-03-16,SU81/1,54.36,7.2417502,4.4,16.697905
99219,2017-03-16,NY63/2,130.765,7.2417502,4.4,16.697905
99220,2017-03-16,NO20/14,36.936,7.2417502,4.4,16.697905
99221,2017-03-16,SU71/23,42.96,7.2417502,4.4,16.697905
99222,2017-03-16,TR14/9,64.066,7.2417502,4.4,16.697905
99223,2017-03-17,SK00/41,129.899,6.4709167,7.4,20.86327
99224,2017-03-17,SU01/5B,92.151,6.4709167,7.4,20.86327
99225,2017-03-17,NO20/14,36.882,6.4709167,7.4,20.86327
99226,2017-03-17,SY68/34,69.639,6.4709167,7.4,20.86327
99227,2017-03-17,TR14/9,64.103,6.4709167,7.4,20.86327
99228,2017-03-17,SU81/1,54.51,6.4709167,7.4,20.86327
99229,2017-03-17,TF81/2A,43.21,6.4709167,7.4,20.86327
99230,2017-03-17,ID30/1,115.2826,6.4709167,7.4,20.86327
99231,2017-03-17,NH95/17,29.597,6.4709167,7.4,20.86327
99232,2017-03-17,SU71/23,43.18,6.4709167,7.4,20.86327
99233,2017-03-17,ST07/10,69.051,6.4709167,7.4,20.86327
99234,2017-03-17,SN00/11,11.8,6.4709167,7.4,20.86327
99235,2017-03-17,TM15/112,25.4,6.4709167,7.4,20.86327
99236,2017-03-17,SJ15/13,79.754,6.4709167,7.4,20.86327
99237,2017-03-17,NY63/2,130.801,6.4709167,7.4,20.86327
99238,2017-03-18,SU81/1,54.65,9.24175,6.9999995,15.647478
99239,2017-03-18,SJ15/13,79.745,9.24175,6.9999995,15.647478
99240,2017-03-18,SY68/34,69.616,9.24175,6.9999995,15.647478
99241,2017-03-18,SN00/11,11.777,9.24175,6.9999995,15.647478
99242,2017-03-18,TR14/9,64.139,9.24175,6.9999995,15.647478
99243,2017-03-18,SK00/41,129.907,9.24175,6.9999995,15.647478
99244,2017-03-18,NY63/2,130.858,9.24175,6.9999995,15.647478
99245,2017-03-18,NH95/17,29.606,9.24175,6.9999995,15.647478
99246,2017-03-18,ID30/1,115.2658,9.24175,6.9999995,15.647478
99247,2017-03-18,SU71/23,43.38,9.24175,6.9999995,15.647478
99248,2017-03-18,SU01/5B,92.236,9.24175,6.9999995,15.647478
99249,2017-03-18,ST07/10,69.103,9.24175,6.9999995,15.647478
99250,2017-03-18,NO20/14,36.864,9.24175,6.9999995,15.647478
99251,2017-03-18,TF81/2A,43.239,9.24175,6.9999995,15.647478
99252,2017-03-19,SK00/41,129.909,9.477167,14.600001,16.400013
99253,2017-03-19,NY63/2,130.834,9.477167,14.600001,16.400013
99254,2017-03-19,SU71/23,43.56,9.477167,14.600001,16.400013
99255,2017-03-19,SJ15/13,79.745,9.477167,14.600001,16.400013
99256,2017-03-19,TR14/9,64.173,9.477167,14.600001,16.400013
99257,2017-03-19,SY68/34,69.595,9.477167,14.600001,16.400013
99258,2017-03-19,ST07/10,69.352,9.477167,14.600001,16.400013
99259,2017-03-19,SN00/11,11.73,9.477167,14.600001,16.400013
99260,2017-03-19,TF81/2A,43.249,9.477167,14.600001,16.400013
99261,2017-03-19,NO20/14,36.797,9.477167,14.600001,16.400013
99262,2017-03-19,NH95/17,29.616,9.477167,14.600001,16.400013
99263,2017-03-19,SU01/5B,92.271,9.477167,14.600001,16.400013
99264,2017-03-19,SU81/1,54.7,9.477167,14.600001,16.400013
99265,2017-03-19,ID30/1,115.848,9.477167,14.600001,16.400013
99266,2017-03-20,NO20/14,36.791,6.7917504,3.0999997,17.277634
99267,2017-03-20,SU01/5B,92.28,6.7917504,3.0999997,17.277634
99268,2017-03-20,SJ15/13,79.737,6.7917504,3.0999997,17.277634
99269,2017-03-20,ID30/1,115.6326,6.7917504,3.0999997,17.277634
99270,2017-03-20,SU71/23,43.72,6.7917504,3.0999997,17.277634
99271,2017-03-20,TL33/67,76.42,6.7917504,3.0999997,17.277634
99272,2017-03-20,SK00/41,129.913,6.7917504,3.0999997,17.277634
99273,2017-03-20,SY68/34,69.574,6.7917504,3.0999997,17.277634
99274,2017-03-20,TQ25/86,93.28,6.7917504,3.0999997,17.277634
99275,2017-03-20,ST07/10,70.717,6.7917504,3.0999997,17.277634
99276,2017-03-20,TR14/9,64.195,6.7917504,3.0999997,17.277634
99277,2017-03-20,TF81/2A,43.267,6.7917504,3.0999997,17.277634
99278,2017-03-20,NY63/2,130.841,6.7917504,3.0999997,17.277634
99279,2017-03-20,SU81/1,54.79,6.7917504,3.0999997,17.277634
99280,2017-03-20,SU17/57,135.65,6.7917504,3.0999997,17.277634
99281,2017-03-20,NH95/17,29.629,6.7917504,3.0999997,17.277634
99282,2017-03-20,SN00/11,11.736,6.7917504,3.0999997,17.277634
99283,2017-03-20,SP00/62,102.38,6.7917504,3.0999997,17.277634
99284,2017-03-21,ID30/1,115.6396,3.062583,2.7999997,17.489557
99285,2017-03-21,SU81/1,54.78,3.062583,2.7999997,17.489557
99286,2017-03-21,SK00/41,129.91,3.062583,2.7999997,17.489557
99287,2017-03-21,SU71/23,43.86,3.062583,2.7999997,17.489557
99288,2017-03-21,TL33/67,76.78,3.062583,2.7999997,17.489557
99289,2017-03-21,TR14/9,64.221,3.062583,2.7999997,17.489557
99290,2017-03-21,SU01/5B,92.227,3.062583,2.7999997,17.489557
99291,2017-03-21,SN00/11,11.791,3.062583,2.7999997,17.489557
99292,2017-03-21,NH95/17,29.593,3.062583,2.7999997,17.489557
99293,2017-03-21,NO20/14,36.866,3.062583,2.7999997,17.489557
99294,2017-03-21,ST07/10,72.333,3.062583,2.7999997,17.489557
99295,2017-03-21,NY63/2,130.848,3.062583,2.7999997,17.489557
99296,2017-03-21,SY68/34,69.551,3.062583,2.7999997,17.489557
99297,2017-03-21,TF81/2A,43.283,3.062583,2.7999997,17.489557
99298,2017-03-21,SJ15/13,79.718,3.062583,2.7999997,17.489557
99299,2017-03-22,SU81/1,54.74,3.5938337,19.2,16.468855
99300,2017-03-22,TF81/2A,43.296,3.5938337,19.2,16.468855
99301,2017-03-22,ID30/1,115.5397,3.5938337,19.2,16.468855
99302,2017-03-22,ST07/10,73.977,3.5938337,19.2,16.468855
99303,2017-03-22,SU17/57,135.7,3.5938337,19.2,16.468855
99304,2017-03-22,TR14/9,64.23,3.5938337,19.2,16.468855
99305,2017-03-22,SU01/5B,92.159,3.5938337,19.2,16.468855
99306,2017-03-22,SU71/23,43.97,3.5938337,19.2,16.468855
99307,2017-03-22,SK00/41,129.909,3.5938337,19.2,16.468855
99308,2017-03-22,NH95/17,29.552,3.5938337,19.2,16.468855
99309,2017-03-22,SN00/11,12.238,3.5938337,19.2,16.468855
99310,2017-03-22,TQ25/86,93.64,3.5938337,19.2,16.468855
99311,2017-03-22,NO20/14,36.992,3.5938337,19.2,16.468855
99312,2017-03-22,NY63/2,130.811,3.5938337,19.2,16.468855
99313,2017-03-22,SY68/34,69.531,3.5938337,19.2,16.468855
99314,2017-03-22,SJ15/13,79.693,3.5938337,19.2,16.468855
99315,2017-03-22,SP00/62,102.33,3.5938337,19.2,16.468855
99316,2017-03-23,SU71/23,44.06,5.673,0.3,12.559658
99317,2017-03-23,SK00/41,129.895,5.673,0.3,12.559658
99318,2017-03-23,SU01/5B,92.02,5.673,0.3,12.559658
99319,2017-03-23,SU81/1,54.74,5.673,0.3,12.559658
99320,2017-03-23,ST07/10,74.409,5.673,0.3,12.559658
99321,2017-03-23,TF81/2A,43.306,5.673,0.3,12.559658
99322,2017-03-23,SY68/34,69.502,5.673,0.3,12.559658
99323,2017-03-23,NO20/14,37.083,5.673,0.3,12.559658
99324,2017-03-23,TR14/9,64.241,5.673,0.3,12.559658
99325,2017-03-23,ID30/1,115.4658,5.673,0.3,12.559658
99326,2017-03-23,SJ15/13,79.635,5.673,0.3,12.559658
99327,2017-03-23,SN00/11,12.42,5.673,0.3,12.559658
99328,2017-03-23,NH95/17,29.537,5.673,0.3,12.559658
99329,2017-03-23,NY63/2,130.8,5.673,0.3,12.559658
99330,2017-03-24,NY63/2,130.742,6.2542496,0.0,4.4237995
99331,2017-03-24,SY68/34,69.47,6.2542496,0.0,4.4237995
99332,2017-03-24,NO20/14,37.149,6.2542496,0.0,4.4237995
99333,2017-03-24,TF81/2A,43.312,6.2542496,0.0,4.4237995
99334,2017-03-24,SN00/11,12.404,6.2542496,0.0,4.4237995
99335,2017-03-24,SU01/5B,91.82,6.2542496,0.0,4.4237995
99336,2017-03-24,SK00/41,129.882,6.2542496,0.0,4.4237995
99337,2017-03-24,NH95/17,29.535,6.2542496,0.0,4.4237995
99338,2017-03-24,SE94/5,18.12,6.2542496,0.0,4.4237995
99339,2017-03-24,TV59/7C,1.57,6.2542496,0.0,4.4237995
99340,2017-03-24,SU71/23,44.1,6.2542496,0.0,4.4237995
99341,2017-03-24,SJ15/13,79.608,6.2542496,0.0,4.4237995
99342,2017-03-24,ID30/1,115.4287,6.2542496,0.0,4.4237995
99343,2017-03-24,ST07/10,74.323,6.2542496,0.0,4.4237995
99344,2017-03-24,SU81/1,54.6,6.2542496,0.0,4.4237995
99345,2017-03-24,TR14/9,64.272,6.2542496,0.0,4.4237995
99346,2017-03-25,SK00/41,129.87,7.262584,0.0,5.6802163
99347,2017-03-25,SU01/5B,91.461,7.262584,0.0,5.6802163
99348,2017-03-25,SJ15/13,79.624,7.262584,0.0,5.6802163
99349,2017-03-25,TF81/2A,43.321,7.262584,0.0,5.6802163
99350,2017-03-25,TR14/9,64.301,7.262584,0.0,5.6802163
99351,2017-03-25,NO20/14,37.142,7.262584,0.0,5.6802163
99352,2017-03-25,SU81/1,54.44,7.262584,0.0,5.6802163
99353,2017-03-25,NH95/17,29.531,7.262584,0.0,5.6802163
99354,2017-03-25,SY68/34,69.444,7.262584,0.0,5.6802163
99355,2017-03-25,SU71/23,44.12,7.262584,0.0,5.6802163
99356,2017-03-25,NY63/2,130.74,7.262584,0.0,5.6802163
99357,2017-03-25,ID30/1,115.352,7.262584,0.0,5.6802163
99358,2017-03-25,ST07/10,73.883,7.262584,0.0,5.6802163
99359,2017-03-25,SN00/11,12.349,7.262584,0.0,5.6802163
99360,2017-03-26,NY63/2,130.782,8.023,0.0,7.005164
99361,2017-03-26,ID30/1,115.2597,8.023,0.0,7.005164
99362,2017-03-26,TR14/9,64.329,8.023,0.0,7.005164
99363,2017-03-26,SU81/1,54.32,8.023,0.0,7.005164
99364,2017-03-26,NH95/17,29.529,8.023,0.0,7.005164
99365,2017-03-26,ST07/10,73.253,8.023,0.0,7.005164
99366,2017-03-26,SU71/23,44.16,8.023,0.0,7.005164
99367,2017-03-26,SN00/11,12.298,8.023,0.0,7.005164
99368,2017-03-26,SK00/41,129.87,8.023,0.0,7.005164
99369,2017-03-26,SJ15/13,79.638,8.023,0.0,7.005164
99370,2017-03-26,NO20/14,37.124,8.023,0.0,7.005164
99371,2017-03-26,TF81/2A,43.342,8.023,0.0,7.005164
99372,2017-03-26,SY68/34,69.415,8.023,0.0,7.005164
99373,2017-03-26,SU01/5B,91.49,8.023,0.0,7.005164
99374,2017-03-27,NH95/17,29.507,8.141751,0.0,7.5486207
99375,2017-03-27,TR14/9,64.35,8.141751,0.0,7.5486207
99376,2017-03-27,SY68/34,69.386,8.141751,0.0,7.5486207
99377,2017-03-27,SU81/1,54.13,8.141751,0.0,7.5486207
99378,2017-03-27,ST07/10,72.535,8.141751,0.0,7.5486207
99379,2017-03-27,SJ15/13,79.649,8.141751,0.0,7.5486207
99380,2017-03-27,ID30/1,115.1693,8.141751,0.0,7.5486207
99381,2017-03-27,SU01/5B,91.341,8.141751,0.0,7.5486207
99382,2017-03-27,SN00/11,12.235,8.141751,0.0,7.5486207
99383,2017-03-27,SU71/23,44.19,8.141751,0.0,7.5486207
99384,2017-03-27,TF81/2A,43.358,8.141751,0.0,7.5486207
99385,2017-03-27,NO20/14,37.09,8.141751,0.0,7.5486207
99386,2017-03-27,SE95/6,24.94,8.141751,0.0,7.5486207
99387,2017-03-27,SK00/41,129.87,8.141751,0.0,7.5486207
99388,2017-03-27,NY63/2,130.797,8.141751,0.0,7.5486207
99389,2017-03-28,ST07/10,71.838,8.168833,2.0,11.846119
99390,2017-03-28,TF81/2A,43.376,8.168833,2.0,11.846119
99391,2017-03-28,ID30/1,115.0857,8.168833,2.0,11.846119
99392,2017-03-28,TR14/9,64.368,8.168833,2.0,11.846119
99393,2017-03-28,SJ15/13,79.654,8.168833,2.0,11.846119
99394,2017-03-28,SY68/34,69.354,8.168833,2.0,11.846119
99395,2017-03-28,NH95/17,29.537,8.168833,2.0,11.846119
99396,2017-03-28,SU81/1,54.03,8.168833,2.0,11.846119
99397,2017-03-28,SN00/11,12.179,8.168833,2.0,11.846119
99398,2017-03-28,NO20/14,37.024,8.168833,2.0,11.846119
99399,2017-03-28,NY63/2,130.82,8.168833,2.0,11.846119
99400,2017-03-28,SU01/5B,91.185,8.168833,2.0,11.846119
99401,2017-03-28,SU71/23,44.21,8.168833,2.0,11.846119
99402,2017-03-28,SK00/41,129.87,8.168833,2.0,11.846119
99403,2017-03-29,SJ15/13,79.649,10.568835,1.8000001,15.453621
99404,2017-03-29,SP00/62,102.15,10.568835,1.8000001,15.453621
99405,2017-03-29,NH95/17,29.52,10.568835,1.8000001,15.453621
99406,2017-03-29,NO20/14,36.983,10.568835,1.8000001,15.453621
99407,2017-03-29,TQ25/86,93.75,10.568835,1.8000001,15.453621
99408,2017-03-29,SY68/34,69.323,10.568835,1.8000001,15.453621
99409,2017-03-29,SN00/11,12.199,10.568835,1.8000001,15.453621
99410,2017-03-29,ST07/10,71.26,10.568835,1.8000001,15.453621
99411,2017-03-29,ID30/1,114.9996,10.568835,1.8000001,15.453621
99412,2017-03-29,NY63/2,130.831,10.568835,1.8000001,15.453621
99413,2017-03-29,TR14/9,64.398,10.568835,1.8000001,15.453621
99414,2017-03-29,SK00/41,129.87,10.568835,1.8000001,15.453621
99415,2017-03-29,SU71/23,44.21,10.568835,1.8000001,15.453621
99416,2017-03-29,TL33/67,76.83,10.568835,1.8000001,15.453621
99417,2017-03-29,TF81/2A,43.391,10.568835,1.8000001,15.453621
99418,2017-03-29,SU01/5B,91.015,10.568835,1.8000001,15.453621
99419,2017-03-29,TL33/4,76.26,10.568835,1.8000001,15.453621
99420,2017-03-29,SU17/57,135.74,10.568835,1.8000001,15.453621
99421,2017-03-29,SU81/1,53.89,10.568835,1.8000001,15.453621
99422,2017-03-30,ID30/1,114.9065,11.898,10.0,16.371807
99423,2017-03-30,SU71/23,44.19,11.898,10.0,16.371807
99424,2017-03-30,TF81/2A,43.405,11.898,10.0,16.371807
99425,2017-03-30,NY63/2,130.834,11.898,10.0,16.371807
99426,2017-03-30,NH95/17,29.522,11.898,10.0,16.371807
99427,2017-03-30,SK00/41,129.874,11.898,10.0,16.371807
99428,2017-03-30,NO20/14,36.92,11.898,10.0,16.371807
99429,2017-03-30,SU01/5B,90.859,11.898,10.0,16.371807
99430,2017-03-30,SN00/11,12.388,11.898,10.0,16.371807
99431,2017-03-30,SJ15/13,79.662,11.898,10.0,16.371807
99432,2017-03-30,TR14/9,64.423,11.898,10.0,16.371807
99433,2017-03-30,ST07/10,70.635,11.898,10.0,16.371807
99434,2017-03-30,SU81/1,53.72,11.898,10.0,16.371807
99435,2017-03-30,SY68/34,69.295,11.898,10.0,16.371807
99436,2017-03-31,TL33/67,76.81,11.2021675,3.7999997,18.693125
99437,2017-03-31,NY63/2,130.871,11.2021675,3.7999997,18.693125
99438,2017-03-31,TQ25/86,93.86,11.2021675,3.7999997,18.693125
99439,2017-03-31,SU81/1,53.61,11.2021675,3.7999997,18.693125
99440,2017-03-31,SP00/62,102.08,11.2021675,3.7999997,18.693125
99441,2017-03-31,TR14/9,64.434,11.2021675,3.7999997,18.693125
99442,2017-03-31,SN00/11,12.652,11.2021675,3.7999997,18.693125
99443,2017-03-31,SU01/5B,90.724,11.2021675,3.7999997,18.693125
99444,2017-03-31,SU71/23,44.19,11.2021675,3.7999997,18.693125
99445,2017-03-31,NO20/14,36.859,11.2021675,3.7999997,18.693125
99446,2017-03-31,TF03/37,16.695,11.2021675,3.7999997,18.693125
99447,2017-03-31,ID30/1,114.9378,11.2021675,3.7999997,18.693125
99448,2017-03-31,NH95/17,29.55,11.2021675,3.7999997,18.693125
99449,2017-03-31,TF81/2A,43.426,11.2021675,3.7999997,18.693125
99450,2017-03-31,SJ15/13,79.665,11.2021675,3.7999997,18.693125
99451,2017-03-31,SK00/41,129.882,11.2021675,3.7999997,18.693125
99452,2017-03-31,SY68/34,69.266,11.2021675,3.7999997,18.693125
99453,2017-03-31,SU17/57,135.75,11.2021675,3.7999997,18.693125
99454,2017-03-31,TL44/12,36.73,11.2021675,3.7999997,18.693125
99455,2017-03-31,ST07/10,70.01,11.2021675,3.7999997,18.693125
99456,2017-04-01,SU71/23,44.18,9.145917,5.1,9.901421
99457,2017-04-01,NO20/14,37.121,9.145917,5.1,9.901421
99458,2017-04-01,SJ15/13,79.633,9.145917,5.1,9.901421
99459,2017-04-01,SU81/1,53.48,9.145917,5.1,9.901421
99460,2017-04-01,SY68/34,69.229,9.145917,5.1,9.901421
99461,2017-04-01,TF81/2A,43.442,9.145917,5.1,9.901421
99462,2017-04-01,NY63/2,130.879,9.145917,5.1,9.901421
99463,2017-04-01,ID30/1,114.88,9.145917,5.1,9.901421
99464,2017-04-01,SK00/41,129.883,9.145917,5.1,9.901421
99465,2017-04-01,TR14/9,64.43,9.145917,5.1,9.901421
99466,2017-04-01,NH95/17,29.525,9.145917,5.1,9.901421
99467,2017-04-01,SU01/5B,90.561,9.145917,5.1,9.901421
99468,2017-04-01,ST07/10,69.496,9.145917,5.1,9.901421
99469,2017-04-01,SN00/11,12.792,9.145917,5.1,9.901421
99470,2017-04-02,SY68/34,69.188,8.023,0.0,7.695297
99471,2017-04-02,SJ15/13,79.603,8.023,0.0,7.695297
99472,2017-04-02,TF81/2A,43.45,8.023,0.0,7.695297
99473,2017-04-02,ID30/1,114.82,8.023,0.0,7.695297
99474,2017-04-02,TR14/9,64.446,8.023,0.0,7.695297
99475,2017-04-02,NO20/14,37.226,8.023,0.0,7.695297
99476,2017-04-02,SU81/1,53.36,8.023,0.0,7.695297
99477,2017-04-02,ST07/10,68.983,8.023,0.0,7.695297
99478,2017-04-02,SK00/41,129.871,8.023,0.0,7.695297
99479,2017-04-02,NY63/2,130.832,8.023,0.0,7.695297
99480,2017-04-02,NH95/17,29.505,8.023,0.0,7.695297
99481,2017-04-02,SU01/5B,90.347,8.023,0.0,7.695297
99482,2017-04-02,SN00/11,12.821,8.023,0.0,7.695297
99483,2017-04-02,SU71/23,44.12,8.023,0.0,7.695297
99484,2017-04-03,TR14/9,64.45,8.687583,0.4,16.561956
99485,2017-04-03,SU71/23,44.04,8.687583,0.4,16.561956
99486,2017-04-03,SK00/41,129.864,8.687583,0.4,16.561956
99487,2017-04-03,SJ15/13,79.611,8.687583,0.4,16.561956
99488,2017-04-03,TF81/2A,43.454,8.687583,0.4,16.561956
99489,2017-04-03,SU81/1,53.11,8.687583,0.4,16.561956
99490,2017-04-03,NH95/17,29.523,8.687583,0.4,16.561956
99491,2017-04-03,ID30/1,114.7,8.687583,0.4,16.561956
99492,2017-04-03,SU01/5B,90.14,8.687583,0.4,16.561956
99493,2017-04-03,SY68/34,69.15,8.687583,0.4,16.561956
99494,2017-04-03,NY63/2,130.809,8.687583,0.4,16.561956
99495,2017-04-03,SN00/11,12.79,8.687583,0.4,16.561956
99496,2017-04-03,ST07/10,68.525,8.687583,0.4,16.561956
99497,2017-04-03,NO20/14,37.229,8.687583,0.4,16.561956
99498,2017-04-04,ID30/1,114.62,8.839667,0.90000004,16.262156
99499,2017-04-04,NY63/2,130.835,8.839667,0.90000004,16.262156
99500,2017-04-04,NH95/17,29.477,8.839667,0.90000004,16.262156
99501,2017-04-04,TA10/63,18.02,8.839667,0.90000004,16.262156
99502,2017-04-04,SK00/41,129.857,8.839667,0.90000004,16.262156
99503,2017-04-04,SU81/1,52.92,8.839667,0.90000004,16.262156
99504,2017-04-04,ST07/10,68.067,8.839667,0.90000004,16.262156
99505,2017-04-04,SU01/5B,89.94,8.839667,0.90000004,16.262156
99506,2017-04-04,SU71/23,43.98,8.839667,0.90000004,16.262156
99507,2017-04-04,NO20/14,37.254,8.839667,0.90000004,16.262156
99508,2017-04-04,TR14/9,64.459,8.839667,0.90000004,16.262156
99509,2017-04-04,SN00/11,12.712,8.839667,0.90000004,16.262156
99510,2017-04-04,SY68/34,69.109,8.839667,0.90000004,16.262156
99511,2017-04-04,SJ15/13,79.58,8.839667,0.90000004,16.262156
99512,2017-04-04,TF81/2A,43.471,8.839667,0.90000004,16.262156
99513,2017-04-05,ST07/10,67.621,8.054251,0.0,16.238136
99514,2017-04-05,SU81/1,52.77,8.054251,0.0,16.238136
99515,2017-04-05,SK00/41,129.85,8.054251,0.0,16.238136
99516,2017-04-05,SY68/34,69.067,8.054251,0.0,16.238136
99517,2017-04-05,TF81/2A,43.477,8.054251,0.0,16.238136
99518,2017-04-05,NY63/2,130.79,8.054251,0.0,16.238136
99519,2017-04-05,ID30/1,114.51,8.054251,0.0,16.238136
99520,2017-04-05,SU71/23,43.89,8.054251,0.0,16.238136
99521,2017-04-05,SN00/11,12.636,8.054251,0.0,16.238136
99522,2017-04-05,SU01/5B,89.739,8.054251,0.0,16.238136
99523,2017-04-05,NO20/14,37.301,8.054251,0.0,16.238136
99524,2017-04-05,NH95/17,29.472,8.054251,0.0,16.238136
99525,2017-04-05,SJ15/13,79.575,8.054251,0.0,16.238136
99526,2017-04-05,TR14/9,64.469,8.054251,0.0,16.238136
99527,2017-04-06,SU81/1,52.54,7.412584,0.0,10.796775
99528,2017-04-06,NH95/17,29.465,7.412584,0.0,10.796775
99529,2017-04-06,TL33/67,76.91,7.412584,0.0,10.796775
99530,2017-04-06,ST07/10,67.109,7.412584,0.0,10.796775
99531,2017-04-06,SY68/34,69.026,7.412584,0.0,10.796775
99532,2017-04-06,SN00/11,12.571,7.412584,0.0,10.796775
99533,2017-04-06,SU71/23,43.81,7.412584,0.0,10.796775
99534,2017-04-06,TR14/9,64.479,7.412584,0.0,10.796775
99535,2017-04-06,TF81/2A,43.49,7.412584,0.0,10.796775
99536,2017-04-06,SJ15/13,79.584,7.412584,0.0,10.796775
99537,2017-04-06,ID30/1,114.43,7.412584,0.0,10.796775
99538,2017-04-06,TQ25/86,93.94,7.412584,0.0,10.796775
99539,2017-04-06,NO20/14,37.308,7.412584,0.0,10.796775
99540,2017-04-06,SU01/5B,89.558,7.412584,0.0,10.796775
99541,2017-04-06,SK00/41,129.85,7.412584,0.0,10.796775
99542,2017-04-06,NY63/2,130.794,7.412584,0.0,10.796775
99543,2017-04-06,SU17/57,135.64,7.412584,0.0,10.796775
99544,2017-04-06,SP00/62,101.87,7.412584,0.0,10.796775
99545,2017-04-07,NO20/14,37.272,7.3396664,0.0,8.835687
99546,2017-04-07,SY68/34,68.986,7.3396664,0.0,8.835687
99547,2017-04-07,ST07/10,66.606,7.3396664,0.0,8.835687
99548,2017-04-07,SK00/41,129.85,7.3396664,0.0,8.835687
99549,2017-04-07,SU71/23,43.73,7.3396664,0.0,8.835687
99550,2017-04-07,NY63/2,130.818,7.3396664,0.0,8.835687
99551,2017-04-07,NH95/17,29.467,7.3396664,0.0,8.835687
99552,2017-04-07,TR14/9,64.489,7.3396664,0.0,8.835687
99553,2017-04-07,SJ15/13,79.596,7.3396664,0.0,8.835687
99554,2017-04-07,SN00/11,12.503,7.3396664,0.0,8.835687
99555,2017-04-07,SU01/5B,89.393,7.3396664,0.0,8.835687
99556,2017-04-07,ID30/1,114.35,7.3396664,0.0,8.835687
99557,2017-04-07,SU81/1,52.34,7.3396664,0.0,8.835687
99558,2017-04-07,TF81/2A,43.505,7.3396664,0.0,8.835687
99559,2017-04-08,SY68/34,68.946,7.89175,0.0,9.241337
99560,2017-04-08,TR14/9,64.498,7.89175,0.0,9.241337
99561,2017-04-08,NY63/2,130.828,7.89175,0.0,9.241337
99562,2017-04-08,SU01/5B,89.241,7.89175,0.0,9.241337
99563,2017-04-08,SU71/23,43.65,7.89175,0.0,9.241337
99564,2017-04-08,SJ15/13,79.608,7.89175,0.0,9.241337
99565,2017-04-08,ID30/1,114.27,7.89175,0.0,9.241337
99566,2017-04-08,TF81/2A,43.518,7.89175,0.0,9.241337
99567,2017-04-08,SU81/1,52.19,7.89175,0.0,9.241337
99568,2017-04-08,SN00/11,12.436,7.89175,0.0,9.241337
99569,2017-04-08,ST07/10,66.155,7.89175,0.0,9.241337
99570,2017-04-08,NH95/17,29.457,7.89175,0.0,9.241337
99571,2017-04-08,SK00/41,129.85,7.89175,0.0,9.241337
99572,2017-04-08,NO20/14,37.246,7.89175,0.0,9.241337
99573,2017-04-09,NO20/14,37.21,10.458417,1.3000001,15.780921
99574,2017-04-09,SN00/11,12.361,10.458417,1.3000001,15.780921
99575,2017-04-09,SJ15/13,79.594,10.458417,1.3000001,15.780921
99576,2017-04-09,SU81/1,52.01,10.458417,1.3000001,15.780921
99577,2017-04-09,SU01/5B,89.089,10.458417,1.3000001,15.780921
99578,2017-04-09,NY63/2,130.847,10.458417,1.3000001,15.780921
99579,2017-04-09,TF81/2A,43.532,10.458417,1.3000001,15.780921
99580,2017-04-09,ID30/1,114.2,10.458417,1.3000001,15.780921
99581,2017-04-09,TR14/9,64.489,10.458417,1.3000001,15.780921
99582,2017-04-09,SU71/23,43.57,10.458417,1.3000001,15.780921
99583,2017-04-09,ST07/10,65.711,10.458417,1.3000001,15.780921
99584,2017-04-09,SY68/34,68.904,10.458417,1.3000001,15.780921
99585,2017-04-09,SK00/41,129.85,10.458417,1.3000001,15.780921
99586,2017-04-09,NH95/17,29.468,10.458417,1.3000001,15.780921
99587,2017-04-10,NH95/17,29.449,7.44175,1.4000002,16.329554
99588,2017-04-10,NY63/2,130.827,7.44175,1.4000002,16.329554
99589,2017-04-10,NO20/14,37.247,7.44175,1.4000002,16.329554
99590,2017-04-10,ST07/10,65.268,7.44175,1.4000002,16.329554
99591,2017-04-10,SY68/34,68.859,7.44175,1.4000002,16.329554
99592,2017-04-10,SN00/11,12.284,7.44175,1.4000002,16.329554
99593,2017-04-10,ID30/1,114.12,7.44175,1.4000002,16.329554
99594,2017-04-10,TR14/9,64.497,7.44175,1.4000002,16.329554
99595,2017-04-10,SU01/5B,88.915,7.44175,1.4000002,16.329554
99596,2017-04-10,SJ15/13,79.566,7.44175,1.4000002,16.329554
99597,2017-04-10,TF81/2A,43.545,7.44175,1.4000002,16.329554
99598,2017-04-10,SU81/1,51.85,7.44175,1.4000002,16.329554
99599,2017-04-10,SK00/41,129.85,7.44175,1.4000002,16.329554
99600,2017-04-10,SU71/23,43.47,7.44175,1.4000002,16.329554
99601,2017-04-11,ID30/1,114.07,8.054251,0.1,15.793751
99602,2017-04-11,TR14/9,64.507,8.054251,0.1,15.793751
99603,2017-04-11,SY68/34,68.817,8.054251,0.1,15.793751
99604,2017-04-11,SU81/1,51.65,8.054251,0.1,15.793751
99605,2017-04-11,SN00/11,12.217,8.054251,0.1,15.793751
99606,2017-04-11,SU71/23,43.36,8.054251,0.1,15.793751
99607,2017-04-11,ST07/10,64.824,8.054251,0.1,15.793751
99608,2017-04-11,NH95/17,29.453,8.054251,0.1,15.793751
99609,2017-04-11,TV59/7C,1.54,8.054251,0.1,15.793751
99610,2017-04-11,SU01/5B,88.74,8.054251,0.1,15.793751
99611,2017-04-11,NY63/2,130.8,8.054251,0.1,15.793751
99612,2017-04-11,SJ15/13,79.578,8.054251,0.1,15.793751
99613,2017-04-11,NO20/14,37.214,8.054251,0.1,15.793751
99614,2017-04-11,TF81/2A,43.551,8.054251,0.1,15.793751
99615,2017-04-11,SK00/41,129.85,8.054251,0.1,15.793751
99616,2017-04-12,SU81/1,51.51,8.395917,2.5999997,21.707624
99617,2017-04-12,SP00/62,101.62,8.395917,2.5999997,21.707624
99618,2017-04-12,SU01/5B,88.592,8.395917,2.5999997,21.707624
99619,2017-04-12,SN00/11,12.152,8.395917,2.5999997,21.707624
99620,2017-04-12,SU17/57,135.5,8.395917,2.5999997,21.707624
99621,2017-04-12,TR14/9,64.503,8.395917,2.5999997,21.707624
99622,2017-04-12,TL33/67,76.83,8.395917,2.5999997,21.707624
99623,2017-04-12,SK00/41,129.85,8.395917,2.5999997,21.707624
99624,2017-04-12,NY63/2,130.841,8.395917,2.5999997,21.707624
99625,2017-04-12,TF81/2A,43.566,8.395917,2.5999997,21.707624
99626,2017-04-12,NO20/14,37.151,8.395917,2.5999997,21.707624
99627,2017-04-12,ID30/1,114.04,8.395917,2.5999997,21.707624
99628,2017-04-12,SJ15/13,79.589,8.395917,2.5999997,21.707624
99629,2017-04-12,SY68/34,68.775,8.395917,2.5999997,21.707624
99630,2017-04-12,SU71/23,43.26,8.395917,2.5999997,21.707624
99631,2017-04-12,NH95/17,29.457,8.395917,2.5999997,21.707624
99632,2017-04-12,ST07/10,64.37,8.395917,2.5999997,21.707624
99633,2017-04-12,TQ25/86,93.94,8.395917,2.5999997,21.707624
99634,2017-04-13,TF81/2A,43.579,7.1855006,0.6,14.367675
99635,2017-04-13,ID30/1,113.99,7.1855006,0.6,14.367675
99636,2017-04-13,SJ15/13,79.585,7.1855006,0.6,14.367675
99637,2017-04-13,SU01/5B,88.442,7.1855006,0.6,14.367675
99638,2017-04-13,TM15/112,25.34,7.1855006,0.6,14.367675
99639,2017-04-13,NO20/14,37.168,7.1855006,0.6,14.367675
99640,2017-04-13,NH95/17,29.442,7.1855006,0.6,14.367675
99641,2017-04-13,SK00/41,129.85,7.1855006,0.6,14.367675
99642,2017-04-13,SN00/11,12.081,7.1855006,0.6,14.367675
99643,2017-04-13,TR14/9,64.505,7.1855006,0.6,14.367675
99644,2017-04-13,ST07/10,63.974,7.1855006,0.6,14.367675
99645,2017-04-13,NY63/2,130.839,7.1855006,0.6,14.367675
99646,2017-04-13,SU81/1,51.36,7.1855006,0.6,14.367675
99647,2017-04-13,SU71/23,43.16,7.1855006,0.6,14.367675
99648,2017-04-13,SY68/34,68.731,7.1855006,0.6,14.367675
99649,2017-04-14,SN00/11,12.015,7.9271665,3.2,11.948685
99650,2017-04-14,TF81/2A,43.588,7.9271665,3.2,11.948685
99651,2017-04-14,ID30/1,113.95,7.9271665,3.2,11.948685
99652,2017-04-14,SY68/34,68.689,7.9271665,3.2,11.948685
99653,2017-04-14,SU01/5B,88.285,7.9271665,3.2,11.948685
99654,2017-04-14,SJ15/13,79.583,7.9271665,3.2,11.948685
99655,2017-04-14,NO20/14,37.143,7.9271665,3.2,11.948685
99656,2017-04-14,SU71/23,43.05,7.9271665,3.2,11.948685
99657,2017-04-14,NH95/17,29.453,7.9271665,3.2,11.948685
99658,2017-04-14,SU81/1,51.2,7.9271665,3.2,11.948685
99659,2017-04-14,SK00/41,129.856,7.9271665,3.2,11.948685
99660,2017-04-14,TR14/9,64.493,7.9271665,3.2,11.948685
99661,2017-04-14,ST07/10,63.587,7.9271665,3.2,11.948685
99662,2017-04-14,NY63/2,130.841,7.9271665,3.2,11.948685
99663,2017-04-15,TF81/2A,43.601,6.4542503,0.7,20.200315
99664,2017-04-15,NH95/17,29.439,6.4542503,0.7,20.200315
99665,2017-04-15,SU81/1,51.05,6.4542503,0.7,20.200315
99666,2017-04-15,ST07/10,63.212,6.4542503,0.7,20.200315
99667,2017-04-15,TR14/9,64.487,6.4542503,0.7,20.200315
99668,2017-04-15,NO20/14,37.166,6.4542503,0.7,20.200315
99669,2017-04-15,SY68/34,68.643,6.4542503,0.7,20.200315
99670,2017-04-15,ID30/1,113.91,6.4542503,0.7,20.200315
99671,2017-04-15,SJ15/13,79.556,6.4542503,0.7,20.200315
99672,2017-04-15,SU01/5B,88.118,6.4542503,0.7,20.200315
99673,2017-04-15,SK00/41,129.85,6.4542503,0.7,20.200315
99674,2017-04-15,SU71/23,42.93,6.4542503,0.7,20.200315
99675,2017-04-15,SN00/11,11.943,6.4542503,0.7,20.200315
99676,2017-04-15,NY63/2,130.841,6.4542503,0.7,20.200315
99677,2017-04-16,NY63/2,130.804,6.4667506,11.199999,9.901206
99678,2017-04-16,SY68/34,68.598,6.4667506,11.199999,9.901206
99679,2017-04-16,ST07/10,62.874,6.4667506,11.199999,9.901206
99680,2017-04-16,ID30/1,113.88,6.4667506,11.199999,9.901206
99681,2017-04-16,TR14/9,64.47,6.4667506,11.199999,9.901206
99682,2017-04-16,SK00/41,129.85,6.4667506,11.199999,9.901206
99683,2017-04-16,SU01/5B,87.939,6.4667506,11.199999,9.901206
99684,2017-04-16,TF81/2A,43.602,6.4667506,11.199999,9.901206
99685,2017-04-16,SJ15/13,79.552,6.4667506,11.199999,9.901206
99686,2017-04-16,NH95/17,29.418,6.4667506,11.199999,9.901206
99687,2017-04-16,NO20/14,37.215,6.4667506,11.199999,9.901206
99688,2017-04-16,SU71/23,42.8,6.4667506,11.199999,9.901206
99689,2017-04-16,SN00/11,11.88,6.4667506,11.199999,9.901206
99690,2017-04-16,SU81/1,50.85,6.4667506,11.199999,9.901206
99691,2017-04-17,SJ15/13,79.533,6.268833,0.70000005,7.7043905
99692,2017-04-17,SU71/23,42.68,6.268833,0.70000005,7.7043905
99693,2017-04-17,NO20/14,37.274,6.268833,0.70000005,7.7043905
99694,2017-04-17,NY63/2,130.807,6.268833,0.70000005,7.7043905
99695,2017-04-17,ST07/10,62.536,6.268833,0.70000005,7.7043905
99696,2017-04-17,SU81/1,50.64,6.268833,0.70000005,7.7043905
99697,2017-04-17,SY68/34,68.553,6.268833,0.70000005,7.7043905
99698,2017-04-17,NH95/17,29.404,6.268833,0.70000005,7.7043905
99699,2017-04-17,ID30/1,113.87,6.268833,0.70000005,7.7043905
99700,2017-04-17,TR14/9,64.448,6.268833,0.70000005,7.7043905
99701,2017-04-17,SK00/41,129.845,6.268833,0.70000005,7.7043905
99702,2017-04-17,SU01/5B,87.761,6.268833,0.70000005,7.7043905
99703,2017-04-17,TF81/2A,43.616,6.268833,0.70000005,7.7043905
99704,2017-04-17,SN00/11,11.798,6.268833,0.70000005,7.7043905
99705,2017-04-18,NY63/2,130.772,4.8334165,0.0,5.7706714
99706,2017-04-18,ID30/1,113.87,4.8334165,0.0,5.7706714
99707,2017-04-18,SJ15/13,79.51,4.8334165,0.0,5.7706714
99708,2017-04-18,SU81/1,50.46,4.8334165,0.0,5.7706714
99709,2017-04-18,SU01/5B,87.567,4.8334165,0.0,5.7706714
99710,2017-04-18,SK00/41,129.835,4.8334165,0.0,5.7706714
99711,2017-04-18,TF81/2A,43.613,4.8334165,0.0,5.7706714
99712,2017-04-18,NO20/14,37.362,4.8334165,0.0,5.7706714
99713,2017-04-18,SU71/23,42.54,4.8334165,0.0,5.7706714
99714,2017-04-18,TR14/9,64.432,4.8334165,0.0,5.7706714
99715,2017-04-18,SN00/11,11.706,4.8334165,0.0,5.7706714
99716,2017-04-18,NH95/17,29.397,4.8334165,0.0,5.7706714
99717,2017-04-18,SY68/34,68.504,4.8334165,0.0,5.7706714
99718,2017-04-18,ST07/10,62.267,4.8334165,0.0,5.7706714
99719,2017-04-19,SP00/62,101.33,7.5229993,0.70000005,10.97647
99720,2017-04-19,NH95/17,29.399,7.5229993,0.70000005,10.97647
99721,2017-04-19,TF81/2A,43.609,7.5229993,0.70000005,10.97647
99722,2017-04-19,SU01/5B,87.371,7.5229993,0.70000005,10.97647
99723,2017-04-19,SY68/34,68.457,7.5229993,0.70000005,10.97647
99724,2017-04-19,TR14/9,64.425,7.5229993,0.70000005,10.97647
99725,2017-04-19,NY63/2,130.756,7.5229993,0.70000005,10.97647
99726,2017-04-19,SN00/11,11.62,7.5229993,0.70000005,10.97647
99727,2017-04-19,TQ25/86,93.91,7.5229993,0.70000005,10.97647
99728,2017-04-19,SU17/57,135.24,7.5229993,0.70000005,10.97647
99729,2017-04-19,SJ15/13,79.508,7.5229993,0.70000005,10.97647
99730,2017-04-19,SK00/41,129.83,7.5229993,0.70000005,10.97647
99731,2017-04-19,ST07/10,61.992,7.5229993,0.70000005,10.97647
99732,2017-04-19,TL33/67,76.99,7.5229993,0.70000005,10.97647
99733,2017-04-19,SU81/1,50.28,7.5229993,0.70000005,10.97647
99734,2017-04-19,NO20/14,37.322,7.5229993,0.70000005,10.97647
99735,2017-04-19,ID30/1,113.86,7.5229993,0.70000005,10.97647
99736,2017-04-19,SU71/23,42.39,7.5229993,0.70000005,10.97647
99737,2017-04-20,NY63/2,130.77,10.498002,0.3,12.663232
99738,2017-04-20,TR14/9,64.419,10.498002,0.3,12.663232
99739,2017-04-20,SY68/34,68.411,10.498002,0.3,12.663232
99740,2017-04-20,SU81/1,50.05,10.498002,0.3,12.663232
99741,2017-04-20,SU71/23,42.25,10.498002,0.3,12.663232
99742,2017-04-20,ST07/10,61.706,10.498002,0.3,12.663232
99743,2017-04-20,NH95/17,29.369,10.498002,0.3,12.663232
99744,2017-04-20,TF81/2A,43.619,10.498002,0.3,12.663232
99745,2017-04-20,ID30/1,113.86,10.498002,0.3,12.663232
99746,2017-04-20,SU01/5B,87.187,10.498002,0.3,12.663232
99747,2017-04-20,SJ15/13,79.513,10.498002,0.3,12.663232
99748,2017-04-20,SN00/11,11.538,10.498002,0.3,12.663232
99749,2017-04-20,SK00/41,129.83,10.498002,0.3,12.663232
99750,2017-04-20,NO20/14,37.269,10.498002,0.3,12.663232
99751,2017-04-21,TF81/2A,43.629,9.802168,0.5,17.483591
99752,2017-04-21,SY68/34,68.366,9.802168,0.5,17.483591
99753,2017-04-21,SU01/5B,87.016,9.802168,0.5,17.483591
99754,2017-04-21,ID30/1,113.84,9.802168,0.5,17.483591
99755,2017-04-21,SE94/5,19.02,9.802168,0.5,17.483591
99756,2017-04-21,TR14/9,64.405,9.802168,0.5,17.483591
99757,2017-04-21,ST07/10,61.447,9.802168,0.5,17.483591
99758,2017-04-21,SN00/11,11.461,9.802168,0.5,17.483591
99759,2017-04-21,NY63/2,130.78,9.802168,0.5,17.483591
99760,2017-04-21,SJ15/13,79.522,9.802168,0.5,17.483591
99761,2017-04-21,SK00/41,129.83,9.802168,0.5,17.483591
99762,2017-04-21,SU71/23,42.12,9.802168,0.5,17.483591
99763,2017-04-21,NH95/17,29.388,9.802168,0.5,17.483591
99764,2017-04-21,NO20/14,37.237,9.802168,0.5,17.483591
99765,2017-04-21,SU81/1,49.89,9.802168,0.5,17.483591
99766,2017-04-22,ST07/10,61.199,6.462584,0.0,8.609246
99767,2017-04-22,TR14/9,64.4,6.462584,0.0,8.609246
99768,2017-04-22,SJ15/13,79.523,6.462584,0.0,8.609246
99769,2017-04-22,SU01/5B,86.846,6.462584,0.0,8.609246
99770,2017-04-22,SN00/11,11.385,6.462584,0.0,8.609246
99771,2017-04-22,SK00/41,129.83,6.462584,0.0,8.609246
99772,2017-04-22,NY63/2,130.785,6.462584,0.0,8.609246
99773,2017-04-22,SY68/34,68.321,6.462584,0.0,8.609246
99774,2017-04-22,NH95/17,29.387,6.462584,0.0,8.609246
99775,2017-04-22,ID30/1,113.84,6.462584,0.0,8.609246
99776,2017-04-22,SU81/1,49.72,6.462584,0.0,8.609246
99777,2017-04-22,TF81/2A,43.637,6.462584,0.0,8.609246
99778,2017-04-22,NO20/14,37.279,6.462584,0.0,8.609246
99779,2017-04-22,SU71/23,41.99,6.462584,0.0,8.609246
99780,2017-04-23,SJ15/13,79.54,7.5459175,0.0,9.686007
99781,2017-04-23,NH95/17,29.389,7.5459175,0.0,9.686007
99782,2017-04-23,TF81/2A,43.642,7.5459175,0.0,9.686007
99783,2017-04-23,NO20/14,37.23,7.5459175,0.0,9.686007
99784,2017-04-23,TR14/9,64.396,7.5459175,0.0,9.686007
99785,2017-04-23,SU01/5B,86.678,7.5459175,0.0,9.686007
99786,2017-04-23,NY63/2,130.787,7.5459175,0.0,9.686007
99787,2017-04-23,ID30/1,113.81,7.5459175,0.0,9.686007
99788,2017-04-23,SN00/11,11.306,7.5459175,0.0,9.686007
99789,2017-04-23,ST07/10,60.967,7.5459175,0.0,9.686007
99790,2017-04-23,SU81/1,49.59,7.5459175,0.0,9.686007
99791,2017-04-23,SK00/41,129.833,7.5459175,0.0,9.686007
99792,2017-04-23,SU71/23,41.85,7.5459175,0.0,9.686007
99793,2017-04-23,SY68/34,68.275,7.5459175,0.0,9.686007
99794,2017-04-24,SU71/23,41.72,6.2292504,3.4999998,20.36054
99795,2017-04-24,SU01/5B,86.521,6.2292504,3.4999998,20.36054
99796,2017-04-24,NH95/17,29.409,6.2292504,3.4999998,20.36054
99797,2017-04-24,ST07/10,60.737,6.2292504,3.4999998,20.36054
99798,2017-04-24,NO20/14,37.169,6.2292504,3.4999998,20.36054
99799,2017-04-24,SY68/34,68.231,6.2292504,3.4999998,20.36054
99800,2017-04-24,ID30/1,113.8,6.2292504,3.4999998,20.36054
99801,2017-04-24,SJ15/13,79.554,6.2292504,3.4999998,20.36054
99802,2017-04-24,SE95/6,22.38,6.2292504,3.4999998,20.36054
99803,2017-04-24,NY63/2,130.82,6.2292504,3.4999998,20.36054
99804,2017-04-24,TF81/2A,43.656,6.2292504,3.4999998,20.36054
99805,2017-04-24,SU81/1,49.4,6.2292504,3.4999998,20.36054
99806,2017-04-24,SN00/11,11.222,6.2292504,3.4999998,20.36054
99807,2017-04-24,TR14/9,64.375,6.2292504,3.4999998,20.36054
99808,2017-04-24,SK00/41,129.845,6.2292504,3.4999998,20.36054
99809,2017-04-25,SU71/23,41.6,3.3542502,0.70000005,16.915922
99810,2017-04-25,NO20/14,37.22,3.3542502,0.70000005,16.915922
99811,2017-04-25,SU81/1,49.3,3.3542502,0.70000005,16.915922
99812,2017-04-25,TR14/9,64.349,3.3542502,0.70000005,16.915922
99813,2017-04-25,SK00/41,129.85,3.3542502,0.70000005,16.915922
99814,2017-04-25,SY68/34,68.184,3.3542502,0.70000005,16.915922
99815,2017-04-25,ST07/10,60.508,3.3542502,0.70000005,16.915922
99816,2017-04-25,NH95/17,29.397,3.3542502,0.70000005,16.915922
99817,2017-04-25,TF81/2A,43.668,3.3542502,0.70000005,16.915922
99818,2017-04-25,SJ15/13,79.535,3.3542502,0.70000005,16.915922
99819,2017-04-25,SN00/11,11.12,3.3542502,0.70000005,16.915922
99820,2017-04-25,NY63/2,130.827,3.3542502,0.70000005,16.915922
99821,2017-04-25,SU01/5B,86.356,3.3542502,0.70000005,16.915922
99822,2017-04-25,TA10/63,18.05,3.3542502,0.70000005,16.915922
99823,2017-04-25,ID30/1,113.79,3.3542502,0.70000005,16.915922
99824,2017-04-25,SJ62/235,54.33,3.3542502,0.70000005,16.915922
99825,2017-04-26,TL44/12,36.08,4.0709167,0.1,11.308075
99826,2017-04-26,SU17/57,134.98,4.0709167,0.1,11.308075
99827,2017-04-26,SY68/34,68.136,4.0709167,0.1,11.308075
99828,2017-04-26,NO20/14,37.236,4.0709167,0.1,11.308075
99829,2017-04-26,TF81/2A,43.668,4.0709167,0.1,11.308075
99830,2017-04-26,SJ15/13,79.518,4.0709167,0.1,11.308075
99831,2017-04-26,SU71/23,41.46,4.0709167,0.1,11.308075
99832,2017-04-26,SU01/5B,86.17,4.0709167,0.1,11.308075
99833,2017-04-26,NY63/2,130.784,4.0709167,0.1,11.308075
99834,2017-04-26,SN00/11,11.018,4.0709167,0.1,11.308075
99835,2017-04-26,ST07/10,60.278,4.0709167,0.1,11.308075
99836,2017-04-26,NH95/17,29.383,4.0709167,0.1,11.308075
99837,2017-04-26,SU81/1,49.14,4.0709167,0.1,11.308075
99838,2017-04-26,TR14/9,64.33,4.0709167,0.1,11.308075
99839,2017-04-26,SP00/62,101.09,4.0709167,0.1,11.308075
99840,2017-04-26,TQ25/86,93.88,4.0709167,0.1,11.308075
99841,2017-04-26,TL33/67,77.01,4.0709167,0.1,11.308075
99842,2017-04-26,SK00/41,129.85,4.0709167,0.1,11.308075
99843,2017-04-26,ID30/1,113.79,4.0709167,0.1,11.308075
99844,2017-04-27,SN00/11,10.925,7.4292507,2.5,12.765419
99845,2017-04-27,TR14/9,64.311,7.4292507,2.5,12.765419
99846,2017-04-27,SU81/1,49.0,7.4292507,2.5,12.765419
99847,2017-04-27,SY68/34,68.089,7.4292507,2.5,12.765419
99848,2017-04-27,SK00/41,129.85,7.4292507,2.5,12.765419
99849,2017-04-27,ST07/10,60.039,7.4292507,2.5,12.765419
99850,2017-04-27,ID30/1,113.78,7.4292507,2.5,12.765419
99851,2017-04-27,NO20/14,37.163,7.4292507,2.5,12.765419
99852,2017-04-27,NH95/17,29.384,7.4292507,2.5,12.765419
99853,2017-04-27,SU71/23,41.31,7.4292507,2.5,12.765419
99854,2017-04-27,SU01/5B,85.975,7.4292507,2.5,12.765419
99855,2017-04-27,NY63/2,130.78,7.4292507,2.5,12.765419
99856,2017-04-27,TF81/2A,43.666,7.4292507,2.5,12.765419
99857,2017-04-27,SJ15/13,79.52,7.4292507,2.5,12.765419
99858,2017-04-28,TR14/9,64.295,7.777167,2.4999998,4.6300187
99859,2017-04-28,TF81/2A,43.675,7.777167,2.4999998,4.6300187
99860,2017-04-28,SU81/1,48.84,7.777167,2.4999998,4.6300187
99861,2017-04-28,SK00/41,129.85,7.777167,2.4999998,4.6300187
99862,2017-04-28,SY68/34,68.044,7.777167,2.4999998,4.6300187
99863,2017-04-28,SJ15/13,79.526,7.777167,2.4999998,4.6300187
99864,2017-04-28,ST07/10,59.857,7.777167,2.4999998,4.6300187
99865,2017-04-28,SU71/23,41.17,7.777167,2.4999998,4.6300187
99866,2017-04-28,NY63/2,130.785,7.777167,2.4999998,4.6300187
99867,2017-04-28,NH95/17,29.399,7.777167,2.4999998,4.6300187
99868,2017-04-28,SU01/5B,85.783,7.777167,2.4999998,4.6300187
99869,2017-04-28,NO20/14,37.158,7.777167,2.4999998,4.6300187
99870,2017-04-28,SN00/11,10.835,7.777167,2.4999998,4.6300187
99871,2017-04-28,ID30/1,113.76,7.777167,2.4999998,4.6300187
99872,2017-04-29,SU71/23,41.03,8.533416,0.2,12.836847
99873,2017-04-29,ID30/1,113.71,8.533416,0.2,12.836847
99874,2017-04-29,SJ15/13,79.541,8.533416,0.2,12.836847
99875,2017-04-29,NH95/17,29.405,8.533416,0.2,12.836847
99876,2017-04-29,SN00/11,10.762,8.533416,0.2,12.836847
99877,2017-04-29,TR14/9,64.29,8.533416,0.2,12.836847
99878,2017-04-29,SU81/1,48.66,8.533416,0.2,12.836847
99879,2017-04-29,TF81/2A,43.678,8.533416,0.2,12.836847
99880,2017-04-29,SK00/41,129.85,8.533416,0.2,12.836847
99881,2017-04-29,NY63/2,130.795,8.533416,0.2,12.836847
99882,2017-04-29,SY68/34,68.0,8.533416,0.2,12.836847
99883,2017-04-29,NO20/14,37.11,8.533416,0.2,12.836847
99884,2017-04-29,ST07/10,59.697,8.533416,0.2,12.836847
99885,2017-04-29,SU01/5B,85.6,8.533416,0.2,12.836847
99886,2017-04-30,TF03/37,15.289,10.475083,0.0,22.46268
99887,2017-04-30,NO20/14,37.06,10.475083,0.0,22.46268
99888,2017-04-30,SY68/34,67.961,10.475083,0.0,22.46268
99889,2017-04-30,SU71/23,40.9,10.475083,0.0,22.46268
99890,2017-04-30,NH95/17,29.381,10.475083,0.0,22.46268
99891,2017-04-30,SU81/1,48.49,10.475083,0.0,22.46268
99892,2017-04-30,TR14/9,64.245,10.475083,0.0,22.46268
99893,2017-04-30,ST07/10,59.562,10.475083,0.0,22.46268
99894,2017-04-30,SJ15/13,79.555,10.475083,0.0,22.46268
99895,2017-04-30,SN00/11,10.694,10.475083,0.0,22.46268
99896,2017-04-30,SK00/41,129.862,10.475083,0.0,22.46268
99897,2017-04-30,SU01/5B,85.438,10.475083,0.0,22.46268
99898,2017-04-30,TF81/2A,43.684,10.475083,0.0,22.46268
99899,2017-04-30,NY63/2,130.809,10.475083,0.0,22.46268
99900,2017-05-01,NO20/14,37.062,11.4105,0.0,14.439209
99901,2017-05-01,TF81/2A,43.694,11.4105,0.0,14.439209
99902,2017-05-01,TQ25/86,93.68,11.4105,0.0,14.439209
99903,2017-05-01,SU71/23,40.78,11.4105,0.0,14.439209
99904,2017-05-01,SY68/34,67.916,11.4105,0.0,14.439209
99905,2017-05-01,NH95/17,29.372,11.4105,0.0,14.439209
99906,2017-05-01,SK00/41,129.861,11.4105,0.0,14.439209
99907,2017-05-01,SU81/1,48.44,11.4105,0.0,14.439209
99908,2017-05-01,SN00/11,10.598,11.4105,0.0,14.439209
99909,2017-05-01,SP00/62,100.96,11.4105,0.0,14.439209
99910,2017-05-01,NY63/2,130.817,11.4105,0.0,14.439209
99911,2017-05-01,ID30/1,113.65,11.4105,0.0,14.439209
99912,2017-05-01,TR14/9,64.209,11.4105,0.0,14.439209
99913,2017-05-01,ST07/10,59.456,11.4105,0.0,14.439209
99914,2017-05-01,TL33/67,76.96,11.4105,0.0,14.439209
99915,2017-05-01,SJ15/13,79.504,11.4105,0.0,14.439209
99916,2017-05-01,SU01/5B,85.252,11.4105,0.0,14.439209
99917,2017-05-01,SU17/57,134.78,11.4105,0.0,14.439209
99918,2017-05-02,ST07/10,59.322,10.223001,0.1,8.732731
99919,2017-05-02,SU81/1,48.25,10.223001,0.1,8.732731
99920,2017-05-02,SU71/23,40.62,10.223001,0.1,8.732731
99921,2017-05-02,SN00/11,10.494,10.223001,0.1,8.732731
99922,2017-05-02,SK00/41,129.85,10.223001,0.1,8.732731
99923,2017-05-02,SJ15/13,79.462,10.223001,0.1,8.732731
99924,2017-05-02,ID30/1,113.58,10.223001,0.1,8.732731
99925,2017-05-02,TF81/2A,43.677,10.223001,0.1,8.732731
99926,2017-05-02,NO20/14,37.065,10.223001,0.1,8.732731
99927,2017-05-02,SU01/5B,85.031,10.223001,0.1,8.732731
99928,2017-05-02,TR14/9,64.181,10.223001,0.1,8.732731
99929,2017-05-02,TL33/4,76.23,10.223001,0.1,8.732731
99930,2017-05-02,NH95/17,29.371,10.223001,0.1,8.732731
99931,2017-05-02,SY68/34,67.868,10.223001,0.1,8.732731
99932,2017-05-02,NY63/2,130.737,10.223001,0.1,8.732731
99933,2017-05-03,NY63/2,130.702,9.898001,0.0,14.0332
99934,2017-05-03,NH95/17,29.289,9.898001,0.0,14.0332
99935,2017-05-03,TR14/9,64.152,9.898001,0.0,14.0332
99936,2017-05-03,SJ15/13,79.458,9.898001,0.0,14.0332
99937,2017-05-03,SN00/11,10.4,9.898001,0.0,14.0332
99938,2017-05-03,NO20/14,37.055,9.898001,0.0,14.0332
99939,2017-05-03,SU01/5B,84.808,9.898001,0.0,14.0332
99940,2017-05-03,SU71/23,40.45,9.898001,0.0,14.0332
99941,2017-05-03,SK00/41,129.84,9.898001,0.0,14.0332
99942,2017-05-03,ID30/1,113.66,9.898001,0.0,14.0332
99943,2017-05-03,SY68/34,67.821,9.898001,0.0,14.0332
99944,2017-05-03,SU81/1,48.09,9.898001,0.0,14.0332
99945,2017-05-03,TF81/2A,43.671,9.898001,0.0,14.0332
99946,2017-05-03,ST07/10,59.22,9.898001,0.0,14.0332
99947,2017-05-04,ID30/1,113.66,9.589667,0.0,14.640433
99948,2017-05-04,SU81/1,47.91,9.589667,0.0,14.640433
99949,2017-05-04,SU01/5B,84.595,9.589667,0.0,14.640433
99950,2017-05-04,ST07/10,59.076,9.589667,0.0,14.640433
99951,2017-05-04,SU71/23,40.3,9.589667,0.0,14.640433
99952,2017-05-04,SJ15/13,79.458,9.589667,0.0,14.640433
99953,2017-05-04,SK00/41,129.833,9.589667,0.0,14.640433
99954,2017-05-04,NO20/14,37.052,9.589667,0.0,14.640433
99955,2017-05-04,NY63/2,130.706,9.589667,0.0,14.640433
99956,2017-05-04,SY68/34,67.775,9.589667,0.0,14.640433
99957,2017-05-04,TR14/9,64.128,9.589667,0.0,14.640433
99958,2017-05-04,TF81/2A,43.672,9.589667,0.0,14.640433
99959,2017-05-04,NH95/17,29.292,9.589667,0.0,14.640433
99960,2017-05-04,SN00/11,10.304,9.589667,0.0,14.640433
99961,2017-05-05,SU81/1,47.75,9.064668,0.0,13.371638
99962,2017-05-05,SJ15/13,79.477,9.064668,0.0,13.371638
99963,2017-05-05,NY63/2,130.703,9.064668,0.0,13.371638
99964,2017-05-05,SU71/23,40.14,9.064668,0.0,13.371638
99965,2017-05-05,TR14/9,64.094,9.064668,0.0,13.371638
99966,2017-05-05,ID30/1,113.64,9.064668,0.0,13.371638
99967,2017-05-05,TF81/2A,43.669,9.064668,0.0,13.371638
99968,2017-05-05,SN00/11,10.218,9.064668,0.0,13.371638
99969,2017-05-05,NO20/14,36.582,9.064668,0.0,13.371638
99970,2017-05-05,SU01/5B,84.39,9.064668,0.0,13.371638
99971,2017-05-05,SK00/41,129.832,9.064668,0.0,13.371638
99972,2017-05-05,SY68/34,67.73,9.064668,0.0,13.371638
99973,2017-05-05,ST07/10,58.934,9.064668,0.0,13.371638
99974,2017-05-05,NH95/17,29.306,9.064668,0.0,13.371638
99975,2017-05-06,SJ15/13,79.476,9.343834,0.0,12.838963
99976,2017-05-06,ST07/10,58.775,9.343834,0.0,12.838963
99977,2017-05-06,NO20/14,36.621,9.343834,0.0,12.838963
99978,2017-05-06,NY63/2,130.744,9.343834,0.0,12.838963
99979,2017-05-06,SU81/1,47.62,9.343834,0.0,12.838963
99980,2017-05-06,SU71/23,40.0,9.343834,0.0,12.838963
99981,2017-05-06,NH95/17,29.317,9.343834,0.0,12.838963
99982,2017-05-06,SN00/11,10.117,9.343834,0.0,12.838963
99983,2017-05-06,ID30/1,113.63,9.343834,0.0,12.838963
99984,2017-05-06,TR14/9,64.042,9.343834,0.0,12.838963
99985,2017-05-06,TF81/2A,43.679,9.343834,0.0,12.838963
99986,2017-05-06,SK00/41,129.84,9.343834,0.0,12.838963
99987,2017-05-06,SU01/5B,84.192,9.343834,0.0,12.838963
99988,2017-05-06,SY68/34,67.683,9.343834,0.0,12.838963
99989,2017-05-07,TR14/9,63.998,8.325084,0.0,9.9468775
99990,2017-05-07,NY63/2,130.73,8.325084,0.0,9.9468775
99991,2017-05-07,NO20/14,36.662,8.325084,0.0,9.9468775
99992,2017-05-07,ID30/1,113.62,8.325084,0.0,9.9468775
99993,2017-05-07,TF81/2A,43.677,8.325084,0.0,9.9468775
99994,2017-05-07,SJ15/13,79.447,8.325084,0.0,9.9468775
99995,2017-05-07,NH95/17,29.306,8.325084,0.0,9.9468775
99996,2017-05-07,SY68/34,67.635,8.325084,0.0,9.9468775
99997,2017-05-07,SN00/11,10.007,8.325084,0.0,9.9468775
99998,2017-05-07,ST07/10,58.643,8.325084,0.0,9.9468775
99999,2017-05-07,SU01/5B,83.974,8.325084,0.0,9.9468775
100000,2017-05-07,SU71/23,39.84,8.325084,0.0,9.9468775
100001,2017-05-07,SU81/1,47.43,8.325084,0.0,9.9468775
100002,2017-05-07,SK00/41,129.83,8.325084,0.0,9.9468775
100003,2017-05-08,SJ15/13,79.436,8.112583,0.0,13.787319
100004,2017-05-08,TF81/2A,43.668,8.112583,0.0,13.787319
100005,2017-05-08,ID30/1,113.58,8.112583,0.0,13.787319
100006,2017-05-08,SN00/11,9.895,8.112583,0.0,13.787319
100007,2017-05-08,SY68/34,67.586,8.112583,0.0,13.787319
100008,2017-05-08,NH95/17,29.297,8.112583,0.0,13.787319
100009,2017-05-08,SK00/41,129.825,8.112583,0.0,13.787319
100010,2017-05-08,SU01/5B,83.752,8.112583,0.0,13.787319
100011,2017-05-08,TR14/9,63.973,8.112583,0.0,13.787319
100012,2017-05-08,NO20/14,36.587,8.112583,0.0,13.787319
100013,2017-05-08,SU81/1,47.3,8.112583,0.0,13.787319
100014,2017-05-08,NY63/2,130.693,8.112583,0.0,13.787319
100015,2017-05-08,SU71/23,39.67,8.112583,0.0,13.787319
100016,2017-05-08,ST07/10,58.526,8.112583,0.0,13.787319
100017,2017-05-09,SK00/41,129.827,7.483417,0.0,4.698744
100018,2017-05-09,ID30/1,113.54,7.483417,0.0,4.698744
100019,2017-05-09,TR14/9,63.954,7.483417,0.0,4.698744
100020,2017-05-09,NY63/2,130.688,7.483417,0.0,4.698744
100021,2017-05-09,SU71/23,39.51,7.483417,0.0,4.698744
100022,2017-05-09,SJ15/13,79.471,7.483417,0.0,4.698744
100023,2017-05-09,ST07/10,58.41,7.483417,0.0,4.698744
100024,2017-05-09,TF81/2A,43.664,7.483417,0.0,4.698744
100025,2017-05-09,NH95/17,29.318,7.483417,0.0,4.698744
100026,2017-05-09,NO20/14,36.479,7.483417,0.0,4.698744
100027,2017-05-09,SY68/34,67.542,7.483417,0.0,4.698744
100028,2017-05-09,SU01/5B,83.551,7.483417,0.0,4.698744
100029,2017-05-09,SU81/1,47.15,7.483417,0.0,4.698744
100030,2017-05-09,SN00/11,9.833,7.483417,0.0,4.698744
100031,2017-05-10,NO20/14,36.546,9.06675,0.0,6.447563
100032,2017-05-10,SJ15/13,79.508,9.06675,0.0,6.447563
100033,2017-05-10,TF81/2A,43.673,9.06675,0.0,6.447563
100034,2017-05-10,SY68/34,67.499,9.06675,0.0,6.447563
100035,2017-05-10,ID30/1,113.52,9.06675,0.0,6.447563
100036,2017-05-10,ST07/10,58.285,9.06675,0.0,6.447563
100037,2017-05-10,SP00/62,100.73,9.06675,0.0,6.447563
100038,2017-05-10,NH95/17,29.316,9.06675,0.0,6.447563
100039,2017-05-10,SN00/11,9.769,9.06675,0.0,6.447563
100040,2017-05-10,NY63/2,130.753,9.06675,0.0,6.447563
100041,2017-05-10,SU71/23,39.38,9.06675,0.0,6.447563
100042,2017-05-10,SU01/5B,83.375,9.06675,0.0,6.447563
100043,2017-05-10,SU17/57,134.3,9.06675,0.0,6.447563
100044,2017-05-10,SK00/41,129.842,9.06675,0.0,6.447563
100045,2017-05-10,TL33/67,76.82,9.06675,0.0,6.447563
100046,2017-05-10,TQ25/86,93.49,9.06675,0.0,6.447563
100047,2017-05-10,TR14/9,63.929,9.06675,0.0,6.447563
100048,2017-05-10,SU81/1,47.0,9.06675,0.0,6.447563
100049,2017-05-11,SU71/23,39.26,11.610499,0.0,12.461132
100050,2017-05-11,SU81/1,46.86,11.610499,0.0,12.461132
100051,2017-05-11,TF81/2A,43.685,11.610499,0.0,12.461132
100052,2017-05-11,ID30/1,113.52,11.610499,0.0,12.461132
100053,2017-05-11,SN00/11,9.705,11.610499,0.0,12.461132
100054,2017-05-11,NY63/2,130.783,11.610499,0.0,12.461132
100055,2017-05-11,SU01/5B,83.207,11.610499,0.0,12.461132
100056,2017-05-11,TR14/9,63.887,11.610499,0.0,12.461132
100057,2017-05-11,SK00/41,129.856,11.610499,0.0,12.461132
100058,2017-05-11,NO20/14,36.552,11.610499,0.0,12.461132
100059,2017-05-11,ST07/10,58.208,11.610499,0.0,12.461132
100060,2017-05-11,SY68/34,67.456,11.610499,0.0,12.461132
100061,2017-05-11,NH95/17,29.32,11.610499,0.0,12.461132
100062,2017-05-11,SJ15/13,79.518,11.610499,0.0,12.461132
100063,2017-05-12,NY63/2,130.771,13.214665,1.0000001,9.92313
100064,2017-05-12,TR14/9,63.836,13.214665,1.0000001,9.92313
100065,2017-05-12,SY68/34,67.412,13.214665,1.0000001,9.92313
100066,2017-05-12,NH95/17,29.311,13.214665,1.0000001,9.92313
100067,2017-05-12,SU71/23,39.13,13.214665,1.0000001,9.92313
100068,2017-05-12,SU81/1,46.78,13.214665,1.0000001,9.92313
100069,2017-05-12,ID30/1,113.48,13.214665,1.0000001,9.92313
100070,2017-05-12,SJ15/13,79.496,13.214665,1.0000001,9.92313
100071,2017-05-12,TF81/2A,43.688,13.214665,1.0000001,9.92313
100072,2017-05-12,ST07/10,58.132,13.214665,1.0000001,9.92313
100073,2017-05-12,SU01/5B,83.021,13.214665,1.0000001,9.92313
100074,2017-05-12,NO20/14,36.448,13.214665,1.0000001,9.92313
100075,2017-05-12,SN00/11,9.63,13.214665,1.0000001,9.92313
100076,2017-05-12,SK00/41,129.865,13.214665,1.0000001,9.92313
100077,2017-05-13,SY68/34,67.369,11.672999,2.2,15.407092
100078,2017-05-13,SJ15/13,79.45,11.672999,2.2,15.407092
100079,2017-05-13,SN00/11,9.547,11.672999,2.2,15.407092
100080,2017-05-13,NH95/17,29.298,11.672999,2.2,15.407092
100081,2017-05-13,SK00/41,129.86,11.672999,2.2,15.407092
100082,2017-05-13,SU01/5B,82.812,11.672999,2.2,15.407092
100083,2017-05-13,NO20/14,36.541,11.672999,2.2,15.407092
100084,2017-05-13,ID30/1,113.49,11.672999,2.2,15.407092
100085,2017-05-13,NY63/2,130.746,11.672999,2.2,15.407092
100086,2017-05-13,SU81/1,46.63,11.672999,2.2,15.407092
100087,2017-05-13,TF81/2A,43.675,11.672999,2.2,15.407092
100088,2017-05-13,ST07/10,58.056,11.672999,2.2,15.407092
100089,2017-05-13,TR14/9,63.787,11.672999,2.2,15.407092
100090,2017-05-13,SU71/23,38.98,11.672999,2.2,15.407092
100091,2017-05-14,SN00/11,9.462,11.779251,3.3999994,14.168353
100092,2017-05-14,NY63/2,130.696,11.779251,3.3999994,14.168353
100093,2017-05-14,SY68/34,67.327,11.779251,3.3999994,14.168353
100094,2017-05-14,TR14/9,63.75,11.779251,3.3999994,14.168353
100095,2017-05-14,NO20/14,36.624,11.779251,3.3999994,14.168353
100096,2017-05-14,ID30/1,113.49,11.779251,3.3999994,14.168353
100097,2017-05-14,SU01/5B,82.591,11.779251,3.3999994,14.168353
100098,2017-05-14,SJ15/13,79.412,11.779251,3.3999994,14.168353
100099,2017-05-14,ST07/10,57.98,11.779251,3.3999994,14.168353
100100,2017-05-14,SU81/1,46.44,11.779251,3.3999994,14.168353
100101,2017-05-14,TF81/2A,43.658,11.779251,3.3999994,14.168353
100102,2017-05-14,SU71/23,38.82,11.779251,3.3999994,14.168353
100103,2017-05-14,NH95/17,29.28,11.779251,3.3999994,14.168353
100104,2017-05-14,SK00/41,129.85,11.779251,3.3999994,14.168353
100105,2017-05-15,NO20/14,36.622,12.308417,6.7999997,20.55457
100106,2017-05-15,TR14/9,63.717,12.308417,6.7999997,20.55457
100107,2017-05-15,ST07/10,58.049,12.308417,6.7999997,20.55457
100108,2017-05-15,ID30/1,113.65,12.308417,6.7999997,20.55457
100109,2017-05-15,TF81/2A,43.642,12.308417,6.7999997,20.55457
100110,2017-05-15,SU71/23,38.65,12.308417,6.7999997,20.55457
100111,2017-05-15,SK00/41,129.84,12.308417,6.7999997,20.55457
100112,2017-05-15,SU81/1,46.25,12.308417,6.7999997,20.55457
100113,2017-05-15,SY68/34,67.286,12.308417,6.7999997,20.55457
100114,2017-05-15,SN00/11,9.43,12.308417,6.7999997,20.55457
100115,2017-05-15,NH95/17,29.285,12.308417,6.7999997,20.55457
100116,2017-05-15,SJ15/13,79.417,12.308417,6.7999997,20.55457
100117,2017-05-15,NY63/2,130.645,12.308417,6.7999997,20.55457
100118,2017-05-15,SU01/5B,82.377,12.308417,6.7999997,20.55457
100119,2017-05-16,SK00/41,129.832,14.170917,1.3000001,18.208378
100120,2017-05-16,NH95/17,29.278,14.170917,1.3000001,18.208378
100121,2017-05-16,TF81/2A,43.637,14.170917,1.3000001,18.208378
100122,2017-05-16,ID30/1,113.76,14.170917,1.3000001,18.208378
100123,2017-05-16,SN00/11,9.511,14.170917,1.3000001,18.208378
100124,2017-05-16,TL33/67,76.71,14.170917,1.3000001,18.208378
100125,2017-05-16,SU01/5B,82.174,14.170917,1.3000001,18.208378
100126,2017-05-16,NY63/2,130.673,14.170917,1.3000001,18.208378
100127,2017-05-16,ST07/10,58.119,14.170917,1.3000001,18.208378
100128,2017-05-16,SU81/1,46.15,14.170917,1.3000001,18.208378
100129,2017-05-16,NO20/14,36.643,14.170917,1.3000001,18.208378
100130,2017-05-16,SU71/23,38.51,14.170917,1.3000001,18.208378
100131,2017-05-16,TR14/9,63.692,14.170917,1.3000001,18.208378
100132,2017-05-16,SJ15/13,79.41,14.170917,1.3000001,18.208378
100133,2017-05-16,SY68/34,67.245,14.170917,1.3000001,18.208378
100134,2017-05-17,NO20/14,36.635,11.729251,0.4,10.403126
100135,2017-05-17,SU01/5B,81.999,11.729251,0.4,10.403126
100136,2017-05-17,TF81/2A,43.632,11.729251,0.4,10.403126
100137,2017-05-17,SU17/57,133.93,11.729251,0.4,10.403126
100138,2017-05-17,SJ15/13,79.426,11.729251,0.4,10.403126
100139,2017-05-17,SN00/11,9.486,11.729251,0.4,10.403126
100140,2017-05-17,SY68/34,67.228,11.729251,0.4,10.403126
100141,2017-05-17,ST07/10,58.267,11.729251,0.4,10.403126
100142,2017-05-17,SU81/1,45.98,11.729251,0.4,10.403126
100143,2017-05-17,ID30/1,113.72,11.729251,0.4,10.403126
100144,2017-05-17,SP00/62,100.63,11.729251,0.4,10.403126
100145,2017-05-17,TR14/9,63.666,11.729251,0.4,10.403126
100146,2017-05-17,NY63/2,130.654,11.729251,0.4,10.403126
100147,2017-05-17,TQ25/86,93.32,11.729251,0.4,10.403126
100148,2017-05-17,SK00/41,129.834,11.729251,0.4,10.403126
100149,2017-05-17,SU71/23,38.36,11.729251,0.4,10.403126
100150,2017-05-17,NH95/17,29.245,11.729251,0.4,10.403126
100151,2017-05-18,TR14/9,63.638,10.673,0.5,7.3724575
100152,2017-05-18,TF81/2A,43.639,10.673,0.5,7.3724575
100153,2017-05-18,SJ15/13,79.426,10.673,0.5,7.3724575
100154,2017-05-18,SY68/34,67.187,10.673,0.5,7.3724575
100155,2017-05-18,SK00/41,129.84,10.673,0.5,7.3724575
100156,2017-05-18,NO20/14,36.607,10.673,0.5,7.3724575
100157,2017-05-18,SU01/5B,81.828,10.673,0.5,7.3724575
100158,2017-05-18,ID30/1,113.68,10.673,0.5,7.3724575
100159,2017-05-18,SN00/11,9.441,10.673,0.5,7.3724575
100160,2017-05-18,SU71/23,38.24,10.673,0.5,7.3724575
100161,2017-05-18,SU81/1,45.91,10.673,0.5,7.3724575
100162,2017-05-18,NY63/2,130.69,10.673,0.5,7.3724575
100163,2017-05-18,ST07/10,58.415,10.673,0.5,7.3724575
100164,2017-05-18,NH95/17,29.265,10.673,0.5,7.3724575
100165,2017-05-19,SJ15/13,79.42,10.7105,2.7,4.436519
100166,2017-05-19,ID30/1,113.67,10.7105,2.7,4.436519
100167,2017-05-19,SU71/23,38.11,10.7105,2.7,4.436519
100168,2017-05-19,NH95/17,29.259,10.7105,2.7,4.436519
100169,2017-05-19,TR14/9,63.588,10.7105,2.7,4.436519
100170,2017-05-19,SY68/34,67.147,10.7105,2.7,4.436519
100171,2017-05-19,NY63/2,130.674,10.7105,2.7,4.436519
100172,2017-05-19,TF81/2A,43.633,10.7105,2.7,4.436519
100173,2017-05-19,ST07/10,58.441,10.7105,2.7,4.436519
100174,2017-05-19,SU81/1,45.78,10.7105,2.7,4.436519
100175,2017-05-19,NO20/14,36.631,10.7105,2.7,4.436519
100176,2017-05-19,SU01/5B,81.649,10.7105,2.7,4.436519
100177,2017-05-19,SK00/41,129.84,10.7105,2.7,4.436519
100178,2017-05-19,SN00/11,9.379,10.7105,2.7,4.436519
100179,2017-05-20,SK00/41,129.832,10.016751,8.600001,11.249458
100180,2017-05-20,NY63/2,130.662,10.016751,8.600001,11.249458
100181,2017-05-20,SU81/1,45.67,10.016751,8.600001,11.249458
100182,2017-05-20,SJ15/13,79.4,10.016751,8.600001,11.249458
100183,2017-05-20,SU71/23,37.98,10.016751,8.600001,11.249458
100184,2017-05-20,ST07/10,58.256,10.016751,8.600001,11.249458
100185,2017-05-20,ID30/1,113.65,10.016751,8.600001,11.249458
100186,2017-05-20,NH95/17,29.268,10.016751,8.600001,11.249458
100187,2017-05-20,NO20/14,36.61,10.016751,8.600001,11.249458
100188,2017-05-20,TF81/2A,43.624,10.016751,8.600001,11.249458
100189,2017-05-20,SN00/11,9.304,10.016751,8.600001,11.249458
100190,2017-05-20,TR14/9,63.547,10.016751,8.600001,11.249458
100191,2017-05-20,SY68/34,67.106,10.016751,8.600001,11.249458
100192,2017-05-20,SU01/5B,81.463,10.016751,8.600001,11.249458
100193,2017-05-21,ST07/10,58.077,11.2125845,0.90000004,14.62488
100194,2017-05-21,SN00/11,9.235,11.2125845,0.90000004,14.62488
100195,2017-05-21,NH95/17,29.264,11.2125845,0.90000004,14.62488
100196,2017-05-21,TR14/9,63.516,11.2125845,0.90000004,14.62488
100197,2017-05-21,SU71/23,37.83,11.2125845,0.90000004,14.62488
100198,2017-05-21,SK00/41,129.83,11.2125845,0.90000004,14.62488
100199,2017-05-21,SY68/34,67.067,11.2125845,0.90000004,14.62488
100200,2017-05-21,NO20/14,36.594,11.2125845,0.90000004,14.62488
100201,2017-05-21,TF81/2A,43.609,11.2125845,0.90000004,14.62488
100202,2017-05-21,SU81/1,45.53,11.2125845,0.90000004,14.62488
100203,2017-05-21,SJ15/13,79.395,11.2125845,0.90000004,14.62488
100204,2017-05-21,NY63/2,130.628,11.2125845,0.90000004,14.62488
100205,2017-05-21,ID30/1,113.64,11.2125845,0.90000004,14.62488
100206,2017-05-21,SU01/5B,81.282,11.2125845,0.90000004,14.62488
100207,2017-05-22,SU01/5B,81.124,13.958417,1.3000001,14.829127
100208,2017-05-22,SN00/11,9.151,13.958417,1.3000001,14.829127
100209,2017-05-22,SE94/5,18.05,13.958417,1.3000001,14.829127
100210,2017-05-22,SU81/1,45.39,13.958417,1.3000001,14.829127
100211,2017-05-22,TF81/2A,43.603,13.958417,1.3000001,14.829127
100212,2017-05-22,SJ15/13,79.4,13.958417,1.3000001,14.829127
100213,2017-05-22,TV59/7C,1.28,13.958417,1.3000001,14.829127
100214,2017-05-22,ID30/1,113.61,13.958417,1.3000001,14.829127
100215,2017-05-22,ST07/10,57.937,13.958417,1.3000001,14.829127
100216,2017-05-22,NY63/2,130.63,13.958417,1.3000001,14.829127
100217,2017-05-22,SK00/41,129.83,13.958417,1.3000001,14.829127
100218,2017-05-22,NH95/17,29.275,13.958417,1.3000001,14.829127
100219,2017-05-22,SY68/34,67.028,13.958417,1.3000001,14.829127
100220,2017-05-22,TR14/9,63.469,13.958417,1.3000001,14.829127
100221,2017-05-22,NO20/14,36.626,13.958417,1.3000001,14.829127
100222,2017-05-22,SU71/23,37.71,13.958417,1.3000001,14.829127
100223,2017-05-23,SK00/41,129.822,13.443832,0.0,10.252108
100224,2017-05-23,ST07/10,57.807,13.443832,0.0,10.252108
100225,2017-05-23,SU71/23,37.58,13.443832,0.0,10.252108
100226,2017-05-23,NO20/14,36.623,13.443832,0.0,10.252108
100227,2017-05-23,TF81/2A,43.602,13.443832,0.0,10.252108
100228,2017-05-23,SU81/1,45.26,13.443832,0.0,10.252108
100229,2017-05-23,SU01/5B,80.96,13.443832,0.0,10.252108
100230,2017-05-23,TR14/9,63.428,13.443832,0.0,10.252108
100231,2017-05-23,SY68/34,66.987,13.443832,0.0,10.252108
100232,2017-05-23,NH95/17,29.277,13.443832,0.0,10.252108
100233,2017-05-23,SN00/11,9.063,13.443832,0.0,10.252108
100234,2017-05-23,NY63/2,130.639,13.443832,0.0,10.252108
100235,2017-05-23,ID30/1,113.6,13.443832,0.0,10.252108
100236,2017-05-23,SJ15/13,79.37,13.443832,0.0,10.252108
100237,2017-05-24,TL33/67,76.72,16.281336,0.4,9.773261
100238,2017-05-24,SE95/6,20.86,16.281336,0.4,9.773261
100239,2017-05-24,NO20/14,36.609,16.281336,0.4,9.773261
100240,2017-05-24,NY63/2,130.596,16.281336,0.4,9.773261
100241,2017-05-24,TF81/2A,43.586,16.281336,0.4,9.773261
100242,2017-05-24,SP00/62,100.58,16.281336,0.4,9.773261
100243,2017-05-24,TQ25/86,93.07,16.281336,0.4,9.773261
100244,2017-05-24,ST07/10,57.705,16.281336,0.4,9.773261
100245,2017-05-24,ID30/1,113.55,16.281336,0.4,9.773261
100246,2017-05-24,SU17/57,133.58,16.281336,0.4,9.773261
100247,2017-05-24,NH95/17,29.272,16.281336,0.4,9.773261
100248,2017-05-24,SK00/41,129.815,16.281336,0.4,9.773261
100249,2017-05-24,SJ15/13,79.364,16.281336,0.4,9.773261
100250,2017-05-24,SU81/1,45.12,16.281336,0.4,9.773261
100251,2017-05-24,SN00/11,8.992,16.281336,0.4,9.773261
100252,2017-05-24,SU01/5B,80.801,16.281336,0.4,9.773261
100253,2017-05-24,TR14/9,63.391,16.281336,0.4,9.773261
100254,2017-05-24,SU71/23,37.44,16.281336,0.4,9.773261
100255,2017-05-24,SY68/34,66.95,16.281336,0.4,9.773261
100256,2017-05-25,NH95/17,29.269,18.3105,0.0,7.2291393
100257,2017-05-25,SN00/11,8.934,18.3105,0.0,7.2291393
100258,2017-05-25,SU01/5B,80.652,18.3105,0.0,7.2291393
100259,2017-05-25,NO20/14,36.586,18.3105,0.0,7.2291393
100260,2017-05-25,ID30/1,113.53,18.3105,0.0,7.2291393
100261,2017-05-25,ST07/10,57.599,18.3105,0.0,7.2291393
100262,2017-05-25,SK00/41,129.812,18.3105,0.0,7.2291393
100263,2017-05-25,SJ15/13,79.377,18.3105,0.0,7.2291393
100264,2017-05-25,TF81/2A,43.577,18.3105,0.0,7.2291393
100265,2017-05-25,TR14/9,63.361,18.3105,0.0,7.2291393
100266,2017-05-25,SY68/34,66.913,18.3105,0.0,7.2291393
100267,2017-05-25,SU81/1,44.98,18.3105,0.0,7.2291393
100268,2017-05-25,NY63/2,130.583,18.3105,0.0,7.2291393
100269,2017-05-25,TM15/112,25.33,18.3105,0.0,7.2291393
100270,2017-05-25,SU71/23,37.31,18.3105,0.0,7.2291393
100271,2017-05-26,SY68/34,66.877,20.01675,0.0,16.167343
100272,2017-05-26,SN00/11,8.877,20.01675,0.0,16.167343
100273,2017-05-26,SJ15/13,79.395,20.01675,0.0,16.167343
100274,2017-05-26,NY63/2,130.603,20.01675,0.0,16.167343
100275,2017-05-26,NH95/17,29.272,20.01675,0.0,16.167343
100276,2017-05-26,SU81/1,44.85,20.01675,0.0,16.167343
100277,2017-05-26,SU01/5B,80.511,20.01675,0.0,16.167343
100278,2017-05-26,SK00/41,129.82,20.01675,0.0,16.167343
100279,2017-05-26,ST07/10,57.487,20.01675,0.0,16.167343
100280,2017-05-26,TF81/2A,43.572,20.01675,0.0,16.167343
100281,2017-05-26,TR14/9,63.317,20.01675,0.0,16.167343
100282,2017-05-26,NO20/14,36.59,20.01675,0.0,16.167343
100283,2017-05-26,SU71/23,37.2,20.01675,0.0,16.167343
100284,2017-05-26,ID30/1,113.51,20.01675,0.0,16.167343
100285,2017-05-27,SK00/41,129.827,18.058416,4.7999997,12.475642
100286,2017-05-27,NY63/2,130.618,18.058416,4.7999997,12.475642
100287,2017-05-27,TR14/9,63.279,18.058416,4.7999997,12.475642
100288,2017-05-27,ID30/1,113.5,18.058416,4.7999997,12.475642
100289,2017-05-27,SJ15/13,79.387,18.058416,4.7999997,12.475642
100290,2017-05-27,SU81/1,44.75,18.058416,4.7999997,12.475642
100291,2017-05-27,SU71/23,37.08,18.058416,4.7999997,12.475642
100292,2017-05-27,SU01/5B,80.366,18.058416,4.7999997,12.475642
100293,2017-05-27,ST07/10,57.358,18.058416,4.7999997,12.475642
100294,2017-05-27,TF81/2A,43.571,18.058416,4.7999997,12.475642
100295,2017-05-27,SY68/34,66.84,18.058416,4.7999997,12.475642
100296,2017-05-27,NO20/14,36.181,18.058416,4.7999997,12.475642
100297,2017-05-27,SN00/11,8.828,18.058416,4.7999997,12.475642
100298,2017-05-27,NH95/17,29.272,18.058416,4.7999997,12.475642
100299,2017-05-28,SU81/1,44.59,15.348001,0.5,10.824015
100300,2017-05-28,NY63/2,130.617,15.348001,0.5,10.824015
100301,2017-05-28,TF81/2A,43.562,15.348001,0.5,10.824015
100302,2017-05-28,TR14/9,63.242,15.348001,0.5,10.824015
100303,2017-05-28,ST07/10,57.25,15.348001,0.5,10.824015
100304,2017-05-28,SJ15/13,79.371,15.348001,0.5,10.824015
100305,2017-05-28,NH95/17,29.26,15.348001,0.5,10.824015
100306,2017-05-28,SU71/23,36.95,15.348001,0.5,10.824015
100307,2017-05-28,SN00/11,8.774,15.348001,0.5,10.824015
100308,2017-05-28,SK00/41,129.82,15.348001,0.5,10.824015
100309,2017-05-28,NO20/14,36.079,15.348001,0.5,10.824015
100310,2017-05-28,ID30/1,113.45,15.348001,0.5,10.824015
100311,2017-05-28,SU01/5B,80.215,15.348001,0.5,10.824015
100312,2017-05-28,SY68/34,66.812,15.348001,0.5,10.824015
100313,2017-05-29,SY68/34,66.788,13.506335,1.8000001,12.4201355
100314,2017-05-29,TF81/2A,43.554,13.506335,1.8000001,12.4201355
100315,2017-05-29,SK00/41,129.83,13.506335,1.8000001,12.4201355
100316,2017-05-29,SU71/23,36.83,13.506335,1.8000001,12.4201355
100317,2017-05-29,NO20/14,36.018,13.506335,1.8000001,12.4201355
100318,2017-05-29,ID30/1,113.45,13.506335,1.8000001,12.4201355
100319,2017-05-29,SJ15/13,79.383,13.506335,1.8000001,12.4201355
100320,2017-05-29,NY63/2,130.586,13.506335,1.8000001,12.4201355
100321,2017-05-29,SU01/5B,80.069,13.506335,1.8000001,12.4201355
100322,2017-05-29,NH95/17,29.262,13.506335,1.8000001,12.4201355
100323,2017-05-29,SU81/1,44.47,13.506335,1.8000001,12.4201355
100324,2017-05-29,TR14/9,63.195,13.506335,1.8000001,12.4201355
100325,2017-05-29,SN00/11,8.713,13.506335,1.8000001,12.4201355
100326,2017-05-29,ST07/10,57.139,13.506335,1.8000001,12.4201355
100327,2017-05-30,TF81/2A,43.549,13.893834,1.8000001,13.515772
100328,2017-05-30,NH95/17,29.261,13.893834,1.8000001,13.515772
100329,2017-05-30,SU01/5B,79.91,13.893834,1.8000001,13.515772
100330,2017-05-30,ID30/1,113.45,13.893834,1.8000001,13.515772
100331,2017-05-30,NO20/14,35.93,13.893834,1.8000001,13.515772
100332,2017-05-30,SY68/34,66.753,13.893834,1.8000001,13.515772
100333,2017-05-30,SN00/11,8.641,13.893834,1.8000001,13.515772
100334,2017-05-30,SU71/23,36.71,13.893834,1.8000001,13.515772
100335,2017-05-30,SU81/1,44.38,13.893834,1.8000001,13.515772
100336,2017-05-30,SJ15/13,79.355,13.893834,1.8000001,13.515772
100337,2017-05-30,ST07/10,57.066,13.893834,1.8000001,13.515772
100338,2017-05-30,TA10/63,17.24,13.893834,1.8000001,13.515772
100339,2017-05-30,TL33/67,76.58,13.893834,1.8000001,13.515772
100340,2017-05-30,NY63/2,130.615,13.893834,1.8000001,13.515772
100341,2017-05-30,SK00/41,129.827,13.893834,1.8000001,13.515772
100342,2017-05-30,TR14/9,63.155,13.893834,1.8000001,13.515772
100343,2017-05-31,TF03/37,14.259,13.458416,0.0,7.1201005
100344,2017-05-31,NO20/14,35.965,13.458416,0.0,7.1201005
100345,2017-05-31,TF81/2A,43.534,13.458416,0.0,7.1201005
100346,2017-05-31,TR14/9,63.115,13.458416,0.0,7.1201005
100347,2017-05-31,SN00/11,8.587,13.458416,0.0,7.1201005
100348,2017-05-31,ID30/1,113.42,13.458416,0.0,7.1201005
100349,2017-05-31,SU71/23,36.57,13.458416,0.0,7.1201005
100350,2017-05-31,SK00/41,129.82,13.458416,0.0,7.1201005
100351,2017-05-31,SP00/62,100.52,13.458416,0.0,7.1201005
100352,2017-05-31,SY68/34,66.723,13.458416,0.0,7.1201005
100353,2017-05-31,SU01/5B,79.764,13.458416,0.0,7.1201005
100354,2017-05-31,TL33/67,76.72,13.458416,0.0,7.1201005
100355,2017-05-31,SU81/1,44.28,13.458416,0.0,7.1201005
100356,2017-05-31,TQ25/86,93.05,13.458416,0.0,7.1201005
100357,2017-05-31,NH95/17,29.237,13.458416,0.0,7.1201005
100358,2017-05-31,SJ15/13,79.345,13.458416,0.0,7.1201005
100359,2017-05-31,ST07/10,56.944,13.458416,0.0,7.1201005
100360,2017-05-31,NY63/2,130.562,13.458416,0.0,7.1201005
100361,2017-05-31,SU17/57,133.22,13.458416,0.0,7.1201005
100362,2017-06-01,TL33/4,76.01,15.798,0.70000005,14.772338
100363,2017-06-01,NH95/17,29.248,15.798,0.70000005,14.772338
100364,2017-06-01,ID30/1,113.43,15.798,0.70000005,14.772338
100365,2017-06-01,NO20/14,36.135,15.798,0.70000005,14.772338
100366,2017-06-01,SN00/11,8.577,15.798,0.70000005,14.772338
100367,2017-06-01,SU01/5B,79.594,15.798,0.70000005,14.772338
100368,2017-06-01,TL44/12,35.37,15.798,0.70000005,14.772338
100369,2017-06-01,SY68/34,66.686,15.798,0.70000005,14.772338
100370,2017-06-01,SU71/23,36.45,15.798,0.70000005,14.772338
100371,2017-06-01,NY63/2,130.565,15.798,0.70000005,14.772338
100372,2017-06-01,SU81/1,44.13,15.798,0.70000005,14.772338
100373,2017-06-01,ST07/10,56.896,15.798,0.70000005,14.772338
100374,2017-06-01,SJ15/13,79.353,15.798,0.70000005,14.772338
100375,2017-06-01,SK00/41,129.82,15.798,0.70000005,14.772338
100376,2017-06-01,TF81/2A,43.521,15.798,0.70000005,14.772338
100377,2017-06-01,TR14/9,63.077,15.798,0.70000005,14.772338
100378,2017-06-02,NO20/14,36.204,14.272999,7.0999994,7.1593485
100379,2017-06-02,TR14/9,63.033,14.272999,7.0999994,7.1593485
100380,2017-06-02,SU81/1,44.01,14.272999,7.0999994,7.1593485
100381,2017-06-02,SN00/11,8.532,14.272999,7.0999994,7.1593485
100382,2017-06-02,SU01/5B,79.445,14.272999,7.0999994,7.1593485
100383,2017-06-02,SJ15/13,79.358,14.272999,7.0999994,7.1593485
100384,2017-06-02,ST07/10,56.78,14.272999,7.0999994,7.1593485
100385,2017-06-02,TF81/2A,43.516,14.272999,7.0999994,7.1593485
100386,2017-06-02,SK00/41,129.82,14.272999,7.0999994,7.1593485
100387,2017-06-02,NY63/2,130.578,14.272999,7.0999994,7.1593485
100388,2017-06-02,SY68/34,66.653,14.272999,7.0999994,7.1593485
100389,2017-06-02,SU71/23,36.33,14.272999,7.0999994,7.1593485
100390,2017-06-02,ID30/1,113.48,14.272999,7.0999994,7.1593485
100391,2017-06-02,NH95/17,29.245,14.272999,7.0999994,7.1593485
100392,2017-06-03,SK00/41,129.82,12.59175,1.4,9.827016
100393,2017-06-03,SU71/23,36.22,12.59175,1.4,9.827016
100394,2017-06-03,ID30/1,113.45,12.59175,1.4,9.827016
100395,2017-06-03,TF81/2A,43.51,12.59175,1.4,9.827016
100396,2017-06-03,SJ15/13,79.354,12.59175,1.4,9.827016
100397,2017-06-03,NH95/17,29.24,12.59175,1.4,9.827016
100398,2017-06-03,SN00/11,8.519,12.59175,1.4,9.827016
100399,2017-06-03,SY68/34,66.619,12.59175,1.4,9.827016
100400,2017-06-03,SU01/5B,79.294,12.59175,1.4,9.827016
100401,2017-06-03,NY63/2,130.57,12.59175,1.4,9.827016
100402,2017-06-03,NO20/14,36.208,12.59175,1.4,9.827016
100403,2017-06-03,ST07/10,56.684,12.59175,1.4,9.827016
100404,2017-06-03,TR14/9,62.99,12.59175,1.4,9.827016
100405,2017-06-03,SU81/1,43.95,12.59175,1.4,9.827016
100406,2017-06-04,SU71/23,36.1,12.020917,2.3000002,11.656014
100407,2017-06-04,TF81/2A,43.5,12.020917,2.3000002,11.656014
100408,2017-06-04,SJ15/13,79.358,12.020917,2.3000002,11.656014
100409,2017-06-04,ID30/1,113.42,12.020917,2.3000002,11.656014
100410,2017-06-04,SU81/1,43.79,12.020917,2.3000002,11.656014
100411,2017-06-04,SY68/34,66.584,12.020917,2.3000002,11.656014
100412,2017-06-04,NH95/17,29.245,12.020917,2.3000002,11.656014
100413,2017-06-04,SU01/5B,79.142,12.020917,2.3000002,11.656014
100414,2017-06-04,SN00/11,8.48,12.020917,2.3000002,11.656014
100415,2017-06-04,TR14/9,62.96,12.020917,2.3000002,11.656014
100416,2017-06-04,NY63/2,130.568,12.020917,2.3000002,11.656014
100417,2017-06-04,ST07/10,56.613,12.020917,2.3000002,11.656014
100418,2017-06-04,NO20/14,36.205,12.020917,2.3000002,11.656014
100419,2017-06-04,SK00/41,129.82,12.020917,2.3000002,11.656014
100420,2017-06-05,NY63/2,130.568,11.448001,26.900003,16.505507
100421,2017-06-05,SY68/34,66.556,11.448001,26.900003,16.505507
100422,2017-06-05,ID30/1,113.52,11.448001,26.900003,16.505507
100423,2017-06-05,TF81/2A,43.492,11.448001,26.900003,16.505507
100424,2017-06-05,SU71/23,35.98,11.448001,26.900003,16.505507
100425,2017-06-05,SK00/41,129.835,11.448001,26.900003,16.505507
100426,2017-06-05,ST07/10,56.792,11.448001,26.900003,16.505507
100427,2017-06-05,NO20/14,36.224,11.448001,26.900003,16.505507
100428,2017-06-05,TR14/9,62.92,11.448001,26.900003,16.505507
100429,2017-06-05,SJ15/13,79.41,11.448001,26.900003,16.505507
100430,2017-06-05,SU81/1,43.72,11.448001,26.900003,16.505507
100431,2017-06-05,NH95/17,29.254,11.448001,26.900003,16.505507
100432,2017-06-05,SN00/11,8.446,11.448001,26.900003,16.505507
100433,2017-06-05,SU01/5B,79.011,11.448001,26.900003,16.505507
100434,2017-06-06,TR14/9,62.877,11.095917,29.100002,21.348928
100435,2017-06-06,SU01/5B,78.874,11.095917,29.100002,21.348928
100436,2017-06-06,SU17/57,132.96,11.095917,29.100002,21.348928
100437,2017-06-06,SP00/62,100.5,11.095917,29.100002,21.348928
100438,2017-06-06,NH95/17,29.282,11.095917,29.100002,21.348928
100439,2017-06-06,TF81/2A,43.502,11.095917,29.100002,21.348928
100440,2017-06-06,SK00/41,129.847,11.095917,29.100002,21.348928
100441,2017-06-06,NY63/2,130.647,11.095917,29.100002,21.348928
100442,2017-06-06,ST07/10,56.798,11.095917,29.100002,21.348928
100443,2017-06-06,TQ25/86,92.61,11.095917,29.100002,21.348928
100444,2017-06-06,NO20/14,36.25,11.095917,29.100002,21.348928
100445,2017-06-06,SY68/34,66.529,11.095917,29.100002,21.348928
100446,2017-06-06,SN00/11,8.593,11.095917,29.100002,21.348928
100447,2017-06-06,SU81/1,43.62,11.095917,29.100002,21.348928
100448,2017-06-06,ID30/1,113.61,11.095917,29.100002,21.348928
100449,2017-06-06,SU71/23,35.9,11.095917,29.100002,21.348928
100450,2017-06-06,SJ15/13,79.373,11.095917,29.100002,21.348928
100451,2017-06-06,TL33/67,76.44,11.095917,29.100002,21.348928
100452,2017-06-07,SK00/41,129.835,11.498001,2.6999996,23.63791
100453,2017-06-07,TR14/9,62.835,11.498001,2.6999996,23.63791
100454,2017-06-07,SU01/5B,78.713,11.498001,2.6999996,23.63791
100455,2017-06-07,SN00/11,8.626,11.498001,2.6999996,23.63791
100456,2017-06-07,NO20/14,36.304,11.498001,2.6999996,23.63791
100457,2017-06-07,SU71/23,35.78,11.498001,2.6999996,23.63791
100458,2017-06-07,NH95/17,29.389,11.498001,2.6999996,23.63791
100459,2017-06-07,ST07/10,56.701,11.498001,2.6999996,23.63791
100460,2017-06-07,SU81/1,43.56,11.498001,2.6999996,23.63791
100461,2017-06-07,ID30/1,113.7,11.498001,2.6999996,23.63791
100462,2017-06-07,TF81/2A,43.487,11.498001,2.6999996,23.63791
100463,2017-06-07,NY63/2,130.61,11.498001,2.6999996,23.63791
100464,2017-06-07,SJ15/13,79.345,11.498001,2.6999996,23.63791
100465,2017-06-07,SY68/34,66.497,11.498001,2.6999996,23.63791
100466,2017-06-08,ID30/1,113.64,13.256333,12.7,18.111654
100467,2017-06-08,SU71/23,35.66,13.256333,12.7,18.111654
100468,2017-06-08,SN00/11,8.678,13.256333,12.7,18.111654
100469,2017-06-08,SY68/34,66.47,13.256333,12.7,18.111654
100470,2017-06-08,SK00/41,129.83,13.256333,12.7,18.111654
100471,2017-06-08,TR14/9,62.787,13.256333,12.7,18.111654
100472,2017-06-08,SU01/5B,78.568,13.256333,12.7,18.111654
100473,2017-06-08,SU81/1,43.41,13.256333,12.7,18.111654
100474,2017-06-08,NO20/14,36.343,13.256333,12.7,18.111654
100475,2017-06-08,NY63/2,130.56,13.256333,12.7,18.111654
100476,2017-06-08,TF81/2A,43.466,13.256333,12.7,18.111654
100477,2017-06-08,NH95/17,29.458,13.256333,12.7,18.111654
100478,2017-06-08,SJ15/13,79.354,13.256333,12.7,18.111654
100479,2017-06-08,ST07/10,56.892,13.256333,12.7,18.111654
100480,2017-06-09,TR14/9,62.743,13.408417,3.1999996,13.972848
100481,2017-06-09,SU81/1,43.28,13.408417,3.1999996,13.972848
100482,2017-06-09,SU71/23,35.56,13.408417,3.1999996,13.972848
100483,2017-06-09,SY68/34,66.441,13.408417,3.1999996,13.972848
100484,2017-06-09,SK00/41,129.83,13.408417,3.1999996,13.972848
100485,2017-06-09,SU01/5B,78.413,13.408417,3.1999996,13.972848
100486,2017-06-09,NH95/17,29.459,13.408417,3.1999996,13.972848
100487,2017-06-09,TF81/2A,43.46,13.408417,3.1999996,13.972848
100488,2017-06-09,ST07/10,57.031,13.408417,3.1999996,13.972848
100489,2017-06-09,NY63/2,130.579,13.408417,3.1999996,13.972848
100490,2017-06-09,SJ15/13,79.326,13.408417,3.1999996,13.972848
100491,2017-06-09,ID30/1,113.69,13.408417,3.1999996,13.972848
100492,2017-06-09,NO20/14,36.385,13.408417,3.1999996,13.972848
100493,2017-06-09,SN00/11,8.831,13.408417,3.1999996,13.972848
100494,2017-06-10,SK00/41,129.821,14.145916,8.3,19.941776
100495,2017-06-10,SY68/34,66.412,14.145916,8.3,19.941776
100496,2017-06-10,ID30/1,113.74,14.145916,8.3,19.941776
100497,2017-06-10,NO20/14,36.399,14.145916,8.3,19.941776
100498,2017-06-10,SU71/23,35.44,14.145916,8.3,19.941776
100499,2017-06-10,TR14/9,62.699,14.145916,8.3,19.941776
100500,2017-06-10,SU01/5B,78.258,14.145916,8.3,19.941776
100501,2017-06-10,SJ15/13,79.328,14.145916,8.3,19.941776
100502,2017-06-10,NY63/2,130.525,14.145916,8.3,19.941776
100503,2017-06-10,SU81/1,43.25,14.145916,8.3,19.941776
100504,2017-06-10,ST07/10,57.01,14.145916,8.3,19.941776
100505,2017-06-10,TF81/2A,43.442,14.145916,8.3,19.941776
100506,2017-06-10,NH95/17,29.475,14.145916,8.3,19.941776
100507,2017-06-10,SN00/11,8.84,14.145916,8.3,19.941776
100508,2017-06-11,SU81/1,43.15,13.818833,6.9999995,24.420975
100509,2017-06-11,ID30/1,113.96,13.818833,6.9999995,24.420975
100510,2017-06-11,NO20/14,36.404,13.818833,6.9999995,24.420975
100511,2017-06-11,NY63/2,130.548,13.818833,6.9999995,24.420975
100512,2017-06-11,SJ15/13,79.325,13.818833,6.9999995,24.420975
100513,2017-06-11,ST07/10,56.914,13.818833,6.9999995,24.420975
100514,2017-06-11,TF81/2A,43.434,13.818833,6.9999995,24.420975
100515,2017-06-11,SY68/34,66.384,13.818833,6.9999995,24.420975
100516,2017-06-11,NH95/17,29.46,13.818833,6.9999995,24.420975
100517,2017-06-11,TR14/9,62.651,13.818833,6.9999995,24.420975
100518,2017-06-11,SK00/41,129.82,13.818833,6.9999995,24.420975
100519,2017-06-11,SU01/5B,78.107,13.818833,6.9999995,24.420975
100520,2017-06-11,SN00/11,8.904,13.818833,6.9999995,24.420975
100521,2017-06-11,SU71/23,35.33,13.818833,6.9999995,24.420975
100522,2017-06-12,ID30/1,114.02,12.987583,1.9000002,20.448166
100523,2017-06-12,SU81/1,43.04,12.987583,1.9000002,20.448166
100524,2017-06-12,NY63/2,130.553,12.987583,1.9000002,20.448166
100525,2017-06-12,TR14/9,62.606,12.987583,1.9000002,20.448166
100526,2017-06-12,SU71/23,35.23,12.987583,1.9000002,20.448166
100527,2017-06-12,NO20/14,36.387,12.987583,1.9000002,20.448166
100528,2017-06-12,TF81/2A,43.427,12.987583,1.9000002,20.448166
100529,2017-06-12,NH95/17,29.454,12.987583,1.9000002,20.448166
100530,2017-06-12,SK00/41,129.814,12.987583,1.9000002,20.448166
100531,2017-06-12,ST07/10,56.819,12.987583,1.9000002,20.448166
100532,2017-06-12,SY68/34,66.355,12.987583,1.9000002,20.448166
100533,2017-06-12,SU01/5B,77.953,12.987583,1.9000002,20.448166
100534,2017-06-12,SJ15/13,79.301,12.987583,1.9000002,20.448166
100535,2017-06-12,SN00/11,8.916,12.987583,1.9000002,20.448166
100536,2017-06-13,TF81/2A,43.412,14.168834,0.6,10.8638315
100537,2017-06-13,SN00/11,8.904,14.168834,0.6,10.8638315
100538,2017-06-13,ST07/10,56.734,14.168834,0.6,10.8638315
100539,2017-06-13,ID30/1,113.93,14.168834,0.6,10.8638315
100540,2017-06-13,NY63/2,130.509,14.168834,0.6,10.8638315
100541,2017-06-13,SJ15/13,79.3,14.168834,0.6,10.8638315
100542,2017-06-13,SU81/1,42.91,14.168834,0.6,10.8638315
100543,2017-06-13,SY68/34,66.326,14.168834,0.6,10.8638315
100544,2017-06-13,NH95/17,29.424,14.168834,0.6,10.8638315
100545,2017-06-13,SK00/41,129.81,14.168834,0.6,10.8638315
100546,2017-06-13,SU01/5B,77.804,14.168834,0.6,10.8638315
100547,2017-06-13,TR14/9,62.561,14.168834,0.6,10.8638315
100548,2017-06-13,NO20/14,36.39,14.168834,0.6,10.8638315
100549,2017-06-13,SU71/23,35.12,14.168834,0.6,10.8638315
100550,2017-06-14,SP00/62,100.57,16.308416,0.70000005,12.720704
100551,2017-06-14,SN00/11,8.895,16.308416,0.70000005,12.720704
100552,2017-06-14,TQ25/86,92.2,16.308416,0.70000005,12.720704
100553,2017-06-14,ST07/10,56.64,16.308416,0.70000005,12.720704
100554,2017-06-14,SU81/1,42.78,16.308416,0.70000005,12.720704
100555,2017-06-14,SU17/57,132.58,16.308416,0.70000005,12.720704
100556,2017-06-14,SU71/23,35.01,16.308416,0.70000005,12.720704
100557,2017-06-14,NH95/17,29.42,16.308416,0.70000005,12.720704
100558,2017-06-14,SU01/5B,77.658,16.308416,0.70000005,12.720704
100559,2017-06-14,TL33/67,76.34,16.308416,0.70000005,12.720704
100560,2017-06-14,SJ15/13,79.315,16.308416,0.70000005,12.720704
100561,2017-06-14,TR14/9,62.513,16.308416,0.70000005,12.720704
100562,2017-06-14,TF81/2A,43.4,16.308416,0.70000005,12.720704
100563,2017-06-14,SY68/34,66.297,16.308416,0.70000005,12.720704
100564,2017-06-14,SK00/41,129.81,16.308416,0.70000005,12.720704
100565,2017-06-14,ID30/1,113.83,16.308416,0.70000005,12.720704
100566,2017-06-14,NY63/2,130.506,16.308416,0.70000005,12.720704
100567,2017-06-15,TF81/2A,43.396,13.800082,5.4000006,18.21362
100568,2017-06-15,SU71/23,34.92,13.800082,5.4000006,18.21362
100569,2017-06-15,NH95/17,29.423,13.800082,5.4000006,18.21362
100570,2017-06-15,ST07/10,56.527,13.800082,5.4000006,18.21362
100571,2017-06-15,TR14/9,62.459,13.800082,5.4000006,18.21362
100572,2017-06-15,SN00/11,8.873,13.800082,5.4000006,18.21362
100573,2017-06-15,SJ15/13,79.298,13.800082,5.4000006,18.21362
100574,2017-06-15,NY63/2,130.526,13.800082,5.4000006,18.21362
100575,2017-06-15,SY68/34,66.269,13.800082,5.4000006,18.21362
100576,2017-06-15,SK00/41,129.81,13.800082,5.4000006,18.21362
100577,2017-06-15,ID30/1,113.75,13.800082,5.4000006,18.21362
100578,2017-06-15,SU01/5B,77.51,13.800082,5.4000006,18.21362
100579,2017-06-15,SU81/1,42.71,13.800082,5.4000006,18.21362
100580,2017-06-16,SY68/34,66.24,14.568833,0.90000004,14.635918
100581,2017-06-16,TR14/9,62.414,14.568833,0.90000004,14.635918
100582,2017-06-16,ID30/1,113.68,14.568833,0.90000004,14.635918
100583,2017-06-16,SU01/5B,77.351,14.568833,0.90000004,14.635918
100584,2017-06-16,NH95/17,29.386,14.568833,0.90000004,14.635918
100585,2017-06-16,SK00/41,129.801,14.568833,0.90000004,14.635918
100586,2017-06-16,SU71/23,34.82,14.568833,0.90000004,14.635918
100587,2017-06-16,SU81/1,42.61,14.568833,0.90000004,14.635918
100588,2017-06-16,ST07/10,56.421,14.568833,0.90000004,14.635918
100589,2017-06-16,SJ15/13,79.273,14.568833,0.90000004,14.635918
100590,2017-06-16,NY63/2,130.5,14.568833,0.90000004,14.635918
100591,2017-06-16,SN00/11,8.831,14.568833,0.90000004,14.635918
100592,2017-06-16,TF81/2A,43.382,14.568833,0.90000004,14.635918
100593,2017-06-17,NY63/2,130.462,18.304249,0.0,9.356371
100594,2017-06-17,SY68/34,66.212,18.304249,0.0,9.356371
100595,2017-06-17,SK00/41,129.8,18.304249,0.0,9.356371
100596,2017-06-17,TR14/9,62.37,18.304249,0.0,9.356371
100597,2017-06-17,SN00/11,8.782,18.304249,0.0,9.356371
100598,2017-06-17,ID30/1,113.64,18.304249,0.0,9.356371
100599,2017-06-17,SU01/5B,77.201,18.304249,0.0,9.356371
100600,2017-06-17,NH95/17,29.373,18.304249,0.0,9.356371
100601,2017-06-17,TF81/2A,43.365,18.304249,0.0,9.356371
100602,2017-06-17,SU81/1,42.48,18.304249,0.0,9.356371
100603,2017-06-17,SU71/23,34.72,18.304249,0.0,9.356371
100604,2017-06-17,SJ15/13,79.273,18.304249,0.0,9.356371
100605,2017-06-17,ST07/10,56.332,18.304249,0.0,9.356371
100606,2017-06-18,ID30/1,113.58,18.377167,0.8,8.804773
100607,2017-06-18,SU01/5B,77.06,18.377167,0.8,8.804773
100608,2017-06-18,ST07/10,56.211,18.377167,0.8,8.804773
100609,2017-06-18,SN00/11,8.745,18.377167,0.8,8.804773
100610,2017-06-18,TR14/9,62.32,18.377167,0.8,8.804773
100611,2017-06-18,SK00/41,129.795,18.377167,0.8,8.804773
100612,2017-06-18,NH95/17,29.36,18.377167,0.8,8.804773
100613,2017-06-18,SU71/23,34.62,18.377167,0.8,8.804773
100614,2017-06-18,SY68/34,66.184,18.377167,0.8,8.804773
100615,2017-06-18,NY63/2,130.463,18.377167,0.8,8.804773
100616,2017-06-18,TF81/2A,43.356,18.377167,0.8,8.804773
100617,2017-06-18,SJ15/13,79.282,18.377167,0.8,8.804773
100618,2017-06-18,SU81/1,42.38,18.377167,0.8,8.804773
100619,2017-06-19,SU01/5B,76.923,18.59175,0.3,8.683264
100620,2017-06-19,TR14/9,62.271,18.59175,0.3,8.683264
100621,2017-06-19,SY68/34,66.157,18.59175,0.3,8.683264
100622,2017-06-19,SJ15/13,79.284,18.59175,0.3,8.683264
100623,2017-06-19,NY63/2,130.455,18.59175,0.3,8.683264
100624,2017-06-19,SU81/1,42.28,18.59175,0.3,8.683264
100625,2017-06-19,ID30/1,113.54,18.59175,0.3,8.683264
100626,2017-06-19,SN00/11,8.705,18.59175,0.3,8.683264
100627,2017-06-19,SK00/41,129.8,18.59175,0.3,8.683264
100628,2017-06-19,TF81/2A,43.347,18.59175,0.3,8.683264
100629,2017-06-19,TV59/7C,1.32,18.59175,0.3,8.683264
100630,2017-06-19,ST07/10,56.147,18.59175,0.3,8.683264
100631,2017-06-19,NH95/17,29.362,18.59175,0.3,8.683264
100632,2017-06-19,SU71/23,34.54,18.59175,0.3,8.683264
100633,2017-06-20,ST07/10,56.032,17.339666,0.1,9.142242
100634,2017-06-20,SU81/1,42.19,17.339666,0.1,9.142242
100635,2017-06-20,NH95/17,29.348,17.339666,0.1,9.142242
100636,2017-06-20,TR14/9,62.224,17.339666,0.1,9.142242
100637,2017-06-20,SN00/11,8.651,17.339666,0.1,9.142242
100638,2017-06-20,TL33/67,76.22,17.339666,0.1,9.142242
100639,2017-06-20,SU01/5B,76.785,17.339666,0.1,9.142242
100640,2017-06-20,SJ15/13,79.287,17.339666,0.1,9.142242
100641,2017-06-20,SY68/34,66.131,17.339666,0.1,9.142242
100642,2017-06-20,TF81/2A,43.339,17.339666,0.1,9.142242
100643,2017-06-20,SK00/41,129.8,17.339666,0.1,9.142242
100644,2017-06-20,TM15/112,25.25,17.339666,0.1,9.142242
100645,2017-06-20,NY63/2,130.467,17.339666,0.1,9.142242
100646,2017-06-20,ID30/1,113.52,17.339666,0.1,9.142242
100647,2017-06-20,SU71/23,34.45,17.339666,0.1,9.142242
100648,2017-06-21,ID30/1,113.51,18.587582,8.4,16.109406
100649,2017-06-21,TR14/9,62.174,18.587582,8.4,16.109406
100650,2017-06-21,TQ25/86,91.79,18.587582,8.4,16.109406
100651,2017-06-21,ST07/10,55.921,18.587582,8.4,16.109406
100652,2017-06-21,SK00/41,129.804,18.587582,8.4,16.109406
100653,2017-06-21,SJ15/13,79.3,18.587582,8.4,16.109406
100654,2017-06-21,SP00/62,100.49,18.587582,8.4,16.109406
100655,2017-06-21,SU81/1,42.05,18.587582,8.4,16.109406
100656,2017-06-21,SU17/57,132.27,18.587582,8.4,16.109406
100657,2017-06-21,SU71/23,34.35,18.587582,8.4,16.109406
100658,2017-06-21,TF81/2A,43.326,18.587582,8.4,16.109406
100659,2017-06-21,NH95/17,29.158,18.587582,8.4,16.109406
100660,2017-06-21,SU01/5B,76.649,18.587582,8.4,16.109406
100661,2017-06-21,SY68/34,66.105,18.587582,8.4,16.109406
100662,2017-06-21,NY63/2,130.468,18.587582,8.4,16.109406
100663,2017-06-21,SN00/11,8.599,18.587582,8.4,16.109406
100664,2017-06-22,SU81/1,41.99,16.106333,1.6,11.122923
100665,2017-06-22,ST07/10,55.817,16.106333,1.6,11.122923
100666,2017-06-22,SU01/5B,76.511,16.106333,1.6,11.122923
100667,2017-06-22,SU71/23,34.26,16.106333,1.6,11.122923
100668,2017-06-22,SK00/41,129.81,16.106333,1.6,11.122923
100669,2017-06-22,TR14/9,62.122,16.106333,1.6,11.122923
100670,2017-06-22,SY68/34,66.078,16.106333,1.6,11.122923
100671,2017-06-22,TF81/2A,43.322,16.106333,1.6,11.122923
100672,2017-06-22,NY63/2,130.504,16.106333,1.6,11.122923
100673,2017-06-22,TA10/63,16.58,16.106333,1.6,11.122923
100674,2017-06-22,NH95/17,29.186,16.106333,1.6,11.122923
100675,2017-06-22,SJ15/13,79.287,16.106333,1.6,11.122923
100676,2017-06-22,SN00/11,8.541,16.106333,1.6,11.122923
100677,2017-06-22,SE94/5,17.01,16.106333,1.6,11.122923
100678,2017-06-22,ID30/1,113.49,16.106333,1.6,11.122923
100679,2017-06-23,ST07/10,55.701,14.508415,12.600001,14.687732
100680,2017-06-23,TR14/9,62.072,14.508415,12.600001,14.687732
100681,2017-06-23,ID30/1,113.51,14.508415,12.600001,14.687732
100682,2017-06-23,NY63/2,130.474,14.508415,12.600001,14.687732
100683,2017-06-23,SU71/23,34.15,14.508415,12.600001,14.687732
100684,2017-06-23,SU01/5B,76.369,14.508415,12.600001,14.687732
100685,2017-06-23,SU81/1,41.92,14.508415,12.600001,14.687732
100686,2017-06-23,SK00/41,129.81,14.508415,12.600001,14.687732
100687,2017-06-23,SN00/11,8.48,14.508415,12.600001,14.687732
100688,2017-06-23,NH95/17,29.316,14.508415,12.600001,14.687732
100689,2017-06-23,SJ15/13,79.281,14.508415,12.600001,14.687732
100690,2017-06-23,TF81/2A,43.308,14.508415,12.600001,14.687732
100691,2017-06-23,SY68/34,66.05,14.508415,12.600001,14.687732
100692,2017-06-24,SK00/41,129.81,13.483418,0.8000001,17.664778
100693,2017-06-24,SU71/23,34.04,13.483418,0.8000001,17.664778
100694,2017-06-24,NY63/2,130.472,13.483418,0.8000001,17.664778
100695,2017-06-24,SU81/1,41.82,13.483418,0.8000001,17.664778
100696,2017-06-24,TF81/2A,43.298,13.483418,0.8000001,17.664778
100697,2017-06-24,SY68/34,66.025,13.483418,0.8000001,17.664778
100698,2017-06-24,ST07/10,55.61,13.483418,0.8000001,17.664778
100699,2017-06-24,SU01/5B,76.233,13.483418,0.8000001,17.664778
100700,2017-06-24,ID30/1,113.46,13.483418,0.8000001,17.664778
100701,2017-06-24,SN00/11,8.44,13.483418,0.8000001,17.664778
100702,2017-06-24,SJ15/13,79.279,13.483418,0.8000001,17.664778
100703,2017-06-24,TR14/9,62.021,13.483418,0.8000001,17.664778
100704,2017-06-24,NH95/17,29.333,13.483418,0.8000001,17.664778
100705,2017-06-25,SU71/23,33.94,12.4209175,1.3000001,16.396334
100706,2017-06-25,SJ15/13,79.267,12.4209175,1.3000001,16.396334
100707,2017-06-25,SU01/5B,76.096,12.4209175,1.3000001,16.396334
100708,2017-06-25,SN00/11,8.403,12.4209175,1.3000001,16.396334
100709,2017-06-25,SU81/1,41.69,12.4209175,1.3000001,16.396334
100710,2017-06-25,TR14/9,61.972,12.4209175,1.3000001,16.396334
100711,2017-06-25,NH95/17,29.325,12.4209175,1.3000001,16.396334
100712,2017-06-25,SY68/34,65.998,12.4209175,1.3000001,16.396334
100713,2017-06-25,SK00/41,129.81,12.4209175,1.3000001,16.396334
100714,2017-06-25,ST07/10,55.52,12.4209175,1.3000001,16.396334
100715,2017-06-25,ID30/1,113.38,12.4209175,1.3000001,16.396334
100716,2017-06-25,TF81/2A,43.288,12.4209175,1.3000001,16.396334
100717,2017-06-25,NY63/2,130.468,12.4209175,1.3000001,16.396334
100718,2017-06-26,ID30/1,113.35,12.468833,2.1000001,5.719174
100719,2017-06-26,SK00/41,129.81,12.468833,2.1000001,5.719174
100720,2017-06-26,NY63/2,130.436,12.468833,2.1000001,5.719174
100721,2017-06-26,SU01/5B,75.959,12.468833,2.1000001,5.719174
100722,2017-06-26,SY68/34,65.972,12.468833,2.1000001,5.719174
100723,2017-06-26,SE95/6,20.91,12.468833,2.1000001,5.719174
100724,2017-06-26,TR14/9,61.927,12.468833,2.1000001,5.719174
100725,2017-06-26,SU71/23,33.84,12.468833,2.1000001,5.719174
100726,2017-06-26,SN00/11,8.361,12.468833,2.1000001,5.719174
100727,2017-06-26,NH95/17,29.311,12.468833,2.1000001,5.719174
100728,2017-06-26,ST07/10,55.439,12.468833,2.1000001,5.719174
100729,2017-06-26,TF81/2A,43.272,12.468833,2.1000001,5.719174
100730,2017-06-26,SJ15/13,79.27,12.468833,2.1000001,5.719174
100731,2017-06-26,SU81/1,41.63,12.468833,2.1000001,5.719174
100732,2017-06-27,SY68/34,65.948,12.7438345,11.000001,19.536823
100733,2017-06-27,SU71/23,33.74,12.7438345,11.000001,19.536823
100734,2017-06-27,SN00/11,8.324,12.7438345,11.000001,19.536823
100735,2017-06-27,TF81/2A,43.262,12.7438345,11.000001,19.536823
100736,2017-06-27,ID30/1,113.37,12.7438345,11.000001,19.536823
100737,2017-06-27,SK00/41,129.81,12.7438345,11.000001,19.536823
100738,2017-06-27,SJ15/13,79.29,12.7438345,11.000001,19.536823
100739,2017-06-27,ST07/10,55.328,12.7438345,11.000001,19.536823
100740,2017-06-27,SU81/1,41.54,12.7438345,11.000001,19.536823
100741,2017-06-27,TR14/9,61.88,12.7438345,11.000001,19.536823
100742,2017-06-27,NY63/2,130.44,12.7438345,11.000001,19.536823
100743,2017-06-27,SU01/5B,75.837,12.7438345,11.000001,19.536823
100744,2017-06-27,NH95/17,29.314,12.7438345,11.000001,19.536823
100745,2017-06-28,SK00/41,129.82,12.070918,6.6,15.587881
100746,2017-06-28,TL33/67,76.08,12.070918,6.6,15.587881
100747,2017-06-28,ID30/1,113.44,12.070918,6.6,15.587881
100748,2017-06-28,TF81/2A,43.26,12.070918,6.6,15.587881
100749,2017-06-28,SJ15/13,79.299,12.070918,6.6,15.587881
100750,2017-06-28,ST07/10,55.231,12.070918,6.6,15.587881
100751,2017-06-28,SN00/11,8.303,12.070918,6.6,15.587881
100752,2017-06-28,SU81/1,41.44,12.070918,6.6,15.587881
100753,2017-06-28,SP00/62,100.43,12.070918,6.6,15.587881
100754,2017-06-28,SU17/57,131.99,12.070918,6.6,15.587881
100755,2017-06-28,TQ25/86,91.59,12.070918,6.6,15.587881
100756,2017-06-28,SU01/5B,75.726,12.070918,6.6,15.587881
100757,2017-06-28,SU71/23,33.65,12.070918,6.6,15.587881
100758,2017-06-28,NH95/17,29.308,12.070918,6.6,15.587881
100759,2017-06-28,SY68/34,65.928,12.070918,6.6,15.587881
100760,2017-06-28,NY63/2,130.467,12.070918,6.6,15.587881
100761,2017-06-28,TR14/9,61.832,12.070918,6.6,15.587881
100762,2017-06-28,SJ62/235,54.27,12.070918,6.6,15.587881
100763,2017-06-29,SU81/1,41.42,12.4313345,15.400001,16.965504
100764,2017-06-29,SU01/5B,75.606,12.4313345,15.400001,16.965504
100765,2017-06-29,SU71/23,33.56,12.4313345,15.400001,16.965504
100766,2017-06-29,NH95/17,29.305,12.4313345,15.400001,16.965504
100767,2017-06-29,SY68/34,65.907,12.4313345,15.400001,16.965504
100768,2017-06-29,NY63/2,130.484,12.4313345,15.400001,16.965504
100769,2017-06-29,SK00/41,129.83,12.4313345,15.400001,16.965504
100770,2017-06-29,ST07/10,55.109,12.4313345,15.400001,16.965504
100771,2017-06-29,TF81/2A,43.273,12.4313345,15.400001,16.965504
100772,2017-06-29,SN00/11,8.297,12.4313345,15.400001,16.965504
100773,2017-06-29,TR14/9,61.784,12.4313345,15.400001,16.965504
100774,2017-06-29,SJ15/13,79.291,12.4313345,15.400001,16.965504
100775,2017-06-29,TL44/12,34.79,12.4313345,15.400001,16.965504
100776,2017-06-29,ID30/1,113.46,12.4313345,15.400001,16.965504
100777,2017-06-30,TF81/2A,43.274,14.258415,0.8,13.508374
100778,2017-06-30,TR14/9,61.738,14.258415,0.8,13.508374
100779,2017-06-30,SU17/57,131.88,14.258415,0.8,13.508374
100780,2017-06-30,SJ15/13,79.249,14.258415,0.8,13.508374
100781,2017-06-30,TF03/37,13.288,14.258415,0.8,13.508374
100782,2017-06-30,TQ25/86,91.26,14.258415,0.8,13.508374
100783,2017-06-30,SU71/23,33.46,14.258415,0.8,13.508374
100784,2017-06-30,SK00/41,129.818,14.258415,0.8,13.508374
100785,2017-06-30,TL33/67,76.01,14.258415,0.8,13.508374
100786,2017-06-30,SP00/62,100.4,14.258415,0.8,13.508374
100787,2017-06-30,SU01/5B,75.482,14.258415,0.8,13.508374
100788,2017-06-30,SY68/34,65.884,14.258415,0.8,13.508374
100789,2017-06-30,NH95/17,29.312,14.258415,0.8,13.508374
100790,2017-06-30,NY63/2,130.492,14.258415,0.8,13.508374
100791,2017-06-30,SN00/11,8.272,14.258415,0.8,13.508374
100792,2017-06-30,SU81/1,41.31,14.258415,0.8,13.508374
100793,2017-06-30,ID30/1,113.48,14.258415,0.8,13.508374
100794,2017-06-30,ST07/10,55.029,14.258415,0.8,13.508374
100795,2017-07-01,TA10/63,16.216,13.720916,0.6,11.578658
100796,2017-07-01,SN00/11,8.254,13.720916,0.6,11.578658
100797,2017-07-01,ST07/10,54.925,13.720916,0.6,11.578658
100798,2017-07-01,SU81/1,41.19,13.720916,0.6,11.578658
100799,2017-07-01,TF03/37,13.362,13.720916,0.6,11.578658
100800,2017-07-01,TR14/9,61.695,13.720916,0.6,11.578658
100801,2017-07-01,TF81/2A,43.263,13.720916,0.6,11.578658
100802,2017-07-01,NH95/17,29.335,13.720916,0.6,11.578658
100803,2017-07-01,SU17/57,131.845,13.720916,0.6,11.578658
100804,2017-07-01,SK00/41,129.809,13.720916,0.6,11.578658
100805,2017-07-01,NY63/2,130.421,13.720916,0.6,11.578658
100806,2017-07-01,SY68/34,65.86,13.720916,0.6,11.578658
100807,2017-07-01,SU71/23,33.35,13.720916,0.6,11.578658
100808,2017-07-01,SJ15/13,79.232,13.720916,0.6,11.578658
100809,2017-07-01,ID30/1,113.42,13.720916,0.6,11.578658
100810,2017-07-01,SU01/5B,75.328,13.720916,0.6,11.578658
100811,2017-07-02,SY68/34,65.836,12.968834,1.1,15.555073
100812,2017-07-02,NY63/2,130.416,12.968834,1.1,15.555073
100813,2017-07-02,NH95/17,29.331,12.968834,1.1,15.555073
100814,2017-07-02,ST07/10,54.822,12.968834,1.1,15.555073
100815,2017-07-02,TF81/2A,43.258,12.968834,1.1,15.555073
100816,2017-07-02,ID30/1,113.38,12.968834,1.1,15.555073
100817,2017-07-02,TF03/37,13.355,12.968834,1.1,15.555073
100818,2017-07-02,SN00/11,8.223,12.968834,1.1,15.555073
100819,2017-07-02,SU01/5B,75.2,12.968834,1.1,15.555073
100820,2017-07-02,SU81/1,41.08,12.968834,1.1,15.555073
100821,2017-07-02,SJ15/13,79.228,12.968834,1.1,15.555073
100822,2017-07-02,SU71/23,33.24,12.968834,1.1,15.555073
100823,2017-07-02,SU17/57,131.805,12.968834,1.1,15.555073
100824,2017-07-02,TA10/63,16.191,12.968834,1.1,15.555073
100825,2017-07-02,SK00/41,129.8,12.968834,1.1,15.555073
100826,2017-07-02,TR14/9,61.563,12.968834,1.1,15.555073
100827,2017-07-03,SU01/5B,75.084,13.670917,2.9999998,12.528516
100828,2017-07-03,TL33/4,75.67,13.670917,2.9999998,12.528516
100829,2017-07-03,ST07/10,54.715,13.670917,2.9999998,12.528516
100830,2017-07-03,SY68/34,65.811,13.670917,2.9999998,12.528516
100831,2017-07-03,TR14/9,61.612,13.670917,2.9999998,12.528516
100832,2017-07-03,TF03/37,13.274,13.670917,2.9999998,12.528516
100833,2017-07-03,SU71/23,33.138,13.670917,2.9999998,12.528516
100834,2017-07-03,SU17/57,131.769,13.670917,2.9999998,12.528516
100835,2017-07-03,SK00/41,129.793,13.670917,2.9999998,12.528516
100836,2017-07-03,TF81/2A,43.256,13.670917,2.9999998,12.528516
100837,2017-07-03,NY63/2,130.412,13.670917,2.9999998,12.528516
100838,2017-07-03,NH95/17,29.319,13.670917,2.9999998,12.528516
100839,2017-07-03,SN00/11,8.193,13.670917,2.9999998,12.528516
100840,2017-07-03,SJ15/13,79.23,13.670917,2.9999998,12.528516
100841,2017-07-03,SU81/1,41.0,13.670917,2.9999998,12.528516
100842,2017-07-03,TA10/63,16.163,13.670917,2.9999998,12.528516
100843,2017-07-03,ID30/1,113.47,13.670917,2.9999998,12.528516
100844,2017-07-04,SN00/11,8.165,13.335502,14.1,9.389411
100845,2017-07-04,NO20/14,36.504,13.335502,14.1,9.389411
100846,2017-07-04,ST07/10,54.622,13.335502,14.1,9.389411
100847,2017-07-04,TR14/9,61.573,13.335502,14.1,9.389411
100848,2017-07-04,ID30/1,114.28,13.335502,14.1,9.389411
100849,2017-07-04,SU01/5B,74.975,13.335502,14.1,9.389411
100850,2017-07-04,SU71/23,33.05,13.335502,14.1,9.389411
100851,2017-07-04,SU17/57,131.735,13.335502,14.1,9.389411
100852,2017-07-04,TF03/37,13.222,13.335502,14.1,9.389411
100853,2017-07-04,SJ15/13,79.232,13.335502,14.1,9.389411
100854,2017-07-04,NH95/17,29.314,13.335502,14.1,9.389411
100855,2017-07-04,TF81/2A,43.252,13.335502,14.1,9.389411
100856,2017-07-04,NY63/2,130.395,13.335502,14.1,9.389411
100857,2017-07-04,SY68/34,65.786,13.335502,14.1,9.389411
100858,2017-07-04,TA10/63,16.139,13.335502,14.1,9.389411
100859,2017-07-04,SK00/41,129.79,13.335502,14.1,9.389411
100860,2017-07-04,SU81/1,40.91,13.335502,14.1,9.389411
100861,2017-07-05,SU71/23,32.95,14.302167,0.3,11.521624
100862,2017-07-05,SN00/11,8.099,14.302167,0.3,11.521624
100863,2017-07-05,SU81/1,40.84,14.302167,0.3,11.521624
100864,2017-07-05,TA10/63,16.109,14.302167,0.3,11.521624
100865,2017-07-05,NH95/17,29.31,14.302167,0.3,11.521624
100866,2017-07-05,SU17/57,131.72,14.302167,0.3,11.521624
100867,2017-07-05,TQ25/86,90.75,14.302167,0.3,11.521624
100868,2017-07-05,NO20/14,36.526,14.302167,0.3,11.521624
100869,2017-07-05,ID30/1,114.4,14.302167,0.3,11.521624
100870,2017-07-05,SU01/5B,74.871,14.302167,0.3,11.521624
100871,2017-07-05,SJ15/13,79.232,14.302167,0.3,11.521624
100872,2017-07-05,SY68/34,65.762,14.302167,0.3,11.521624
100873,2017-07-05,TF03/37,13.172,14.302167,0.3,11.521624
100874,2017-07-05,TF81/2A,43.248,14.302167,0.3,11.521624
100875,2017-07-05,TL33/67,75.93,14.302167,0.3,11.521624
100876,2017-07-05,SK00/41,129.79,14.302167,0.3,11.521624
100877,2017-07-05,ST07/10,54.517,14.302167,0.3,11.521624
100878,2017-07-05,SP00/62,100.35,14.302167,0.3,11.521624
100879,2017-07-05,TR14/9,61.536,14.302167,0.3,11.521624
100880,2017-07-05,NY63/2,130.403,14.302167,0.3,11.521624
100881,2017-07-06,TA10/63,16.084,17.098,6.5,9.249816
100882,2017-07-06,TR14/9,61.496,17.098,6.5,9.249816
100883,2017-07-06,ST07/10,54.405,17.098,6.5,9.249816
100884,2017-07-06,SK00/41,129.79,17.098,6.5,9.249816
100885,2017-07-06,NY63/2,130.401,17.098,6.5,9.249816
100886,2017-07-06,SU71/23,32.86,17.098,6.5,9.249816
100887,2017-07-06,SJ15/13,79.236,17.098,6.5,9.249816
100888,2017-07-06,TF81/2A,43.246,17.098,6.5,9.249816
100889,2017-07-06,NO20/14,36.53,17.098,6.5,9.249816
100890,2017-07-06,ID30/1,114.35,17.098,6.5,9.249816
100891,2017-07-06,NH95/17,29.321,17.098,6.5,9.249816
100892,2017-07-06,SY68/34,65.738,17.098,6.5,9.249816
100893,2017-07-06,TF03/37,13.155,17.098,6.5,9.249816
100894,2017-07-06,SN00/11,8.063,17.098,6.5,9.249816
100895,2017-07-06,SU01/5B,74.773,17.098,6.5,9.249816
100896,2017-07-06,SU81/1,40.74,17.098,6.5,9.249816
100897,2017-07-06,SU17/57,131.659,17.098,6.5,9.249816
100898,2017-07-07,SK00/41,129.79,15.345916,5.7,10.300159
100899,2017-07-07,SU81/1,40.65,15.345916,5.7,10.300159
100900,2017-07-07,SN00/11,8.023,15.345916,5.7,10.300159
100901,2017-07-07,TF81/2A,43.237,15.345916,5.7,10.300159
100902,2017-07-07,SU71/23,32.77,15.345916,5.7,10.300159
100903,2017-07-07,SU01/5B,74.667,15.345916,5.7,10.300159
100904,2017-07-07,NH95/17,29.279,15.345916,5.7,10.300159
100905,2017-07-07,ID30/1,114.21,15.345916,5.7,10.300159
100906,2017-07-07,SU17/57,131.618,15.345916,5.7,10.300159
100907,2017-07-07,SJ15/13,79.223,15.345916,5.7,10.300159
100908,2017-07-07,NO20/14,36.384,15.345916,5.7,10.300159
100909,2017-07-07,SY68/34,65.714,15.345916,5.7,10.300159
100910,2017-07-07,TA10/63,16.05,15.345916,5.7,10.300159
100911,2017-07-07,TF03/37,13.096,15.345916,5.7,10.300159
100912,2017-07-07,NY63/2,130.406,15.345916,5.7,10.300159
100913,2017-07-07,ST07/10,54.289,15.345916,5.7,10.300159
100914,2017-07-07,TR14/9,61.454,15.345916,5.7,10.300159
100915,2017-07-08,TA10/63,16.023,12.731334,0.0,8.975731
100916,2017-07-08,SY68/34,65.69,12.731334,0.0,8.975731
100917,2017-07-08,ST07/10,54.19,12.731334,0.0,8.975731
100918,2017-07-08,SU17/57,131.586,12.731334,0.0,8.975731
100919,2017-07-08,SU71/23,32.67,12.731334,0.0,8.975731
100920,2017-07-08,NH95/17,29.204,12.731334,0.0,8.975731
100921,2017-07-08,TF03/37,13.052,12.731334,0.0,8.975731
100922,2017-07-08,TF81/2A,43.23,12.731334,0.0,8.975731
100923,2017-07-08,TR14/9,61.414,12.731334,0.0,8.975731
100924,2017-07-08,NY63/2,130.381,12.731334,0.0,8.975731
100925,2017-07-08,SK00/41,129.786,12.731334,0.0,8.975731
100926,2017-07-08,ID30/1,114.08,12.731334,0.0,8.975731
100927,2017-07-08,NO20/14,36.209,12.731334,0.0,8.975731
100928,2017-07-08,SN00/11,7.986,12.731334,0.0,8.975731
100929,2017-07-08,SJ15/13,79.224,12.731334,0.0,8.975731
100930,2017-07-08,SU01/5B,74.564,12.731334,0.0,8.975731
100931,2017-07-08,SU81/1,40.57,12.731334,0.0,8.975731
100932,2017-07-09,SY68/34,65.667,15.68758,0.6,10.090142
100933,2017-07-09,SU71/23,32.58,15.68758,0.6,10.090142
100934,2017-07-09,TF03/37,13.066,15.68758,0.6,10.090142
100935,2017-07-09,TF81/2A,43.229,15.68758,0.6,10.090142
100936,2017-07-09,TR14/9,61.371,15.68758,0.6,10.090142
100937,2017-07-09,ID30/1,113.98,15.68758,0.6,10.090142
100938,2017-07-09,NH95/17,29.154,15.68758,0.6,10.090142
100939,2017-07-09,SU01/5B,74.472,15.68758,0.6,10.090142
100940,2017-07-09,NO20/14,36.139,15.68758,0.6,10.090142
100941,2017-07-09,NY63/2,130.385,15.68758,0.6,10.090142
100942,2017-07-09,ST07/10,54.098,15.68758,0.6,10.090142
100943,2017-07-09,TA10/63,16.003,15.68758,0.6,10.090142
100944,2017-07-09,SJ15/13,79.237,15.68758,0.6,10.090142
100945,2017-07-09,SU81/1,40.49,15.68758,0.6,10.090142
100946,2017-07-09,SU17/57,131.555,15.68758,0.6,10.090142
100947,2017-07-09,SK00/41,129.79,15.68758,0.6,10.090142
100948,2017-07-09,SN00/11,7.955,15.68758,0.6,10.090142
100949,2017-07-10,SN00/11,7.922,14.525081,8.900002,9.680516
100950,2017-07-10,NY63/2,130.401,14.525081,8.900002,9.680516
100951,2017-07-10,SU01/5B,74.376,14.525081,8.900002,9.680516
100952,2017-07-10,NO20/14,36.325,14.525081,8.900002,9.680516
100953,2017-07-10,TR14/9,61.329,14.525081,8.900002,9.680516
100954,2017-07-10,SY68/34,65.644,14.525081,8.900002,9.680516
100955,2017-07-10,SU71/23,32.5,14.525081,8.900002,9.680516
100956,2017-07-10,NH95/17,29.158,14.525081,8.900002,9.680516
100957,2017-07-10,TA10/63,15.973,14.525081,8.900002,9.680516
100958,2017-07-10,ID30/1,113.9,14.525081,8.900002,9.680516
100959,2017-07-10,SJ15/13,79.24,14.525081,8.900002,9.680516
100960,2017-07-10,SK00/41,129.79,14.525081,8.900002,9.680516
100961,2017-07-10,TF81/2A,43.224,14.525081,8.900002,9.680516
100962,2017-07-10,ST07/10,54.002,14.525081,8.900002,9.680516
100963,2017-07-10,SU81/1,40.45,14.525081,8.900002,9.680516
100964,2017-07-10,SU17/57,131.518,14.525081,8.900002,9.680516
100965,2017-07-10,TF03/37,13.007,14.525081,8.900002,9.680516
100966,2017-07-11,NO20/14,36.412,13.34175,0.4,4.3962946
100967,2017-07-11,TA10/63,15.938,13.34175,0.4,4.3962946
100968,2017-07-11,SU01/5B,74.281,13.34175,0.4,4.3962946
100969,2017-07-11,TF03/37,12.998,13.34175,0.4,4.3962946
100970,2017-07-11,TR14/9,61.289,13.34175,0.4,4.3962946
100971,2017-07-11,SU71/23,32.41,13.34175,0.4,4.3962946
100972,2017-07-11,SK00/41,129.79,13.34175,0.4,4.3962946
100973,2017-07-11,SU81/1,40.38,13.34175,0.4,4.3962946
100974,2017-07-11,ID30/1,113.84,13.34175,0.4,4.3962946
100975,2017-07-11,SU17/57,131.482,13.34175,0.4,4.3962946
100976,2017-07-11,NY63/2,130.389,13.34175,0.4,4.3962946
100977,2017-07-11,SY68/34,65.636,13.34175,0.4,4.3962946
100978,2017-07-11,TF81/2A,43.215,13.34175,0.4,4.3962946
100979,2017-07-11,ST07/10,54.25,13.34175,0.4,4.3962946
100980,2017-07-11,NH95/17,29.177,13.34175,0.4,4.3962946
100981,2017-07-11,SJ15/13,79.234,13.34175,0.4,4.3962946
100982,2017-07-11,SN00/11,7.953,13.34175,0.4,4.3962946
100983,2017-07-12,TF03/37,12.968,14.033417,0.0,6.14345
100984,2017-07-12,TR14/9,61.249,14.033417,0.0,6.14345
100985,2017-07-12,NO20/14,36.407,14.033417,0.0,6.14345
100986,2017-07-12,NH95/17,29.22,14.033417,0.0,6.14345
100987,2017-07-12,SU71/23,32.32,14.033417,0.0,6.14345
100988,2017-07-12,SK00/41,129.788,14.033417,0.0,6.14345
100989,2017-07-12,SJ15/13,79.195,14.033417,0.0,6.14345
100990,2017-07-12,TF81/2A,43.199,14.033417,0.0,6.14345
100991,2017-07-12,ST07/10,54.41,14.033417,0.0,6.14345
100992,2017-07-12,NY63/2,130.367,14.033417,0.0,6.14345
100993,2017-07-12,SP00/62,100.33,14.033417,0.0,6.14345
100994,2017-07-12,SU81/1,40.3,14.033417,0.0,6.14345
100995,2017-07-12,ID30/1,113.77,14.033417,0.0,6.14345
100996,2017-07-12,SY68/34,65.61,14.033417,0.0,6.14345
100997,2017-07-12,TQ25/86,90.32,14.033417,0.0,6.14345
100998,2017-07-12,SU17/57,131.46,14.033417,0.0,6.14345
100999,2017-07-12,SU01/5B,74.176,14.033417,0.0,6.14345
101000,2017-07-12,SN00/11,7.928,14.033417,0.0,6.14345
101001,2017-07-12,TL33/67,75.75,14.033417,0.0,6.14345
101002,2017-07-12,TA10/63,15.892,14.033417,0.0,6.14345
101003,2017-07-13,SJ15/13,79.201,14.618833,3.5,13.22714
101004,2017-07-13,NH95/17,29.181,14.618833,3.5,13.22714
101005,2017-07-13,TF81/2A,43.195,14.618833,3.5,13.22714
101006,2017-07-13,SK00/41,129.78,14.618833,3.5,13.22714
101007,2017-07-13,SU17/57,131.413,14.618833,3.5,13.22714
101008,2017-07-13,TR14/9,61.205,14.618833,3.5,13.22714
101009,2017-07-13,ID30/1,113.72,14.618833,3.5,13.22714
101010,2017-07-13,NY63/2,130.331,14.618833,3.5,13.22714
101011,2017-07-13,SU01/5B,74.077,14.618833,3.5,13.22714
101012,2017-07-13,ST07/10,54.266,14.618833,3.5,13.22714
101013,2017-07-13,TA10/63,15.87,14.618833,3.5,13.22714
101014,2017-07-13,SU81/1,40.22,14.618833,3.5,13.22714
101015,2017-07-13,SU71/23,32.23,14.618833,3.5,13.22714
101016,2017-07-13,SY68/34,65.586,14.618833,3.5,13.22714
101017,2017-07-13,NO20/14,36.433,14.618833,3.5,13.22714
101018,2017-07-13,SN00/11,7.905,14.618833,3.5,13.22714
101019,2017-07-13,TF03/37,12.975,14.618833,3.5,13.22714
101020,2017-07-14,SU17/57,131.38,13.491749,4.0,14.949304
101021,2017-07-14,SU71/23,32.14,13.491749,4.0,14.949304
101022,2017-07-14,NH95/17,29.169,13.491749,4.0,14.949304
101023,2017-07-14,TA10/63,15.833,13.491749,4.0,14.949304
101024,2017-07-14,TF81/2A,43.187,13.491749,4.0,14.949304
101025,2017-07-14,SJ15/13,79.196,13.491749,4.0,14.949304
101026,2017-07-14,SU81/1,40.15,13.491749,4.0,14.949304
101027,2017-07-14,NY63/2,130.359,13.491749,4.0,14.949304
101028,2017-07-14,TF03/37,12.944,13.491749,4.0,14.949304
101029,2017-07-14,SU01/5B,73.983,13.491749,4.0,14.949304
101030,2017-07-14,SN00/11,7.877,13.491749,4.0,14.949304
101031,2017-07-14,ID30/1,113.67,13.491749,4.0,14.949304
101032,2017-07-14,SY68/34,65.566,13.491749,4.0,14.949304
101033,2017-07-14,TR14/9,61.161,13.491749,4.0,14.949304
101034,2017-07-14,NO20/14,36.314,13.491749,4.0,14.949304
101035,2017-07-14,ST07/10,54.122,13.491749,4.0,14.949304
101036,2017-07-14,SK00/41,129.78,13.491749,4.0,14.949304
101037,2017-07-15,SU17/57,131.345,15.908418,6.3,15.773072
101038,2017-07-15,ID30/1,113.63,15.908418,6.3,15.773072
101039,2017-07-15,TA10/63,15.806,15.908418,6.3,15.773072
101040,2017-07-15,NH95/17,29.119,15.908418,6.3,15.773072
101041,2017-07-15,SY68/34,65.545,15.908418,6.3,15.773072
101042,2017-07-15,SU01/5B,73.891,15.908418,6.3,15.773072
101043,2017-07-15,SN00/11,7.861,15.908418,6.3,15.773072
101044,2017-07-15,SJ15/13,79.197,15.908418,6.3,15.773072
101045,2017-07-15,SU71/23,32.05,15.908418,6.3,15.773072
101046,2017-07-15,NY63/2,130.338,15.908418,6.3,15.773072
101047,2017-07-15,TF03/37,12.927,15.908418,6.3,15.773072
101048,2017-07-15,SU81/1,40.03,15.908418,6.3,15.773072
101049,2017-07-15,TF81/2A,43.18,15.908418,6.3,15.773072
101050,2017-07-15,NO20/14,36.198,15.908418,6.3,15.773072
101051,2017-07-15,ST07/10,53.993,15.908418,6.3,15.773072
101052,2017-07-15,TR14/9,61.12,15.908418,6.3,15.773072
101053,2017-07-15,SK00/41,129.771,15.908418,6.3,15.773072
101054,2017-07-16,SU17/57,131.307,14.760498,0.4,13.8130455
101055,2017-07-16,SN00/11,7.834,14.760498,0.4,13.8130455
101056,2017-07-16,TR14/9,61.079,14.760498,0.4,13.8130455
101057,2017-07-16,TA10/63,15.77,14.760498,0.4,13.8130455
101058,2017-07-16,SJ15/13,79.18,14.760498,0.4,13.8130455
101059,2017-07-16,SU01/5B,73.803,14.760498,0.4,13.8130455
101060,2017-07-16,NO20/14,36.359,14.760498,0.4,13.8130455
101061,2017-07-16,SU81/1,39.98,14.760498,0.4,13.8130455
101062,2017-07-16,NH95/17,29.154,14.760498,0.4,13.8130455
101063,2017-07-16,SK00/41,129.77,14.760498,0.4,13.8130455
101064,2017-07-16,NY63/2,130.345,14.760498,0.4,13.8130455
101065,2017-07-16,SY68/34,65.524,14.760498,0.4,13.8130455
101066,2017-07-16,ST07/10,53.847,14.760498,0.4,13.8130455
101067,2017-07-16,TF03/37,12.916,14.760498,0.4,13.8130455
101068,2017-07-16,ID30/1,113.6,14.760498,0.4,13.8130455
101069,2017-07-16,TF81/2A,43.17,14.760498,0.4,13.8130455
101070,2017-07-16,SU71/23,31.98,14.760498,0.4,13.8130455
101071,2017-07-17,NY63/2,130.319,15.44175,0.0,9.902272
101072,2017-07-17,NH95/17,29.146,15.44175,0.0,9.902272
101073,2017-07-17,NO20/14,36.287,15.44175,0.0,9.902272
101074,2017-07-17,TF03/37,12.876,15.44175,0.0,9.902272
101075,2017-07-17,SJ15/13,79.186,15.44175,0.0,9.902272
101076,2017-07-17,SY68/34,65.502,15.44175,0.0,9.902272
101077,2017-07-17,SU71/23,31.95,15.44175,0.0,9.902272
101078,2017-07-17,TL33/67,75.61,15.44175,0.0,9.902272
101079,2017-07-17,ID30/1,113.58,15.44175,0.0,9.902272
101080,2017-07-17,SK00/41,129.77,15.44175,0.0,9.902272
101081,2017-07-17,SN00/11,7.808,15.44175,0.0,9.902272
101082,2017-07-17,SU81/1,39.86,15.44175,0.0,9.902272
101083,2017-07-17,SE95/6,20.45,15.44175,0.0,9.902272
101084,2017-07-17,TF81/2A,43.163,15.44175,0.0,9.902272
101085,2017-07-17,TA10/63,15.745,15.44175,0.0,9.902272
101086,2017-07-17,SU17/57,131.275,15.44175,0.0,9.902272
101087,2017-07-17,TR14/9,61.037,15.44175,0.0,9.902272
101088,2017-07-17,ST07/10,53.73,15.44175,0.0,9.902272
101089,2017-07-17,SU01/5B,73.721,15.44175,0.0,9.902272
101090,2017-07-18,SN00/11,7.787,17.80425,0.0,12.710463
101091,2017-07-18,SJ15/13,79.214,17.80425,0.0,12.710463
101092,2017-07-18,TF03/37,12.857,17.80425,0.0,12.710463
101093,2017-07-18,TF81/2A,43.163,17.80425,0.0,12.710463
101094,2017-07-18,TR14/9,60.995,17.80425,0.0,12.710463
101095,2017-07-18,NY63/2,130.317,17.80425,0.0,12.710463
101096,2017-07-18,NH95/17,29.1,17.80425,0.0,12.710463
101097,2017-07-18,ST07/10,53.645,17.80425,0.0,12.710463
101098,2017-07-18,SU17/57,131.25,17.80425,0.0,12.710463
101099,2017-07-18,TA10/63,15.726,17.80425,0.0,12.710463
101100,2017-07-18,SY68/34,65.482,17.80425,0.0,12.710463
101101,2017-07-18,SU01/5B,73.651,17.80425,0.0,12.710463
101102,2017-07-18,ID30/1,113.58,17.80425,0.0,12.710463
101103,2017-07-18,SU81/1,39.79,17.80425,0.0,12.710463
101104,2017-07-18,NO20/14,36.183,17.80425,0.0,12.710463
101105,2017-07-18,SK00/41,129.77,17.80425,0.0,12.710463
101106,2017-07-18,SU71/23,31.94,17.80425,0.0,12.710463
101107,2017-07-19,TF03/37,12.834,17.773,7.4999995,17.501587
101108,2017-07-19,SU71/23,31.94,17.773,7.4999995,17.501587
101109,2017-07-19,NO20/14,36.299,17.773,7.4999995,17.501587
101110,2017-07-19,NY63/2,130.347,17.773,7.4999995,17.501587
101111,2017-07-19,SN00/11,7.759,17.773,7.4999995,17.501587
101112,2017-07-19,SU81/1,39.74,17.773,7.4999995,17.501587
101113,2017-07-19,SY68/34,65.462,17.773,7.4999995,17.501587
101114,2017-07-19,ST07/10,53.531,17.773,7.4999995,17.501587
101115,2017-07-19,TA10/63,15.706,17.773,7.4999995,17.501587
101116,2017-07-19,SK00/41,129.783,17.773,7.4999995,17.501587
101117,2017-07-19,SP00/62,100.3,17.773,7.4999995,17.501587
101118,2017-07-19,TR14/9,60.951,17.773,7.4999995,17.501587
101119,2017-07-19,NH95/17,29.21,17.773,7.4999995,17.501587
101120,2017-07-19,SJ15/13,79.226,17.773,7.4999995,17.501587
101121,2017-07-19,TQ25/86,89.82,17.773,7.4999995,17.501587
101122,2017-07-19,ID30/1,113.56,17.773,7.4999995,17.501587
101123,2017-07-19,SU01/5B,73.585,17.773,7.4999995,17.501587
101124,2017-07-19,TF81/2A,43.163,17.773,7.4999995,17.501587
101125,2017-07-19,SU17/57,131.24,17.773,7.4999995,17.501587
101126,2017-07-20,SU81/1,39.72,13.918834,2.3,13.222245
101127,2017-07-20,SY68/34,65.441,13.918834,2.3,13.222245
101128,2017-07-20,ID30/1,113.55,13.918834,2.3,13.222245
101129,2017-07-20,TV59/7C,1.37,13.918834,2.3,13.222245
101130,2017-07-20,NO20/14,36.36,13.918834,2.3,13.222245
101131,2017-07-20,ST07/10,53.485,13.918834,2.3,13.222245
101132,2017-07-20,SU71/23,31.93,13.918834,2.3,13.222245
101133,2017-07-20,NH95/17,29.225,13.918834,2.3,13.222245
101134,2017-07-20,NY63/2,130.374,13.918834,2.3,13.222245
101135,2017-07-20,SE94/5,16.28,13.918834,2.3,13.222245
101136,2017-07-20,SJ15/13,79.211,13.918834,2.3,13.222245
101137,2017-07-20,TA10/63,15.663,13.918834,2.3,13.222245
101138,2017-07-20,SU01/5B,73.51,13.918834,2.3,13.222245
101139,2017-07-20,TF03/37,12.816,13.918834,2.3,13.222245
101140,2017-07-20,SU17/57,131.181,13.918834,2.3,13.222245
101141,2017-07-20,TR14/9,60.909,13.918834,2.3,13.222245
101142,2017-07-20,SN00/11,7.754,13.918834,2.3,13.222245
101143,2017-07-20,SK00/41,129.79,13.918834,2.3,13.222245
101144,2017-07-20,TF81/2A,43.154,13.918834,2.3,13.222245
101145,2017-07-21,ID30/1,113.59,15.450085,3.9,21.176243
101146,2017-07-21,TR14/9,60.866,15.450085,3.9,21.176243
101147,2017-07-21,SK00/41,129.765,15.450085,3.9,21.176243
101148,2017-07-21,SU01/5B,73.444,15.450085,3.9,21.176243
101149,2017-07-21,SU17/57,131.149,15.450085,3.9,21.176243
101150,2017-07-21,SU71/23,31.92,15.450085,3.9,21.176243
101151,2017-07-21,ST07/10,54.118,15.450085,3.9,21.176243
101152,2017-07-21,TA10/63,15.636,15.450085,3.9,21.176243
101153,2017-07-21,NO20/14,36.357,15.450085,3.9,21.176243
101154,2017-07-21,NY63/2,130.337,15.450085,3.9,21.176243
101155,2017-07-21,TF03/37,12.803,15.450085,3.9,21.176243
101156,2017-07-21,SJ15/13,79.215,15.450085,3.9,21.176243
101157,2017-07-21,TF81/2A,43.15,15.450085,3.9,21.176243
101158,2017-07-21,SN00/11,7.913,15.450085,3.9,21.176243
101159,2017-07-21,SU81/1,39.59,15.450085,3.9,21.176243
101160,2017-07-21,NH95/17,29.223,15.450085,3.9,21.176243
101161,2017-07-21,SY68/34,65.426,15.450085,3.9,21.176243
101162,2017-07-22,SY68/34,65.417,15.381333,12.1,9.832546
101163,2017-07-22,ST07/10,55.347,15.381333,12.1,9.832546
101164,2017-07-22,SU71/23,31.9,15.381333,12.1,9.832546
101165,2017-07-22,NY63/2,130.33,15.381333,12.1,9.832546
101166,2017-07-22,SU01/5B,73.397,15.381333,12.1,9.832546
101167,2017-07-22,SU81/1,39.54,15.381333,12.1,9.832546
101168,2017-07-22,TF81/2A,43.141,15.381333,12.1,9.832546
101169,2017-07-22,TA10/63,15.601,15.381333,12.1,9.832546
101170,2017-07-22,TR14/9,60.822,15.381333,12.1,9.832546
101171,2017-07-22,NO20/14,36.363,15.381333,12.1,9.832546
101172,2017-07-22,ID30/1,113.7,15.381333,12.1,9.832546
101173,2017-07-22,SN00/11,7.968,15.381333,12.1,9.832546
101174,2017-07-22,SU17/57,131.121,15.381333,12.1,9.832546
101175,2017-07-22,SJ15/13,79.191,15.381333,12.1,9.832546
101176,2017-07-22,SK00/41,129.76,15.381333,12.1,9.832546
101177,2017-07-22,TF03/37,12.793,15.381333,12.1,9.832546
101178,2017-07-22,NH95/17,29.209,15.381333,12.1,9.832546
101179,2017-07-23,NY63/2,130.322,14.40425,6.0,9.8385935
101180,2017-07-23,TR14/9,60.777,14.40425,6.0,9.8385935
101181,2017-07-23,SU71/23,31.87,14.40425,6.0,9.8385935
101182,2017-07-23,TF81/2A,43.134,14.40425,6.0,9.8385935
101183,2017-07-23,SU17/57,131.093,14.40425,6.0,9.8385935
101184,2017-07-23,SY68/34,65.401,14.40425,6.0,9.8385935
101185,2017-07-23,SJ15/13,79.17,14.40425,6.0,9.8385935
101186,2017-07-23,ID30/1,113.78,14.40425,6.0,9.8385935
101187,2017-07-23,NO20/14,36.383,14.40425,6.0,9.8385935
101188,2017-07-23,SU01/5B,73.334,14.40425,6.0,9.8385935
101189,2017-07-23,TL33/67,75.38,14.40425,6.0,9.8385935
101190,2017-07-23,SU81/1,39.51,14.40425,6.0,9.8385935
101191,2017-07-23,SN00/11,7.975,14.40425,6.0,9.8385935
101192,2017-07-23,NH95/17,29.204,14.40425,6.0,9.8385935
101193,2017-07-23,ST07/10,57.115,14.40425,6.0,9.8385935
101194,2017-07-23,SK00/41,129.756,14.40425,6.0,9.8385935
101195,2017-07-23,TF03/37,12.796,14.40425,6.0,9.8385935
101196,2017-07-23,TA10/63,15.567,14.40425,6.0,9.8385935
101197,2017-07-24,TF81/2A,43.126,15.372997,0.0,13.715184
101198,2017-07-24,SU17/57,131.06,15.372997,0.0,13.715184
101199,2017-07-24,NO20/14,36.365,15.372997,0.0,13.715184
101200,2017-07-24,SK00/41,129.75,15.372997,0.0,13.715184
101201,2017-07-24,TR14/9,60.735,15.372997,0.0,13.715184
101202,2017-07-24,SN00/11,7.965,15.372997,0.0,13.715184
101203,2017-07-24,TF03/37,12.765,15.372997,0.0,13.715184
101204,2017-07-24,SU81/1,39.48,15.372997,0.0,13.715184
101205,2017-07-24,ID30/1,113.77,15.372997,0.0,13.715184
101206,2017-07-24,SY68/34,65.384,15.372997,0.0,13.715184
101207,2017-07-24,ST07/10,58.089,15.372997,0.0,13.715184
101208,2017-07-24,TM15/112,25.17,15.372997,0.0,13.715184
101209,2017-07-24,TA10/63,15.532,15.372997,0.0,13.715184
101210,2017-07-24,SU71/23,31.84,15.372997,0.0,13.715184
101211,2017-07-24,NY63/2,130.307,15.372997,0.0,13.715184
101212,2017-07-24,SU01/5B,73.266,15.372997,0.0,13.715184
101213,2017-07-24,SJ15/13,79.159,15.372997,0.0,13.715184
101214,2017-07-24,NH95/17,29.191,15.372997,0.0,13.715184
101215,2017-07-25,SU81/1,39.41,15.473,0.3,4.523999
101216,2017-07-25,SN00/11,7.963,15.473,0.3,4.523999
101217,2017-07-25,TF81/2A,43.121,15.473,0.3,4.523999
101218,2017-07-25,NH95/17,29.175,15.473,0.3,4.523999
101219,2017-07-25,SU17/57,131.029,15.473,0.3,4.523999
101220,2017-07-25,NO20/14,36.367,15.473,0.3,4.523999
101221,2017-07-25,SY68/34,65.366,15.473,0.3,4.523999
101222,2017-07-25,TA10/63,15.507,15.473,0.3,4.523999
101223,2017-07-25,SJ15/13,79.18,15.473,0.3,4.523999
101224,2017-07-25,TR14/9,60.694,15.473,0.3,4.523999
101225,2017-07-25,SU01/5B,73.212,15.473,0.3,4.523999
101226,2017-07-25,SU71/23,31.81,15.473,0.3,4.523999
101227,2017-07-25,ST07/10,58.317,15.473,0.3,4.523999
101228,2017-07-25,SK00/41,129.75,15.473,0.3,4.523999
101229,2017-07-25,ID30/1,113.73,15.473,0.3,4.523999
101230,2017-07-25,TF03/37,12.787,15.473,0.3,4.523999
101231,2017-07-25,NY63/2,130.29,15.473,0.3,4.523999
101232,2017-07-26,SY68/34,65.352,15.0605,15.8,16.14378
101233,2017-07-26,NH95/17,29.222,15.0605,15.8,16.14378
101234,2017-07-26,SJ15/13,79.198,15.0605,15.8,16.14378
101235,2017-07-26,SU71/23,31.77,15.0605,15.8,16.14378
101236,2017-07-26,SP00/62,100.28,15.0605,15.8,16.14378
101237,2017-07-26,NO20/14,36.41,15.0605,15.8,16.14378
101238,2017-07-26,SK00/41,129.75,15.0605,15.8,16.14378
101239,2017-07-26,ID30/1,113.95,15.0605,15.8,16.14378
101240,2017-07-26,SN00/11,8.009,15.0605,15.8,16.14378
101241,2017-07-26,ST07/10,58.3,15.0605,15.8,16.14378
101242,2017-07-26,SU81/1,39.32,15.0605,15.8,16.14378
101243,2017-07-26,TA10/63,15.487,15.0605,15.8,16.14378
101244,2017-07-26,TF81/2A,43.12,15.0605,15.8,16.14378
101245,2017-07-26,TR14/9,60.653,15.0605,15.8,16.14378
101246,2017-07-26,TF03/37,12.794,15.0605,15.8,16.14378
101247,2017-07-26,SU17/57,131.02,15.0605,15.8,16.14378
101248,2017-07-26,SU01/5B,73.178,15.0605,15.8,16.14378
101249,2017-07-26,TQ25/86,89.42,15.0605,15.8,16.14378
101250,2017-07-26,NY63/2,130.324,15.0605,15.8,16.14378
101251,2017-07-27,TF81/2A,43.112,12.991749,10.500002,11.830963
101252,2017-07-27,ST07/10,58.278,12.991749,10.500002,11.830963
101253,2017-07-27,NY63/2,130.342,12.991749,10.500002,11.830963
101254,2017-07-27,NO20/14,36.39,12.991749,10.500002,11.830963
101255,2017-07-27,SU81/1,39.27,12.991749,10.500002,11.830963
101256,2017-07-27,SU17/57,130.974,12.991749,10.500002,11.830963
101257,2017-07-27,SY68/34,65.335,12.991749,10.500002,11.830963
101258,2017-07-27,NH95/17,29.215,12.991749,10.500002,11.830963
101259,2017-07-27,SU71/23,31.74,12.991749,10.500002,11.830963
101260,2017-07-27,TF03/37,12.742,12.991749,10.500002,11.830963
101261,2017-07-27,SJ15/13,79.189,12.991749,10.500002,11.830963
101262,2017-07-27,SU01/5B,73.147,12.991749,10.500002,11.830963
101263,2017-07-27,SK00/41,129.75,12.991749,10.500002,11.830963
101264,2017-07-27,TR14/9,60.611,12.991749,10.500002,11.830963
101265,2017-07-27,ID30/1,114.13,12.991749,10.500002,11.830963
101266,2017-07-27,TA10/63,15.451,12.991749,10.500002,11.830963
101267,2017-07-27,SN00/11,8.007,12.991749,10.500002,11.830963
101268,2017-07-28,TA10/63,15.5,14.1188345,5.7,13.413478
101269,2017-07-28,TF03/37,12.721,14.1188345,5.7,13.413478
101270,2017-07-28,SU17/57,130.946,14.1188345,5.7,13.413478
101271,2017-07-28,SU71/23,31.7,14.1188345,5.7,13.413478
101272,2017-07-28,SU01/5B,73.12,14.1188345,5.7,13.413478
101273,2017-07-28,TR14/9,60.574,14.1188345,5.7,13.413478
101274,2017-07-28,SY68/34,65.319,14.1188345,5.7,13.413478
101275,2017-07-28,TF81/2A,43.104,14.1188345,5.7,13.413478
101276,2017-07-28,SN00/11,8.024,14.1188345,5.7,13.413478
101277,2017-07-28,SU81/1,39.21,14.1188345,5.7,13.413478
101278,2017-07-28,SJ15/13,79.183,14.1188345,5.7,13.413478
101279,2017-07-28,NH95/17,29.179,14.1188345,5.7,13.413478
101280,2017-07-28,ID30/1,114.11,14.1188345,5.7,13.413478
101281,2017-07-28,SK00/41,129.75,14.1188345,5.7,13.413478
101282,2017-07-28,NY63/2,130.335,14.1188345,5.7,13.413478
101283,2017-07-28,NO20/14,36.375,14.1188345,5.7,13.413478
101284,2017-07-28,ST07/10,58.257,14.1188345,5.7,13.413478
101285,2017-07-29,SY68/34,65.31,14.183417,4.9999995,13.745442
101286,2017-07-29,NH95/17,29.225,14.183417,4.9999995,13.745442
101287,2017-07-29,NO20/14,36.364,14.183417,4.9999995,13.745442
101288,2017-07-29,TR14/9,60.532,14.183417,4.9999995,13.745442
101289,2017-07-29,SK00/41,129.75,14.183417,4.9999995,13.745442
101290,2017-07-29,TF03/37,12.698,14.183417,4.9999995,13.745442
101291,2017-07-29,ST07/10,58.542,14.183417,4.9999995,13.745442
101292,2017-07-29,NY63/2,130.314,14.183417,4.9999995,13.745442
101293,2017-07-29,SN00/11,8.033,14.183417,4.9999995,13.745442
101294,2017-07-29,SJ15/13,79.176,14.183417,4.9999995,13.745442
101295,2017-07-29,TF81/2A,43.1,14.183417,4.9999995,13.745442
101296,2017-07-29,SU81/1,39.2,14.183417,4.9999995,13.745442
101297,2017-07-29,SU17/57,130.913,14.183417,4.9999995,13.745442
101298,2017-07-29,SU71/23,31.66,14.183417,4.9999995,13.745442
101299,2017-07-29,ID30/1,114.14,14.183417,4.9999995,13.745442
101300,2017-07-29,SU01/5B,73.109,14.183417,4.9999995,13.745442
101301,2017-07-30,SU81/1,39.11,13.975082,5.599999,14.219138
101302,2017-07-30,NH95/17,29.194,13.975082,5.599999,14.219138
101303,2017-07-30,TF03/37,12.69,13.975082,5.599999,14.219138
101304,2017-07-30,ST07/10,59.181,13.975082,5.599999,14.219138
101305,2017-07-30,TR14/9,60.493,13.975082,5.599999,14.219138
101306,2017-07-30,NY63/2,130.307,13.975082,5.599999,14.219138
101307,2017-07-30,NO20/14,36.362,13.975082,5.599999,14.219138
101308,2017-07-30,SJ15/13,79.168,13.975082,5.599999,14.219138
101309,2017-07-30,SU01/5B,73.099,13.975082,5.599999,14.219138
101310,2017-07-30,SY68/34,65.297,13.975082,5.599999,14.219138
101311,2017-07-30,TF81/2A,43.094,13.975082,5.599999,14.219138
101312,2017-07-30,SU71/23,31.63,13.975082,5.599999,14.219138
101313,2017-07-30,ID30/1,114.21,13.975082,5.599999,14.219138
101314,2017-07-30,SU17/57,130.88,13.975082,5.599999,14.219138
101315,2017-07-30,SN00/11,8.023,13.975082,5.599999,14.219138
101316,2017-07-30,SK00/41,129.75,13.975082,5.599999,14.219138
101317,2017-07-31,SU01/5B,73.089,14.000085,21.0,15.027637
101318,2017-07-31,SK00/41,129.741,14.000085,21.0,15.027637
101319,2017-07-31,ST07/10,60.804,14.000085,21.0,15.027637
101320,2017-07-31,TR14/9,59.266,14.000085,21.0,15.027637
101321,2017-07-31,SP00/62,100.26,14.000085,21.0,15.027637
101322,2017-07-31,ID30/1,114.3,14.000085,21.0,15.027637
101323,2017-07-31,SU81/1,39.09,14.000085,21.0,15.027637
101324,2017-07-31,SN00/11,7.993,14.000085,21.0,15.027637
101325,2017-07-31,TF03/37,12.674,14.000085,21.0,15.027637
101326,2017-07-31,SU17/57,130.85,14.000085,21.0,15.027637
101327,2017-07-31,SY68/34,65.283,14.000085,21.0,15.027637
101328,2017-07-31,TQ25/86,89.02,14.000085,21.0,15.027637
101329,2017-07-31,TL44/12,34.55,14.000085,21.0,15.027637
101330,2017-07-31,SJ15/13,79.154,14.000085,21.0,15.027637
101331,2017-07-31,NH95/17,29.168,14.000085,21.0,15.027637
101332,2017-07-31,TF81/2A,43.092,14.000085,21.0,15.027637
101333,2017-07-31,NY63/2,130.285,14.000085,21.0,15.027637
101334,2017-07-31,NO20/14,36.348,14.000085,21.0,15.027637
101335,2017-07-31,SU71/23,31.59,14.000085,21.0,15.027637
101336,2017-08-01,TF03/37,12.618,14.000083,9.6,12.883881
101337,2017-08-01,NO20/14,36.334,14.000083,9.6,12.883881
101338,2017-08-01,SU71/23,31.55,14.000083,9.6,12.883881
101339,2017-08-01,TL33/4,75.2,14.000083,9.6,12.883881
101340,2017-08-01,NH95/17,29.179,14.000083,9.6,12.883881
101341,2017-08-01,SU01/5B,73.085,14.000083,9.6,12.883881
101342,2017-08-01,SN00/11,7.978,14.000083,9.6,12.883881
101343,2017-08-01,ID30/1,114.34,14.000083,9.6,12.883881
101344,2017-08-01,SY68/34,65.266,14.000083,9.6,12.883881
101345,2017-08-01,SU17/57,130.828,14.000083,9.6,12.883881
101346,2017-08-01,SK00/41,129.735,14.000083,9.6,12.883881
101347,2017-08-01,TF81/2A,43.086,14.000083,9.6,12.883881
101348,2017-08-01,SU81/1,38.98,14.000083,9.6,12.883881
101349,2017-08-01,ST07/10,61.344,14.000083,9.6,12.883881
101350,2017-08-01,NY63/2,130.265,14.000083,9.6,12.883881
101351,2017-08-01,SJ15/13,79.149,14.000083,9.6,12.883881
101352,2017-08-01,TL33/67,75.29,14.000083,9.6,12.883881
101353,2017-08-02,ID30/1,114.38,14.835499,3.6,15.430256
101354,2017-08-02,SJ15/13,79.175,14.835499,3.6,15.430256
101355,2017-08-02,TF03/37,12.618,14.835499,3.6,15.430256
101356,2017-08-02,SN00/11,8.028,14.835499,3.6,15.430256
101357,2017-08-02,SY68/34,65.308,14.835499,3.6,15.430256
101358,2017-08-02,SK00/41,129.736,14.835499,3.6,15.430256
101359,2017-08-02,NH95/17,29.192,14.835499,3.6,15.430256
101360,2017-08-02,NY63/2,130.257,14.835499,3.6,15.430256
101361,2017-08-02,ST07/10,61.126,14.835499,3.6,15.430256
101362,2017-08-02,TF81/2A,43.079,14.835499,3.6,15.430256
101363,2017-08-02,SU17/57,130.803,14.835499,3.6,15.430256
101364,2017-08-02,NO20/14,36.339,14.835499,3.6,15.430256
101365,2017-08-02,SU01/5B,73.101,14.835499,3.6,15.430256
101366,2017-08-02,SU81/1,38.97,14.835499,3.6,15.430256
101367,2017-08-02,SU71/23,31.52,14.835499,3.6,15.430256
101368,2017-08-03,SU01/5B,73.128,15.127166,19.399998,15.983812
101369,2017-08-03,SU71/23,31.48,15.127166,19.399998,15.983812
101370,2017-08-03,SY68/34,65.314,15.127166,19.399998,15.983812
101371,2017-08-03,SJ15/13,79.16,15.127166,19.399998,15.983812
101372,2017-08-03,ST07/10,61.011,15.127166,19.399998,15.983812
101373,2017-08-03,SN00/11,8.027,15.127166,19.399998,15.983812
101374,2017-08-03,NY63/2,130.301,15.127166,19.399998,15.983812
101375,2017-08-03,SU81/1,38.95,15.127166,19.399998,15.983812
101376,2017-08-03,SK00/41,129.74,15.127166,19.399998,15.983812
101377,2017-08-03,TF03/37,12.578,15.127166,19.399998,15.983812
101378,2017-08-03,NO20/14,36.357,15.127166,19.399998,15.983812
101379,2017-08-03,ID30/1,114.5,15.127166,19.399998,15.983812
101380,2017-08-03,NH95/17,29.203,15.127166,19.399998,15.983812
101381,2017-08-03,SU17/57,130.774,15.127166,19.399998,15.983812
101382,2017-08-03,TF81/2A,43.085,15.127166,19.399998,15.983812
101383,2017-08-04,SU81/1,39.02,14.329251,1.9000002,17.890009
101384,2017-08-04,NO20/14,36.32,14.329251,1.9000002,17.890009
101385,2017-08-04,TV59/7C,1.35,14.329251,1.9000002,17.890009
101386,2017-08-04,NH95/17,29.19,14.329251,1.9000002,17.890009
101387,2017-08-04,NY63/2,130.3,14.329251,1.9000002,17.890009
101388,2017-08-04,SU71/23,31.45,14.329251,1.9000002,17.890009
101389,2017-08-04,SN00/11,8.009,14.329251,1.9000002,17.890009
101390,2017-08-04,SY68/34,65.304,14.329251,1.9000002,17.890009
101391,2017-08-04,SU01/5B,73.147,14.329251,1.9000002,17.890009
101392,2017-08-04,ID30/1,114.6,14.329251,1.9000002,17.890009
101393,2017-08-04,SJ15/13,79.132,14.329251,1.9000002,17.890009
101394,2017-08-04,SK00/41,129.732,14.329251,1.9000002,17.890009
101395,2017-08-04,TF81/2A,43.075,14.329251,1.9000002,17.890009
101396,2017-08-04,SU17/57,130.745,14.329251,1.9000002,17.890009
101397,2017-08-04,TF03/37,12.528,14.329251,1.9000002,17.890009
101398,2017-08-04,ST07/10,60.802,14.329251,1.9000002,17.890009
101399,2017-08-05,SU71/23,31.42,12.456333,1.9000001,11.340034
101400,2017-08-05,SJ15/13,79.119,12.456333,1.9000001,11.340034
101401,2017-08-05,ID30/1,114.55,12.456333,1.9000001,11.340034
101402,2017-08-05,SU01/5B,73.165,12.456333,1.9000001,11.340034
101403,2017-08-05,SY68/34,65.292,12.456333,1.9000001,11.340034
101404,2017-08-05,SN00/11,7.99,12.456333,1.9000001,11.340034
101405,2017-08-05,TF81/2A,43.064,12.456333,1.9000001,11.340034
101406,2017-08-05,NY63/2,130.253,12.456333,1.9000001,11.340034
101407,2017-08-05,SU17/57,130.717,12.456333,1.9000001,11.340034
101408,2017-08-05,NH95/17,29.21,12.456333,1.9000001,11.340034
101409,2017-08-05,ST07/10,60.564,12.456333,1.9000001,11.340034
101410,2017-08-05,TF03/37,12.489,12.456333,1.9000001,11.340034
101411,2017-08-05,NO20/14,36.303,12.456333,1.9000001,11.340034
101412,2017-08-05,SU81/1,39.0,12.456333,1.9000001,11.340034
101413,2017-08-05,SK00/41,129.726,12.456333,1.9000001,11.340034
101414,2017-08-06,SN00/11,7.996,12.337583,11.499999,11.679998
101415,2017-08-06,NO20/14,36.311,12.337583,11.499999,11.679998
101416,2017-08-06,TF03/37,12.503,12.337583,11.499999,11.679998
101417,2017-08-06,TF81/2A,43.055,12.337583,11.499999,11.679998
101418,2017-08-06,SU01/5B,73.193,12.337583,11.499999,11.679998
101419,2017-08-06,SY68/34,65.281,12.337583,11.499999,11.679998
101420,2017-08-06,SU81/1,38.92,12.337583,11.499999,11.679998
101421,2017-08-06,SU17/57,130.692,12.337583,11.499999,11.679998
101422,2017-08-06,SK00/41,129.72,12.337583,11.499999,11.679998
101423,2017-08-06,SU71/23,31.39,12.337583,11.499999,11.679998
101424,2017-08-06,NH95/17,29.22,12.337583,11.499999,11.679998
101425,2017-08-06,ID30/1,114.51,12.337583,11.499999,11.679998
101426,2017-08-06,ST07/10,60.495,12.337583,11.499999,11.679998
101427,2017-08-06,SJ15/13,79.132,12.337583,11.499999,11.679998
101428,2017-08-06,NY63/2,130.233,12.337583,11.499999,11.679998
101429,2017-08-07,NY63/2,130.262,13.595916,7.0999994,10.43358
101430,2017-08-07,SU71/23,31.37,13.595916,7.0999994,10.43358
101431,2017-08-07,ID30/1,114.59,13.595916,7.0999994,10.43358
101432,2017-08-07,SK00/41,129.72,13.595916,7.0999994,10.43358
101433,2017-08-07,SU81/1,38.87,13.595916,7.0999994,10.43358
101434,2017-08-07,SU01/5B,73.24,13.595916,7.0999994,10.43358
101435,2017-08-07,TF81/2A,43.052,13.595916,7.0999994,10.43358
101436,2017-08-07,SJ15/13,79.141,13.595916,7.0999994,10.43358
101437,2017-08-07,TF03/37,12.478,13.595916,7.0999994,10.43358
101438,2017-08-07,SN00/11,7.995,13.595916,7.0999994,10.43358
101439,2017-08-07,SY68/34,65.271,13.595916,7.0999994,10.43358
101440,2017-08-07,NO20/14,36.314,13.595916,7.0999994,10.43358
101441,2017-08-07,ST07/10,60.431,13.595916,7.0999994,10.43358
101442,2017-08-07,NH95/17,29.202,13.595916,7.0999994,10.43358
101443,2017-08-07,SU17/57,130.665,13.595916,7.0999994,10.43358
101444,2017-08-08,SU71/23,31.34,12.985501,2.6000001,6.937317
101445,2017-08-08,TF81/2A,43.051,12.985501,2.6000001,6.937317
101446,2017-08-08,NO20/14,36.298,12.985501,2.6000001,6.937317
101447,2017-08-08,TF03/37,12.473,12.985501,2.6000001,6.937317
101448,2017-08-08,SJ15/13,79.143,12.985501,2.6000001,6.937317
101449,2017-08-08,ID30/1,114.7,12.985501,2.6000001,6.937317
101450,2017-08-08,SN00/11,8.023,12.985501,2.6000001,6.937317
101451,2017-08-08,NY63/2,130.257,12.985501,2.6000001,6.937317
101452,2017-08-08,SY68/34,65.261,12.985501,2.6000001,6.937317
101453,2017-08-08,SU17/57,130.633,12.985501,2.6000001,6.937317
101454,2017-08-08,NH95/17,29.219,12.985501,2.6000001,6.937317
101455,2017-08-08,SK00/41,129.72,12.985501,2.6000001,6.937317
101456,2017-08-08,ST07/10,60.277,12.985501,2.6000001,6.937317
101457,2017-08-08,SU81/1,38.87,12.985501,2.6000001,6.937317
101458,2017-08-08,SU01/5B,73.296,12.985501,2.6000001,6.937317
101459,2017-08-09,ID30/1,114.71,14.01675,0.3,13.325465
101460,2017-08-09,TF81/2A,43.047,14.01675,0.3,13.325465
101461,2017-08-09,SU71/23,31.32,14.01675,0.3,13.325465
101462,2017-08-09,NY63/2,130.244,14.01675,0.3,13.325465
101463,2017-08-09,NO20/14,36.28,14.01675,0.3,13.325465
101464,2017-08-09,NH95/17,29.343,14.01675,0.3,13.325465
101465,2017-08-09,SP00/62,100.25,14.01675,0.3,13.325465
101466,2017-08-09,TF03/37,12.44,14.01675,0.3,13.325465
101467,2017-08-09,SJ15/13,79.119,14.01675,0.3,13.325465
101468,2017-08-09,ST07/10,60.079,14.01675,0.3,13.325465
101469,2017-08-09,TQ25/86,88.88,14.01675,0.3,13.325465
101470,2017-08-09,SU17/57,130.62,14.01675,0.3,13.325465
101471,2017-08-09,TL33/67,75.14,14.01675,0.3,13.325465
101472,2017-08-09,SU81/1,38.83,14.01675,0.3,13.325465
101473,2017-08-09,SN00/11,8.03,14.01675,0.3,13.325465
101474,2017-08-09,SU01/5B,73.341,14.01675,0.3,13.325465
101475,2017-08-09,SY68/34,65.254,14.01675,0.3,13.325465
101476,2017-08-09,SK00/41,129.714,14.01675,0.3,13.325465
101477,2017-08-10,NH95/17,29.288,13.643832,0.0,7.317199
101478,2017-08-10,SU01/5B,73.393,13.643832,0.0,7.317199
101479,2017-08-10,SU17/57,130.578,13.643832,0.0,7.317199
101480,2017-08-10,TF81/2A,43.034,13.643832,0.0,7.317199
101481,2017-08-10,NY63/2,130.216,13.643832,0.0,7.317199
101482,2017-08-10,SJ15/13,79.127,13.643832,0.0,7.317199
101483,2017-08-10,SK00/41,129.71,13.643832,0.0,7.317199
101484,2017-08-10,SU71/23,31.3,13.643832,0.0,7.317199
101485,2017-08-10,SN00/11,8.025,13.643832,0.0,7.317199
101486,2017-08-10,SU81/1,38.75,13.643832,0.0,7.317199
101487,2017-08-10,ID30/1,114.64,13.643832,0.0,7.317199
101488,2017-08-10,TF03/37,12.44,13.643832,0.0,7.317199
101489,2017-08-10,ST07/10,59.888,13.643832,0.0,7.317199
101490,2017-08-10,NO20/14,36.286,13.643832,0.0,7.317199
101491,2017-08-10,SY68/34,65.247,13.643832,0.0,7.317199
101492,2017-08-11,SK00/41,129.71,14.52925,4.2999997,15.168806
101493,2017-08-11,SU81/1,38.76,14.52925,4.2999997,15.168806
101494,2017-08-11,ID30/1,114.57,14.52925,4.2999997,15.168806
101495,2017-08-11,NH95/17,29.13,14.52925,4.2999997,15.168806
101496,2017-08-11,SN00/11,8.018,14.52925,4.2999997,15.168806
101497,2017-08-11,SU17/57,130.555,14.52925,4.2999997,15.168806
101498,2017-08-11,NY63/2,130.234,14.52925,4.2999997,15.168806
101499,2017-08-11,TF81/2A,43.031,14.52925,4.2999997,15.168806
101500,2017-08-11,TF03/37,12.439,14.52925,4.2999997,15.168806
101501,2017-08-11,SU01/5B,73.464,14.52925,4.2999997,15.168806
101502,2017-08-11,NO20/14,36.317,14.52925,4.2999997,15.168806
101503,2017-08-11,ST07/10,59.764,14.52925,4.2999997,15.168806
101504,2017-08-11,SJ15/13,79.15,14.52925,4.2999997,15.168806
101505,2017-08-11,SU71/23,31.28,14.52925,4.2999997,15.168806
101506,2017-08-11,SY68/34,65.242,14.52925,4.2999997,15.168806
101507,2017-08-12,TF81/2A,43.032,13.856332,5.2,11.877646
101508,2017-08-12,SJ15/13,79.13,13.856332,5.2,11.877646
101509,2017-08-12,NY63/2,130.259,13.856332,5.2,11.877646
101510,2017-08-12,SU17/57,130.526,13.856332,5.2,11.877646
101511,2017-08-12,SN00/11,7.994,13.856332,5.2,11.877646
101512,2017-08-12,NH95/17,29.196,13.856332,5.2,11.877646
101513,2017-08-12,NO20/14,36.29,13.856332,5.2,11.877646
101514,2017-08-12,SU81/1,38.74,13.856332,5.2,11.877646
101515,2017-08-12,TF03/37,12.378,13.856332,5.2,11.877646
101516,2017-08-12,SY68/34,65.239,13.856332,5.2,11.877646
101517,2017-08-12,ST07/10,59.617,13.856332,5.2,11.877646
101518,2017-08-12,SU71/23,31.27,13.856332,5.2,11.877646
101519,2017-08-12,SU01/5B,73.535,13.856332,5.2,11.877646
101520,2017-08-12,SK00/41,129.71,13.856332,5.2,11.877646
101521,2017-08-12,ID30/1,114.49,13.856332,5.2,11.877646
101522,2017-08-13,SU71/23,31.26,12.87925,0.0,7.6199627
101523,2017-08-13,TF81/2A,43.023,12.87925,0.0,7.6199627
101524,2017-08-13,SU01/5B,73.598,12.87925,0.0,7.6199627
101525,2017-08-13,SJ15/13,79.13,12.87925,0.0,7.6199627
101526,2017-08-13,SU17/57,130.495,12.87925,0.0,7.6199627
101527,2017-08-13,NY63/2,130.214,12.87925,0.0,7.6199627
101528,2017-08-13,ID30/1,114.41,12.87925,0.0,7.6199627
101529,2017-08-13,SN00/11,7.986,12.87925,0.0,7.6199627
101530,2017-08-13,SU81/1,38.7,12.87925,0.0,7.6199627
101531,2017-08-13,NH95/17,29.212,12.87925,0.0,7.6199627
101532,2017-08-13,ST07/10,59.402,12.87925,0.0,7.6199627
101533,2017-08-13,SY68/34,65.235,12.87925,0.0,7.6199627
101534,2017-08-13,NO20/14,36.273,12.87925,0.0,7.6199627
101535,2017-08-13,TF03/37,12.372,12.87925,0.0,7.6199627
101536,2017-08-13,SK00/41,129.71,12.87925,0.0,7.6199627
101537,2017-08-14,SU17/57,130.471,14.643833,12.999998,17.10291
101538,2017-08-14,ID30/1,114.72,14.643833,12.999998,17.10291
101539,2017-08-14,TF81/2A,43.016,14.643833,12.999998,17.10291
101540,2017-08-14,ST07/10,59.303,14.643833,12.999998,17.10291
101541,2017-08-14,SK00/41,129.71,14.643833,12.999998,17.10291
101542,2017-08-14,SU01/5B,73.675,14.643833,12.999998,17.10291
101543,2017-08-14,TF03/37,12.378,14.643833,12.999998,17.10291
101544,2017-08-14,NO20/14,36.299,14.643833,12.999998,17.10291
101545,2017-08-14,SN00/11,8.123,14.643833,12.999998,17.10291
101546,2017-08-14,NH95/17,29.16,14.643833,12.999998,17.10291
101547,2017-08-14,NY63/2,130.222,14.643833,12.999998,17.10291
101548,2017-08-14,SJ15/13,79.15,14.643833,12.999998,17.10291
101549,2017-08-14,SY68/34,65.233,14.643833,12.999998,17.10291
101550,2017-08-14,SU71/23,31.25,14.643833,12.999998,17.10291
101551,2017-08-14,SU81/1,38.67,14.643833,12.999998,17.10291
101552,2017-08-15,SJ15/13,79.133,14.423,12.4000025,12.242991
101553,2017-08-15,SN00/11,8.232,14.423,12.4000025,12.242991
101554,2017-08-15,SY68/34,65.232,14.423,12.4000025,12.242991
101555,2017-08-15,TF81/2A,43.017,14.423,12.4000025,12.242991
101556,2017-08-15,TF03/37,12.284,14.423,12.4000025,12.242991
101557,2017-08-15,NH95/17,29.104,14.423,12.4000025,12.242991
101558,2017-08-15,ID30/1,115.53,14.423,12.4000025,12.242991
101559,2017-08-15,SK00/41,129.708,14.423,12.4000025,12.242991
101560,2017-08-15,NY63/2,130.257,14.423,12.4000025,12.242991
101561,2017-08-15,SU17/57,130.444,14.423,12.4000025,12.242991
101562,2017-08-15,NO20/14,36.312,14.423,12.4000025,12.242991
101563,2017-08-15,SU01/5B,73.746,14.423,12.4000025,12.242991
101564,2017-08-15,ST07/10,59.178,14.423,12.4000025,12.242991
101565,2017-08-15,SU81/1,38.7,14.423,12.4000025,12.242991
101566,2017-08-15,SU71/23,31.25,14.423,12.4000025,12.242991
101567,2017-08-16,SJ15/13,79.152,14.95425,3.7,19.659334
101568,2017-08-16,SU81/1,38.65,14.95425,3.7,19.659334
101569,2017-08-16,SY68/34,65.23,14.95425,3.7,19.659334
101570,2017-08-16,NY63/2,130.232,14.95425,3.7,19.659334
101571,2017-08-16,SU71/23,31.25,14.95425,3.7,19.659334
101572,2017-08-16,SU17/57,130.43,14.95425,3.7,19.659334
101573,2017-08-16,TF03/37,12.274,14.95425,3.7,19.659334
101574,2017-08-16,NH95/17,29.1,14.95425,3.7,19.659334
101575,2017-08-16,SK00/41,129.703,14.95425,3.7,19.659334
101576,2017-08-16,NO20/14,36.305,14.95425,3.7,19.659334
101577,2017-08-16,TF81/2A,43.008,14.95425,3.7,19.659334
101578,2017-08-16,SU01/5B,73.816,14.95425,3.7,19.659334
101579,2017-08-16,TQ25/86,88.69,14.95425,3.7,19.659334
101580,2017-08-16,SP00/62,100.22,14.95425,3.7,19.659334
101581,2017-08-16,ST07/10,59.135,14.95425,3.7,19.659334
101582,2017-08-16,TL33/67,75.0,14.95425,3.7,19.659334
101583,2017-08-16,SN00/11,8.341,14.95425,3.7,19.659334
101584,2017-08-16,ID30/1,115.71,14.95425,3.7,19.659334
101585,2017-08-17,SU71/23,31.24,16.050083,7.1,14.252343
101586,2017-08-17,NY63/2,130.266,16.050083,7.1,14.252343
101587,2017-08-17,ST07/10,59.251,16.050083,7.1,14.252343
101588,2017-08-17,SU17/57,130.393,16.050083,7.1,14.252343
101589,2017-08-17,SN00/11,8.487,16.050083,7.1,14.252343
101590,2017-08-17,SJ15/13,79.158,16.050083,7.1,14.252343
101591,2017-08-17,TF81/2A,43.008,16.050083,7.1,14.252343
101592,2017-08-17,ID30/1,115.82,16.050083,7.1,14.252343
101593,2017-08-17,SU01/5B,73.897,16.050083,7.1,14.252343
101594,2017-08-17,TF03/37,12.254,16.050083,7.1,14.252343
101595,2017-08-17,NH95/17,29.016,16.050083,7.1,14.252343
101596,2017-08-17,SY68/34,65.234,16.050083,7.1,14.252343
101597,2017-08-17,SK00/41,129.71,16.050083,7.1,14.252343
101598,2017-08-17,NO20/14,36.331,16.050083,7.1,14.252343
101599,2017-08-17,SU81/1,38.65,16.050083,7.1,14.252343
101600,2017-08-18,SK00/41,129.71,13.027165,19.000004,16.475576
101601,2017-08-18,NH95/17,29.027,13.027165,19.000004,16.475576
101602,2017-08-18,TF03/37,12.216,13.027165,19.000004,16.475576
101603,2017-08-18,NY63/2,130.265,13.027165,19.000004,16.475576
101604,2017-08-18,SJ15/13,79.149,13.027165,19.000004,16.475576
101605,2017-08-18,SU17/57,130.362,13.027165,19.000004,16.475576
101606,2017-08-18,SU71/23,31.24,13.027165,19.000004,16.475576
101607,2017-08-18,ID30/1,115.82,13.027165,19.000004,16.475576
101608,2017-08-18,ST07/10,59.647,13.027165,19.000004,16.475576
101609,2017-08-18,SU81/1,38.61,13.027165,19.000004,16.475576
101610,2017-08-18,SU01/5B,73.968,13.027165,19.000004,16.475576
101611,2017-08-18,NO20/14,36.402,13.027165,19.000004,16.475576
101612,2017-08-18,SY68/34,65.236,13.027165,19.000004,16.475576
101613,2017-08-18,TF81/2A,43.003,13.027165,19.000004,16.475576
101614,2017-08-18,SN00/11,8.589,13.027165,19.000004,16.475576
101615,2017-08-19,SU01/5B,74.024,13.029251,5.299999,20.103155
101616,2017-08-19,NY63/2,130.246,13.029251,5.299999,20.103155
101617,2017-08-19,TF03/37,12.177,13.029251,5.299999,20.103155
101618,2017-08-19,SJ15/13,79.124,13.029251,5.299999,20.103155
101619,2017-08-19,SK00/41,129.701,13.029251,5.299999,20.103155
101620,2017-08-19,NO20/14,36.343,13.029251,5.299999,20.103155
101621,2017-08-19,ID30/1,115.8,13.029251,5.299999,20.103155
101622,2017-08-19,SU81/1,38.6,13.029251,5.299999,20.103155
101623,2017-08-19,SU17/57,130.338,13.029251,5.299999,20.103155
101624,2017-08-19,SN00/11,8.662,13.029251,5.299999,20.103155
101625,2017-08-19,SY68/34,65.234,13.029251,5.299999,20.103155
101626,2017-08-19,NH95/17,29.077,13.029251,5.299999,20.103155
101627,2017-08-19,SU71/23,31.24,13.029251,5.299999,20.103155
101628,2017-08-19,TF81/2A,42.997,13.029251,5.299999,20.103155
101629,2017-08-19,ST07/10,60.277,13.029251,5.299999,20.103155
101630,2017-08-20,SK00/41,129.692,13.631332,0.1,9.41349
101631,2017-08-20,NO20/14,36.292,13.631332,0.1,9.41349
101632,2017-08-20,ID30/1,115.67,13.631332,0.1,9.41349
101633,2017-08-20,SU01/5B,74.086,13.631332,0.1,9.41349
101634,2017-08-20,SU81/1,38.56,13.631332,0.1,9.41349
101635,2017-08-20,ST07/10,60.665,13.631332,0.1,9.41349
101636,2017-08-20,SY68/34,65.234,13.631332,0.1,9.41349
101637,2017-08-20,NY63/2,130.207,13.631332,0.1,9.41349
101638,2017-08-20,NH95/17,29.179,13.631332,0.1,9.41349
101639,2017-08-20,TF03/37,12.188,13.631332,0.1,9.41349
101640,2017-08-20,SJ15/13,79.122,13.631332,0.1,9.41349
101641,2017-08-20,SU71/23,31.23,13.631332,0.1,9.41349
101642,2017-08-20,SU17/57,130.316,13.631332,0.1,9.41349
101643,2017-08-20,SN00/11,8.742,13.631332,0.1,9.41349
101644,2017-08-20,TF81/2A,42.985,13.631332,0.1,9.41349
101645,2017-08-21,SU81/1,38.54,15.189667,2.1,9.989733
101646,2017-08-21,SU01/5B,74.157,15.189667,2.1,9.989733
101647,2017-08-21,SU71/23,31.22,15.189667,2.1,9.989733
101648,2017-08-21,SN00/11,8.787,15.189667,2.1,9.989733
101649,2017-08-21,ID30/1,115.52,15.189667,2.1,9.989733
101650,2017-08-21,SY68/34,65.237,15.189667,2.1,9.989733
101651,2017-08-21,NO20/14,36.272,15.189667,2.1,9.989733
101652,2017-08-21,SK00/41,129.69,15.189667,2.1,9.989733
101653,2017-08-21,TF03/37,12.189,15.189667,2.1,9.989733
101654,2017-08-21,ST07/10,61.017,15.189667,2.1,9.989733
101655,2017-08-21,NY63/2,130.195,15.189667,2.1,9.989733
101656,2017-08-21,SU17/57,130.295,15.189667,2.1,9.989733
101657,2017-08-21,TF81/2A,42.978,15.189667,2.1,9.989733
101658,2017-08-21,NH95/17,29.151,15.189667,2.1,9.989733
101659,2017-08-21,SJ15/13,79.128,15.189667,2.1,9.989733
101660,2017-08-22,NO20/14,36.233,18.595917,1.0000001,13.378731
101661,2017-08-22,SY68/34,65.237,18.595917,1.0000001,13.378731
101662,2017-08-22,SN00/11,8.806,18.595917,1.0000001,13.378731
101663,2017-08-22,ST07/10,61.168,18.595917,1.0000001,13.378731
101664,2017-08-22,SU71/23,31.2,18.595917,1.0000001,13.378731
101665,2017-08-22,SJ15/13,79.142,18.595917,1.0000001,13.378731
101666,2017-08-22,SU01/5B,74.235,18.595917,1.0000001,13.378731
101667,2017-08-22,TF03/37,12.162,18.595917,1.0000001,13.378731
101668,2017-08-22,NY63/2,130.204,18.595917,1.0000001,13.378731
101669,2017-08-22,SK00/41,129.69,18.595917,1.0000001,13.378731
101670,2017-08-22,SU17/57,130.271,18.595917,1.0000001,13.378731
101671,2017-08-22,ID30/1,115.4,18.595917,1.0000001,13.378731
101672,2017-08-22,SU81/1,38.52,18.595917,1.0000001,13.378731
101673,2017-08-22,NH95/17,29.109,18.595917,1.0000001,13.378731
101674,2017-08-22,TF81/2A,42.975,18.595917,1.0000001,13.378731
101675,2017-08-23,SU17/57,130.26,16.852167,0.8000001,12.931289
101676,2017-08-23,SJ15/13,79.137,16.852167,0.8000001,12.931289
101677,2017-08-23,SU81/1,38.51,16.852167,0.8000001,12.931289
101678,2017-08-23,SN00/11,8.798,16.852167,0.8000001,12.931289
101679,2017-08-23,TL33/67,74.85,16.852167,0.8000001,12.931289
101680,2017-08-23,SP00/62,100.2,16.852167,0.8000001,12.931289
101681,2017-08-23,ST07/10,61.202,16.852167,0.8000001,12.931289
101682,2017-08-23,TF03/37,12.136,16.852167,0.8000001,12.931289
101683,2017-08-23,SY68/34,65.234,16.852167,0.8000001,12.931289
101684,2017-08-23,SU71/23,31.19,16.852167,0.8000001,12.931289
101685,2017-08-23,SK00/41,129.69,16.852167,0.8000001,12.931289
101686,2017-08-23,SE94/5,15.63,16.852167,0.8000001,12.931289
101687,2017-08-23,NY63/2,130.223,16.852167,0.8000001,12.931289
101688,2017-08-23,ID30/1,115.45,16.852167,0.8000001,12.931289
101689,2017-08-23,NH95/17,29.013,16.852167,0.8000001,12.931289
101690,2017-08-23,SU01/5B,74.309,16.852167,0.8000001,12.931289
101691,2017-08-23,NO20/14,36.205,16.852167,0.8000001,12.931289
101692,2017-08-23,TQ25/86,88.48,16.852167,0.8000001,12.931289
101693,2017-08-23,TF81/2A,42.974,16.852167,0.8000001,12.931289
101694,2017-08-24,TF03/37,12.105,14.541752,2.9999998,9.7498865
101695,2017-08-24,NH95/17,28.963,14.541752,2.9999998,9.7498865
101696,2017-08-24,NO20/14,36.165,14.541752,2.9999998,9.7498865
101697,2017-08-24,SN00/11,8.783,14.541752,2.9999998,9.7498865
101698,2017-08-24,SK00/41,129.69,14.541752,2.9999998,9.7498865
101699,2017-08-24,SU17/57,130.222,14.541752,2.9999998,9.7498865
101700,2017-08-24,ID30/1,115.33,14.541752,2.9999998,9.7498865
101701,2017-08-24,SU81/1,38.51,14.541752,2.9999998,9.7498865
101702,2017-08-24,SY68/34,65.23,14.541752,2.9999998,9.7498865
101703,2017-08-24,SU01/5B,74.373,14.541752,2.9999998,9.7498865
101704,2017-08-24,SE95/6,20.28,14.541752,2.9999998,9.7498865
101705,2017-08-24,SU71/23,31.18,14.541752,2.9999998,9.7498865
101706,2017-08-24,NY63/2,130.212,14.541752,2.9999998,9.7498865
101707,2017-08-24,ST07/10,61.101,14.541752,2.9999998,9.7498865
101708,2017-08-24,SJ15/13,79.126,14.541752,2.9999998,9.7498865
101709,2017-08-24,TF81/2A,42.966,14.541752,2.9999998,9.7498865
101710,2017-08-25,SU01/5B,74.441,15.645916,0.3,12.337948
101711,2017-08-25,TF81/2A,42.959,15.645916,0.3,12.337948
101712,2017-08-25,ST07/10,60.908,15.645916,0.3,12.337948
101713,2017-08-25,SN00/11,8.761,15.645916,0.3,12.337948
101714,2017-08-25,SY68/34,65.228,15.645916,0.3,12.337948
101715,2017-08-25,NO20/14,36.185,15.645916,0.3,12.337948
101716,2017-08-25,NY63/2,130.195,15.645916,0.3,12.337948
101717,2017-08-25,NH95/17,28.804,15.645916,0.3,12.337948
101718,2017-08-25,SK00/41,129.69,15.645916,0.3,12.337948
101719,2017-08-25,SU17/57,130.202,15.645916,0.3,12.337948
101720,2017-08-25,TF03/37,12.065,15.645916,0.3,12.337948
101721,2017-08-25,SU71/23,31.18,15.645916,0.3,12.337948
101722,2017-08-25,SJ15/13,79.122,15.645916,0.3,12.337948
101723,2017-08-25,ID30/1,115.39,15.645916,0.3,12.337948
101724,2017-08-25,SU81/1,38.49,15.645916,0.3,12.337948
101725,2017-08-26,SK00/41,129.686,14.606332,3.3999999,8.908853
101726,2017-08-26,SU17/57,130.178,14.606332,3.3999999,8.908853
101727,2017-08-26,SY68/34,65.225,14.606332,3.3999999,8.908853
101728,2017-08-26,ST07/10,60.658,14.606332,3.3999999,8.908853
101729,2017-08-26,TF03/37,12.026,14.606332,3.3999999,8.908853
101730,2017-08-26,NO20/14,36.21,14.606332,3.3999999,8.908853
101731,2017-08-26,NH95/17,28.816,14.606332,3.3999999,8.908853
101732,2017-08-26,TF81/2A,42.955,14.606332,3.3999999,8.908853
101733,2017-08-26,ID30/1,115.43,14.606332,3.3999999,8.908853
101734,2017-08-26,SJ15/13,79.115,14.606332,3.3999999,8.908853
101735,2017-08-26,SU01/5B,74.507,14.606332,3.3999999,8.908853
101736,2017-08-26,SN00/11,8.726,14.606332,3.3999999,8.908853
101737,2017-08-26,SU81/1,38.47,14.606332,3.3999999,8.908853
101738,2017-08-26,SU71/23,31.17,14.606332,3.3999999,8.908853
101739,2017-08-26,NY63/2,130.189,14.606332,3.3999999,8.908853
101740,2017-08-27,NO20/14,36.222,14.627166,0.0,10.604234
101741,2017-08-27,NH95/17,28.783,14.627166,0.0,10.604234
101742,2017-08-27,SU01/5B,74.567,14.627166,0.0,10.604234
101743,2017-08-27,SJ15/13,79.113,14.627166,0.0,10.604234
101744,2017-08-27,NY63/2,130.177,14.627166,0.0,10.604234
101745,2017-08-27,SU71/23,31.16,14.627166,0.0,10.604234
101746,2017-08-27,TF03/37,12.006,14.627166,0.0,10.604234
101747,2017-08-27,SU17/57,130.15,14.627166,0.0,10.604234
101748,2017-08-27,SN00/11,8.688,14.627166,0.0,10.604234
101749,2017-08-27,SY68/34,65.221,14.627166,0.0,10.604234
101750,2017-08-27,SU81/1,38.47,14.627166,0.0,10.604234
101751,2017-08-27,ST07/10,60.493,14.627166,0.0,10.604234
101752,2017-08-27,ID30/1,115.36,14.627166,0.0,10.604234
101753,2017-08-27,TF81/2A,42.947,14.627166,0.0,10.604234
101754,2017-08-27,SK00/41,129.68,14.627166,0.0,10.604234
101755,2017-08-28,TF03/37,11.989,16.40425,4.1,14.609593
101756,2017-08-28,SU81/1,38.44,16.40425,4.1,14.609593
101757,2017-08-28,SJ15/13,79.117,16.40425,4.1,14.609593
101758,2017-08-28,SU01/5B,74.629,16.40425,4.1,14.609593
101759,2017-08-28,SK00/41,129.68,16.40425,4.1,14.609593
101760,2017-08-28,NO20/14,36.236,16.40425,4.1,14.609593
101761,2017-08-28,SN00/11,8.656,16.40425,4.1,14.609593
101762,2017-08-28,SU71/23,31.16,16.40425,4.1,14.609593
101763,2017-08-28,ID30/1,115.24,16.40425,4.1,14.609593
101764,2017-08-28,NY63/2,130.179,16.40425,4.1,14.609593
101765,2017-08-28,SY68/34,65.218,16.40425,4.1,14.609593
101766,2017-08-28,TF81/2A,42.941,16.40425,4.1,14.609593
101767,2017-08-28,SU17/57,130.126,16.40425,4.1,14.609593
101768,2017-08-28,NH95/17,28.714,16.40425,4.1,14.609593
101769,2017-08-29,SU71/23,31.15,12.808415,0.6,9.387684
101770,2017-08-29,NO20/14,36.226,12.808415,0.6,9.387684
101771,2017-08-29,NY63/2,130.184,12.808415,0.6,9.387684
101772,2017-08-29,SU17/57,130.104,12.808415,0.6,9.387684
101773,2017-08-29,SY68/34,65.215,12.808415,0.6,9.387684
101774,2017-08-29,TF81/2A,42.937,12.808415,0.6,9.387684
101775,2017-08-29,TM15/112,25.05,12.808415,0.6,9.387684
101776,2017-08-29,TF03/37,11.953,12.808415,0.6,9.387684
101777,2017-08-29,ID30/1,115.13,12.808415,0.6,9.387684
101778,2017-08-29,SK00/41,129.68,12.808415,0.6,9.387684
101779,2017-08-29,SU81/1,38.41,12.808415,0.6,9.387684
101780,2017-08-29,SJ15/13,79.117,12.808415,0.6,9.387684
101781,2017-08-29,NH95/17,28.859,12.808415,0.6,9.387684
101782,2017-08-29,SU01/5B,74.696,12.808415,0.6,9.387684
101783,2017-08-29,SN00/11,8.62,12.808415,0.6,9.387684
101784,2017-08-30,SN00/11,8.582,12.270916,0.2,6.642653
101785,2017-08-30,TF81/2A,42.932,12.270916,0.2,6.642653
101786,2017-08-30,NH95/17,28.981,12.270916,0.2,6.642653
101787,2017-08-30,ST07/10,59.664,12.270916,0.2,6.642653
101788,2017-08-30,SU17/57,130.1,12.270916,0.2,6.642653
101789,2017-08-30,TF03/37,11.887,12.270916,0.2,6.642653
101790,2017-08-30,TL33/67,74.82,12.270916,0.2,6.642653
101791,2017-08-30,ID30/1,115.05,12.270916,0.2,6.642653
101792,2017-08-30,SY68/34,65.212,12.270916,0.2,6.642653
101793,2017-08-30,SK00/41,129.68,12.270916,0.2,6.642653
101794,2017-08-30,SP00/62,100.15,12.270916,0.2,6.642653
101795,2017-08-30,NO20/14,36.219,12.270916,0.2,6.642653
101796,2017-08-30,NY63/2,130.18,12.270916,0.2,6.642653
101797,2017-08-30,SJ15/13,79.112,12.270916,0.2,6.642653
101798,2017-08-30,SU81/1,38.43,12.270916,0.2,6.642653
101799,2017-08-30,SU01/5B,74.748,12.270916,0.2,6.642653
101800,2017-08-30,TQ25/86,88.42,12.270916,0.2,6.642653
101801,2017-08-30,SU71/23,31.14,12.270916,0.2,6.642653
101802,2017-08-31,TL33/67,74.71,11.8355,2.8999999,5.669967
101803,2017-08-31,SU17/57,130.05,11.8355,2.8999999,5.669967
101804,2017-08-31,TF03/37,11.853,11.8355,2.8999999,5.669967
101805,2017-08-31,ST07/10,59.427,11.8355,2.8999999,5.669967
101806,2017-08-31,SP00/62,100.14,11.8355,2.8999999,5.669967
101807,2017-08-31,NH95/17,29.069,11.8355,2.8999999,5.669967
101808,2017-08-31,SU71/23,31.13,11.8355,2.8999999,5.669967
101809,2017-08-31,TR14/9,59.233,11.8355,2.8999999,5.669967
101810,2017-08-31,SJ15/13,79.102,11.8355,2.8999999,5.669967
101811,2017-08-31,TF81/2A,42.925,11.8355,2.8999999,5.669967
101812,2017-08-31,NY63/2,130.168,11.8355,2.8999999,5.669967
101813,2017-08-31,TQ25/86,88.25,11.8355,2.8999999,5.669967
101814,2017-08-31,SU01/5B,74.782,11.8355,2.8999999,5.669967
101815,2017-08-31,NO20/14,36.201,11.8355,2.8999999,5.669967
101816,2017-08-31,SK00/41,129.674,11.8355,2.8999999,5.669967
101817,2017-08-31,SN00/11,8.534,11.8355,2.8999999,5.669967
101818,2017-08-31,SY68/34,65.208,11.8355,2.8999999,5.669967
101819,2017-08-31,SU81/1,38.4,11.8355,2.8999999,5.669967
101820,2017-09-01,SU81/1,38.36,12.391751,0.4,6.9468274
101821,2017-09-01,TL33/4,74.93,12.391751,0.4,6.9468274
101822,2017-09-01,TF03/37,11.843,12.391751,0.4,6.9468274
101823,2017-09-01,SU01/5B,74.81,12.391751,0.4,6.9468274
101824,2017-09-01,ID30/1,114.81,12.391751,0.4,6.9468274
101825,2017-09-01,SJ15/13,79.094,12.391751,0.4,6.9468274
101826,2017-09-01,SK00/41,129.67,12.391751,0.4,6.9468274
101827,2017-09-01,TF81/2A,42.915,12.391751,0.4,6.9468274
101828,2017-09-01,ST07/10,59.19,12.391751,0.4,6.9468274
101829,2017-09-01,SU17/57,130.03,12.391751,0.4,6.9468274
101830,2017-09-01,SU71/23,31.12,12.391751,0.4,6.9468274
101831,2017-09-01,NH95/17,29.104,12.391751,0.4,6.9468274
101832,2017-09-01,SY68/34,65.202,12.391751,0.4,6.9468274
101833,2017-09-01,NO20/14,36.189,12.391751,0.4,6.9468274
101834,2017-09-01,SN00/11,8.479,12.391751,0.4,6.9468274
101835,2017-09-01,NY63/2,130.139,12.391751,0.4,6.9468274
101836,2017-09-01,TR14/9,59.195,12.391751,0.4,6.9468274
101837,2017-09-02,SK00/41,129.67,12.589665,0.0,7.7849736
101838,2017-09-02,NO20/14,36.203,12.589665,0.0,7.7849736
101839,2017-09-02,TR14/9,59.16,12.589665,0.0,7.7849736
101840,2017-09-02,ID30/1,114.78,12.589665,0.0,7.7849736
101841,2017-09-02,SU71/23,31.1,12.589665,0.0,7.7849736
101842,2017-09-02,NY63/2,130.131,12.589665,0.0,7.7849736
101843,2017-09-02,SN00/11,8.461,12.589665,0.0,7.7849736
101844,2017-09-02,SJ15/13,79.119,12.589665,0.0,7.7849736
101845,2017-09-02,SU17/57,130.008,12.589665,0.0,7.7849736
101846,2017-09-02,SY68/34,65.197,12.589665,0.0,7.7849736
101847,2017-09-02,SU81/1,38.37,12.589665,0.0,7.7849736
101848,2017-09-02,TF81/2A,42.906,12.589665,0.0,7.7849736
101849,2017-09-02,NH95/17,29.077,12.589665,0.0,7.7849736
101850,2017-09-02,ST07/10,58.953,12.589665,0.0,7.7849736
101851,2017-09-02,TF03/37,11.825,12.589665,0.0,7.7849736
101852,2017-09-02,SU01/5B,74.844,12.589665,0.0,7.7849736
101853,2017-09-03,SU71/23,31.09,13.798,2.2,19.539171
101854,2017-09-03,SU81/1,38.36,13.798,2.2,19.539171
101855,2017-09-03,NY63/2,130.169,13.798,2.2,19.539171
101856,2017-09-03,TF03/37,11.827,13.798,2.2,19.539171
101857,2017-09-03,NH95/17,28.961,13.798,2.2,19.539171
101858,2017-09-03,NO20/14,36.226,13.798,2.2,19.539171
101859,2017-09-03,SK00/41,129.675,13.798,2.2,19.539171
101860,2017-09-03,SN00/11,8.713,13.798,2.2,19.539171
101861,2017-09-03,SJ15/13,79.137,13.798,2.2,19.539171
101862,2017-09-03,TR14/9,59.12,13.798,2.2,19.539171
101863,2017-09-03,ID30/1,114.74,13.798,2.2,19.539171
101864,2017-09-03,SU17/57,129.991,13.798,2.2,19.539171
101865,2017-09-03,SY68/34,65.211,13.798,2.2,19.539171
101866,2017-09-03,ST07/10,58.754,13.798,2.2,19.539171
101867,2017-09-03,TF81/2A,42.901,13.798,2.2,19.539171
101868,2017-09-03,SU01/5B,74.891,13.798,2.2,19.539171
101869,2017-09-04,ID30/1,114.7,15.589665,4.6999993,15.031463
101870,2017-09-04,NY63/2,130.174,15.589665,4.6999993,15.031463
101871,2017-09-04,SJ15/13,79.13,15.589665,4.6999993,15.031463
101872,2017-09-04,ST07/10,58.538,15.589665,4.6999993,15.031463
101873,2017-09-04,TF81/2A,42.9,15.589665,4.6999993,15.031463
101874,2017-09-04,TR14/9,59.082,15.589665,4.6999993,15.031463
101875,2017-09-04,SU81/1,38.33,15.589665,4.6999993,15.031463
101876,2017-09-04,SU71/23,31.08,15.589665,4.6999993,15.031463
101877,2017-09-04,SU01/5B,74.905,15.589665,4.6999993,15.031463
101878,2017-09-04,SN00/11,8.881,15.589665,4.6999993,15.031463
101879,2017-09-04,NH95/17,28.92,15.589665,4.6999993,15.031463
101880,2017-09-04,TF03/37,11.804,15.589665,4.6999993,15.031463
101881,2017-09-04,SU17/57,129.971,15.589665,4.6999993,15.031463
101882,2017-09-04,NO20/14,36.22,15.589665,4.6999993,15.031463
101883,2017-09-04,SK00/41,129.675,15.589665,4.6999993,15.031463
101884,2017-09-04,SY68/34,65.222,15.589665,4.6999993,15.031463
101885,2017-09-05,ST07/10,58.37,14.189668,10.2,9.962632
101886,2017-09-05,SY68/34,65.221,14.189668,10.2,9.962632
101887,2017-09-05,SJ15/13,79.12,14.189668,10.2,9.962632
101888,2017-09-05,SU17/57,129.947,14.189668,10.2,9.962632
101889,2017-09-05,SN00/11,9.172,14.189668,10.2,9.962632
101890,2017-09-05,NY63/2,130.146,14.189668,10.2,9.962632
101891,2017-09-05,SU71/23,31.06,14.189668,10.2,9.962632
101892,2017-09-05,ID30/1,114.65,14.189668,10.2,9.962632
101893,2017-09-05,SU01/5B,74.906,14.189668,10.2,9.962632
101894,2017-09-05,NH95/17,28.945,14.189668,10.2,9.962632
101895,2017-09-05,TF03/37,11.788,14.189668,10.2,9.962632
101896,2017-09-05,SU81/1,38.33,14.189668,10.2,9.962632
101897,2017-09-05,NO20/14,36.207,14.189668,10.2,9.962632
101898,2017-09-05,SK00/41,129.67,14.189668,10.2,9.962632
101899,2017-09-05,TR14/9,59.044,14.189668,10.2,9.962632
101900,2017-09-05,TF81/2A,42.892,14.189668,10.2,9.962632
101901,2017-09-06,TF81/2A,42.883,12.343833,1.6000001,13.123724
101902,2017-09-06,TL33/67,74.55,12.343833,1.6000001,13.123724
101903,2017-09-06,SU71/23,31.05,12.343833,1.6000001,13.123724
101904,2017-09-06,TR14/9,59.008,12.343833,1.6000001,13.123724
101905,2017-09-06,TL44/12,34.46,12.343833,1.6000001,13.123724
101906,2017-09-06,SP00/62,100.11,12.343833,1.6000001,13.123724
101907,2017-09-06,TF03/37,11.77,12.343833,1.6000001,13.123724
101908,2017-09-06,SU17/57,129.922,12.343833,1.6000001,13.123724
101909,2017-09-06,SY68/34,65.215,12.343833,1.6000001,13.123724
101910,2017-09-06,SU01/5B,74.891,12.343833,1.6000001,13.123724
101911,2017-09-06,SJ15/13,79.1,12.343833,1.6000001,13.123724
101912,2017-09-06,SK00/41,129.67,12.343833,1.6000001,13.123724
101913,2017-09-06,SU81/1,38.31,12.343833,1.6000001,13.123724
101914,2017-09-06,ST07/10,58.255,12.343833,1.6000001,13.123724
101915,2017-09-06,TQ25/86,88.06,12.343833,1.6000001,13.123724
101916,2017-09-06,NO20/14,36.188,12.343833,1.6000001,13.123724
101917,2017-09-06,NY63/2,130.14,12.343833,1.6000001,13.123724
101918,2017-09-06,NH95/17,28.974,12.343833,1.6000001,13.123724
101919,2017-09-06,SN00/11,9.449,12.343833,1.6000001,13.123724
101920,2017-09-06,ID30/1,114.62,12.343833,1.6000001,13.123724
101921,2017-09-06,SJ62/235,54.08,12.343833,1.6000001,13.123724
101922,2017-09-07,SU17/57,129.905,13.125084,12.4,11.992624
101923,2017-09-07,NH95/17,28.888,13.125084,12.4,11.992624
101924,2017-09-07,SN00/11,9.678,13.125084,12.4,11.992624
101925,2017-09-07,TF81/2A,42.874,13.125084,12.4,11.992624
101926,2017-09-07,TF03/37,11.785,13.125084,12.4,11.992624
101927,2017-09-07,SK00/41,129.671,13.125084,12.4,11.992624
101928,2017-09-07,NY63/2,130.131,13.125084,12.4,11.992624
101929,2017-09-07,NO20/14,36.214,13.125084,12.4,11.992624
101930,2017-09-07,SU81/1,38.28,13.125084,12.4,11.992624
101931,2017-09-07,SU01/5B,74.904,13.125084,12.4,11.992624
101932,2017-09-07,ID30/1,114.54,13.125084,12.4,11.992624
101933,2017-09-07,SJ15/13,79.13,13.125084,12.4,11.992624
101934,2017-09-07,ST07/10,58.191,13.125084,12.4,11.992624
101935,2017-09-07,TR14/9,58.97,13.125084,12.4,11.992624
101936,2017-09-07,SY68/34,65.208,13.125084,12.4,11.992624
101937,2017-09-07,SU71/23,31.03,13.125084,12.4,11.992624
101938,2017-09-08,SK00/41,129.68,12.264665,10.400002,14.606761
101939,2017-09-08,TF81/2A,42.877,12.264665,10.400002,14.606761
101940,2017-09-08,ID30/1,114.47,12.264665,10.400002,14.606761
101941,2017-09-08,SN00/11,9.834,12.264665,10.400002,14.606761
101942,2017-09-08,SU01/5B,74.927,12.264665,10.400002,14.606761
101943,2017-09-08,TF03/37,11.771,12.264665,10.400002,14.606761
101944,2017-09-08,TR14/9,58.932,12.264665,10.400002,14.606761
101945,2017-09-08,NY63/2,130.196,12.264665,10.400002,14.606761
101946,2017-09-08,NO20/14,36.229,12.264665,10.400002,14.606761
101947,2017-09-08,SU81/1,38.33,12.264665,10.400002,14.606761
101948,2017-09-08,SJ15/13,79.16,12.264665,10.400002,14.606761
101949,2017-09-08,SU71/23,31.02,12.264665,10.400002,14.606761
101950,2017-09-08,ST07/10,58.127,12.264665,10.400002,14.606761
101951,2017-09-08,SY68/34,65.204,12.264665,10.400002,14.606761
101952,2017-09-08,NH95/17,28.844,12.264665,10.400002,14.606761
101953,2017-09-08,SU17/57,129.888,12.264665,10.400002,14.606761
101954,2017-09-09,TF03/37,11.761,12.064667,4.8,8.519102
101955,2017-09-09,NY63/2,130.202,12.064667,4.8,8.519102
101956,2017-09-09,NH95/17,28.92,12.064667,4.8,8.519102
101957,2017-09-09,NO20/14,36.199,12.064667,4.8,8.519102
101958,2017-09-09,SK00/41,129.68,12.064667,4.8,8.519102
101959,2017-09-09,SU81/1,38.32,12.064667,4.8,8.519102
101960,2017-09-09,SU01/5B,74.919,12.064667,4.8,8.519102
101961,2017-09-09,SN00/11,9.885,12.064667,4.8,8.519102
101962,2017-09-09,SJ15/13,79.15,12.064667,4.8,8.519102
101963,2017-09-09,TR14/9,58.896,12.064667,4.8,8.519102
101964,2017-09-09,TF81/2A,42.873,12.064667,4.8,8.519102
101965,2017-09-09,SY68/34,65.198,12.064667,4.8,8.519102
101966,2017-09-09,ID30/1,114.45,12.064667,4.8,8.519102
101967,2017-09-09,SU71/23,31.01,12.064667,4.8,8.519102
101968,2017-09-09,SU17/57,129.869,12.064667,4.8,8.519102
101969,2017-09-09,ST07/10,58.012,12.064667,4.8,8.519102
101970,2017-09-10,ST07/10,57.919,11.654251,8.099999,14.957259
101971,2017-09-10,SN00/11,9.917,11.654251,8.099999,14.957259
101972,2017-09-10,SU01/5B,74.912,11.654251,8.099999,14.957259
101973,2017-09-10,SU81/1,38.3,11.654251,8.099999,14.957259
101974,2017-09-10,SY68/34,65.193,11.654251,8.099999,14.957259
101975,2017-09-10,SU17/57,129.851,11.654251,8.099999,14.957259
101976,2017-09-10,NY63/2,130.162,11.654251,8.099999,14.957259
101977,2017-09-10,NO20/14,36.234,11.654251,8.099999,14.957259
101978,2017-09-10,TF03/37,11.813,11.654251,8.099999,14.957259
101979,2017-09-10,SK00/41,129.686,11.654251,8.099999,14.957259
101980,2017-09-10,SU71/23,30.99,11.654251,8.099999,14.957259
101981,2017-09-10,NH95/17,29.143,11.654251,8.099999,14.957259
101982,2017-09-10,ID30/1,114.48,11.654251,8.099999,14.957259
101983,2017-09-10,TF81/2A,42.861,11.654251,8.099999,14.957259
101984,2017-09-10,SJ15/13,79.16,11.654251,8.099999,14.957259
101985,2017-09-10,TR14/9,58.858,11.654251,8.099999,14.957259
101986,2017-09-11,TF03/37,11.754,11.764668,8.9,16.974796
101987,2017-09-11,SY68/34,65.188,11.764668,8.9,16.974796
101988,2017-09-11,NH95/17,29.208,11.764668,8.9,16.974796
101989,2017-09-11,SN00/11,9.876,11.764668,8.9,16.974796
101990,2017-09-11,ID30/1,114.56,11.764668,8.9,16.974796
101991,2017-09-11,TR14/9,58.822,11.764668,8.9,16.974796
101992,2017-09-11,SU17/57,129.828,11.764668,8.9,16.974796
101993,2017-09-11,ST07/10,57.927,11.764668,8.9,16.974796
101994,2017-09-11,SU71/23,30.98,11.764668,8.9,16.974796
101995,2017-09-11,TF81/2A,42.863,11.764668,8.9,16.974796
101996,2017-09-11,SU81/1,38.34,11.764668,8.9,16.974796
101997,2017-09-11,NO20/14,36.222,11.764668,8.9,16.974796
101998,2017-09-11,NY63/2,130.227,11.764668,8.9,16.974796
101999,2017-09-11,SU01/5B,74.896,11.764668,8.9,16.974796
102000,2017-09-11,SJ15/13,79.15,11.764668,8.9,16.974796
102001,2017-09-11,SK00/41,129.687,11.764668,8.9,16.974796
102002,2017-09-12,SN00/11,9.851,11.250085,14.9,16.175375
102003,2017-09-12,TF03/37,11.75,11.250085,14.9,16.175375
102004,2017-09-12,TF81/2A,42.846,11.250085,14.9,16.175375
102005,2017-09-12,SU71/23,30.96,11.250085,14.9,16.175375
102006,2017-09-12,ST07/10,57.955,11.250085,14.9,16.175375
102007,2017-09-12,SU81/1,38.32,11.250085,14.9,16.175375
102008,2017-09-12,SU17/57,129.807,11.250085,14.9,16.175375
102009,2017-09-12,NO20/14,36.186,11.250085,14.9,16.175375
102010,2017-09-12,SY68/34,65.183,11.250085,14.9,16.175375
102011,2017-09-12,TR14/9,58.786,11.250085,14.9,16.175375
102012,2017-09-12,SU01/5B,74.869,11.250085,14.9,16.175375
102013,2017-09-12,ID30/1,114.65,11.250085,14.9,16.175375
102014,2017-09-12,TL33/67,74.54,11.250085,14.9,16.175375
102015,2017-09-12,SK00/41,129.68,11.250085,14.9,16.175375
102016,2017-09-12,SJ15/13,79.13,11.250085,14.9,16.175375
102017,2017-09-12,NH95/17,29.263,11.250085,14.9,16.175375
102018,2017-09-12,NY63/2,130.161,11.250085,14.9,16.175375
102019,2017-09-13,TQ25/86,87.84,9.973001,17.599997,16.119436
102020,2017-09-13,TR14/9,58.747,9.973001,17.599997,16.119436
102021,2017-09-13,SU01/5B,74.867,9.973001,17.599997,16.119436
102022,2017-09-13,SU17/57,129.792,9.973001,17.599997,16.119436
102023,2017-09-13,SU71/23,30.95,9.973001,17.599997,16.119436
102024,2017-09-13,NH95/17,29.278,9.973001,17.599997,16.119436
102025,2017-09-13,SY68/34,65.178,9.973001,17.599997,16.119436
102026,2017-09-13,TF81/2A,42.853,9.973001,17.599997,16.119436
102027,2017-09-13,ST07/10,58.023,9.973001,17.599997,16.119436
102028,2017-09-13,NO20/14,36.193,9.973001,17.599997,16.119436
102029,2017-09-13,SP00/62,100.08,9.973001,17.599997,16.119436
102030,2017-09-13,SJ15/13,79.13,9.973001,17.599997,16.119436
102031,2017-09-13,SK00/41,129.678,9.973001,17.599997,16.119436
102032,2017-09-13,ID30/1,114.95,9.973001,17.599997,16.119436
102033,2017-09-13,NY63/2,130.235,9.973001,17.599997,16.119436
102034,2017-09-13,SU81/1,38.33,9.973001,17.599997,16.119436
102035,2017-09-13,SN00/11,9.792,9.973001,17.599997,16.119436
102036,2017-09-13,TF03/37,11.72,9.973001,17.599997,16.119436
102037,2017-09-14,SU17/57,129.776,9.845918,3.2,12.819834
102038,2017-09-14,SU81/1,38.3,9.845918,3.2,12.819834
102039,2017-09-14,TF81/2A,42.835,9.845918,3.2,12.819834
102040,2017-09-14,ID30/1,114.89,9.845918,3.2,12.819834
102041,2017-09-14,NY63/2,130.19,9.845918,3.2,12.819834
102042,2017-09-14,ST07/10,58.178,9.845918,3.2,12.819834
102043,2017-09-14,TR14/9,58.708,9.845918,3.2,12.819834
102044,2017-09-14,SK00/41,129.667,9.845918,3.2,12.819834
102045,2017-09-14,NO20/14,36.157,9.845918,3.2,12.819834
102046,2017-09-14,SN00/11,9.704,9.845918,3.2,12.819834
102047,2017-09-14,SU71/23,30.93,9.845918,3.2,12.819834
102048,2017-09-14,SU01/5B,74.844,9.845918,3.2,12.819834
102049,2017-09-14,SJ15/13,79.1,9.845918,3.2,12.819834
102050,2017-09-14,TL33/4,74.51,9.845918,3.2,12.819834
102051,2017-09-14,SY68/34,65.172,9.845918,3.2,12.819834
102052,2017-09-14,TF03/37,11.667,9.845918,3.2,12.819834
102053,2017-09-14,TL33/67,74.28,9.845918,3.2,12.819834
102054,2017-09-14,NH95/17,29.367,9.845918,3.2,12.819834
102055,2017-09-15,SU81/1,38.22,10.252168,6.699999,10.265473
102056,2017-09-15,SU17/57,129.761,10.252168,6.699999,10.265473
102057,2017-09-15,SU71/23,30.92,10.252168,6.699999,10.265473
102058,2017-09-15,ST07/10,58.334,10.252168,6.699999,10.265473
102059,2017-09-15,SJ15/13,79.1,10.252168,6.699999,10.265473
102060,2017-09-15,SY68/34,65.166,10.252168,6.699999,10.265473
102061,2017-09-15,TF81/2A,42.823,10.252168,6.699999,10.265473
102062,2017-09-15,SN00/11,9.66,10.252168,6.699999,10.265473
102063,2017-09-15,SU01/5B,74.843,10.252168,6.699999,10.265473
102064,2017-09-15,NO20/14,36.153,10.252168,6.699999,10.265473
102065,2017-09-15,TF03/37,11.673,10.252168,6.699999,10.265473
102066,2017-09-15,NH95/17,29.43,10.252168,6.699999,10.265473
102067,2017-09-15,SK00/41,129.66,10.252168,6.699999,10.265473
102068,2017-09-15,ID30/1,114.84,10.252168,6.699999,10.265473
102069,2017-09-15,NY63/2,130.154,10.252168,6.699999,10.265473
102070,2017-09-15,TR14/9,58.671,10.252168,6.699999,10.265473
102071,2017-09-16,SY68/34,65.159,9.643834,2.1,9.560193
102072,2017-09-16,SU17/57,129.743,9.643834,2.1,9.560193
102073,2017-09-16,SU71/23,30.9,9.643834,2.1,9.560193
102074,2017-09-16,SU81/1,38.25,9.643834,2.1,9.560193
102075,2017-09-16,ST07/10,58.489,9.643834,2.1,9.560193
102076,2017-09-16,TR14/9,58.634,9.643834,2.1,9.560193
102077,2017-09-16,SK00/41,129.652,9.643834,2.1,9.560193
102078,2017-09-16,TF03/37,11.66,9.643834,2.1,9.560193
102079,2017-09-16,SN00/11,9.623,9.643834,2.1,9.560193
102080,2017-09-16,ID30/1,114.78,9.643834,2.1,9.560193
102081,2017-09-16,TF81/2A,42.817,9.643834,2.1,9.560193
102082,2017-09-16,NH95/17,29.449,9.643834,2.1,9.560193
102083,2017-09-16,NO20/14,36.159,9.643834,2.1,9.560193
102084,2017-09-16,NY63/2,130.17,9.643834,2.1,9.560193
102085,2017-09-16,SJ15/13,79.13,9.643834,2.1,9.560193
102086,2017-09-16,SU01/5B,74.858,9.643834,2.1,9.560193
102087,2017-09-17,ID30/1,114.72,11.8896675,0.1,10.173391
102088,2017-09-17,TF03/37,11.635,11.8896675,0.1,10.173391
102089,2017-09-17,SN00/11,9.56,11.8896675,0.1,10.173391
102090,2017-09-17,TF81/2A,42.811,11.8896675,0.1,10.173391
102091,2017-09-17,NO20/14,36.152,11.8896675,0.1,10.173391
102092,2017-09-17,SJ15/13,79.14,11.8896675,0.1,10.173391
102093,2017-09-17,SU81/1,38.2,11.8896675,0.1,10.173391
102094,2017-09-17,SU71/23,30.89,11.8896675,0.1,10.173391
102095,2017-09-17,NY63/2,130.17,11.8896675,0.1,10.173391
102096,2017-09-17,TR14/9,58.596,11.8896675,0.1,10.173391
102097,2017-09-17,NH95/17,29.461,11.8896675,0.1,10.173391
102098,2017-09-17,ST07/10,58.644,11.8896675,0.1,10.173391
102099,2017-09-17,SK00/41,129.65,11.8896675,0.1,10.173391
102100,2017-09-17,SU17/57,129.724,11.8896675,0.1,10.173391
102101,2017-09-17,SU01/5B,74.867,11.8896675,0.1,10.173391
102102,2017-09-18,SY68/34,65.146,9.916751,1.5000001,6.412566
102103,2017-09-18,ID30/1,114.64,9.916751,1.5000001,6.412566
102104,2017-09-18,SJ15/13,79.14,9.916751,1.5000001,6.412566
102105,2017-09-18,TF81/2A,42.803,9.916751,1.5000001,6.412566
102106,2017-09-18,TR14/9,58.559,9.916751,1.5000001,6.412566
102107,2017-09-18,TF03/37,11.618,9.916751,1.5000001,6.412566
102108,2017-09-18,SU01/5B,74.87,9.916751,1.5000001,6.412566
102109,2017-09-18,SU71/23,30.87,9.916751,1.5000001,6.412566
102110,2017-09-18,NO20/14,36.156,9.916751,1.5000001,6.412566
102111,2017-09-18,SN00/11,9.503,9.916751,1.5000001,6.412566
102112,2017-09-18,SU17/57,129.705,9.916751,1.5000001,6.412566
102113,2017-09-18,NH95/17,29.444,9.916751,1.5000001,6.412566
102114,2017-09-18,NY63/2,130.163,9.916751,1.5000001,6.412566
102115,2017-09-18,SK00/41,129.642,9.916751,1.5000001,6.412566
102116,2017-09-18,SU81/1,38.2,9.916751,1.5000001,6.412566
102117,2017-09-18,ST07/10,58.8,9.916751,1.5000001,6.412566
102118,2017-09-19,NH95/17,29.421,9.4355,0.2,7.9635625
102119,2017-09-19,TR14/9,58.523,9.4355,0.2,7.9635625
102120,2017-09-19,TF81/2A,42.794,9.4355,0.2,7.9635625
102121,2017-09-19,NO20/14,36.157,9.4355,0.2,7.9635625
102122,2017-09-19,SJ15/13,79.15,9.4355,0.2,7.9635625
102123,2017-09-19,SK00/41,129.64,9.4355,0.2,7.9635625
102124,2017-09-19,SN00/11,9.453,9.4355,0.2,7.9635625
102125,2017-09-19,TF03/37,11.6,9.4355,0.2,7.9635625
102126,2017-09-19,SU01/5B,74.875,9.4355,0.2,7.9635625
102127,2017-09-19,ID30/1,114.57,9.4355,0.2,7.9635625
102128,2017-09-19,SU71/23,30.86,9.4355,0.2,7.9635625
102129,2017-09-19,SU81/1,38.19,9.4355,0.2,7.9635625
102130,2017-09-19,ST07/10,58.955,9.4355,0.2,7.9635625
102131,2017-09-19,SU17/57,129.686,9.4355,0.2,7.9635625
102132,2017-09-19,NY63/2,130.157,9.4355,0.2,7.9635625
102133,2017-09-19,SY68/34,65.14,9.4355,0.2,7.9635625
102134,2017-09-20,SU81/1,38.21,13.933415,2.6999998,17.264347
102135,2017-09-20,SY68/34,65.135,13.933415,2.6999998,17.264347
102136,2017-09-20,SK00/41,129.64,13.933415,2.6999998,17.264347
102137,2017-09-20,TF81/2A,42.788,13.933415,2.6999998,17.264347
102138,2017-09-20,NO20/14,36.168,13.933415,2.6999998,17.264347
102139,2017-09-20,TR14/9,58.484,13.933415,2.6999998,17.264347
102140,2017-09-20,SU71/23,30.84,13.933415,2.6999998,17.264347
102141,2017-09-20,NH95/17,29.312,13.933415,2.6999998,17.264347
102142,2017-09-20,SU01/5B,74.899,13.933415,2.6999998,17.264347
102143,2017-09-20,SJ15/13,79.17,13.933415,2.6999998,17.264347
102144,2017-09-20,NY63/2,130.169,13.933415,2.6999998,17.264347
102145,2017-09-20,SE95/6,20.566,13.933415,2.6999998,17.264347
102146,2017-09-20,SN00/11,9.44,13.933415,2.6999998,17.264347
102147,2017-09-20,ID30/1,114.64,13.933415,2.6999998,17.264347
102148,2017-09-20,SU17/57,129.674,13.933415,2.6999998,17.264347
102149,2017-09-20,TF03/37,11.574,13.933415,2.6999998,17.264347
102150,2017-09-20,SP00/62,100.06,13.933415,2.6999998,17.264347
102151,2017-09-20,ST07/10,59.111,13.933415,2.6999998,17.264347
102152,2017-09-20,TQ25/86,87.63,13.933415,2.6999998,17.264347
102153,2017-09-21,SJ15/13,79.17,12.804252,5.3,13.358123
102154,2017-09-21,NH95/17,29.406,12.804252,5.3,13.358123
102155,2017-09-21,NY63/2,130.191,12.804252,5.3,13.358123
102156,2017-09-21,SU71/23,30.83,12.804252,5.3,13.358123
102157,2017-09-21,NO20/14,36.157,12.804252,5.3,13.358123
102158,2017-09-21,SN00/11,9.469,12.804252,5.3,13.358123
102159,2017-09-21,SK00/41,129.639,12.804252,5.3,13.358123
102160,2017-09-21,SY68/34,65.138,12.804252,5.3,13.358123
102161,2017-09-21,SU17/57,129.658,12.804252,5.3,13.358123
102162,2017-09-21,TF81/2A,42.784,12.804252,5.3,13.358123
102163,2017-09-21,ID30/1,114.82,12.804252,5.3,13.358123
102164,2017-09-21,TR14/9,58.444,12.804252,5.3,13.358123
102165,2017-09-21,SU81/1,38.18,12.804252,5.3,13.358123
102166,2017-09-21,TF03/37,11.513,12.804252,5.3,13.358123
102167,2017-09-21,SU01/5B,74.914,12.804252,5.3,13.358123
102168,2017-09-21,ST07/10,59.266,12.804252,5.3,13.358123
102169,2017-09-21,SE94/5,15.32,12.804252,5.3,13.358123
102170,2017-09-22,SN00/11,9.505,11.697999,1.9000002,17.333609
102171,2017-09-22,TR14/9,58.404,11.697999,1.9000002,17.333609
102172,2017-09-22,SU81/1,38.14,11.697999,1.9000002,17.333609
102173,2017-09-22,SU01/5B,74.912,11.697999,1.9000002,17.333609
102174,2017-09-22,SU17/57,129.642,11.697999,1.9000002,17.333609
102175,2017-09-22,SJ15/13,79.16,11.697999,1.9000002,17.333609
102176,2017-09-22,ID30/1,114.94,11.697999,1.9000002,17.333609
102177,2017-09-22,ST07/10,59.421,11.697999,1.9000002,17.333609
102178,2017-09-22,SK00/41,129.63,11.697999,1.9000002,17.333609
102179,2017-09-22,TF81/2A,42.775,11.697999,1.9000002,17.333609
102180,2017-09-22,NH95/17,29.507,11.697999,1.9000002,17.333609
102181,2017-09-22,TF03/37,11.508,11.697999,1.9000002,17.333609
102182,2017-09-22,SY68/34,65.133,11.697999,1.9000002,17.333609
102183,2017-09-22,SU71/23,30.81,11.697999,1.9000002,17.333609
102184,2017-09-22,NO20/14,36.141,11.697999,1.9000002,17.333609
102185,2017-09-22,NY63/2,130.148,11.697999,1.9000002,17.333609
102186,2017-09-23,ST07/10,59.577,14.652165,0.8,17.151466
102187,2017-09-23,SU71/23,30.79,14.652165,0.8,17.151466
102188,2017-09-23,SU01/5B,74.922,14.652165,0.8,17.151466
102189,2017-09-23,SY68/34,65.128,14.652165,0.8,17.151466
102190,2017-09-23,SU17/57,129.625,14.652165,0.8,17.151466
102191,2017-09-23,SU81/1,38.11,14.652165,0.8,17.151466
102192,2017-09-23,SN00/11,9.557,14.652165,0.8,17.151466
102193,2017-09-23,TR14/9,58.367,14.652165,0.8,17.151466
102194,2017-09-23,SK00/41,129.63,14.652165,0.8,17.151466
102195,2017-09-23,TF81/2A,42.766,14.652165,0.8,17.151466
102196,2017-09-23,SJ15/13,79.16,14.652165,0.8,17.151466
102197,2017-09-23,NY63/2,130.148,14.652165,0.8,17.151466
102198,2017-09-23,NO20/14,36.145,14.652165,0.8,17.151466
102199,2017-09-23,NH95/17,29.467,14.652165,0.8,17.151466
102200,2017-09-23,ID30/1,114.99,14.652165,0.8,17.151466
102201,2017-09-23,TF03/37,11.46,14.652165,0.8,17.151466
102202,2017-09-24,TF03/37,11.453,14.779248,4.6,14.48438
102203,2017-09-24,SK00/41,129.63,14.779248,4.6,14.48438
102204,2017-09-24,SJ15/13,79.16,14.779248,4.6,14.48438
102205,2017-09-24,NY63/2,130.154,14.779248,4.6,14.48438
102206,2017-09-24,NO20/14,36.143,14.779248,4.6,14.48438
102207,2017-09-24,SU17/57,129.609,14.779248,4.6,14.48438
102208,2017-09-24,SU71/23,30.78,14.779248,4.6,14.48438
102209,2017-09-24,SU81/1,38.13,14.779248,4.6,14.48438
102210,2017-09-24,ID30/1,114.97,14.779248,4.6,14.48438
102211,2017-09-24,SN00/11,9.626,14.779248,4.6,14.48438
102212,2017-09-24,SY68/34,65.124,14.779248,4.6,14.48438
102213,2017-09-24,TF81/2A,42.761,14.779248,4.6,14.48438
102214,2017-09-24,ST07/10,59.732,14.779248,4.6,14.48438
102215,2017-09-24,TR14/9,58.331,14.779248,4.6,14.48438
102216,2017-09-24,NH95/17,29.443,14.779248,4.6,14.48438
102217,2017-09-24,SU01/5B,74.93,14.779248,4.6,14.48438
102218,2017-09-25,TF03/37,11.416,14.612582,5.499999,9.411401
102219,2017-09-25,NH95/17,29.491,14.612582,5.499999,9.411401
102220,2017-09-25,ID30/1,114.91,14.612582,5.499999,9.411401
102221,2017-09-25,SU01/5B,74.927,14.612582,5.499999,9.411401
102222,2017-09-25,SU17/57,129.594,14.612582,5.499999,9.411401
102223,2017-09-25,SU71/23,30.76,14.612582,5.499999,9.411401
102224,2017-09-25,TR14/9,58.293,14.612582,5.499999,9.411401
102225,2017-09-25,SK00/41,129.62,14.612582,5.499999,9.411401
102226,2017-09-25,SY68/34,65.119,14.612582,5.499999,9.411401
102227,2017-09-25,SU81/1,38.09,14.612582,5.499999,9.411401
102228,2017-09-25,TF81/2A,42.756,14.612582,5.499999,9.411401
102229,2017-09-25,SJ15/13,79.15,14.612582,5.499999,9.411401
102230,2017-09-25,NO20/14,36.14,14.612582,5.499999,9.411401
102231,2017-09-25,NY63/2,130.145,14.612582,5.499999,9.411401
102232,2017-09-25,SN00/11,9.665,14.612582,5.499999,9.411401
102233,2017-09-25,ST07/10,59.888,14.612582,5.499999,9.411401
102234,2017-09-26,TR14/9,58.258,14.377166,0.0,12.820623
102235,2017-09-26,SU81/1,38.05,14.377166,0.0,12.820623
102236,2017-09-26,TF03/37,11.393,14.377166,0.0,12.820623
102237,2017-09-26,SU01/5B,74.92,14.377166,0.0,12.820623
102238,2017-09-26,TM15/112,24.93,14.377166,0.0,12.820623
102239,2017-09-26,ID30/1,114.83,14.377166,0.0,12.820623
102240,2017-09-26,SN00/11,9.72,14.377166,0.0,12.820623
102241,2017-09-26,NH95/17,29.489,14.377166,0.0,12.820623
102242,2017-09-26,SY68/34,65.114,14.377166,0.0,12.820623
102243,2017-09-26,ST07/10,60.043,14.377166,0.0,12.820623
102244,2017-09-26,SK00/41,129.62,14.377166,0.0,12.820623
102245,2017-09-26,TF81/2A,42.749,14.377166,0.0,12.820623
102246,2017-09-26,SU71/23,30.75,14.377166,0.0,12.820623
102247,2017-09-26,SU17/57,129.578,14.377166,0.0,12.820623
102248,2017-09-26,TV59/7C,1.38,14.377166,0.0,12.820623
102249,2017-09-26,NO20/14,36.144,14.377166,0.0,12.820623
102250,2017-09-26,SJ15/13,79.15,14.377166,0.0,12.820623
102251,2017-09-26,NY63/2,130.141,14.377166,0.0,12.820623
102252,2017-09-27,SN00/11,9.92,14.714665,5.7000003,21.454498
102253,2017-09-27,SU81/1,38.02,14.714665,5.7000003,21.454498
102254,2017-09-27,SU71/23,30.73,14.714665,5.7000003,21.454498
102255,2017-09-27,SP00/62,100.05,14.714665,5.7000003,21.454498
102256,2017-09-27,NY63/2,130.149,14.714665,5.7000003,21.454498
102257,2017-09-27,SK00/41,129.62,14.714665,5.7000003,21.454498
102258,2017-09-27,TR14/9,58.223,14.714665,5.7000003,21.454498
102259,2017-09-27,ID30/1,114.88,14.714665,5.7000003,21.454498
102260,2017-09-27,TL33/67,74.2,14.714665,5.7000003,21.454498
102261,2017-09-27,TQ25/86,87.51,14.714665,5.7000003,21.454498
102262,2017-09-27,SJ15/13,79.17,14.714665,5.7000003,21.454498
102263,2017-09-27,SY68/34,65.112,14.714665,5.7000003,21.454498
102264,2017-09-27,ST07/10,60.198,14.714665,5.7000003,21.454498
102265,2017-09-27,NO20/14,36.154,14.714665,5.7000003,21.454498
102266,2017-09-27,TF03/37,11.388,14.714665,5.7000003,21.454498
102267,2017-09-27,NH95/17,29.412,14.714665,5.7000003,21.454498
102268,2017-09-27,SU01/5B,74.927,14.714665,5.7000003,21.454498
102269,2017-09-27,SU17/57,129.566,14.714665,5.7000003,21.454498
102270,2017-09-27,TF81/2A,42.743,14.714665,5.7000003,21.454498
102271,2017-09-28,NO20/14,36.163,14.418834,1.4000001,12.260739
102272,2017-09-28,SU71/23,30.71,14.418834,1.4000001,12.260739
102273,2017-09-28,SJ15/13,79.18,14.418834,1.4000001,12.260739
102274,2017-09-28,SY68/34,65.113,14.418834,1.4000001,12.260739
102275,2017-09-28,NH95/17,29.357,14.418834,1.4000001,12.260739
102276,2017-09-28,TF03/37,11.36,14.418834,1.4000001,12.260739
102277,2017-09-28,SN00/11,10.203,14.418834,1.4000001,12.260739
102278,2017-09-28,SU81/1,38.02,14.418834,1.4000001,12.260739
102279,2017-09-28,NY63/2,130.179,14.418834,1.4000001,12.260739
102280,2017-09-28,SK00/41,129.62,14.418834,1.4000001,12.260739
102281,2017-09-28,TF81/2A,42.74,14.418834,1.4000001,12.260739
102282,2017-09-28,TR14/9,58.187,14.418834,1.4000001,12.260739
102283,2017-09-28,ID30/1,115.09,14.418834,1.4000001,12.260739
102284,2017-09-28,SU01/5B,74.92,14.418834,1.4000001,12.260739
102285,2017-09-28,ST07/10,60.354,14.418834,1.4000001,12.260739
102286,2017-09-28,SU17/57,129.551,14.418834,1.4000001,12.260739
102287,2017-09-29,SK00/41,129.62,12.720916,5.3999987,15.849212
102288,2017-09-29,SJ15/13,79.21,12.720916,5.3999987,15.849212
102289,2017-09-29,SN00/11,10.456,12.720916,5.3999987,15.849212
102290,2017-09-29,SY68/34,65.111,12.720916,5.3999987,15.849212
102291,2017-09-29,TF03/37,11.342,12.720916,5.3999987,15.849212
102292,2017-09-29,TR14/9,58.15,12.720916,5.3999987,15.849212
102293,2017-09-29,ID30/1,115.11,12.720916,5.3999987,15.849212
102294,2017-09-29,SU01/5B,74.914,12.720916,5.3999987,15.849212
102295,2017-09-29,TF81/2A,42.734,12.720916,5.3999987,15.849212
102296,2017-09-29,NH95/17,29.314,12.720916,5.3999987,15.849212
102297,2017-09-29,SU81/1,38.03,12.720916,5.3999987,15.849212
102298,2017-09-29,SU71/23,30.7,12.720916,5.3999987,15.849212
102299,2017-09-29,NO20/14,36.177,12.720916,5.3999987,15.849212
102300,2017-09-29,ST07/10,60.509,12.720916,5.3999987,15.849212
102301,2017-09-29,SU17/57,129.536,12.720916,5.3999987,15.849212
102302,2017-09-29,NY63/2,130.172,12.720916,5.3999987,15.849212
102303,2017-09-30,SU81/1,38.01,9.7230015,6.7999997,11.764428
102304,2017-09-30,ID30/1,115.03,9.7230015,6.7999997,11.764428
102305,2017-09-30,SU17/57,129.525,9.7230015,6.7999997,11.764428
102306,2017-09-30,TL33/67,74.17,9.7230015,6.7999997,11.764428
102307,2017-09-30,SE94/5,15.21,9.7230015,6.7999997,11.764428
102308,2017-09-30,NO20/14,36.165,9.7230015,6.7999997,11.764428
102309,2017-09-30,SY68/34,65.124,9.7230015,6.7999997,11.764428
102310,2017-09-30,SN00/11,10.89,9.7230015,6.7999997,11.764428
102311,2017-09-30,TR14/9,58.116,9.7230015,6.7999997,11.764428
102312,2017-09-30,SP00/62,100.08,9.7230015,6.7999997,11.764428
102313,2017-09-30,TF03/37,11.334,9.7230015,6.7999997,11.764428
102314,2017-09-30,TQ25/86,87.41,9.7230015,6.7999997,11.764428
102315,2017-09-30,TA10/63,14.64,9.7230015,6.7999997,11.764428
102316,2017-09-30,SK00/41,129.62,9.7230015,6.7999997,11.764428
102317,2017-09-30,NY63/2,130.162,9.7230015,6.7999997,11.764428
102318,2017-09-30,NH95/17,29.369,9.7230015,6.7999997,11.764428
102319,2017-09-30,SU71/23,30.68,9.7230015,6.7999997,11.764428
102320,2017-09-30,ST07/10,60.665,9.7230015,6.7999997,11.764428
102321,2017-09-30,TF81/2A,42.727,9.7230015,6.7999997,11.764428
102322,2017-09-30,SJ15/13,79.22,9.7230015,6.7999997,11.764428
102323,2017-09-30,SU01/5B,74.905,9.7230015,6.7999997,11.764428
102324,2017-10-01,NY63/2,130.176,12.475085,5.299999,17.84696
102325,2017-10-01,ID30/1,115.0,12.475085,5.299999,17.84696
102326,2017-10-01,SU01/5B,74.9,12.475085,5.299999,17.84696
102327,2017-10-01,SK00/41,129.62,12.475085,5.299999,17.84696
102328,2017-10-01,TF81/2A,42.724,12.475085,5.299999,17.84696
102329,2017-10-01,SJ15/13,79.23,12.475085,5.299999,17.84696
102330,2017-10-01,ST07/10,60.82,12.475085,5.299999,17.84696
102331,2017-10-01,NO20/14,36.198,12.475085,5.299999,17.84696
102332,2017-10-01,SU71/23,30.67,12.475085,5.299999,17.84696
102333,2017-10-01,TR14/9,58.079,12.475085,5.299999,17.84696
102334,2017-10-01,SU81/1,38.04,12.475085,5.299999,17.84696
102335,2017-10-01,SN00/11,11.587,12.475085,5.299999,17.84696
102336,2017-10-01,NH95/17,29.259,12.475085,5.299999,17.84696
102337,2017-10-01,TF03/37,11.335,12.475085,5.299999,17.84696
102338,2017-10-01,SY68/34,65.149,12.475085,5.299999,17.84696
102339,2017-10-02,ST07/10,60.975,11.777165,7.6,25.176834
102340,2017-10-02,TF81/2A,42.721,11.777165,7.6,25.176834
102341,2017-10-02,SN00/11,11.857,11.777165,7.6,25.176834
102342,2017-10-02,NY63/2,130.197,11.777165,7.6,25.176834
102343,2017-10-02,ID30/1,114.93,11.777165,7.6,25.176834
102344,2017-10-02,NO20/14,36.18,11.777165,7.6,25.176834
102345,2017-10-02,SU81/1,38.07,11.777165,7.6,25.176834
102346,2017-10-02,SK00/41,129.618,11.777165,7.6,25.176834
102347,2017-10-02,NH95/17,29.228,11.777165,7.6,25.176834
102348,2017-10-02,SU71/23,30.65,11.777165,7.6,25.176834
102349,2017-10-02,SY68/34,65.154,11.777165,7.6,25.176834
102350,2017-10-02,TR14/9,58.042,11.777165,7.6,25.176834
102351,2017-10-02,TL44/12,34.32,11.777165,7.6,25.176834
102352,2017-10-02,SU01/5B,74.877,11.777165,7.6,25.176834
102353,2017-10-02,SJ15/13,79.21,11.777165,7.6,25.176834
102354,2017-10-03,SJ15/13,79.17,10.625084,1.0,19.682585
102355,2017-10-03,NY63/2,130.139,10.625084,1.0,19.682585
102356,2017-10-03,SY68/34,65.156,10.625084,1.0,19.682585
102357,2017-10-03,NO20/14,36.139,10.625084,1.0,19.682585
102358,2017-10-03,ID30/1,114.86,10.625084,1.0,19.682585
102359,2017-10-03,SU01/5B,74.839,10.625084,1.0,19.682585
102360,2017-10-03,SN00/11,11.868,10.625084,1.0,19.682585
102361,2017-10-03,SU71/23,30.64,10.625084,1.0,19.682585
102362,2017-10-03,TR14/9,58.007,10.625084,1.0,19.682585
102363,2017-10-03,TF81/2A,42.71,10.625084,1.0,19.682585
102364,2017-10-03,SK00/41,129.61,10.625084,1.0,19.682585
102365,2017-10-03,NH95/17,29.361,10.625084,1.0,19.682585
102366,2017-10-03,ST07/10,61.131,10.625084,1.0,19.682585
102367,2017-10-03,TL33/4,73.97,10.625084,1.0,19.682585
102368,2017-10-03,TL33/67,74.01,10.625084,1.0,19.682585
102369,2017-10-03,SU81/1,38.04,10.625084,1.0,19.682585
102370,2017-10-04,SP00/62,100.09,11.412585,13.7,19.539495
102371,2017-10-04,TR14/9,57.97,11.412585,13.7,19.539495
102372,2017-10-04,SU01/5B,74.832,11.412585,13.7,19.539495
102373,2017-10-04,ID30/1,115.01,11.412585,13.7,19.539495
102374,2017-10-04,NO20/14,36.165,11.412585,13.7,19.539495
102375,2017-10-04,SY68/34,65.158,11.412585,13.7,19.539495
102376,2017-10-04,NH95/17,29.31,11.412585,13.7,19.539495
102377,2017-10-04,SU17/57,129.48,11.412585,13.7,19.539495
102378,2017-10-04,SU81/1,38.07,11.412585,13.7,19.539495
102379,2017-10-04,TF81/2A,42.701,11.412585,13.7,19.539495
102380,2017-10-04,TQ25/86,87.19,11.412585,13.7,19.539495
102381,2017-10-04,SJ15/13,79.18,11.412585,13.7,19.539495
102382,2017-10-04,SU71/23,30.63,11.412585,13.7,19.539495
102383,2017-10-04,ST07/10,61.286,11.412585,13.7,19.539495
102384,2017-10-04,SK00/41,129.61,11.412585,13.7,19.539495
102385,2017-10-04,SN00/11,11.823,11.412585,13.7,19.539495
102386,2017-10-04,NY63/2,130.13,11.412585,13.7,19.539495
102387,2017-10-05,NY63/2,130.196,10.693833,2.3,21.515543
102388,2017-10-05,NO20/14,36.139,10.693833,2.3,21.515543
102389,2017-10-05,ID30/1,115.42,10.693833,2.3,21.515543
102390,2017-10-05,SN00/11,11.732,10.693833,2.3,21.515543
102391,2017-10-05,ST07/10,61.441,10.693833,2.3,21.515543
102392,2017-10-05,NH95/17,29.38,10.693833,2.3,21.515543
102393,2017-10-05,SY68/34,65.16,10.693833,2.3,21.515543
102394,2017-10-05,SU01/5B,74.735,10.693833,2.3,21.515543
102395,2017-10-05,SJ15/13,79.18,10.693833,2.3,21.515543
102396,2017-10-05,TF81/2A,42.704,10.693833,2.3,21.515543
102397,2017-10-05,TR14/9,57.933,10.693833,2.3,21.515543
102398,2017-10-05,SU71/23,30.61,10.693833,2.3,21.515543
102399,2017-10-05,SU81/1,38.07,10.693833,2.3,21.515543
102400,2017-10-05,SK00/41,129.609,10.693833,2.3,21.515543
102401,2017-10-06,SU81/1,38.11,9.193833,0.8,10.212716
102402,2017-10-06,NY63/2,130.106,9.193833,0.8,10.212716
102403,2017-10-06,SU71/23,30.6,9.193833,0.8,10.212716
102404,2017-10-06,NO20/14,36.129,9.193833,0.8,10.212716
102405,2017-10-06,TF81/2A,42.689,9.193833,0.8,10.212716
102406,2017-10-06,SK00/41,129.6,9.193833,0.8,10.212716
102407,2017-10-06,SN00/11,11.64,9.193833,0.8,10.212716
102408,2017-10-06,SJ15/13,79.16,9.193833,0.8,10.212716
102409,2017-10-06,SU01/5B,74.702,9.193833,0.8,10.212716
102410,2017-10-06,TR14/9,57.898,9.193833,0.8,10.212716
102411,2017-10-06,ST07/10,61.597,9.193833,0.8,10.212716
102412,2017-10-06,NH95/17,29.38,9.193833,0.8,10.212716
102413,2017-10-06,ID30/1,115.29,9.193833,0.8,10.212716
102414,2017-10-06,SY68/34,65.163,9.193833,0.8,10.212716
102415,2017-10-07,SY68/34,65.17,12.233415,7.299999,17.457895
102416,2017-10-07,SK00/41,129.602,12.233415,7.299999,17.457895
102417,2017-10-07,NY63/2,130.147,12.233415,7.299999,17.457895
102418,2017-10-07,SU81/1,38.11,12.233415,7.299999,17.457895
102419,2017-10-07,SN00/11,11.563,12.233415,7.299999,17.457895
102420,2017-10-07,SJ15/13,79.18,12.233415,7.299999,17.457895
102421,2017-10-07,SU01/5B,74.718,12.233415,7.299999,17.457895
102422,2017-10-07,ID30/1,115.26,12.233415,7.299999,17.457895
102423,2017-10-07,SU71/23,30.59,12.233415,7.299999,17.457895
102424,2017-10-07,TR14/9,57.863,12.233415,7.299999,17.457895
102425,2017-10-07,NO20/14,36.157,12.233415,7.299999,17.457895
102426,2017-10-07,NH95/17,29.281,12.233415,7.299999,17.457895
102427,2017-10-07,TF81/2A,42.685,12.233415,7.299999,17.457895
102428,2017-10-07,ST07/10,61.752,12.233415,7.299999,17.457895
102429,2017-10-08,SU71/23,30.58,11.947999,0.2,8.106125
102430,2017-10-08,NY63/2,130.13,11.947999,0.2,8.106125
102431,2017-10-08,SY68/34,65.177,11.947999,0.2,8.106125
102432,2017-10-08,TF81/2A,42.68,11.947999,0.2,8.106125
102433,2017-10-08,SU81/1,38.11,11.947999,0.2,8.106125
102434,2017-10-08,ST07/10,61.908,11.947999,0.2,8.106125
102435,2017-10-08,NO20/14,36.146,11.947999,0.2,8.106125
102436,2017-10-08,SJ15/13,79.16,11.947999,0.2,8.106125
102437,2017-10-08,ID30/1,115.37,11.947999,0.2,8.106125
102438,2017-10-08,SN00/11,11.472,11.947999,0.2,8.106125
102439,2017-10-08,NH95/17,29.299,11.947999,0.2,8.106125
102440,2017-10-08,SU01/5B,74.71,11.947999,0.2,8.106125
102441,2017-10-08,SK00/41,129.6,11.947999,0.2,8.106125
102442,2017-10-08,TR14/9,57.828,11.947999,0.2,8.106125
102443,2017-10-09,NY63/2,130.123,12.545915,2.6999998,8.64566
102444,2017-10-09,SN00/11,11.396,12.545915,2.6999998,8.64566
102445,2017-10-09,NO20/14,36.17,12.545915,2.6999998,8.64566
102446,2017-10-09,SY68/34,65.186,12.545915,2.6999998,8.64566
102447,2017-10-09,SU71/23,30.58,12.545915,2.6999998,8.64566
102448,2017-10-09,TR14/9,57.794,12.545915,2.6999998,8.64566
102449,2017-10-09,ID30/1,115.33,12.545915,2.6999998,8.64566
102450,2017-10-09,SU81/1,38.14,12.545915,2.6999998,8.64566
102451,2017-10-09,TF81/2A,42.672,12.545915,2.6999998,8.64566
102452,2017-10-09,SU01/5B,74.713,12.545915,2.6999998,8.64566
102453,2017-10-09,NH95/17,29.214,12.545915,2.6999998,8.64566
102454,2017-10-09,SJ15/13,79.17,12.545915,2.6999998,8.64566
102455,2017-10-09,ST07/10,62.063,12.545915,2.6999998,8.64566
102456,2017-10-09,SK00/41,129.6,12.545915,2.6999998,8.64566
102457,2017-10-10,SU01/5B,74.72,12.535501,6.599999,15.565232
102458,2017-10-10,SU71/23,30.57,12.535501,6.599999,15.565232
102459,2017-10-10,SN00/11,11.326,12.535501,6.599999,15.565232
102460,2017-10-10,NO20/14,36.209,12.535501,6.599999,15.565232
102461,2017-10-10,SY68/34,65.197,12.535501,6.599999,15.565232
102462,2017-10-10,ST07/10,62.218,12.535501,6.599999,15.565232
102463,2017-10-10,SJ15/13,79.18,12.535501,6.599999,15.565232
102464,2017-10-10,ID30/1,115.26,12.535501,6.599999,15.565232
102465,2017-10-10,TR14/9,57.758,12.535501,6.599999,15.565232
102466,2017-10-10,SU81/1,38.19,12.535501,6.599999,15.565232
102467,2017-10-10,NY63/2,130.161,12.535501,6.599999,15.565232
102468,2017-10-10,NH95/17,29.148,12.535501,6.599999,15.565232
102469,2017-10-10,TF81/2A,42.67,12.535501,6.599999,15.565232
102470,2017-10-10,SK00/41,129.6,12.535501,6.599999,15.565232
102471,2017-10-11,SK00/41,129.6,12.883416,25.500004,20.270632
102472,2017-10-11,ST07/10,62.374,12.883416,25.500004,20.270632
102473,2017-10-11,SU81/1,38.25,12.883416,25.500004,20.270632
102474,2017-10-11,NO20/14,36.308,12.883416,25.500004,20.270632
102475,2017-10-11,SP00/62,100.1,12.883416,25.500004,20.270632
102476,2017-10-11,SJ15/13,79.19,12.883416,25.500004,20.270632
102477,2017-10-11,TL33/67,73.91,12.883416,25.500004,20.270632
102478,2017-10-11,TR14/9,57.722,12.883416,25.500004,20.270632
102479,2017-10-11,TF81/2A,42.663,12.883416,25.500004,20.270632
102480,2017-10-11,SN00/11,11.251,12.883416,25.500004,20.270632
102481,2017-10-11,TQ25/86,86.97,12.883416,25.500004,20.270632
102482,2017-10-11,NY63/2,130.166,12.883416,25.500004,20.270632
102483,2017-10-11,SU01/5B,74.725,12.883416,25.500004,20.270632
102484,2017-10-11,NH95/17,29.105,12.883416,25.500004,20.270632
102485,2017-10-11,SU71/23,30.56,12.883416,25.500004,20.270632
102486,2017-10-11,ID30/1,115.23,12.883416,25.500004,20.270632
102487,2017-10-11,SY68/34,65.211,12.883416,25.500004,20.270632
102488,2017-10-11,SU17/57,129.39,12.883416,25.500004,20.270632
102489,2017-10-12,ID30/1,115.17,11.252167,0.5,16.9986
102490,2017-10-12,SU81/1,38.25,11.252167,0.5,16.9986
102491,2017-10-12,SN00/11,11.155,11.252167,0.5,16.9986
102492,2017-10-12,TR14/9,57.687,11.252167,0.5,16.9986
102493,2017-10-12,SJ15/13,79.15,11.252167,0.5,16.9986
102494,2017-10-12,ST07/10,62.529,11.252167,0.5,16.9986
102495,2017-10-12,SY68/34,65.224,11.252167,0.5,16.9986
102496,2017-10-12,SU01/5B,74.7,11.252167,0.5,16.9986
102497,2017-10-12,TF81/2A,42.658,11.252167,0.5,16.9986
102498,2017-10-12,NH95/17,29.207,11.252167,0.5,16.9986
102499,2017-10-12,NO20/14,36.308,11.252167,0.5,16.9986
102500,2017-10-12,SK00/41,129.594,11.252167,0.5,16.9986
102501,2017-10-12,SU71/23,30.56,11.252167,0.5,16.9986
102502,2017-10-12,NY63/2,130.14,11.252167,0.5,16.9986
102503,2017-10-13,TF81/2A,42.648,15.458415,6.099999,19.571129
102504,2017-10-13,TR14/9,57.652,15.458415,6.099999,19.571129
102505,2017-10-13,SU01/5B,74.684,15.458415,6.099999,19.571129
102506,2017-10-13,SJ15/13,79.15,15.458415,6.099999,19.571129
102507,2017-10-13,SU81/1,38.28,15.458415,6.099999,19.571129
102508,2017-10-13,NH95/17,29.159,15.458415,6.099999,19.571129
102509,2017-10-13,NY63/2,130.137,15.458415,6.099999,19.571129
102510,2017-10-13,SU71/23,30.55,15.458415,6.099999,19.571129
102511,2017-10-13,ID30/1,115.07,15.458415,6.099999,19.571129
102512,2017-10-13,SN00/11,11.084,15.458415,6.099999,19.571129
102513,2017-10-13,SY68/34,65.239,15.458415,6.099999,19.571129
102514,2017-10-13,NO20/14,36.268,15.458415,6.099999,19.571129
102515,2017-10-13,SK00/41,129.59,15.458415,6.099999,19.571129
102516,2017-10-13,ST07/10,62.685,15.458415,6.099999,19.571129
102517,2017-10-14,ID30/1,115.0,14.583419,1.9000001,11.884178
102518,2017-10-14,NY63/2,130.13,14.583419,1.9000001,11.884178
102519,2017-10-14,SN00/11,11.005,14.583419,1.9000001,11.884178
102520,2017-10-14,TR14/9,57.618,14.583419,1.9000001,11.884178
102521,2017-10-14,SK00/41,129.59,14.583419,1.9000001,11.884178
102522,2017-10-14,NO20/14,36.226,14.583419,1.9000001,11.884178
102523,2017-10-14,SU81/1,38.3,14.583419,1.9000001,11.884178
102524,2017-10-14,TF81/2A,42.643,14.583419,1.9000001,11.884178
102525,2017-10-14,ST07/10,62.575,14.583419,1.9000001,11.884178
102526,2017-10-14,SU01/5B,74.67,14.583419,1.9000001,11.884178
102527,2017-10-14,SJ15/13,79.13,14.583419,1.9000001,11.884178
102528,2017-10-14,SU71/23,30.55,14.583419,1.9000001,11.884178
102529,2017-10-14,NH95/17,29.228,14.583419,1.9000001,11.884178
102530,2017-10-14,SY68/34,65.255,14.583419,1.9000001,11.884178
102531,2017-10-15,NH95/17,29.158,14.235499,2.3,17.733858
102532,2017-10-15,ST07/10,62.4,14.235499,2.3,17.733858
102533,2017-10-15,NY63/2,130.132,14.235499,2.3,17.733858
102534,2017-10-15,SJ15/13,79.15,14.235499,2.3,17.733858
102535,2017-10-15,SU01/5B,74.669,14.235499,2.3,17.733858
102536,2017-10-15,TR14/9,57.582,14.235499,2.3,17.733858
102537,2017-10-15,SK00/41,129.59,14.235499,2.3,17.733858
102538,2017-10-15,TF81/2A,42.636,14.235499,2.3,17.733858
102539,2017-10-15,SY68/34,65.272,14.235499,2.3,17.733858
102540,2017-10-15,SU81/1,38.33,14.235499,2.3,17.733858
102541,2017-10-15,SU71/23,30.55,14.235499,2.3,17.733858
102542,2017-10-15,ID30/1,114.89,14.235499,2.3,17.733858
102543,2017-10-15,SN00/11,10.938,14.235499,2.3,17.733858
102544,2017-10-15,NO20/14,36.233,14.235499,2.3,17.733858
102545,2017-10-16,SK00/41,129.59,14.845916,2.7999997,25.423687
102546,2017-10-16,SY68/34,65.29,14.845916,2.7999997,25.423687
102547,2017-10-16,SU81/1,38.34,14.845916,2.7999997,25.423687
102548,2017-10-16,SJ15/13,79.16,14.845916,2.7999997,25.423687
102549,2017-10-16,SU01/5B,74.655,14.845916,2.7999997,25.423687
102550,2017-10-16,SN00/11,10.852,14.845916,2.7999997,25.423687
102551,2017-10-16,NO20/14,36.238,14.845916,2.7999997,25.423687
102552,2017-10-16,NY63/2,130.134,14.845916,2.7999997,25.423687
102553,2017-10-16,NH95/17,29.162,14.845916,2.7999997,25.423687
102554,2017-10-16,SU71/23,30.55,14.845916,2.7999997,25.423687
102555,2017-10-16,ID30/1,114.79,14.845916,2.7999997,25.423687
102556,2017-10-16,TR14/9,57.544,14.845916,2.7999997,25.423687
102557,2017-10-16,ST07/10,62.098,14.845916,2.7999997,25.423687
102558,2017-10-16,TF81/2A,42.632,14.845916,2.7999997,25.423687
102559,2017-10-17,SN00/11,10.758,11.5250845,1.1000001,22.649021
102560,2017-10-17,NO20/14,36.223,11.5250845,1.1000001,22.649021
102561,2017-10-17,ID30/1,114.76,11.5250845,1.1000001,22.649021
102562,2017-10-17,TF81/2A,42.627,11.5250845,1.1000001,22.649021
102563,2017-10-17,TR14/9,57.51,11.5250845,1.1000001,22.649021
102564,2017-10-17,SK00/41,129.583,11.5250845,1.1000001,22.649021
102565,2017-10-17,ST07/10,61.805,11.5250845,1.1000001,22.649021
102566,2017-10-17,SY68/34,65.311,11.5250845,1.1000001,22.649021
102567,2017-10-17,SU71/23,30.56,11.5250845,1.1000001,22.649021
102568,2017-10-17,SU81/1,38.41,11.5250845,1.1000001,22.649021
102569,2017-10-17,NH95/17,29.176,11.5250845,1.1000001,22.649021
102570,2017-10-17,SJ15/13,79.13,11.5250845,1.1000001,22.649021
102571,2017-10-17,TL33/67,74.02,11.5250845,1.1000001,22.649021
102572,2017-10-17,NY63/2,130.165,11.5250845,1.1000001,22.649021
102573,2017-10-17,SU01/5B,74.633,11.5250845,1.1000001,22.649021
102574,2017-10-18,SY68/34,65.339,9.9313345,0.0,10.367589
102575,2017-10-18,SN00/11,10.687,9.9313345,0.0,10.367589
102576,2017-10-18,SK00/41,129.583,9.9313345,0.0,10.367589
102577,2017-10-18,SU17/57,129.31,9.9313345,0.0,10.367589
102578,2017-10-18,ID30/1,114.77,9.9313345,0.0,10.367589
102579,2017-10-18,NH95/17,29.265,9.9313345,0.0,10.367589
102580,2017-10-18,SU71/23,30.56,9.9313345,0.0,10.367589
102581,2017-10-18,TF81/2A,42.62,9.9313345,0.0,10.367589
102582,2017-10-18,NY63/2,130.115,9.9313345,0.0,10.367589
102583,2017-10-18,TL33/4,73.97,9.9313345,0.0,10.367589
102584,2017-10-18,TL33/67,73.8,9.9313345,0.0,10.367589
102585,2017-10-18,NO20/14,36.207,9.9313345,0.0,10.367589
102586,2017-10-18,SU01/5B,74.63,9.9313345,0.0,10.367589
102587,2017-10-18,TR14/9,57.476,9.9313345,0.0,10.367589
102588,2017-10-18,ST07/10,61.543,9.9313345,0.0,10.367589
102589,2017-10-18,SJ15/13,79.14,9.9313345,0.0,10.367589
102590,2017-10-18,SP00/62,100.1,9.9313345,0.0,10.367589
102591,2017-10-18,SU81/1,38.45,9.9313345,0.0,10.367589
102592,2017-10-18,TQ25/86,86.76,9.9313345,0.0,10.367589
102593,2017-10-19,NY63/2,130.146,12.308417,9.1,14.738833
102594,2017-10-19,ST07/10,62.552,12.308417,9.1,14.738833
102595,2017-10-19,SU71/23,30.56,12.308417,9.1,14.738833
102596,2017-10-19,SJ15/13,79.17,12.308417,9.1,14.738833
102597,2017-10-19,SK00/41,129.59,12.308417,9.1,14.738833
102598,2017-10-19,SY68/34,65.383,12.308417,9.1,14.738833
102599,2017-10-19,SU01/5B,74.635,12.308417,9.1,14.738833
102600,2017-10-19,SN00/11,10.64,12.308417,9.1,14.738833
102601,2017-10-19,NH95/17,29.154,12.308417,9.1,14.738833
102602,2017-10-19,TR14/9,57.44,12.308417,9.1,14.738833
102603,2017-10-19,ID30/1,114.77,12.308417,9.1,14.738833
102604,2017-10-19,NO20/14,36.254,12.308417,9.1,14.738833
102605,2017-10-19,SU81/1,38.44,12.308417,9.1,14.738833
102606,2017-10-19,TF81/2A,42.617,12.308417,9.1,14.738833
102607,2017-10-20,SU01/5B,74.614,12.248,8.199999,12.041091
102608,2017-10-20,SK00/41,129.59,12.248,8.199999,12.041091
102609,2017-10-20,SU71/23,30.56,12.248,8.199999,12.041091
102610,2017-10-20,SN00/11,10.597,12.248,8.199999,12.041091
102611,2017-10-20,TR14/9,57.405,12.248,8.199999,12.041091
102612,2017-10-20,SJ15/13,79.16,12.248,8.199999,12.041091
102613,2017-10-20,ID30/1,115.36,12.248,8.199999,12.041091
102614,2017-10-20,TF81/2A,42.616,12.248,8.199999,12.041091
102615,2017-10-20,NY63/2,130.188,12.248,8.199999,12.041091
102616,2017-10-20,ST07/10,60.876,12.248,8.199999,12.041091
102617,2017-10-20,NH95/17,29.123,12.248,8.199999,12.041091
102618,2017-10-20,SY68/34,65.423,12.248,8.199999,12.041091
102619,2017-10-20,SU81/1,38.54,12.248,8.199999,12.041091
102620,2017-10-20,NO20/14,36.242,12.248,8.199999,12.041091
102621,2017-10-21,SK00/41,129.59,11.418834,6.8,23.213066
102622,2017-10-21,NO20/14,36.262,11.418834,6.8,23.213066
102623,2017-10-21,NY63/2,130.197,11.418834,6.8,23.213066
102624,2017-10-21,TR14/9,57.367,11.418834,6.8,23.213066
102625,2017-10-21,NH95/17,29.09,11.418834,6.8,23.213066
102626,2017-10-21,ID30/1,115.79,11.418834,6.8,23.213066
102627,2017-10-21,SU81/1,38.55,11.418834,6.8,23.213066
102628,2017-10-21,SY68/34,65.465,11.418834,6.8,23.213066
102629,2017-10-21,TF81/2A,42.608,11.418834,6.8,23.213066
102630,2017-10-21,SN00/11,10.606,11.418834,6.8,23.213066
102631,2017-10-21,SU71/23,30.56,11.418834,6.8,23.213066
102632,2017-10-21,ST07/10,60.852,11.418834,6.8,23.213066
102633,2017-10-21,SJ15/13,79.17,11.418834,6.8,23.213066
102634,2017-10-21,SU01/5B,74.604,11.418834,6.8,23.213066
102635,2017-10-22,SN00/11,10.564,9.231334,11.700002,22.977165
102636,2017-10-22,SU01/5B,74.57,9.231334,11.700002,22.977165
102637,2017-10-22,SU81/1,38.6,9.231334,11.700002,22.977165
102638,2017-10-22,ST07/10,60.921,9.231334,11.700002,22.977165
102639,2017-10-22,TR14/9,57.333,9.231334,11.700002,22.977165
102640,2017-10-22,SJ15/13,79.11,9.231334,11.700002,22.977165
102641,2017-10-22,NO20/14,36.218,9.231334,11.700002,22.977165
102642,2017-10-22,NY63/2,130.188,9.231334,11.700002,22.977165
102643,2017-10-22,SU71/23,30.57,9.231334,11.700002,22.977165
102644,2017-10-22,SY68/34,65.495,9.231334,11.700002,22.977165
102645,2017-10-22,NH95/17,29.206,9.231334,11.700002,22.977165
102646,2017-10-22,TF81/2A,42.601,9.231334,11.700002,22.977165
102647,2017-10-22,ID30/1,115.99,9.231334,11.700002,22.977165
102648,2017-10-22,SK00/41,129.583,9.231334,11.700002,22.977165
102649,2017-10-23,TF81/2A,42.587,10.979251,0.70000005,13.007288
102650,2017-10-23,TV59/7C,1.29,10.979251,0.70000005,13.007288
102651,2017-10-23,SJ15/13,79.12,10.979251,0.70000005,13.007288
102652,2017-10-23,SU71/23,30.57,10.979251,0.70000005,13.007288
102653,2017-10-23,SY68/34,65.538,10.979251,0.70000005,13.007288
102654,2017-10-23,ST07/10,61.12,10.979251,0.70000005,13.007288
102655,2017-10-23,SU01/5B,74.568,10.979251,0.70000005,13.007288
102656,2017-10-23,SN00/11,10.562,10.979251,0.70000005,13.007288
102657,2017-10-23,SK00/41,129.576,10.979251,0.70000005,13.007288
102658,2017-10-23,ID30/1,115.98,10.979251,0.70000005,13.007288
102659,2017-10-23,NY63/2,130.143,10.979251,0.70000005,13.007288
102660,2017-10-23,SU81/1,38.62,10.979251,0.70000005,13.007288
102661,2017-10-23,TR14/9,57.297,10.979251,0.70000005,13.007288
102662,2017-10-23,NH95/17,29.254,10.979251,0.70000005,13.007288
102663,2017-10-23,NO20/14,36.208,10.979251,0.70000005,13.007288
102664,2017-10-24,TA10/63,14.31,13.047999,4.3,14.307762
102665,2017-10-24,NY63/2,130.17,13.047999,4.3,14.307762
102666,2017-10-24,SJ15/13,79.13,13.047999,4.3,14.307762
102667,2017-10-24,TF81/2A,42.582,13.047999,4.3,14.307762
102668,2017-10-24,NH95/17,29.212,13.047999,4.3,14.307762
102669,2017-10-24,SY68/34,65.579,13.047999,4.3,14.307762
102670,2017-10-24,SK00/41,129.57,13.047999,4.3,14.307762
102671,2017-10-24,SU71/23,30.57,13.047999,4.3,14.307762
102672,2017-10-24,SN00/11,10.595,13.047999,4.3,14.307762
102673,2017-10-24,SU01/5B,74.588,13.047999,4.3,14.307762
102674,2017-10-24,ID30/1,115.98,13.047999,4.3,14.307762
102675,2017-10-24,TR14/9,57.262,13.047999,4.3,14.307762
102676,2017-10-24,ST07/10,61.506,13.047999,4.3,14.307762
102677,2017-10-24,NO20/14,36.217,13.047999,4.3,14.307762
102678,2017-10-24,SU81/1,38.65,13.047999,4.3,14.307762
102679,2017-10-25,SU01/5B,74.619,10.973001,2.9,12.111945
102680,2017-10-25,SJ15/13,79.11,10.973001,2.9,12.111945
102681,2017-10-25,SP00/62,100.17,10.973001,2.9,12.111945
102682,2017-10-25,TR14/9,57.226,10.973001,2.9,12.111945
102683,2017-10-25,NY63/2,130.191,10.973001,2.9,12.111945
102684,2017-10-25,ID30/1,115.95,10.973001,2.9,12.111945
102685,2017-10-25,SU71/23,30.57,10.973001,2.9,12.111945
102686,2017-10-25,NH95/17,29.247,10.973001,2.9,12.111945
102687,2017-10-25,TF81/2A,42.577,10.973001,2.9,12.111945
102688,2017-10-25,NO20/14,36.206,10.973001,2.9,12.111945
102689,2017-10-25,ST07/10,62.074,10.973001,2.9,12.111945
102690,2017-10-25,SU17/57,129.24,10.973001,2.9,12.111945
102691,2017-10-25,SK00/41,129.565,10.973001,2.9,12.111945
102692,2017-10-25,SU81/1,38.67,10.973001,2.9,12.111945
102693,2017-10-25,SY68/34,65.623,10.973001,2.9,12.111945
102694,2017-10-25,TQ25/86,86.63,10.973001,2.9,12.111945
102695,2017-10-25,SN00/11,10.659,10.973001,2.9,12.111945
102696,2017-10-26,SE94/5,15.15,10.15425,0.0,9.159131
102697,2017-10-26,ST07/10,62.561,10.15425,0.0,9.159131
102698,2017-10-26,TR14/9,57.189,10.15425,0.0,9.159131
102699,2017-10-26,SK00/41,129.558,10.15425,0.0,9.159131
102700,2017-10-26,NY63/2,130.157,10.15425,0.0,9.159131
102701,2017-10-26,SU01/5B,74.658,10.15425,0.0,9.159131
102702,2017-10-26,ID30/1,115.87,10.15425,0.0,9.159131
102703,2017-10-26,SN00/11,10.712,10.15425,0.0,9.159131
102704,2017-10-26,SY68/34,65.67,10.15425,0.0,9.159131
102705,2017-10-26,SU71/23,30.57,10.15425,0.0,9.159131
102706,2017-10-26,SJ15/13,79.1,10.15425,0.0,9.159131
102707,2017-10-26,TF81/2A,42.567,10.15425,0.0,9.159131
102708,2017-10-26,SU81/1,38.67,10.15425,0.0,9.159131
102709,2017-10-26,NO20/14,36.193,10.15425,0.0,9.159131
102710,2017-10-26,NH95/17,29.354,10.15425,0.0,9.159131
102711,2017-10-26,SE95/6,20.91,10.15425,0.0,9.159131
102712,2017-10-27,SJ15/13,79.09,7.8375835,0.0,7.697894
102713,2017-10-27,SU71/23,30.57,7.8375835,0.0,7.697894
102714,2017-10-27,ST07/10,62.778,7.8375835,0.0,7.697894
102715,2017-10-27,SU01/5B,74.701,7.8375835,0.0,7.697894
102716,2017-10-27,NH95/17,29.46,7.8375835,0.0,7.697894
102717,2017-10-27,SY68/34,65.718,7.8375835,0.0,7.697894
102718,2017-10-27,TF81/2A,42.558,7.8375835,0.0,7.697894
102719,2017-10-27,SU81/1,38.68,7.8375835,0.0,7.697894
102720,2017-10-27,NO20/14,36.239,7.8375835,0.0,7.697894
102721,2017-10-27,SN00/11,10.738,7.8375835,0.0,7.697894
102722,2017-10-27,ID30/1,115.78,7.8375835,0.0,7.697894
102723,2017-10-27,NY63/2,130.142,7.8375835,0.0,7.697894
102724,2017-10-27,TM15/112,24.95,7.8375835,0.0,7.697894
102725,2017-10-27,TR14/9,57.197,7.8375835,0.0,7.697894
102726,2017-10-27,SK00/41,129.55,7.8375835,0.0,7.697894
102727,2017-10-28,ID30/1,115.67,11.4834175,3.1000004,20.359707
102728,2017-10-28,SJ15/13,79.12,11.4834175,3.1000004,20.359707
102729,2017-10-28,SK00/41,129.55,11.4834175,3.1000004,20.359707
102730,2017-10-28,SU71/23,30.58,11.4834175,3.1000004,20.359707
102731,2017-10-28,TF81/2A,42.552,11.4834175,3.1000004,20.359707
102732,2017-10-28,TR14/9,57.17,11.4834175,3.1000004,20.359707
102733,2017-10-28,ST07/10,62.831,11.4834175,3.1000004,20.359707
102734,2017-10-28,NO20/14,36.266,11.4834175,3.1000004,20.359707
102735,2017-10-28,NH95/17,29.269,11.4834175,3.1000004,20.359707
102736,2017-10-28,SU01/5B,74.786,11.4834175,3.1000004,20.359707
102737,2017-10-28,SY68/34,65.772,11.4834175,3.1000004,20.359707
102738,2017-10-28,NY63/2,130.162,11.4834175,3.1000004,20.359707
102739,2017-10-28,SN00/11,10.771,11.4834175,3.1000004,20.359707
102740,2017-10-28,SU81/1,38.67,11.4834175,3.1000004,20.359707
102741,2017-10-29,SK00/41,129.55,7.5646687,0.6,13.190505
102742,2017-10-29,SN00/11,10.758,7.5646687,0.6,13.190505
102743,2017-10-29,ST07/10,62.675,7.5646687,0.6,13.190505
102744,2017-10-29,TR14/9,57.17,7.5646687,0.6,13.190505
102745,2017-10-29,NY63/2,130.212,7.5646687,0.6,13.190505
102746,2017-10-29,ID30/1,115.54,7.5646687,0.6,13.190505
102747,2017-10-29,SJ15/13,79.12,7.5646687,0.6,13.190505
102748,2017-10-29,SU71/23,30.58,7.5646687,0.6,13.190505
102749,2017-10-29,TF81/2A,42.553,7.5646687,0.6,13.190505
102750,2017-10-29,NH95/17,29.418,7.5646687,0.6,13.190505
102751,2017-10-29,NO20/14,36.206,7.5646687,0.6,13.190505
102752,2017-10-29,SU81/1,38.71,7.5646687,0.6,13.190505
102753,2017-10-29,SY68/34,65.826,7.5646687,0.6,13.190505
102754,2017-10-29,SU01/5B,74.877,7.5646687,0.6,13.190505
102755,2017-10-30,TQ25/86,86.58,5.26675,0.5,8.347432
102756,2017-10-30,TR14/9,57.17,5.26675,0.5,8.347432
102757,2017-10-30,NO20/14,36.211,5.26675,0.5,8.347432
102758,2017-10-30,SN00/11,10.733,5.26675,0.5,8.347432
102759,2017-10-30,NY63/2,130.149,5.26675,0.5,8.347432
102760,2017-10-30,ST07/10,62.459,5.26675,0.5,8.347432
102761,2017-10-30,SU01/5B,74.957,5.26675,0.5,8.347432
102762,2017-10-30,SU81/1,38.75,5.26675,0.5,8.347432
102763,2017-10-30,SJ15/13,79.11,5.26675,0.5,8.347432
102764,2017-10-30,SK00/41,129.55,5.26675,0.5,8.347432
102765,2017-10-30,TF81/2A,42.538,5.26675,0.5,8.347432
102766,2017-10-30,SP00/62,100.18,5.26675,0.5,8.347432
102767,2017-10-30,SU71/23,30.59,5.26675,0.5,8.347432
102768,2017-10-30,SU17/57,129.2,5.26675,0.5,8.347432
102769,2017-10-30,SY68/34,65.879,5.26675,0.5,8.347432
102770,2017-10-30,ID30/1,115.39,5.26675,0.5,8.347432
102771,2017-10-30,NH95/17,29.409,5.26675,0.5,8.347432
102772,2017-10-31,ID30/1,115.28,11.512585,1.3000001,9.9688425
102773,2017-10-31,SU81/1,38.71,11.512585,1.3000001,9.9688425
102774,2017-10-31,SU01/5B,75.063,11.512585,1.3000001,9.9688425
102775,2017-10-31,SJ15/13,79.13,11.512585,1.3000001,9.9688425
102776,2017-10-31,SU17/57,129.19,11.512585,1.3000001,9.9688425
102777,2017-10-31,TF81/2A,42.534,11.512585,1.3000001,9.9688425
102778,2017-10-31,NH95/17,29.247,11.512585,1.3000001,9.9688425
102779,2017-10-31,NY63/2,130.182,11.512585,1.3000001,9.9688425
102780,2017-10-31,SU71/23,30.59,11.512585,1.3000001,9.9688425
102781,2017-10-31,TQ25/86,86.47,11.512585,1.3000001,9.9688425
102782,2017-10-31,NO20/14,36.236,11.512585,1.3000001,9.9688425
102783,2017-10-31,SN00/11,10.715,11.512585,1.3000001,9.9688425
102784,2017-10-31,SY68/34,65.937,11.512585,1.3000001,9.9688425
102785,2017-10-31,TR14/9,57.17,11.512585,1.3000001,9.9688425
102786,2017-10-31,SK00/41,129.55,11.512585,1.3000001,9.9688425
102787,2017-10-31,TF03/37,10.484,11.512585,1.3000001,9.9688425
102788,2017-10-31,SP00/62,100.18,11.512585,1.3000001,9.9688425
102789,2017-10-31,ST07/10,62.342,11.512585,1.3000001,9.9688425
102790,2017-11-01,SN00/11,10.691,11.39175,0.8,11.595729
102791,2017-11-01,TR14/9,57.17,11.39175,0.8,11.595729
102792,2017-11-01,SJ15/13,79.14,11.39175,0.8,11.595729
102793,2017-11-01,ST07/10,62.172,11.39175,0.8,11.595729
102794,2017-11-01,NY63/2,130.215,11.39175,0.8,11.595729
102795,2017-11-01,ID30/1,115.04,11.39175,0.8,11.595729
102796,2017-11-01,SK00/41,129.55,11.39175,0.8,11.595729
102797,2017-11-01,TF81/2A,42.53,11.39175,0.8,11.595729
102798,2017-11-01,SY68/34,65.998,11.39175,0.8,11.595729
102799,2017-11-01,SU71/23,30.6,11.39175,0.8,11.595729
102800,2017-11-01,NH95/17,29.217,11.39175,0.8,11.595729
102801,2017-11-01,SU01/5B,75.188,11.39175,0.8,11.595729
102802,2017-11-01,NO20/14,36.221,11.39175,0.8,11.595729
102803,2017-11-01,SU81/1,38.76,11.39175,0.8,11.595729
102804,2017-11-01,TL33/67,73.67,11.39175,0.8,11.595729
102805,2017-11-01,TL33/4,73.75,11.39175,0.8,11.595729
102806,2017-11-02,ID30/1,114.93,8.231334,0.3,6.4008307
102807,2017-11-02,NH95/17,29.301,8.231334,0.3,6.4008307
102808,2017-11-02,SN00/11,10.651,8.231334,0.3,6.4008307
102809,2017-11-02,NY63/2,130.221,8.231334,0.3,6.4008307
102810,2017-11-02,SJ15/13,79.14,8.231334,0.3,6.4008307
102811,2017-11-02,SU81/1,38.79,8.231334,0.3,6.4008307
102812,2017-11-02,NO20/14,36.194,8.231334,0.3,6.4008307
102813,2017-11-02,SU71/23,30.6,8.231334,0.3,6.4008307
102814,2017-11-02,SY68/34,66.065,8.231334,0.3,6.4008307
102815,2017-11-02,ST07/10,61.924,8.231334,0.3,6.4008307
102816,2017-11-02,TF81/2A,42.525,8.231334,0.3,6.4008307
102817,2017-11-02,TR14/9,57.17,8.231334,0.3,6.4008307
102818,2017-11-02,SU01/5B,75.307,8.231334,0.3,6.4008307
102819,2017-11-03,NY63/2,130.208,7.2355003,0.0,8.510739
102820,2017-11-03,TR14/9,57.17,7.2355003,0.0,8.510739
102821,2017-11-03,NH95/17,29.201,7.2355003,0.0,8.510739
102822,2017-11-03,SK00/41,129.55,7.2355003,0.0,8.510739
102823,2017-11-03,SU71/23,30.61,7.2355003,0.0,8.510739
102824,2017-11-03,SY68/34,66.136,7.2355003,0.0,8.510739
102825,2017-11-03,TL33/67,73.66,7.2355003,0.0,8.510739
102826,2017-11-03,NO20/14,36.212,7.2355003,0.0,8.510739
102827,2017-11-03,SN00/11,10.625,7.2355003,0.0,8.510739
102828,2017-11-03,TL44/12,33.265,7.2355003,0.0,8.510739
102829,2017-11-03,SU01/5B,75.431,7.2355003,0.0,8.510739
102830,2017-11-03,TF81/2A,42.517,7.2355003,0.0,8.510739
102831,2017-11-03,ID30/1,114.83,7.2355003,0.0,8.510739
102832,2017-11-03,SJ15/13,79.14,7.2355003,0.0,8.510739
102833,2017-11-03,SU81/1,38.82,7.2355003,0.0,8.510739
102834,2017-11-04,SU71/23,30.62,7.370917,5.099999,11.955469
102835,2017-11-04,NY63/2,130.235,7.370917,5.099999,11.955469
102836,2017-11-04,SY68/34,66.227,7.370917,5.099999,11.955469
102837,2017-11-04,TR14/9,57.17,7.370917,5.099999,11.955469
102838,2017-11-04,SK00/41,129.55,7.370917,5.099999,11.955469
102839,2017-11-04,NO20/14,36.202,7.370917,5.099999,11.955469
102840,2017-11-04,SU01/5B,75.56,7.370917,5.099999,11.955469
102841,2017-11-04,TF81/2A,42.514,7.370917,5.099999,11.955469
102842,2017-11-04,SJ15/13,79.15,7.370917,5.099999,11.955469
102843,2017-11-04,SN00/11,10.589,7.370917,5.099999,11.955469
102844,2017-11-04,ID30/1,114.76,7.370917,5.099999,11.955469
102845,2017-11-04,NH95/17,29.196,7.370917,5.099999,11.955469
102846,2017-11-04,SU81/1,38.91,7.370917,5.099999,11.955469
102847,2017-11-05,SU81/1,38.9,4.1896663,0.1,10.243522
102848,2017-11-05,SN00/11,10.517,4.1896663,0.1,10.243522
102849,2017-11-05,NY63/2,130.22,4.1896663,0.1,10.243522
102850,2017-11-05,TR14/9,57.17,4.1896663,0.1,10.243522
102851,2017-11-05,SU71/23,30.63,4.1896663,0.1,10.243522
102852,2017-11-05,ID30/1,114.71,4.1896663,0.1,10.243522
102853,2017-11-05,SU01/5B,75.645,4.1896663,0.1,10.243522
102854,2017-11-05,SJ15/13,79.12,4.1896663,0.1,10.243522
102855,2017-11-05,SK00/41,129.549,4.1896663,0.1,10.243522
102856,2017-11-05,TF81/2A,42.507,4.1896663,0.1,10.243522
102857,2017-11-05,NH95/17,29.357,4.1896663,0.1,10.243522
102858,2017-11-05,NO20/14,36.152,4.1896663,0.1,10.243522
102859,2017-11-05,SY68/34,66.284,4.1896663,0.1,10.243522
102860,2017-11-06,SK00/41,129.54,5.7834167,0.1,14.834442
102861,2017-11-06,TF81/2A,42.492,5.7834167,0.1,14.834442
102862,2017-11-06,NY63/2,130.156,5.7834167,0.1,14.834442
102863,2017-11-06,NH95/17,29.294,5.7834167,0.1,14.834442
102864,2017-11-06,SN00/11,10.476,5.7834167,0.1,14.834442
102865,2017-11-06,NO20/14,36.162,5.7834167,0.1,14.834442
102866,2017-11-06,SU71/23,30.64,5.7834167,0.1,14.834442
102867,2017-11-06,SU01/5B,75.726,5.7834167,0.1,14.834442
102868,2017-11-06,ID30/1,114.74,5.7834167,0.1,14.834442
102869,2017-11-06,SJ15/13,79.14,5.7834167,0.1,14.834442
102870,2017-11-06,SY68/34,66.338,5.7834167,0.1,14.834442
102871,2017-11-06,TR14/9,57.17,5.7834167,0.1,14.834442
102872,2017-11-06,SU81/1,38.92,5.7834167,0.1,14.834442
102873,2017-11-07,NH95/17,29.318,7.600083,4.0,15.54983
102874,2017-11-07,SK00/41,129.54,7.600083,4.0,15.54983
102875,2017-11-07,NO20/14,36.178,7.600083,4.0,15.54983
102876,2017-11-07,SU81/1,38.91,7.600083,4.0,15.54983
102877,2017-11-07,SN00/11,10.51,7.600083,4.0,15.54983
102878,2017-11-07,SU17/57,129.15,7.600083,4.0,15.54983
102879,2017-11-07,TF81/2A,42.489,7.600083,4.0,15.54983
102880,2017-11-07,SU71/23,30.65,7.600083,4.0,15.54983
102881,2017-11-07,SU01/5B,75.842,7.600083,4.0,15.54983
102882,2017-11-07,SY68/34,66.397,7.600083,4.0,15.54983
102883,2017-11-07,SJ15/13,79.18,7.600083,4.0,15.54983
102884,2017-11-07,TQ25/86,86.36,7.600083,4.0,15.54983
102885,2017-11-07,SP00/62,100.24,7.600083,4.0,15.54983
102886,2017-11-07,NY63/2,130.197,7.600083,4.0,15.54983
102887,2017-11-07,ID30/1,114.66,7.600083,4.0,15.54983
102888,2017-11-07,TR14/9,57.17,7.600083,4.0,15.54983
102889,2017-11-07,SJ62/235,53.46,7.600083,4.0,15.54983
102890,2017-11-08,SJ15/13,79.18,4.7105,0.3,8.363669
102891,2017-11-08,SU01/5B,75.931,4.7105,0.3,8.363669
102892,2017-11-08,SN00/11,10.508,4.7105,0.3,8.363669
102893,2017-11-08,SU81/1,38.97,4.7105,0.3,8.363669
102894,2017-11-08,NH95/17,29.345,4.7105,0.3,8.363669
102895,2017-11-08,NY63/2,130.167,4.7105,0.3,8.363669
102896,2017-11-08,SY68/34,66.447,4.7105,0.3,8.363669
102897,2017-11-08,SK00/41,129.532,4.7105,0.3,8.363669
102898,2017-11-08,TR14/9,57.17,4.7105,0.3,8.363669
102899,2017-11-08,SU71/23,30.66,4.7105,0.3,8.363669
102900,2017-11-08,NO20/14,36.163,4.7105,0.3,8.363669
102901,2017-11-08,TF81/2A,42.485,4.7105,0.3,8.363669
102902,2017-11-08,ID30/1,114.62,4.7105,0.3,8.363669
102903,2017-11-09,SU81/1,39.02,9.410501,1.1,15.677388
102904,2017-11-09,NY63/2,130.182,9.410501,1.1,15.677388
102905,2017-11-09,TR14/9,57.17,9.410501,1.1,15.677388
102906,2017-11-09,TF81/2A,42.475,9.410501,1.1,15.677388
102907,2017-11-09,SY68/34,66.495,9.410501,1.1,15.677388
102908,2017-11-09,NH95/17,29.316,9.410501,1.1,15.677388
102909,2017-11-09,SK00/41,129.53,9.410501,1.1,15.677388
102910,2017-11-09,SU71/23,30.66,9.410501,1.1,15.677388
102911,2017-11-09,ID30/1,114.6,9.410501,1.1,15.677388
102912,2017-11-09,SJ15/13,79.2,9.410501,1.1,15.677388
102913,2017-11-09,SU01/5B,76.034,9.410501,1.1,15.677388
102914,2017-11-09,NO20/14,36.173,9.410501,1.1,15.677388
102915,2017-11-09,SN00/11,10.504,9.410501,1.1,15.677388
102916,2017-11-10,NY63/2,130.195,6.4375825,1.3000001,17.477436
102917,2017-11-10,TF81/2A,42.472,6.4375825,1.3000001,17.477436
102918,2017-11-10,SK00/41,129.53,6.4375825,1.3000001,17.477436
102919,2017-11-10,SU81/1,39.05,6.4375825,1.3000001,17.477436
102920,2017-11-10,ID30/1,114.56,6.4375825,1.3000001,17.477436
102921,2017-11-10,NO20/14,36.172,6.4375825,1.3000001,17.477436
102922,2017-11-10,SU01/5B,76.15,6.4375825,1.3000001,17.477436
102923,2017-11-10,SN00/11,10.491,6.4375825,1.3000001,17.477436
102924,2017-11-10,SY68/34,66.544,6.4375825,1.3000001,17.477436
102925,2017-11-10,TR14/9,57.17,6.4375825,1.3000001,17.477436
102926,2017-11-10,SU71/23,30.67,6.4375825,1.3000001,17.477436
102927,2017-11-10,NH95/17,29.342,6.4375825,1.3000001,17.477436
102928,2017-11-10,SJ15/13,79.21,6.4375825,1.3000001,17.477436
102929,2017-11-11,SU81/1,39.08,4.948,0.3,7.694793
102930,2017-11-11,SU71/23,30.68,4.948,0.3,7.694793
102931,2017-11-11,ID30/1,114.58,4.948,0.3,7.694793
102932,2017-11-11,NO20/14,36.165,4.948,0.3,7.694793
102933,2017-11-11,SY68/34,66.599,4.948,0.3,7.694793
102934,2017-11-11,NH95/17,29.348,4.948,0.3,7.694793
102935,2017-11-11,SU01/5B,76.287,4.948,0.3,7.694793
102936,2017-11-11,SN00/11,10.511,4.948,0.3,7.694793
102937,2017-11-11,SJ15/13,79.23,4.948,0.3,7.694793
102938,2017-11-11,NY63/2,130.2,4.948,0.3,7.694793
102939,2017-11-11,TF81/2A,42.467,4.948,0.3,7.694793
102940,2017-11-11,TR14/9,57.17,4.948,0.3,7.694793
102941,2017-11-11,SK00/41,129.53,4.948,0.3,7.694793
102942,2017-11-12,NO20/14,36.138,3.2063339,0.1,16.022095
102943,2017-11-12,ID30/1,114.54,3.2063339,0.1,16.022095
102944,2017-11-12,SK00/41,129.528,3.2063339,0.1,16.022095
102945,2017-11-12,SU71/23,30.7,3.2063339,0.1,16.022095
102946,2017-11-12,SU81/1,39.15,3.2063339,0.1,16.022095
102947,2017-11-12,SJ15/13,79.24,3.2063339,0.1,16.022095
102948,2017-11-12,SY68/34,66.643,3.2063339,0.1,16.022095
102949,2017-11-12,TR14/9,57.17,3.2063339,0.1,16.022095
102950,2017-11-12,SU01/5B,76.401,3.2063339,0.1,16.022095
102951,2017-11-12,NY63/2,130.198,3.2063339,0.1,16.022095
102952,2017-11-12,SN00/11,10.516,3.2063339,0.1,16.022095
102953,2017-11-12,TF81/2A,42.463,3.2063339,0.1,16.022095
102954,2017-11-12,NH95/17,29.418,3.2063339,0.1,16.022095
102955,2017-11-13,TR14/9,57.17,2.5834167,0.0,8.171533
102956,2017-11-13,SJ15/13,79.28,2.5834167,0.0,8.171533
102957,2017-11-13,NH95/17,29.401,2.5834167,0.0,8.171533
102958,2017-11-13,SU81/1,39.14,2.5834167,0.0,8.171533
102959,2017-11-13,SU71/23,30.71,2.5834167,0.0,8.171533
102960,2017-11-13,SU01/5B,76.486,2.5834167,0.0,8.171533
102961,2017-11-13,NY63/2,130.133,2.5834167,0.0,8.171533
102962,2017-11-13,ID30/1,114.51,2.5834167,0.0,8.171533
102963,2017-11-13,NO20/14,36.13,2.5834167,0.0,8.171533
102964,2017-11-13,SN00/11,10.531,2.5834167,0.0,8.171533
102965,2017-11-13,TF81/2A,42.449,2.5834167,0.0,8.171533
102966,2017-11-13,TL33/4,73.51,2.5834167,0.0,8.171533
102967,2017-11-13,SK00/41,129.52,2.5834167,0.0,8.171533
102968,2017-11-13,SU17/57,129.17,2.5834167,0.0,8.171533
102969,2017-11-13,SY68/34,66.678,2.5834167,0.0,8.171533
102970,2017-11-14,NO20/14,36.136,9.756333,6.1,8.46979
102971,2017-11-14,TR14/9,57.17,9.756333,6.1,8.46979
102972,2017-11-14,SY68/34,66.715,9.756333,6.1,8.46979
102973,2017-11-14,SU01/5B,76.59,9.756333,6.1,8.46979
102974,2017-11-14,NH95/17,29.405,9.756333,6.1,8.46979
102975,2017-11-14,SK00/41,129.517,9.756333,6.1,8.46979
102976,2017-11-14,SP00/62,100.43,9.756333,6.1,8.46979
102977,2017-11-14,SU81/1,39.17,9.756333,6.1,8.46979
102978,2017-11-14,TQ25/86,86.27,9.756333,6.1,8.46979
102979,2017-11-14,SU71/23,30.72,9.756333,6.1,8.46979
102980,2017-11-14,TF81/2A,42.443,9.756333,6.1,8.46979
102981,2017-11-14,SJ15/13,79.32,9.756333,6.1,8.46979
102982,2017-11-14,SU17/57,129.12,9.756333,6.1,8.46979
102983,2017-11-14,ID30/1,114.5,9.756333,6.1,8.46979
102984,2017-11-14,NY63/2,130.177,9.756333,6.1,8.46979
102985,2017-11-14,SN00/11,10.552,9.756333,6.1,8.46979
102986,2017-11-15,NH95/17,29.492,6.139666,0.0,7.4882836
102987,2017-11-15,SK00/41,129.51,6.139666,0.0,7.4882836
102988,2017-11-15,TF81/2A,42.437,6.139666,0.0,7.4882836
102989,2017-11-15,SU01/5B,76.701,6.139666,0.0,7.4882836
102990,2017-11-15,SN00/11,10.556,6.139666,0.0,7.4882836
102991,2017-11-15,TR14/9,57.17,6.139666,0.0,7.4882836
102992,2017-11-15,ID30/1,114.46,6.139666,0.0,7.4882836
102993,2017-11-15,SU81/1,39.23,6.139666,0.0,7.4882836
102994,2017-11-15,NO20/14,36.118,6.139666,0.0,7.4882836
102995,2017-11-15,SY68/34,66.75,6.139666,0.0,7.4882836
102996,2017-11-15,SU71/23,30.73,6.139666,0.0,7.4882836
102997,2017-11-15,SJ15/13,79.32,6.139666,0.0,7.4882836
102998,2017-11-15,NY63/2,130.153,6.139666,0.0,7.4882836
102999,2017-11-16,SK00/41,129.51,6.964667,5.2,13.978119
103000,2017-11-16,SU81/1,39.23,6.964667,5.2,13.978119
103001,2017-11-16,TF81/2A,42.433,6.964667,5.2,13.978119
103002,2017-11-16,SU71/23,30.75,6.964667,5.2,13.978119
103003,2017-11-16,SU01/5B,76.814,6.964667,5.2,13.978119
103004,2017-11-16,NY63/2,130.171,6.964667,5.2,13.978119
103005,2017-11-16,SJ15/13,79.31,6.964667,5.2,13.978119
103006,2017-11-16,TR14/9,57.17,6.964667,5.2,13.978119
103007,2017-11-16,SY68/34,66.78,6.964667,5.2,13.978119
103008,2017-11-16,SN00/11,10.538,6.964667,5.2,13.978119
103009,2017-11-16,NH95/17,29.523,6.964667,5.2,13.978119
103010,2017-11-16,NO20/14,36.132,6.964667,5.2,13.978119
103011,2017-11-16,ID30/1,114.42,6.964667,5.2,13.978119
103012,2017-11-17,SJ15/13,79.29,5.175083,0.2,12.19195
103013,2017-11-17,SU01/5B,76.925,5.175083,0.2,12.19195
103014,2017-11-17,NO20/14,36.123,5.175083,0.2,12.19195
103015,2017-11-17,TF81/2A,42.42,5.175083,0.2,12.19195
103016,2017-11-17,ID30/1,114.42,5.175083,0.2,12.19195
103017,2017-11-17,SE95/6,20.97,5.175083,0.2,12.19195
103018,2017-11-17,SU71/23,30.76,5.175083,0.2,12.19195
103019,2017-11-17,NY63/2,130.127,5.175083,0.2,12.19195
103020,2017-11-17,SY68/34,66.808,5.175083,0.2,12.19195
103021,2017-11-17,SU81/1,39.23,5.175083,0.2,12.19195
103022,2017-11-17,SN00/11,10.524,5.175083,0.2,12.19195
103023,2017-11-17,SK00/41,129.5,5.175083,0.2,12.19195
103024,2017-11-17,NH95/17,29.525,5.175083,0.2,12.19195
103025,2017-11-17,TR14/9,57.17,5.175083,0.2,12.19195
103026,2017-11-18,SU71/23,30.78,5.6271667,1.8000001,17.559982
103027,2017-11-18,SY68/34,66.838,5.6271667,1.8000001,17.559982
103028,2017-11-18,TF81/2A,42.421,5.6271667,1.8000001,17.559982
103029,2017-11-18,SU81/1,39.29,5.6271667,1.8000001,17.559982
103030,2017-11-18,SK00/41,129.5,5.6271667,1.8000001,17.559982
103031,2017-11-18,SU01/5B,77.075,5.6271667,1.8000001,17.559982
103032,2017-11-18,NO20/14,36.123,5.6271667,1.8000001,17.559982
103033,2017-11-18,NH95/17,29.535,5.6271667,1.8000001,17.559982
103034,2017-11-18,ID30/1,114.51,5.6271667,1.8000001,17.559982
103035,2017-11-18,SJ15/13,79.3,5.6271667,1.8000001,17.559982
103036,2017-11-18,SN00/11,10.536,5.6271667,1.8000001,17.559982
103037,2017-11-18,NY63/2,130.162,5.6271667,1.8000001,17.559982
103038,2017-11-18,TR14/9,57.17,5.6271667,1.8000001,17.559982
103039,2017-11-19,NH95/17,29.534,1.8959166,0.8,7.130402
103040,2017-11-19,SU81/1,39.32,1.8959166,0.8,7.130402
103041,2017-11-19,SJ15/13,79.29,1.8959166,0.8,7.130402
103042,2017-11-19,SY68/34,66.863,1.8959166,0.8,7.130402
103043,2017-11-19,NY63/2,130.148,1.8959166,0.8,7.130402
103044,2017-11-19,SK00/41,129.5,1.8959166,0.8,7.130402
103045,2017-11-19,NO20/14,36.108,1.8959166,0.8,7.130402
103046,2017-11-19,ID30/1,114.51,1.8959166,0.8,7.130402
103047,2017-11-19,TF81/2A,42.416,1.8959166,0.8,7.130402
103048,2017-11-19,SU01/5B,77.242,1.8959166,0.8,7.130402
103049,2017-11-19,SU71/23,30.8,1.8959166,0.8,7.130402
103050,2017-11-19,SN00/11,10.558,1.8959166,0.8,7.130402
103051,2017-11-19,TR14/9,57.17,1.8959166,0.8,7.130402
103052,2017-11-20,NO20/14,36.142,9.377168,14.900002,13.112167
103053,2017-11-20,SK00/41,129.5,9.377168,14.900002,13.112167
103054,2017-11-20,ID30/1,114.77,9.377168,14.900002,13.112167
103055,2017-11-20,SU81/1,39.31,9.377168,14.900002,13.112167
103056,2017-11-20,TF81/2A,42.408,9.377168,14.900002,13.112167
103057,2017-11-20,SJ15/13,79.31,9.377168,14.900002,13.112167
103058,2017-11-20,SU71/23,30.83,9.377168,14.900002,13.112167
103059,2017-11-20,NH95/17,29.566,9.377168,14.900002,13.112167
103060,2017-11-20,SY68/34,66.889,9.377168,14.900002,13.112167
103061,2017-11-20,NY63/2,130.17,9.377168,14.900002,13.112167
103062,2017-11-20,SU01/5B,77.448,9.377168,14.900002,13.112167
103063,2017-11-20,SN00/11,10.716,9.377168,14.900002,13.112167
103064,2017-11-20,TR14/9,57.17,9.377168,14.900002,13.112167
103065,2017-11-21,TF81/2A,42.405,11.112584,11.400001,13.063072
103066,2017-11-21,NH95/17,29.648,11.112584,11.400001,13.063072
103067,2017-11-21,NY63/2,130.189,11.112584,11.400001,13.063072
103068,2017-11-21,SU01/5B,77.684,11.112584,11.400001,13.063072
103069,2017-11-21,NO20/14,36.162,11.112584,11.400001,13.063072
103070,2017-11-21,SK00/41,129.508,11.112584,11.400001,13.063072
103071,2017-11-21,ID30/1,115.25,11.112584,11.400001,13.063072
103072,2017-11-21,SU17/57,129.12,11.112584,11.400001,13.063072
103073,2017-11-21,SU81/1,39.37,11.112584,11.400001,13.063072
103074,2017-11-21,SJ15/13,79.31,11.112584,11.400001,13.063072
103075,2017-11-21,TQ25/86,86.14,11.112584,11.400001,13.063072
103076,2017-11-21,SP00/62,100.68,11.112584,11.400001,13.063072
103077,2017-11-21,SY68/34,66.914,11.112584,11.400001,13.063072
103078,2017-11-21,SU71/23,30.86,11.112584,11.400001,13.063072
103079,2017-11-21,SN00/11,11.035,11.112584,11.400001,13.063072
103080,2017-11-21,TR14/9,57.17,11.112584,11.400001,13.063072
103081,2017-11-22,SK00/41,129.516,10.873001,40.1,16.50961
103082,2017-11-22,TF81/2A,42.404,10.873001,40.1,16.50961
103083,2017-11-22,NY63/2,130.261,10.873001,40.1,16.50961
103084,2017-11-22,SN00/11,11.394,10.873001,40.1,16.50961
103085,2017-11-22,SU71/23,30.89,10.873001,40.1,16.50961
103086,2017-11-22,NH95/17,29.758,10.873001,40.1,16.50961
103087,2017-11-22,SY68/34,66.95,10.873001,40.1,16.50961
103088,2017-11-22,SU01/5B,77.969,10.873001,40.1,16.50961
103089,2017-11-22,SU81/1,39.43,10.873001,40.1,16.50961
103090,2017-11-22,SJ15/13,79.36,10.873001,40.1,16.50961
103091,2017-11-22,NO20/14,36.19,10.873001,40.1,16.50961
103092,2017-11-22,ID30/1,115.45,10.873001,40.1,16.50961
103093,2017-11-22,TR14/9,57.17,10.873001,40.1,16.50961
103094,2017-11-23,NY63/2,130.364,4.9375825,10.400001,13.977703
103095,2017-11-23,SJ15/13,79.36,4.9375825,10.400001,13.977703
103096,2017-11-23,NO20/14,36.185,4.9375825,10.400001,13.977703
103097,2017-11-23,SU01/5B,78.228,4.9375825,10.400001,13.977703
103098,2017-11-23,ID30/1,115.4,4.9375825,10.400001,13.977703
103099,2017-11-23,SY68/34,66.979,4.9375825,10.400001,13.977703
103100,2017-11-23,TF81/2A,42.404,4.9375825,10.400001,13.977703
103101,2017-11-23,SU71/23,30.93,4.9375825,10.400001,13.977703
103102,2017-11-23,SK00/41,129.515,4.9375825,10.400001,13.977703
103103,2017-11-23,NH95/17,29.779,4.9375825,10.400001,13.977703
103104,2017-11-23,SU81/1,39.52,4.9375825,10.400001,13.977703
103105,2017-11-23,SN00/11,11.59,4.9375825,10.400001,13.977703
103106,2017-11-23,TR14/9,57.17,4.9375825,10.400001,13.977703
103107,2017-11-24,SY68/34,66.994,1.9000835,4.4,7.152132
103108,2017-11-24,SU71/23,30.97,1.9000835,4.4,7.152132
103109,2017-11-24,SK00/41,129.505,1.9000835,4.4,7.152132
103110,2017-11-24,SU81/1,39.54,1.9000835,4.4,7.152132
103111,2017-11-24,SJ15/13,79.35,1.9000835,4.4,7.152132
103112,2017-11-24,NO20/14,36.152,1.9000835,4.4,7.152132
103113,2017-11-24,ID30/1,115.43,1.9000835,4.4,7.152132
103114,2017-11-24,TM15/112,24.99,1.9000835,4.4,7.152132
103115,2017-11-24,SU01/5B,78.41,1.9000835,4.4,7.152132
103116,2017-11-24,SN00/11,11.669,1.9000835,4.4,7.152132
103117,2017-11-24,TF81/2A,42.384,1.9000835,4.4,7.152132
103118,2017-11-24,NH95/17,29.778,1.9000835,4.4,7.152132
103119,2017-11-24,NY63/2,130.292,1.9000835,4.4,7.152132
103120,2017-11-24,TV59/7C,1.51,1.9000835,4.4,7.152132
103121,2017-11-24,TR14/9,57.17,1.9000835,4.4,7.152132
103122,2017-11-25,SJ15/13,79.34,1.9959167,0.1,12.995939
103123,2017-11-25,SN00/11,11.669,1.9959167,0.1,12.995939
103124,2017-11-25,SU71/23,31.01,1.9959167,0.1,12.995939
103125,2017-11-25,NY63/2,130.319,1.9959167,0.1,12.995939
103126,2017-11-25,SU81/1,39.51,1.9959167,0.1,12.995939
103127,2017-11-25,SY68/34,67.006,1.9959167,0.1,12.995939
103128,2017-11-25,SK00/41,129.495,1.9959167,0.1,12.995939
103129,2017-11-25,ID30/1,115.59,1.9959167,0.1,12.995939
103130,2017-11-25,NO20/14,36.151,1.9959167,0.1,12.995939
103131,2017-11-25,NH95/17,29.776,1.9959167,0.1,12.995939
103132,2017-11-25,TF81/2A,42.378,1.9959167,0.1,12.995939
103133,2017-11-25,SU01/5B,78.554,1.9959167,0.1,12.995939
103134,2017-11-25,TR14/9,57.17,1.9959167,0.1,12.995939
103135,2017-11-26,SY68/34,67.018,3.8938334,3.4,13.804108
103136,2017-11-26,NY63/2,130.308,3.8938334,3.4,13.804108
103137,2017-11-26,TF81/2A,42.372,3.8938334,3.4,13.804108
103138,2017-11-26,ID30/1,115.83,3.8938334,3.4,13.804108
103139,2017-11-26,SU71/23,31.06,3.8938334,3.4,13.804108
103140,2017-11-26,SN00/11,11.654,3.8938334,3.4,13.804108
103141,2017-11-26,SU01/5B,78.684,3.8938334,3.4,13.804108
103142,2017-11-26,SU81/1,39.51,3.8938334,3.4,13.804108
103143,2017-11-26,SJ15/13,79.33,3.8938334,3.4,13.804108
103144,2017-11-26,NO20/14,36.144,3.8938334,3.4,13.804108
103145,2017-11-26,SK00/41,129.49,3.8938334,3.4,13.804108
103146,2017-11-26,NH95/17,29.783,3.8938334,3.4,13.804108
103147,2017-11-26,TR14/9,57.17,3.8938334,3.4,13.804108
103148,2017-11-27,SN00/11,11.68,5.100083,10.500001,18.647655
103149,2017-11-27,SU81/1,39.57,5.100083,10.500001,18.647655
103150,2017-11-27,NH95/17,29.795,5.100083,10.500001,18.647655
103151,2017-11-27,NY63/2,130.362,5.100083,10.500001,18.647655
103152,2017-11-27,NO20/14,36.176,5.100083,10.500001,18.647655
103153,2017-11-27,SK00/41,129.49,5.100083,10.500001,18.647655
103154,2017-11-27,ID30/1,115.86,5.100083,10.500001,18.647655
103155,2017-11-27,TA10/63,14.01,5.100083,10.500001,18.647655
103156,2017-11-27,SU01/5B,78.872,5.100083,10.500001,18.647655
103157,2017-11-27,SJ15/13,79.37,5.100083,10.500001,18.647655
103158,2017-11-27,TF81/2A,42.366,5.100083,10.500001,18.647655
103159,2017-11-27,SU71/23,31.1,5.100083,10.500001,18.647655
103160,2017-11-27,SY68/34,67.04,5.100083,10.500001,18.647655
103161,2017-11-27,TR14/9,57.17,5.100083,10.500001,18.647655
103162,2017-11-28,SP00/62,101.17,1.6438332,0.0,12.346748
103163,2017-11-28,TQ25/86,86.04,1.6438332,0.0,12.346748
103164,2017-11-28,NH95/17,29.776,1.6438332,0.0,12.346748
103165,2017-11-28,SU17/57,129.14,1.6438332,0.0,12.346748
103166,2017-11-28,SK00/41,129.49,1.6438332,0.0,12.346748
103167,2017-11-28,SU81/1,39.61,1.6438332,0.0,12.346748
103168,2017-11-28,SU71/23,31.14,1.6438332,0.0,12.346748
103169,2017-11-28,NY63/2,130.374,1.6438332,0.0,12.346748
103170,2017-11-28,SU01/5B,79.069,1.6438332,0.0,12.346748
103171,2017-11-28,NO20/14,36.142,1.6438332,0.0,12.346748
103172,2017-11-28,SN00/11,11.694,1.6438332,0.0,12.346748
103173,2017-11-28,SY68/34,67.058,1.6438332,0.0,12.346748
103174,2017-11-28,SJ15/13,79.39,1.6438332,0.0,12.346748
103175,2017-11-28,ID30/1,115.83,1.6438332,0.0,12.346748
103176,2017-11-28,TF81/2A,42.363,1.6438332,0.0,12.346748
103177,2017-11-28,TR14/9,57.17,1.6438332,0.0,12.346748
103178,2017-11-29,NY63/2,130.354,0.4834167,0.0,12.594867
103179,2017-11-29,ID30/1,115.76,0.4834167,0.0,12.594867
103180,2017-11-29,TF81/2A,42.358,0.4834167,0.0,12.594867
103181,2017-11-29,SU81/1,39.68,0.4834167,0.0,12.594867
103182,2017-11-29,NH95/17,29.765,0.4834167,0.0,12.594867
103183,2017-11-29,SE94/5,15.28,0.4834167,0.0,12.594867
103184,2017-11-29,SK00/41,129.482,0.4834167,0.0,12.594867
103185,2017-11-29,SN00/11,11.714,0.4834167,0.0,12.594867
103186,2017-11-29,SJ15/13,79.39,0.4834167,0.0,12.594867
103187,2017-11-29,SU71/23,31.19,0.4834167,0.0,12.594867
103188,2017-11-29,SU01/5B,79.223,0.4834167,0.0,12.594867
103189,2017-11-29,SY68/34,67.072,0.4834167,0.0,12.594867
103190,2017-11-29,NO20/14,36.138,0.4834167,0.0,12.594867
103191,2017-11-29,TR14/9,57.17,0.4834167,0.0,12.594867
103192,2017-11-30,ID30/1,115.69,-0.4374167,0.0,13.895244
103193,2017-11-30,SJ15/13,79.38,-0.4374167,0.0,13.895244
103194,2017-11-30,NY63/2,130.351,-0.4374167,0.0,13.895244
103195,2017-11-30,TQ25/86,85.9,-0.4374167,0.0,13.895244
103196,2017-11-30,SK00/41,129.47,-0.4374167,0.0,13.895244
103197,2017-11-30,NO20/14,36.162,-0.4374167,0.0,13.895244
103198,2017-11-30,SY68/34,67.083,-0.4374167,0.0,13.895244
103199,2017-11-30,SU71/23,31.23,-0.4374167,0.0,13.895244
103200,2017-11-30,TF81/2A,42.35,-0.4374167,0.0,13.895244
103201,2017-11-30,SN00/11,11.998,-0.4374167,0.0,13.895244
103202,2017-11-30,SP00/62,101.25,-0.4374167,0.0,13.895244
103203,2017-11-30,SU81/1,39.68,-0.4374167,0.0,13.895244
103204,2017-11-30,SU01/5B,79.381,-0.4374167,0.0,13.895244
103205,2017-11-30,NH95/17,29.757,-0.4374167,0.0,13.895244
103206,2017-11-30,TF03/37,10.054,-0.4374167,0.0,13.895244
103207,2017-11-30,TR14/9,57.17,-0.4374167,0.0,13.895244
103208,2017-12-01,SN00/11,12.093,1.8875833,0.2,10.089576
103209,2017-12-01,SU71/23,31.26,1.8875833,0.2,10.089576
103210,2017-12-01,SU01/5B,79.496,1.8875833,0.2,10.089576
103211,2017-12-01,TL33/4,73.23,1.8875833,0.2,10.089576
103212,2017-12-01,NO20/14,36.156,1.8875833,0.2,10.089576
103213,2017-12-01,SJ15/13,79.36,1.8875833,0.2,10.089576
103214,2017-12-01,TF81/2A,42.344,1.8875833,0.2,10.089576
103215,2017-12-01,NY63/2,130.336,1.8875833,0.2,10.089576
103216,2017-12-01,NH95/17,29.744,1.8875833,0.2,10.089576
103217,2017-12-01,ID30/1,115.66,1.8875833,0.2,10.089576
103218,2017-12-01,SU81/1,39.71,1.8875833,0.2,10.089576
103219,2017-12-01,SY68/34,67.089,1.8875833,0.2,10.089576
103220,2017-12-01,SK00/41,129.47,1.8875833,0.2,10.089576
103221,2017-12-01,TR14/9,57.17,1.8875833,0.2,10.089576
103222,2017-12-02,SJ15/13,79.32,5.7105002,0.6,8.48003
103223,2017-12-02,TF81/2A,42.332,5.7105002,0.6,8.48003
103224,2017-12-02,NH95/17,29.739,5.7105002,0.6,8.48003
103225,2017-12-02,SU01/5B,79.611,5.7105002,0.6,8.48003
103226,2017-12-02,SY68/34,67.098,5.7105002,0.6,8.48003
103227,2017-12-02,SK00/41,129.461,5.7105002,0.6,8.48003
103228,2017-12-02,SU71/23,31.3,5.7105002,0.6,8.48003
103229,2017-12-02,SN00/11,12.288,5.7105002,0.6,8.48003
103230,2017-12-02,SU81/1,39.72,5.7105002,0.6,8.48003
103231,2017-12-02,ID30/1,115.55,5.7105002,0.6,8.48003
103232,2017-12-02,NO20/14,36.173,5.7105002,0.6,8.48003
103233,2017-12-02,NY63/2,130.316,5.7105002,0.6,8.48003
103234,2017-12-02,TR14/9,57.17,5.7105002,0.6,8.48003
103235,2017-12-03,SK00/41,129.456,6.4917502,0.1,10.816386
103236,2017-12-03,SY68/34,67.105,6.4917502,0.1,10.816386
103237,2017-12-03,ID30/1,115.44,6.4917502,0.1,10.816386
103238,2017-12-03,SU81/1,39.75,6.4917502,0.1,10.816386
103239,2017-12-03,NY63/2,130.336,6.4917502,0.1,10.816386
103240,2017-12-03,TF81/2A,42.33,6.4917502,0.1,10.816386
103241,2017-12-03,SJ15/13,79.32,6.4917502,0.1,10.816386
103242,2017-12-03,NH95/17,29.732,6.4917502,0.1,10.816386
103243,2017-12-03,NO20/14,36.16,6.4917502,0.1,10.816386
103244,2017-12-03,SN00/11,12.331,6.4917502,0.1,10.816386
103245,2017-12-03,SU01/5B,79.74,6.4917502,0.1,10.816386
103246,2017-12-03,SU71/23,31.34,6.4917502,0.1,10.816386
103247,2017-12-03,TR14/9,57.17,6.4917502,0.1,10.816386
103248,2017-12-04,NH95/17,29.72,6.450084,0.0,10.974404
103249,2017-12-04,SU81/1,39.76,6.450084,0.0,10.974404
103250,2017-12-04,NY63/2,130.315,6.450084,0.0,10.974404
103251,2017-12-04,SN00/11,12.31,6.450084,0.0,10.974404
103252,2017-12-04,SU71/23,31.37,6.450084,0.0,10.974404
103253,2017-12-04,TF81/2A,42.319,6.450084,0.0,10.974404
103254,2017-12-04,SK00/41,129.45,6.450084,0.0,10.974404
103255,2017-12-04,ID30/1,115.32,6.450084,0.0,10.974404
103256,2017-12-04,SU01/5B,79.856,6.450084,0.0,10.974404
103257,2017-12-04,NO20/14,36.146,6.450084,0.0,10.974404
103258,2017-12-04,SY68/34,67.107,6.450084,0.0,10.974404
103259,2017-12-04,TR14/9,57.17,6.450084,0.0,10.974404
103260,2017-12-05,TF81/2A,42.317,7.0521665,0.9000001,11.1231
103261,2017-12-05,TL44/12,35.38,7.0521665,0.9000001,11.1231
103262,2017-12-05,ID30/1,115.2,7.0521665,0.9000001,11.1231
103263,2017-12-05,SP00/62,101.26,7.0521665,0.9000001,11.1231
103264,2017-12-05,SU71/23,31.4,7.0521665,0.9000001,11.1231
103265,2017-12-05,TQ25/86,85.81,7.0521665,0.9000001,11.1231
103266,2017-12-05,NY63/2,130.317,7.0521665,0.9000001,11.1231
103267,2017-12-05,SY68/34,67.113,7.0521665,0.9000001,11.1231
103268,2017-12-05,SU81/1,39.71,7.0521665,0.9000001,11.1231
103269,2017-12-05,SN00/11,12.261,7.0521665,0.9000001,11.1231
103270,2017-12-05,NO20/14,36.163,7.0521665,0.9000001,11.1231
103271,2017-12-05,SK00/41,129.45,7.0521665,0.9000001,11.1231
103272,2017-12-05,NH95/17,29.728,7.0521665,0.9000001,11.1231
103273,2017-12-05,SU01/5B,79.984,7.0521665,0.9000001,11.1231
103274,2017-12-05,SU17/57,129.24,7.0521665,0.9000001,11.1231
103275,2017-12-05,TR14/9,57.17,7.0521665,0.9000001,11.1231
103276,2017-12-05,ST07/10,68.499,7.0521665,0.9000001,11.1231
103277,2017-12-06,SN00/11,12.215,8.837584,2.6,18.578278
103278,2017-12-06,NH95/17,29.753,8.837584,2.6,18.578278
103279,2017-12-06,SU01/5B,80.17,8.837584,2.6,18.578278
103280,2017-12-06,SU71/23,31.43,8.837584,2.6,18.578278
103281,2017-12-06,NO20/14,36.191,8.837584,2.6,18.578278
103282,2017-12-06,TF81/2A,42.321,8.837584,2.6,18.578278
103283,2017-12-06,SU81/1,39.74,8.837584,2.6,18.578278
103284,2017-12-06,SY68/34,67.144,8.837584,2.6,18.578278
103285,2017-12-06,SK00/41,129.45,8.837584,2.6,18.578278
103286,2017-12-06,ID30/1,115.09,8.837584,2.6,18.578278
103287,2017-12-06,ST07/10,68.028,8.837584,2.6,18.578278
103288,2017-12-06,NY63/2,130.352,8.837584,2.6,18.578278
103289,2017-12-06,TR14/9,57.17,8.837584,2.6,18.578278
103290,2017-12-07,SY68/34,67.145,6.177166,11.100001,25.75647
103291,2017-12-07,TF81/2A,42.319,6.177166,11.100001,25.75647
103292,2017-12-07,SU01/5B,80.406,6.177166,11.100001,25.75647
103293,2017-12-07,NH95/17,29.754,6.177166,11.100001,25.75647
103294,2017-12-07,SK00/41,129.46,6.177166,11.100001,25.75647
103295,2017-12-07,SU81/1,39.85,6.177166,11.100001,25.75647
103296,2017-12-07,NO20/14,36.201,6.177166,11.100001,25.75647
103297,2017-12-07,ST07/10,67.385,6.177166,11.100001,25.75647
103298,2017-12-07,ID30/1,115.0,6.177166,11.100001,25.75647
103299,2017-12-07,SN00/11,12.2,6.177166,11.100001,25.75647
103300,2017-12-07,SU71/23,31.46,6.177166,11.100001,25.75647
103301,2017-12-07,NY63/2,130.438,6.177166,11.100001,25.75647
103302,2017-12-07,TR14/9,57.17,6.177166,11.100001,25.75647
103303,2017-12-08,SK00/41,129.454,0.27300003,0.0,17.890896
103304,2017-12-08,ID30/1,114.94,0.27300003,0.0,17.890896
103305,2017-12-08,ST07/10,67.119,0.27300003,0.0,17.890896
103306,2017-12-08,TF81/2A,42.31,0.27300003,0.0,17.890896
103307,2017-12-08,SU71/23,31.49,0.27300003,0.0,17.890896
103308,2017-12-08,SU01/5B,80.58,0.27300003,0.0,17.890896
103309,2017-12-08,NH95/17,29.703,0.27300003,0.0,17.890896
103310,2017-12-08,SY68/34,67.145,0.27300003,0.0,17.890896
103311,2017-12-08,SN00/11,12.346,0.27300003,0.0,17.890896
103312,2017-12-08,SU81/1,39.86,0.27300003,0.0,17.890896
103313,2017-12-08,NY63/2,130.41,0.27300003,0.0,17.890896
103314,2017-12-08,NO20/14,36.136,0.27300003,0.0,17.890896
103315,2017-12-08,TR14/9,57.17,0.27300003,0.0,17.890896
103316,2017-12-09,SU71/23,31.51,-0.86658317,0.1,7.86413
103317,2017-12-09,ID30/1,114.86,-0.86658317,0.1,7.86413
103318,2017-12-09,TF81/2A,42.314,-0.86658317,0.1,7.86413
103319,2017-12-09,NY63/2,130.375,-0.86658317,0.1,7.86413
103320,2017-12-09,SY68/34,67.162,-0.86658317,0.1,7.86413
103321,2017-12-09,NO20/14,36.148,-0.86658317,0.1,7.86413
103322,2017-12-09,NH95/17,29.667,-0.86658317,0.1,7.86413
103323,2017-12-09,ST07/10,66.652,-0.86658317,0.1,7.86413
103324,2017-12-09,SK00/41,129.453,-0.86658317,0.1,7.86413
103325,2017-12-09,SN00/11,12.371,-0.86658317,0.1,7.86413
103326,2017-12-09,SU81/1,39.91,-0.86658317,0.1,7.86413
103327,2017-12-09,SU01/5B,80.753,-0.86658317,0.1,7.86413
103328,2017-12-09,TR14/9,57.17,-0.86658317,0.1,7.86413
103329,2017-12-10,ST07/10,66.345,-2.1165833,0.0,7.5400567
103330,2017-12-10,SU71/23,31.54,-2.1165833,0.0,7.5400567
103331,2017-12-10,SK00/41,129.471,-2.1165833,0.0,7.5400567
103332,2017-12-10,NH95/17,29.733,-2.1165833,0.0,7.5400567
103333,2017-12-10,SN00/11,12.383,-2.1165833,0.0,7.5400567
103334,2017-12-10,NO20/14,36.205,-2.1165833,0.0,7.5400567
103335,2017-12-10,TF81/2A,42.323,-2.1165833,0.0,7.5400567
103336,2017-12-10,ID30/1,114.8,-2.1165833,0.0,7.5400567
103337,2017-12-10,SU81/1,39.97,-2.1165833,0.0,7.5400567
103338,2017-12-10,SY68/34,67.215,-2.1165833,0.0,7.5400567
103339,2017-12-10,SU01/5B,81.058,-2.1165833,0.0,7.5400567
103340,2017-12-10,NY63/2,130.459,-2.1165833,0.0,7.5400567
103341,2017-12-10,TR14/9,57.17,-2.1165833,0.0,7.5400567
103342,2017-12-11,SU71/23,31.57,-2.58325,0.0,5.7302246
103343,2017-12-11,SU81/1,40.15,-2.58325,0.0,5.7302246
103344,2017-12-11,ID30/1,114.72,-2.58325,0.0,5.7302246
103345,2017-12-11,NY63/2,130.482,-2.58325,0.0,5.7302246
103346,2017-12-11,SU01/5B,81.274,-2.58325,0.0,5.7302246
103347,2017-12-11,SN00/11,12.743,-2.58325,0.0,5.7302246
103348,2017-12-11,SK00/41,129.47,-2.58325,0.0,5.7302246
103349,2017-12-11,NH95/17,29.714,-2.58325,0.0,5.7302246
103350,2017-12-11,ST07/10,72.473,-2.58325,0.0,5.7302246
103351,2017-12-11,TF81/2A,42.306,-2.58325,0.0,5.7302246
103352,2017-12-11,NO20/14,36.158,-2.58325,0.0,5.7302246
103353,2017-12-11,SY68/34,67.22,-2.58325,0.0,5.7302246
103354,2017-12-11,TR14/9,57.17,-2.58325,0.0,5.7302246
103355,2017-12-12,SP00/62,101.23,-0.31033337,3.0,10.847017
103356,2017-12-12,SN00/11,12.792,-0.31033337,3.0,10.847017
103357,2017-12-12,SU17/57,129.42,-0.31033337,3.0,10.847017
103358,2017-12-12,NO20/14,36.149,-0.31033337,3.0,10.847017
103359,2017-12-12,SU71/23,31.6,-0.31033337,3.0,10.847017
103360,2017-12-12,SU81/1,40.13,-0.31033337,3.0,10.847017
103361,2017-12-12,SK00/41,129.461,-0.31033337,3.0,10.847017
103362,2017-12-12,TQ25/86,85.81,-0.31033337,3.0,10.847017
103363,2017-12-12,NH95/17,29.705,-0.31033337,3.0,10.847017
103364,2017-12-12,SU01/5B,81.346,-0.31033337,3.0,10.847017
103365,2017-12-12,ST07/10,74.054,-0.31033337,3.0,10.847017
103366,2017-12-12,TF81/2A,42.299,-0.31033337,3.0,10.847017
103367,2017-12-12,SY68/34,67.231,-0.31033337,3.0,10.847017
103368,2017-12-12,ID30/1,114.8,-0.31033337,3.0,10.847017
103369,2017-12-12,NY63/2,130.393,-0.31033337,3.0,10.847017
103370,2017-12-12,TR14/9,57.17,-0.31033337,3.0,10.847017
103371,2017-12-13,ID30/1,115.26,3.2855003,7.4,13.422593
103372,2017-12-13,ST07/10,74.505,3.2855003,7.4,13.422593
103373,2017-12-13,SY68/34,67.263,3.2855003,7.4,13.422593
103374,2017-12-13,NO20/14,36.192,3.2855003,7.4,13.422593
103375,2017-12-13,NY63/2,130.425,3.2855003,7.4,13.422593
103376,2017-12-13,SU81/1,40.19,3.2855003,7.4,13.422593
103377,2017-12-13,NH95/17,29.718,3.2855003,7.4,13.422593
103378,2017-12-13,SK00/41,129.46,3.2855003,7.4,13.422593
103379,2017-12-13,SU01/5B,81.495,3.2855003,7.4,13.422593
103380,2017-12-13,TF81/2A,42.306,3.2855003,7.4,13.422593
103381,2017-12-13,SU71/23,31.63,3.2855003,7.4,13.422593
103382,2017-12-13,SN00/11,12.85,3.2855003,7.4,13.422593
103383,2017-12-13,SJ15/13,79.43,3.2855003,7.4,13.422593
103384,2017-12-13,TR14/9,57.17,3.2855003,7.4,13.422593
103385,2017-12-14,NY63/2,130.461,1.4542503,5.6,10.150653
103386,2017-12-14,SK00/41,129.46,1.4542503,5.6,10.150653
103387,2017-12-14,NH95/17,29.709,1.4542503,5.6,10.150653
103388,2017-12-14,SJ15/13,79.53,1.4542503,5.6,10.150653
103389,2017-12-14,SY68/34,67.296,1.4542503,5.6,10.150653
103390,2017-12-14,SU81/1,40.32,1.4542503,5.6,10.150653
103391,2017-12-14,ID30/1,115.7,1.4542503,5.6,10.150653
103392,2017-12-14,SU71/23,31.66,1.4542503,5.6,10.150653
103393,2017-12-14,NO20/14,36.176,1.4542503,5.6,10.150653
103394,2017-12-14,TV59/7C,2.25,1.4542503,5.6,10.150653
103395,2017-12-14,ST07/10,75.257,1.4542503,5.6,10.150653
103396,2017-12-14,SN00/11,12.886,1.4542503,5.6,10.150653
103397,2017-12-14,TF81/2A,42.302,1.4542503,5.6,10.150653
103398,2017-12-14,SU01/5B,81.759,1.4542503,5.6,10.150653
103399,2017-12-14,TR14/9,57.17,1.4542503,5.6,10.150653
103400,2017-12-15,NO20/14,36.1,1.0188333,0.5,12.136353
103401,2017-12-15,ID30/1,116.07,1.0188333,0.5,12.136353
103402,2017-12-15,SU01/5B,82.161,1.0188333,0.5,12.136353
103403,2017-12-15,SJ15/13,79.63,1.0188333,0.5,12.136353
103404,2017-12-15,ST07/10,76.773,1.0188333,0.5,12.136353
103405,2017-12-15,SN00/11,12.893,1.0188333,0.5,12.136353
103406,2017-12-15,TM15/112,25.09,1.0188333,0.5,12.136353
103407,2017-12-15,SK00/41,129.454,1.0188333,0.5,12.136353
103408,2017-12-15,NY63/2,130.449,1.0188333,0.5,12.136353
103409,2017-12-15,SY68/34,67.324,1.0188333,0.5,12.136353
103410,2017-12-15,NH95/17,29.676,1.0188333,0.5,12.136353
103411,2017-12-15,TF81/2A,42.294,1.0188333,0.5,12.136353
103412,2017-12-15,SU81/1,40.5,1.0188333,0.5,12.136353
103413,2017-12-15,SU71/23,31.71,1.0188333,0.5,12.136353
103414,2017-12-15,TR14/9,57.17,1.0188333,0.5,12.136353
103415,2017-12-16,ST07/10,76.624,0.008416712,0.0,6.3381257
103416,2017-12-16,SY68/34,67.35,0.008416712,0.0,6.3381257
103417,2017-12-16,NH95/17,29.67,0.008416712,0.0,6.3381257
103418,2017-12-16,NY63/2,130.366,0.008416712,0.0,6.3381257
103419,2017-12-16,SJ15/13,79.59,0.008416712,0.0,6.3381257
103420,2017-12-16,SU01/5B,82.834,0.008416712,0.0,6.3381257
103421,2017-12-16,TF81/2A,42.294,0.008416712,0.0,6.3381257
103422,2017-12-16,SN00/11,12.832,0.008416712,0.0,6.3381257
103423,2017-12-16,SU71/23,31.79,0.008416712,0.0,6.3381257
103424,2017-12-16,ID30/1,115.98,0.008416712,0.0,6.3381257
103425,2017-12-16,NO20/14,36.081,0.008416712,0.0,6.3381257
103426,2017-12-16,SK00/41,129.441,0.008416712,0.0,6.3381257
103427,2017-12-16,SU81/1,40.66,0.008416712,0.0,6.3381257
103428,2017-12-16,TR14/9,57.17,0.008416712,0.0,6.3381257
103429,2017-12-17,NH95/17,29.674,3.4521666,3.2,14.776921
103430,2017-12-17,SN00/11,12.77,3.4521666,3.2,14.776921
103431,2017-12-17,TF81/2A,42.302,3.4521666,3.2,14.776921
103432,2017-12-17,SU01/5B,83.779,3.4521666,3.2,14.776921
103433,2017-12-17,NO20/14,36.099,3.4521666,3.2,14.776921
103434,2017-12-17,SJ15/13,79.58,3.4521666,3.2,14.776921
103435,2017-12-17,SK00/41,129.43,3.4521666,3.2,14.776921
103436,2017-12-17,SY68/34,67.381,3.4521666,3.2,14.776921
103437,2017-12-17,ST07/10,76.146,3.4521666,3.2,14.776921
103438,2017-12-17,SU71/23,31.94,3.4521666,3.2,14.776921
103439,2017-12-17,NY63/2,130.362,3.4521666,3.2,14.776921
103440,2017-12-17,SU81/1,40.81,3.4521666,3.2,14.776921
103441,2017-12-17,ID30/1,115.88,3.4521666,3.2,14.776921
103442,2017-12-17,TR14/9,57.17,3.4521666,3.2,14.776921
103443,2017-12-18,SU71/23,32.01,1.7188334,0.0,8.131666
103444,2017-12-18,ID30/1,115.78,1.7188334,0.0,8.131666
103445,2017-12-18,SU01/5B,84.706,1.7188334,0.0,8.131666
103446,2017-12-18,SK00/41,129.422,1.7188334,0.0,8.131666
103447,2017-12-18,NO20/14,36.067,1.7188334,0.0,8.131666
103448,2017-12-18,SY68/34,67.41,1.7188334,0.0,8.131666
103449,2017-12-18,TF81/2A,42.301,1.7188334,0.0,8.131666
103450,2017-12-18,SJ15/13,79.6,1.7188334,0.0,8.131666
103451,2017-12-18,NY63/2,130.377,1.7188334,0.0,8.131666
103452,2017-12-18,NH95/17,29.653,1.7188334,0.0,8.131666
103453,2017-12-18,ST07/10,75.668,1.7188334,0.0,8.131666
103454,2017-12-18,SN00/11,12.725,1.7188334,0.0,8.131666
103455,2017-12-18,SU81/1,41.11,1.7188334,0.0,8.131666
103456,2017-12-18,TR14/9,57.17,1.7188334,0.0,8.131666
103457,2017-12-19,SU81/1,41.34,7.031334,0.3,11.094467
103458,2017-12-19,SU71/23,32.1,7.031334,0.3,11.094467
103459,2017-12-19,SY68/34,67.442,7.031334,0.3,11.094467
103460,2017-12-19,SJ15/13,79.57,7.031334,0.3,11.094467
103461,2017-12-19,NO20/14,36.081,7.031334,0.3,11.094467
103462,2017-12-19,SK00/41,129.411,7.031334,0.3,11.094467
103463,2017-12-19,NH95/17,29.671,7.031334,0.3,11.094467
103464,2017-12-19,TF81/2A,42.31,7.031334,0.3,11.094467
103465,2017-12-19,ST07/10,75.131,7.031334,0.3,11.094467
103466,2017-12-19,NY63/2,130.368,7.031334,0.3,11.094467
103467,2017-12-19,SN00/11,12.661,7.031334,0.3,11.094467
103468,2017-12-19,ID30/1,115.68,7.031334,0.3,11.094467
103469,2017-12-19,SU01/5B,85.397,7.031334,0.3,11.094467
103470,2017-12-19,TR14/9,57.17,7.031334,0.3,11.094467
103471,2017-12-20,SY68/34,67.479,8.654251,2.1999998,7.494486
103472,2017-12-20,SU71/23,32.22,8.654251,2.1999998,7.494486
103473,2017-12-20,SN00/11,12.612,8.654251,2.1999998,7.494486
103474,2017-12-20,ID30/1,115.59,8.654251,2.1999998,7.494486
103475,2017-12-20,SP00/62,102.27,8.654251,2.1999998,7.494486
103476,2017-12-20,SU81/1,41.54,8.654251,2.1999998,7.494486
103477,2017-12-20,NH95/17,29.657,8.654251,2.1999998,7.494486
103478,2017-12-20,SJ15/13,79.56,8.654251,2.1999998,7.494486
103479,2017-12-20,SK00/41,129.406,8.654251,2.1999998,7.494486
103480,2017-12-20,TA10/63,13.67,8.654251,2.1999998,7.494486
103481,2017-12-20,TQ25/86,85.96,8.654251,2.1999998,7.494486
103482,2017-12-20,ST07/10,74.765,8.654251,2.1999998,7.494486
103483,2017-12-20,SU17/57,129.79,8.654251,2.1999998,7.494486
103484,2017-12-20,NY63/2,130.388,8.654251,2.1999998,7.494486
103485,2017-12-20,NO20/14,36.084,8.654251,2.1999998,7.494486
103486,2017-12-20,SU01/5B,85.918,8.654251,2.1999998,7.494486
103487,2017-12-20,TF81/2A,42.32,8.654251,2.1999998,7.494486
103488,2017-12-20,TR14/9,57.17,8.654251,2.1999998,7.494486
103489,2017-12-21,SU81/1,41.78,7.325085,3.6000001,7.744452
103490,2017-12-21,SE95/6,24.45,7.325085,3.6000001,7.744452
103491,2017-12-21,TF81/2A,42.33,7.325085,3.6000001,7.744452
103492,2017-12-21,SY68/34,67.518,7.325085,3.6000001,7.744452
103493,2017-12-21,SU71/23,32.35,7.325085,3.6000001,7.744452
103494,2017-12-21,SU01/5B,86.315,7.325085,3.6000001,7.744452
103495,2017-12-21,NH95/17,29.646,7.325085,3.6000001,7.744452
103496,2017-12-21,SE94/5,15.46,7.325085,3.6000001,7.744452
103497,2017-12-21,SJ15/13,79.55,7.325085,3.6000001,7.744452
103498,2017-12-21,ST07/10,74.216,7.325085,3.6000001,7.744452
103499,2017-12-21,NO20/14,36.085,7.325085,3.6000001,7.744452
103500,2017-12-21,ID30/1,115.48,7.325085,3.6000001,7.744452
103501,2017-12-21,NY63/2,130.387,7.325085,3.6000001,7.744452
103502,2017-12-21,SK00/41,129.4,7.325085,3.6000001,7.744452
103503,2017-12-21,SN00/11,12.563,7.325085,3.6000001,7.744452
103504,2017-12-21,TR14/9,57.17,7.325085,3.6000001,7.744452
103505,2017-12-22,NH95/17,29.64,8.364667,1.0,4.081382
103506,2017-12-22,SU81/1,42.06,8.364667,1.0,4.081382
103507,2017-12-22,ID30/1,115.37,8.364667,1.0,4.081382
103508,2017-12-22,SN00/11,12.514,8.364667,1.0,4.081382
103509,2017-12-22,SY68/34,67.557,8.364667,1.0,4.081382
103510,2017-12-22,SJ15/13,79.54,8.364667,1.0,4.081382
103511,2017-12-22,SU01/5B,86.622,8.364667,1.0,4.081382
103512,2017-12-22,NY63/2,130.404,8.364667,1.0,4.081382
103513,2017-12-22,ST07/10,73.656,8.364667,1.0,4.081382
103514,2017-12-22,SK00/41,129.392,8.364667,1.0,4.081382
103515,2017-12-22,NO20/14,36.09,8.364667,1.0,4.081382
103516,2017-12-22,TF81/2A,42.34,8.364667,1.0,4.081382
103517,2017-12-22,SU71/23,32.48,8.364667,1.0,4.081382
103518,2017-12-22,TR14/9,57.17,8.364667,1.0,4.081382
103519,2017-12-23,SN00/11,12.478,8.86675,1.4000001,11.574916
103520,2017-12-23,SU81/1,42.3,8.86675,1.4000001,11.574916
103521,2017-12-23,NY63/2,130.408,8.86675,1.4000001,11.574916
103522,2017-12-23,NH95/17,29.667,8.86675,1.4000001,11.574916
103523,2017-12-23,TF81/2A,42.355,8.86675,1.4000001,11.574916
103524,2017-12-23,SU01/5B,86.881,8.86675,1.4000001,11.574916
103525,2017-12-23,SY68/34,67.597,8.86675,1.4000001,11.574916
103526,2017-12-23,SU71/23,32.61,8.86675,1.4000001,11.574916
103527,2017-12-23,NO20/14,36.116,8.86675,1.4000001,11.574916
103528,2017-12-23,SK00/41,129.39,8.86675,1.4000001,11.574916
103529,2017-12-23,ST07/10,73.396,8.86675,1.4000001,11.574916
103530,2017-12-23,SJ15/13,79.52,8.86675,1.4000001,11.574916
103531,2017-12-23,ID30/1,115.26,8.86675,1.4000001,11.574916
103532,2017-12-23,TR14/9,57.17,8.86675,1.4000001,11.574916
103533,2017-12-24,SU01/5B,87.132,10.098001,13.7,20.42936
103534,2017-12-24,SY68/34,67.642,10.098001,13.7,20.42936
103535,2017-12-24,SU81/1,42.54,10.098001,13.7,20.42936
103536,2017-12-24,SJ15/13,79.54,10.098001,13.7,20.42936
103537,2017-12-24,SU71/23,32.76,10.098001,13.7,20.42936
103538,2017-12-24,ST07/10,73.335,10.098001,13.7,20.42936
103539,2017-12-24,ID30/1,115.16,10.098001,13.7,20.42936
103540,2017-12-24,NH95/17,29.723,10.098001,13.7,20.42936
103541,2017-12-24,SN00/11,12.453,10.098001,13.7,20.42936
103542,2017-12-24,NY63/2,130.454,10.098001,13.7,20.42936
103543,2017-12-24,SK00/41,129.395,10.098001,13.7,20.42936
103544,2017-12-24,NO20/14,36.137,10.098001,13.7,20.42936
103545,2017-12-24,TF81/2A,42.371,10.098001,13.7,20.42936
103546,2017-12-24,TR14/9,57.17,10.098001,13.7,20.42936
103547,2017-12-25,NO20/14,36.167,7.3292503,26.3,20.400291
103548,2017-12-25,SY68/34,67.697,7.3292503,26.3,20.400291
103549,2017-12-25,SN00/11,12.45,7.3292503,26.3,20.400291
103550,2017-12-25,TF81/2A,42.392,7.3292503,26.3,20.400291
103551,2017-12-25,SJ15/13,79.58,7.3292503,26.3,20.400291
103552,2017-12-25,NH95/17,29.792,7.3292503,26.3,20.400291
103553,2017-12-25,ID30/1,115.59,7.3292503,26.3,20.400291
103554,2017-12-25,ST07/10,73.146,7.3292503,26.3,20.400291
103555,2017-12-25,SU71/23,32.92,7.3292503,26.3,20.400291
103556,2017-12-25,SK00/41,129.407,7.3292503,26.3,20.400291
103557,2017-12-25,SU01/5B,87.408,7.3292503,26.3,20.400291
103558,2017-12-25,NY63/2,130.509,7.3292503,26.3,20.400291
103559,2017-12-25,SU81/1,42.75,7.3292503,26.3,20.400291
103560,2017-12-25,TR14/9,57.17,7.3292503,26.3,20.400291
103561,2017-12-26,SY68/34,67.773,2.4500835,5.799999,10.276601
103562,2017-12-26,NH95/17,29.811,2.4500835,5.799999,10.276601
103563,2017-12-26,NY63/2,130.57,2.4500835,5.799999,10.276601
103564,2017-12-26,ST07/10,72.985,2.4500835,5.799999,10.276601
103565,2017-12-26,SK00/41,129.421,2.4500835,5.799999,10.276601
103566,2017-12-26,ID30/1,115.54,2.4500835,5.799999,10.276601
103567,2017-12-26,NO20/14,36.209,2.4500835,5.799999,10.276601
103568,2017-12-26,SN00/11,12.465,2.4500835,5.799999,10.276601
103569,2017-12-26,SU71/23,33.13,2.4500835,5.799999,10.276601
103570,2017-12-26,SJ15/13,79.61,2.4500835,5.799999,10.276601
103571,2017-12-26,TF81/2A,42.412,2.4500835,5.799999,10.276601
103572,2017-12-26,SU81/1,43.09,2.4500835,5.799999,10.276601
103573,2017-12-26,SU01/5B,87.696,2.4500835,5.799999,10.276601
103574,2017-12-26,TR14/9,57.17,2.4500835,5.799999,10.276601
103575,2017-12-27,NY63/2,130.577,-0.69783324,0.0,12.561382
103576,2017-12-27,SU71/23,33.33,-0.69783324,0.0,12.561382
103577,2017-12-27,NH95/17,29.788,-0.69783324,0.0,12.561382
103578,2017-12-27,SP00/62,102.63,-0.69783324,0.0,12.561382
103579,2017-12-27,SU01/5B,87.932,-0.69783324,0.0,12.561382
103580,2017-12-27,ST07/10,73.866,-0.69783324,0.0,12.561382
103581,2017-12-27,SN00/11,12.709,-0.69783324,0.0,12.561382
103582,2017-12-27,TQ25/86,86.31,-0.69783324,0.0,12.561382
103583,2017-12-27,TF81/2A,42.438,-0.69783324,0.0,12.561382
103584,2017-12-27,SY68/34,67.838,-0.69783324,0.0,12.561382
103585,2017-12-27,ID30/1,115.41,-0.69783324,0.0,12.561382
103586,2017-12-27,SU81/1,43.39,-0.69783324,0.0,12.561382
103587,2017-12-27,NO20/14,36.187,-0.69783324,0.0,12.561382
103588,2017-12-27,SU17/57,130.56,-0.69783324,0.0,12.561382
103589,2017-12-27,SK00/41,129.423,-0.69783324,0.0,12.561382
103590,2017-12-27,SJ15/13,79.61,-0.69783324,0.0,12.561382
103591,2017-12-27,TR14/9,57.17,-0.69783324,0.0,12.561382
103592,2017-12-28,ST07/10,77.953,0.27091664,0.0,11.314628
103593,2017-12-28,SJ15/13,79.54,0.27091664,0.0,11.314628
103594,2017-12-28,SY68/34,67.915,0.27091664,0.0,11.314628
103595,2017-12-28,NH95/17,29.778,0.27091664,0.0,11.314628
103596,2017-12-28,SU71/23,33.48,0.27091664,0.0,11.314628
103597,2017-12-28,NO20/14,36.164,0.27091664,0.0,11.314628
103598,2017-12-28,SU81/1,43.55,0.27091664,0.0,11.314628
103599,2017-12-28,SU01/5B,88.232,0.27091664,0.0,11.314628
103600,2017-12-28,SN00/11,13.118,0.27091664,0.0,11.314628
103601,2017-12-28,ID30/1,115.31,0.27091664,0.0,11.314628
103602,2017-12-28,SK00/41,129.415,0.27091664,0.0,11.314628
103603,2017-12-28,TF81/2A,42.492,0.27091664,0.0,11.314628
103604,2017-12-28,NY63/2,130.527,0.27091664,0.0,11.314628
103605,2017-12-28,TR14/9,57.17,0.27091664,0.0,11.314628
103606,2017-12-29,SJ15/13,79.52,1.8896667,5.3,16.194426
103607,2017-12-29,SK00/41,129.417,1.8896667,5.3,16.194426
103608,2017-12-29,ST07/10,78.128,1.8896667,5.3,16.194426
103609,2017-12-29,TF81/2A,42.558,1.8896667,5.3,16.194426
103610,2017-12-29,NO20/14,36.181,1.8896667,5.3,16.194426
103611,2017-12-29,NY63/2,130.526,1.8896667,5.3,16.194426
103612,2017-12-29,SN00/11,13.222,1.8896667,5.3,16.194426
103613,2017-12-29,NH95/17,29.793,1.8896667,5.3,16.194426
103614,2017-12-29,SU01/5B,89.057,1.8896667,5.3,16.194426
103615,2017-12-29,SY68/34,68.024,1.8896667,5.3,16.194426
103616,2017-12-29,ID30/1,115.51,1.8896667,5.3,16.194426
103617,2017-12-29,SU81/1,43.72,1.8896667,5.3,16.194426
103618,2017-12-29,SU71/23,33.65,1.8896667,5.3,16.194426
103619,2017-12-29,TR14/9,57.17,1.8896667,5.3,16.194426
103620,2017-12-30,NY63/2,130.565,4.3188334,5.7000003,12.085719
103621,2017-12-30,SJ15/13,79.56,4.3188334,5.7000003,12.085719
103622,2017-12-30,TF81/2A,42.625,4.3188334,5.7000003,12.085719
103623,2017-12-30,ID30/1,115.67,4.3188334,5.7000003,12.085719
103624,2017-12-30,SK00/41,129.411,4.3188334,5.7000003,12.085719
103625,2017-12-30,SN00/11,13.247,4.3188334,5.7000003,12.085719
103626,2017-12-30,NO20/14,36.175,4.3188334,5.7000003,12.085719
103627,2017-12-30,SU01/5B,90.203,4.3188334,5.7000003,12.085719
103628,2017-12-30,NH95/17,29.786,4.3188334,5.7000003,12.085719
103629,2017-12-30,SU71/23,33.96,4.3188334,5.7000003,12.085719
103630,2017-12-30,SU81/1,44.13,4.3188334,5.7000003,12.085719
103631,2017-12-30,ST07/10,77.867,4.3188334,5.7000003,12.085719
103632,2017-12-30,SY68/34,68.167,4.3188334,5.7000003,12.085719
103633,2017-12-30,TR14/9,57.17,4.3188334,5.7000003,12.085719
103634,2017-12-31,SU71/23,34.65,6.195917,8.500001,21.21023
103635,2017-12-31,NY63/2,130.557,6.195917,8.500001,21.21023
103636,2017-12-31,SP00/62,103.02,6.195917,8.500001,21.21023
103637,2017-12-31,SJ15/13,79.62,6.195917,8.500001,21.21023
103638,2017-12-31,SU17/57,131.21,6.195917,8.500001,21.21023
103639,2017-12-31,SY68/34,68.408,6.195917,8.500001,21.21023
103640,2017-12-31,TF81/2A,42.708,6.195917,8.500001,21.21023
103641,2017-12-31,SN00/11,13.369,6.195917,8.500001,21.21023
103642,2017-12-31,ST07/10,77.854,6.195917,8.500001,21.21023
103643,2017-12-31,TQ25/86,87.23,6.195917,8.500001,21.21023
103644,2017-12-31,ID30/1,115.83,6.195917,8.500001,21.21023
103645,2017-12-31,NH95/17,29.782,6.195917,8.500001,21.21023
103646,2017-12-31,TF03/37,10.035,6.195917,8.500001,21.21023
103647,2017-12-31,SK00/41,129.41,6.195917,8.500001,21.21023
103648,2017-12-31,SU81/1,45.41,6.195917,8.500001,21.21023
103649,2017-12-31,NO20/14,36.196,6.195917,8.500001,21.21023
103650,2017-12-31,SU01/5B,91.285,6.195917,8.500001,21.21023
103651,2017-12-31,TR14/9,57.17,6.195917,8.500001,21.21023
103652,2018-01-01,TF81/2A,42.723,4.5209165,4.1999993,14.019622
103653,2018-01-01,SN00/11,13.381,4.5209165,4.1999993,14.019622
103654,2018-01-01,SU71/23,35.87,4.5209165,4.1999993,14.019622
103655,2018-01-01,SK00/41,129.403,4.5209165,4.1999993,14.019622
103656,2018-01-01,NO20/14,36.202,4.5209165,4.1999993,14.019622
103657,2018-01-01,ID30/1,115.79,4.5209165,4.1999993,14.019622
103658,2018-01-01,SY68/34,68.709,4.5209165,4.1999993,14.019622
103659,2018-01-01,SU01/5B,92.066,4.5209165,4.1999993,14.019622
103660,2018-01-01,ST07/10,79.46,4.5209165,4.1999993,14.019622
103661,2018-01-01,SU81/1,47.97,4.5209165,4.1999993,14.019622
103662,2018-01-01,NH95/17,29.773,4.5209165,4.1999993,14.019622
103663,2018-01-01,NY63/2,130.57,4.5209165,4.1999993,14.019622
103664,2018-01-01,SJ15/13,79.65,4.5209165,4.1999993,14.019622
103665,2018-01-01,TR14/9,57.17,4.5209165,4.1999993,14.019622
103666,2018-01-02,SY68/34,68.99,4.312583,11.599999,17.100447
103667,2018-01-02,SU81/1,51.82,4.312583,11.599999,17.100447
103668,2018-01-02,NO20/14,36.233,4.312583,11.599999,17.100447
103669,2018-01-02,SU71/23,37.3,4.312583,11.599999,17.100447
103670,2018-01-02,SN00/11,13.326,4.312583,11.599999,17.100447
103671,2018-01-02,ID30/1,115.92,4.312583,11.599999,17.100447
103672,2018-01-02,SJ15/13,79.62,4.312583,11.599999,17.100447
103673,2018-01-02,SU01/5B,92.616,4.312583,11.599999,17.100447
103674,2018-01-02,NH95/17,29.775,4.312583,11.599999,17.100447
103675,2018-01-02,NY63/2,130.509,4.312583,11.599999,17.100447
103676,2018-01-02,TR14/9,57.17,4.312583,11.599999,17.100447
103677,2018-01-02,SK00/41,129.4,4.312583,11.599999,17.100447
103678,2018-01-02,TF81/2A,42.779,4.312583,11.599999,17.100447
103679,2018-01-02,ST07/10,80.444,4.312583,11.599999,17.100447
103680,2018-01-02,SJ62/235,53.75,4.312583,11.599999,17.100447
103681,2018-01-03,SU81/1,54.27,5.587583,18.700003,27.168846
103682,2018-01-03,TF81/2A,42.861,5.587583,18.700003,27.168846
103683,2018-01-03,SN00/11,13.341,5.587583,18.700003,27.168846
103684,2018-01-03,SU01/5B,93.182,5.587583,18.700003,27.168846
103685,2018-01-03,SJ15/13,79.7,5.587583,18.700003,27.168846
103686,2018-01-03,TR14/9,57.17,5.587583,18.700003,27.168846
103687,2018-01-03,NO20/14,36.295,5.587583,18.700003,27.168846
103688,2018-01-03,ID30/1,116.4,5.587583,18.700003,27.168846
103689,2018-01-03,ST07/10,81.508,5.587583,18.700003,27.168846
103690,2018-01-03,NH95/17,29.774,5.587583,18.700003,27.168846
103691,2018-01-03,SU71/23,38.5,5.587583,18.700003,27.168846
103692,2018-01-03,SK00/41,129.396,5.587583,18.700003,27.168846
103693,2018-01-03,NY63/2,130.67,5.587583,18.700003,27.168846
103694,2018-01-03,SY68/34,69.217,5.587583,18.700003,27.168846
103695,2018-01-04,SJ15/13,79.73,4.7896667,16.0,13.367644
103696,2018-01-04,SY68/34,69.456,4.7896667,16.0,13.367644
103697,2018-01-04,NO20/14,36.293,4.7896667,16.0,13.367644
103698,2018-01-04,SU81/1,56.26,4.7896667,16.0,13.367644
103699,2018-01-04,NY63/2,130.602,4.7896667,16.0,13.367644
103700,2018-01-04,ID30/1,116.89,4.7896667,16.0,13.367644
103701,2018-01-04,SU01/5B,93.787,4.7896667,16.0,13.367644
103702,2018-01-04,NH95/17,29.756,4.7896667,16.0,13.367644
103703,2018-01-04,SK00/41,129.391,4.7896667,16.0,13.367644
103704,2018-01-04,ST07/10,82.044,4.7896667,16.0,13.367644
103705,2018-01-04,TL44/12,35.51,4.7896667,16.0,13.367644
103706,2018-01-04,TR14/9,57.17,4.7896667,16.0,13.367644
103707,2018-01-04,SN00/11,13.415,4.7896667,16.0,13.367644
103708,2018-01-04,TL33/4,73.75,4.7896667,16.0,13.367644
103709,2018-01-04,TF81/2A,42.902,4.7896667,16.0,13.367644
103710,2018-01-04,TL33/67,81.28,4.7896667,16.0,13.367644
103711,2018-01-04,SU71/23,39.57,4.7896667,16.0,13.367644
103712,2018-01-05,SU71/23,40.87,2.9750836,0.6,7.2347646
103713,2018-01-05,ST07/10,82.105,2.9750836,0.6,7.2347646
103714,2018-01-05,ID30/1,117.08,2.9750836,0.6,7.2347646
103715,2018-01-05,TR14/9,57.17,2.9750836,0.6,7.2347646
103716,2018-01-05,SU81/1,58.42,2.9750836,0.6,7.2347646
103717,2018-01-05,SK00/41,129.39,2.9750836,0.6,7.2347646
103718,2018-01-05,NO20/14,36.308,2.9750836,0.6,7.2347646
103719,2018-01-05,SY68/34,69.716,2.9750836,0.6,7.2347646
103720,2018-01-05,NY63/2,130.676,2.9750836,0.6,7.2347646
103721,2018-01-05,SU01/5B,94.279,2.9750836,0.6,7.2347646
103722,2018-01-05,NH95/17,29.735,2.9750836,0.6,7.2347646
103723,2018-01-05,TL44/12,38.65,2.9750836,0.6,7.2347646
103724,2018-01-05,SN00/11,13.404,2.9750836,0.6,7.2347646
103725,2018-01-05,TF81/2A,42.962,2.9750836,0.6,7.2347646
103726,2018-01-05,SJ15/13,79.71,2.9750836,0.6,7.2347646
103727,2018-01-06,SY68/34,69.994,3.133417,0.6,13.764059
103728,2018-01-06,ID30/1,116.88,3.133417,0.6,13.764059
103729,2018-01-06,SU71/23,41.86,3.133417,0.6,13.764059
103730,2018-01-06,SU01/5B,94.518,3.133417,0.6,13.764059
103731,2018-01-06,SN00/11,13.345,3.133417,0.6,13.764059
103732,2018-01-06,ST07/10,81.43,3.133417,0.6,13.764059
103733,2018-01-06,SK00/41,129.375,3.133417,0.6,13.764059
103734,2018-01-06,TR14/9,57.17,3.133417,0.6,13.764059
103735,2018-01-06,TF81/2A,43.011,3.133417,0.6,13.764059
103736,2018-01-06,NH95/17,29.693,3.133417,0.6,13.764059
103737,2018-01-06,NY63/2,130.657,3.133417,0.6,13.764059
103738,2018-01-06,SJ15/13,79.62,3.133417,0.6,13.764059
103739,2018-01-06,SU81/1,59.86,3.133417,0.6,13.764059
103740,2018-01-06,NO20/14,36.285,3.133417,0.6,13.764059
103741,2018-01-07,TF81/2A,43.047,0.11675001,0.0,6.5181026
103742,2018-01-07,NH95/17,29.692,0.11675001,0.0,6.5181026
103743,2018-01-07,SN00/11,13.285,0.11675001,0.0,6.5181026
103744,2018-01-07,NY63/2,130.586,0.11675001,0.0,6.5181026
103745,2018-01-07,SY68/34,70.218,0.11675001,0.0,6.5181026
103746,2018-01-07,ST07/10,80.369,0.11675001,0.0,6.5181026
103747,2018-01-07,SU71/23,42.68,0.11675001,0.0,6.5181026
103748,2018-01-07,SJ15/13,79.56,0.11675001,0.0,6.5181026
103749,2018-01-07,SK00/41,129.363,0.11675001,0.0,6.5181026
103750,2018-01-07,TR14/9,57.17,0.11675001,0.0,6.5181026
103751,2018-01-07,ID30/1,116.62,0.11675001,0.0,6.5181026
103752,2018-01-07,NO20/14,36.295,0.11675001,0.0,6.5181026
103753,2018-01-07,SU81/1,60.86,0.11675001,0.0,6.5181026
103754,2018-01-07,SU01/5B,94.649,0.11675001,0.0,6.5181026
103755,2018-01-08,ST07/10,79.249,0.86883336,0.0,12.987816
103756,2018-01-08,SJ15/13,79.58,0.86883336,0.0,12.987816
103757,2018-01-08,TR14/9,57.17,0.86883336,0.0,12.987816
103758,2018-01-08,SY68/34,70.378,0.86883336,0.0,12.987816
103759,2018-01-08,SN00/11,13.24,0.86883336,0.0,12.987816
103760,2018-01-08,ID30/1,116.4,0.86883336,0.0,12.987816
103761,2018-01-08,SU01/5B,94.88,0.86883336,0.0,12.987816
103762,2018-01-08,SK00/41,129.36,0.86883336,0.0,12.987816
103763,2018-01-08,NO20/14,36.342,0.86883336,0.0,12.987816
103764,2018-01-08,NH95/17,29.703,0.86883336,0.0,12.987816
103765,2018-01-08,SU81/1,61.74,0.86883336,0.0,12.987816
103766,2018-01-08,TF81/2A,43.099,0.86883336,0.0,12.987816
103767,2018-01-08,SU71/23,43.41,0.86883336,0.0,12.987816
103768,2018-01-08,NY63/2,130.625,0.86883336,0.0,12.987816
103769,2018-01-09,NY63/2,130.715,2.6625836,0.0,19.99806
103770,2018-01-09,SJ15/13,79.64,2.6625836,0.0,19.99806
103771,2018-01-09,ID30/1,116.25,2.6625836,0.0,19.99806
103772,2018-01-09,SK00/41,129.367,2.6625836,0.0,19.99806
103773,2018-01-09,SP00/62,102.94,2.6625836,0.0,19.99806
103774,2018-01-09,TF81/2A,43.166,2.6625836,0.0,19.99806
103775,2018-01-09,SU81/1,62.33,2.6625836,0.0,19.99806
103776,2018-01-09,SU71/23,44.05,2.6625836,0.0,19.99806
103777,2018-01-09,SU17/57,133.39,2.6625836,0.0,19.99806
103778,2018-01-09,TR14/9,57.17,2.6625836,0.0,19.99806
103779,2018-01-09,SN00/11,13.184,2.6625836,0.0,19.99806
103780,2018-01-09,ST07/10,78.222,2.6625836,0.0,19.99806
103781,2018-01-09,NH95/17,29.716,2.6625836,0.0,19.99806
103782,2018-01-09,SU01/5B,95.21,2.6625836,0.0,19.99806
103783,2018-01-09,SY68/34,70.502,2.6625836,0.0,19.99806
103784,2018-01-09,NO20/14,36.406,2.6625836,0.0,19.99806
103785,2018-01-09,TQ25/86,88.69,2.6625836,0.0,19.99806
103786,2018-01-10,ST07/10,77.127,4.8542495,1.8000001,7.2843103
103787,2018-01-10,SU81/1,62.73,4.8542495,1.8000001,7.2843103
103788,2018-01-10,SK00/41,129.366,4.8542495,1.8000001,7.2843103
103789,2018-01-10,NH95/17,29.706,4.8542495,1.8000001,7.2843103
103790,2018-01-10,NY63/2,130.765,4.8542495,1.8000001,7.2843103
103791,2018-01-10,SJ15/13,79.62,4.8542495,1.8000001,7.2843103
103792,2018-01-10,TR14/9,57.17,4.8542495,1.8000001,7.2843103
103793,2018-01-10,SY68/34,70.58,4.8542495,1.8000001,7.2843103
103794,2018-01-10,NO20/14,36.394,4.8542495,1.8000001,7.2843103
103795,2018-01-10,SU01/5B,95.434,4.8542495,1.8000001,7.2843103
103796,2018-01-10,SN00/11,13.099,4.8542495,1.8000001,7.2843103
103797,2018-01-10,SU71/23,44.61,4.8542495,1.8000001,7.2843103
103798,2018-01-10,TF81/2A,43.231,4.8542495,1.8000001,7.2843103
103799,2018-01-10,ID30/1,116.08,4.8542495,1.8000001,7.2843103
103800,2018-01-11,ST07/10,75.93,3.7500827,0.0,4.63702
103801,2018-01-11,SU01/5B,95.451,3.7500827,0.0,4.63702
103802,2018-01-11,NH95/17,29.662,3.7500827,0.0,4.63702
103803,2018-01-11,SU71/23,45.01,3.7500827,0.0,4.63702
103804,2018-01-11,TF81/2A,43.281,3.7500827,0.0,4.63702
103805,2018-01-11,SK00/41,129.354,3.7500827,0.0,4.63702
103806,2018-01-11,SY68/34,70.618,3.7500827,0.0,4.63702
103807,2018-01-11,SU81/1,62.89,3.7500827,0.0,4.63702
103808,2018-01-11,ID30/1,115.89,3.7500827,0.0,4.63702
103809,2018-01-11,SJ15/13,79.55,3.7500827,0.0,4.63702
103810,2018-01-11,NY63/2,130.702,3.7500827,0.0,4.63702
103811,2018-01-11,NO20/14,36.357,3.7500827,0.0,4.63702
103812,2018-01-11,TR14/9,57.17,3.7500827,0.0,4.63702
103813,2018-01-11,SN00/11,13.016,3.7500827,0.0,4.63702
103814,2018-01-12,NY63/2,130.652,4.9979997,0.0,16.060968
103815,2018-01-12,NH95/17,29.666,4.9979997,0.0,16.060968
103816,2018-01-12,SK00/41,129.35,4.9979997,0.0,16.060968
103817,2018-01-12,NO20/14,36.36,4.9979997,0.0,16.060968
103818,2018-01-12,SN00/11,12.946,4.9979997,0.0,16.060968
103819,2018-01-12,SU81/1,62.89,4.9979997,0.0,16.060968
103820,2018-01-12,SU71/23,45.25,4.9979997,0.0,16.060968
103821,2018-01-12,TF81/2A,43.313,4.9979997,0.0,16.060968
103822,2018-01-12,SJ15/13,79.54,4.9979997,0.0,16.060968
103823,2018-01-12,ID30/1,115.71,4.9979997,0.0,16.060968
103824,2018-01-12,TR14/9,57.202,4.9979997,0.0,16.060968
103825,2018-01-12,SY68/34,70.648,4.9979997,0.0,16.060968
103826,2018-01-12,SU01/5B,95.388,4.9979997,0.0,16.060968
103827,2018-01-12,ST07/10,75.016,4.9979997,0.0,16.060968
103828,2018-01-13,SU71/23,45.47,4.6521664,0.0,21.001099
103829,2018-01-13,SN00/11,12.871,4.6521664,0.0,21.001099
103830,2018-01-13,NO20/14,36.373,4.6521664,0.0,21.001099
103831,2018-01-13,SK00/41,129.344,4.6521664,0.0,21.001099
103832,2018-01-13,SY68/34,70.662,4.6521664,0.0,21.001099
103833,2018-01-13,TF81/2A,43.371,4.6521664,0.0,21.001099
103834,2018-01-13,NY63/2,130.699,4.6521664,0.0,21.001099
103835,2018-01-13,ST07/10,74.11,4.6521664,0.0,21.001099
103836,2018-01-13,SU81/1,62.76,4.6521664,0.0,21.001099
103837,2018-01-13,ID30/1,115.54,4.6521664,0.0,21.001099
103838,2018-01-13,TR14/9,57.361,4.6521664,0.0,21.001099
103839,2018-01-13,NH95/17,29.674,4.6521664,0.0,21.001099
103840,2018-01-13,SU01/5B,95.318,4.6521664,0.0,21.001099
103841,2018-01-13,SJ15/13,79.56,4.6521664,0.0,21.001099
103842,2018-01-14,TR14/9,57.56,3.595917,5.3,21.16879
103843,2018-01-14,NO20/14,36.396,3.595917,5.3,21.16879
103844,2018-01-14,SU71/23,45.66,3.595917,5.3,21.16879
103845,2018-01-14,TF81/2A,43.425,3.595917,5.3,21.16879
103846,2018-01-14,SU01/5B,95.206,3.595917,5.3,21.16879
103847,2018-01-14,NY63/2,130.705,3.595917,5.3,21.16879
103848,2018-01-14,ST07/10,73.303,3.595917,5.3,21.16879
103849,2018-01-14,SK00/41,129.341,3.595917,5.3,21.16879
103850,2018-01-14,ID30/1,115.46,3.595917,5.3,21.16879
103851,2018-01-14,NH95/17,29.679,3.595917,5.3,21.16879
103852,2018-01-14,SU81/1,62.55,3.595917,5.3,21.16879
103853,2018-01-14,SJ15/13,79.55,3.595917,5.3,21.16879
103854,2018-01-14,SN00/11,12.822,3.595917,5.3,21.16879
103855,2018-01-14,SY68/34,70.663,3.595917,5.3,21.16879
103856,2018-01-15,SU81/1,62.28,5.3229995,20.799997,17.950495
103857,2018-01-15,SY68/34,70.698,5.3229995,20.799997,17.950495
103858,2018-01-15,SK00/41,129.35,5.3229995,20.799997,17.950495
103859,2018-01-15,ST07/10,73.627,5.3229995,20.799997,17.950495
103860,2018-01-15,NH95/17,29.675,5.3229995,20.799997,17.950495
103861,2018-01-15,TR14/9,57.748,5.3229995,20.799997,17.950495
103862,2018-01-15,NY63/2,130.783,5.3229995,20.799997,17.950495
103863,2018-01-15,TF81/2A,43.489,5.3229995,20.799997,17.950495
103864,2018-01-15,ID30/1,115.8,5.3229995,20.799997,17.950495
103865,2018-01-15,NO20/14,36.449,5.3229995,20.799997,17.950495
103866,2018-01-15,SN00/11,13.05,5.3229995,20.799997,17.950495
103867,2018-01-15,SU01/5B,95.132,5.3229995,20.799997,17.950495
103868,2018-01-15,SJ15/13,79.61,5.3229995,20.799997,17.950495
103869,2018-01-15,SU71/23,45.83,5.3229995,20.799997,17.950495
103870,2018-01-16,NO20/14,36.429,1.5292501,9.0,22.267637
103871,2018-01-16,NH95/17,29.703,1.5292501,9.0,22.267637
103872,2018-01-16,ID30/1,115.67,1.5292501,9.0,22.267637
103873,2018-01-16,SP00/62,102.65,1.5292501,9.0,22.267637
103874,2018-01-16,SK00/41,129.35,1.5292501,9.0,22.267637
103875,2018-01-16,SJ15/13,79.6,1.5292501,9.0,22.267637
103876,2018-01-16,TR14/9,57.894,1.5292501,9.0,22.267637
103877,2018-01-16,SN00/11,13.139,1.5292501,9.0,22.267637
103878,2018-01-16,SY68/34,70.68,1.5292501,9.0,22.267637
103879,2018-01-16,TF81/2A,43.56,1.5292501,9.0,22.267637
103880,2018-01-16,SU01/5B,94.993,1.5292501,9.0,22.267637
103881,2018-01-16,TQ25/86,90.14,1.5292501,9.0,22.267637
103882,2018-01-16,SU17/57,134.72,1.5292501,9.0,22.267637
103883,2018-01-16,SU71/23,46.04,1.5292501,9.0,22.267637
103884,2018-01-16,SU81/1,62.13,1.5292501,9.0,22.267637
103885,2018-01-16,NY63/2,130.815,1.5292501,9.0,22.267637
103886,2018-01-16,ST07/10,74.325,1.5292501,9.0,22.267637
103887,2018-01-17,SU71/23,46.21,1.9896668,8.0,20.550117
103888,2018-01-17,SU01/5B,94.775,1.9896668,8.0,20.550117
103889,2018-01-17,NH95/17,29.679,1.9896668,8.0,20.550117
103890,2018-01-17,ID30/1,115.57,1.9896668,8.0,20.550117
103891,2018-01-17,NO20/14,36.389,1.9896668,8.0,20.550117
103892,2018-01-17,TF81/2A,43.612,1.9896668,8.0,20.550117
103893,2018-01-17,SK00/41,129.35,1.9896668,8.0,20.550117
103894,2018-01-17,SJ15/13,79.57,1.9896668,8.0,20.550117
103895,2018-01-17,NY63/2,130.791,1.9896668,8.0,20.550117
103896,2018-01-17,SN00/11,13.107,1.9896668,8.0,20.550117
103897,2018-01-17,TR14/9,58.057,1.9896668,8.0,20.550117
103898,2018-01-17,SU81/1,61.92,1.9896668,8.0,20.550117
103899,2018-01-17,TV59/7C,2.26,1.9896668,8.0,20.550117
103900,2018-01-17,SY68/34,70.663,1.9896668,8.0,20.550117
103901,2018-01-17,ST07/10,74.793,1.9896668,8.0,20.550117
103902,2018-01-18,ST07/10,76.097,1.4750835,11.200002,11.359699
103903,2018-01-18,SN00/11,13.055,1.4750835,11.200002,11.359699
103904,2018-01-18,NO20/14,36.389,1.4750835,11.200002,11.359699
103905,2018-01-18,SU01/5B,94.554,1.4750835,11.200002,11.359699
103906,2018-01-18,SY68/34,70.644,1.4750835,11.200002,11.359699
103907,2018-01-18,SU81/1,61.66,1.4750835,11.200002,11.359699
103908,2018-01-18,SK00/41,129.345,1.4750835,11.200002,11.359699
103909,2018-01-18,SJ15/13,79.59,1.4750835,11.200002,11.359699
103910,2018-01-18,SU71/23,46.32,1.4750835,11.200002,11.359699
103911,2018-01-18,ID30/1,115.76,1.4750835,11.200002,11.359699
103912,2018-01-18,NH95/17,29.66,1.4750835,11.200002,11.359699
103913,2018-01-18,TF81/2A,43.662,1.4750835,11.200002,11.359699
103914,2018-01-18,NY63/2,130.788,1.4750835,11.200002,11.359699
103915,2018-01-18,TR14/9,58.181,1.4750835,11.200002,11.359699
103916,2018-01-19,ID30/1,115.95,1.1730002,4.5,11.740969
103917,2018-01-19,NH95/17,29.649,1.1730002,4.5,11.740969
103918,2018-01-19,SJ15/13,79.61,1.1730002,4.5,11.740969
103919,2018-01-19,NY63/2,130.746,1.1730002,4.5,11.740969
103920,2018-01-19,SK00/41,129.336,1.1730002,4.5,11.740969
103921,2018-01-19,NO20/14,36.384,1.1730002,4.5,11.740969
103922,2018-01-19,SY68/34,70.601,1.1730002,4.5,11.740969
103923,2018-01-19,SN00/11,12.998,1.1730002,4.5,11.740969
103924,2018-01-19,SU81/1,61.46,1.1730002,4.5,11.740969
103925,2018-01-19,ST07/10,76.394,1.1730002,4.5,11.740969
103926,2018-01-19,TF81/2A,43.709,1.1730002,4.5,11.740969
103927,2018-01-19,TR14/9,58.33,1.1730002,4.5,11.740969
103928,2018-01-19,SU01/5B,94.304,1.1730002,4.5,11.740969
103929,2018-01-19,SU71/23,46.43,1.1730002,4.5,11.740969
103930,2018-01-20,SJ15/13,79.63,0.13341667,0.9000001,6.1188645
103931,2018-01-20,SY68/34,70.563,0.13341667,0.9000001,6.1188645
103932,2018-01-20,NO20/14,36.382,0.13341667,0.9000001,6.1188645
103933,2018-01-20,SN00/11,12.942,0.13341667,0.9000001,6.1188645
103934,2018-01-20,SU71/23,46.55,0.13341667,0.9000001,6.1188645
103935,2018-01-20,SU81/1,61.27,0.13341667,0.9000001,6.1188645
103936,2018-01-20,ID30/1,116.0,0.13341667,0.9000001,6.1188645
103937,2018-01-20,ST07/10,76.073,0.13341667,0.9000001,6.1188645
103938,2018-01-20,SK00/41,129.33,0.13341667,0.9000001,6.1188645
103939,2018-01-20,TR14/9,58.461,0.13341667,0.9000001,6.1188645
103940,2018-01-20,SU01/5B,94.104,0.13341667,0.9000001,6.1188645
103941,2018-01-20,NY63/2,130.764,0.13341667,0.9000001,6.1188645
103942,2018-01-20,NH95/17,29.625,0.13341667,0.9000001,6.1188645
103943,2018-01-20,TF81/2A,43.761,0.13341667,0.9000001,6.1188645
103944,2018-01-21,ST07/10,78.449,1.04175,7.3999996,15.308395
103945,2018-01-21,NY63/2,130.731,1.04175,7.3999996,15.308395
103946,2018-01-21,SU01/5B,93.96,1.04175,7.3999996,15.308395
103947,2018-01-21,SU81/1,61.11,1.04175,7.3999996,15.308395
103948,2018-01-21,SY68/34,70.543,1.04175,7.3999996,15.308395
103949,2018-01-21,SJ15/13,79.64,1.04175,7.3999996,15.308395
103950,2018-01-21,NH95/17,29.618,1.04175,7.3999996,15.308395
103951,2018-01-21,ID30/1,116.61,1.04175,7.3999996,15.308395
103952,2018-01-21,SU71/23,46.69,1.04175,7.3999996,15.308395
103953,2018-01-21,NO20/14,36.379,1.04175,7.3999996,15.308395
103954,2018-01-21,SN00/11,13.386,1.04175,7.3999996,15.308395
103955,2018-01-21,SK00/41,129.33,1.04175,7.3999996,15.308395
103956,2018-01-21,TF81/2A,43.812,1.04175,7.3999996,15.308395
103957,2018-01-21,TR14/9,58.612,1.04175,7.3999996,15.308395
103958,2018-01-22,SU81/1,60.99,5.3729997,0.2,14.282583
103959,2018-01-22,SU71/23,46.84,5.3729997,0.2,14.282583
103960,2018-01-22,ST07/10,82.559,5.3729997,0.2,14.282583
103961,2018-01-22,TR14/9,58.724,5.3729997,0.2,14.282583
103962,2018-01-22,SK00/41,129.32,5.3729997,0.2,14.282583
103963,2018-01-22,SJ15/13,79.67,5.3729997,0.2,14.282583
103964,2018-01-22,SN00/11,13.62,5.3729997,0.2,14.282583
103965,2018-01-22,TF81/2A,43.877,5.3729997,0.2,14.282583
103966,2018-01-22,NO20/14,36.387,5.3729997,0.2,14.282583
103967,2018-01-22,ID30/1,117.96,5.3729997,0.2,14.282583
103968,2018-01-22,NY63/2,130.797,5.3729997,0.2,14.282583
103969,2018-01-22,NH95/17,29.597,5.3729997,0.2,14.282583
103970,2018-01-22,SY68/34,70.519,5.3729997,0.2,14.282583
103971,2018-01-22,SU01/5B,94.066,5.3729997,0.2,14.282583
103972,2018-01-23,SU01/5B,94.68,7.662583,5.999999,21.022295
103973,2018-01-23,SU71/23,46.97,7.662583,5.999999,21.022295
103974,2018-01-23,ID30/1,117.63,7.662583,5.999999,21.022295
103975,2018-01-23,SN00/11,13.549,7.662583,5.999999,21.022295
103976,2018-01-23,TF81/2A,43.914,7.662583,5.999999,21.022295
103977,2018-01-23,NH95/17,29.612,7.662583,5.999999,21.022295
103978,2018-01-23,SY68/34,70.501,7.662583,5.999999,21.022295
103979,2018-01-23,TR14/9,58.883,7.662583,5.999999,21.022295
103980,2018-01-23,SK00/41,129.317,7.662583,5.999999,21.022295
103981,2018-01-23,TQ25/86,91.72,7.662583,5.999999,21.022295
103982,2018-01-23,SU81/1,60.87,7.662583,5.999999,21.022295
103983,2018-01-23,ST07/10,82.906,7.662583,5.999999,21.022295
103984,2018-01-23,SJ15/13,79.69,7.662583,5.999999,21.022295
103985,2018-01-23,NO20/14,36.421,7.662583,5.999999,21.022295
103986,2018-01-23,NY63/2,130.761,7.662583,5.999999,21.022295
103987,2018-01-23,SU17/57,135.35,7.662583,5.999999,21.022295
103988,2018-01-23,SP00/62,102.85,7.662583,5.999999,21.022295
103989,2018-01-24,TR14/9,59.026,7.183416,10.100001,26.504206
103990,2018-01-24,SU81/1,60.77,7.183416,10.100001,26.504206
103991,2018-01-24,SU71/23,47.16,7.183416,10.100001,26.504206
103992,2018-01-24,SY68/34,70.508,7.183416,10.100001,26.504206
103993,2018-01-24,NO20/14,36.507,7.183416,10.100001,26.504206
103994,2018-01-24,TF81/2A,43.979,7.183416,10.100001,26.504206
103995,2018-01-24,SU01/5B,95.69,7.183416,10.100001,26.504206
103996,2018-01-24,ST07/10,82.615,7.183416,10.100001,26.504206
103997,2018-01-24,NY63/2,130.82,7.183416,10.100001,26.504206
103998,2018-01-24,SK00/41,129.319,7.183416,10.100001,26.504206
103999,2018-01-24,ID30/1,117.68,7.183416,10.100001,26.504206
104000,2018-01-24,SJ15/13,79.74,7.183416,10.100001,26.504206
104001,2018-01-24,SN00/11,13.45,7.183416,10.100001,26.504206
104002,2018-01-24,NH95/17,29.658,7.183416,10.100001,26.504206
104003,2018-01-25,ST07/10,82.297,4.2125835,1.8000001,13.414372
104004,2018-01-25,SE94/5,17.36,4.2125835,1.8000001,13.414372
104005,2018-01-25,NY63/2,130.849,4.2125835,1.8000001,13.414372
104006,2018-01-25,NO20/14,36.503,4.2125835,1.8000001,13.414372
104007,2018-01-25,SY68/34,70.506,4.2125835,1.8000001,13.414372
104008,2018-01-25,ID30/1,117.37,4.2125835,1.8000001,13.414372
104009,2018-01-25,SN00/11,13.354,4.2125835,1.8000001,13.414372
104010,2018-01-25,SU71/23,47.46,4.2125835,1.8000001,13.414372
104011,2018-01-25,SJ15/13,79.77,4.2125835,1.8000001,13.414372
104012,2018-01-25,SU81/1,60.87,4.2125835,1.8000001,13.414372
104013,2018-01-25,SK00/41,129.31,4.2125835,1.8000001,13.414372
104014,2018-01-25,TF81/2A,44.044,4.2125835,1.8000001,13.414372
104015,2018-01-25,TR14/9,59.134,4.2125835,1.8000001,13.414372
104016,2018-01-25,SE95/6,26.6,4.2125835,1.8000001,13.414372
104017,2018-01-25,SU01/5B,96.529,4.2125835,1.8000001,13.414372
104018,2018-01-25,NH95/17,29.64,4.2125835,1.8000001,13.414372
104019,2018-01-26,SN00/11,13.255,2.9500835,0.0,7.734135
104020,2018-01-26,ID30/1,117.13,2.9500835,0.0,7.734135
104021,2018-01-26,SU81/1,61.32,2.9500835,0.0,7.734135
104022,2018-01-26,ST07/10,81.596,2.9500835,0.0,7.734135
104023,2018-01-26,SU01/5B,96.991,2.9500835,0.0,7.734135
104024,2018-01-26,NY63/2,130.825,2.9500835,0.0,7.734135
104025,2018-01-26,SU71/23,48.03,2.9500835,0.0,7.734135
104026,2018-01-26,TR14/9,59.256,2.9500835,0.0,7.734135
104027,2018-01-26,SY68/34,70.495,2.9500835,0.0,7.734135
104028,2018-01-26,TA10/63,15.65,2.9500835,0.0,7.734135
104029,2018-01-26,NH95/17,29.612,2.9500835,0.0,7.734135
104030,2018-01-26,NO20/14,36.459,2.9500835,0.0,7.734135
104031,2018-01-26,SK00/41,129.302,2.9500835,0.0,7.734135
104032,2018-01-26,SJ15/13,79.73,2.9500835,0.0,7.734135
104033,2018-01-26,TF81/2A,44.098,2.9500835,0.0,7.734135
104034,2018-01-27,NO20/14,36.515,7.223,3.5999997,22.299864
104035,2018-01-27,SU71/23,48.74,7.223,3.5999997,22.299864
104036,2018-01-27,ST07/10,80.957,7.223,3.5999997,22.299864
104037,2018-01-27,SK00/41,129.296,7.223,3.5999997,22.299864
104038,2018-01-27,NH95/17,29.628,7.223,3.5999997,22.299864
104039,2018-01-27,SY68/34,70.534,7.223,3.5999997,22.299864
104040,2018-01-27,NY63/2,130.784,7.223,3.5999997,22.299864
104041,2018-01-27,SJ15/13,79.73,7.223,3.5999997,22.299864
104042,2018-01-27,SU81/1,62.18,7.223,3.5999997,22.299864
104043,2018-01-27,TR14/9,59.388,7.223,3.5999997,22.299864
104044,2018-01-27,SN00/11,13.231,7.223,3.5999997,22.299864
104045,2018-01-27,TF81/2A,44.133,7.223,3.5999997,22.299864
104046,2018-01-27,SU01/5B,97.36,7.223,3.5999997,22.299864
104047,2018-01-27,ID30/1,117.01,7.223,3.5999997,22.299864
104048,2018-01-28,NY63/2,130.819,9.787583,1.0000001,21.062225
104049,2018-01-28,ID30/1,116.76,9.787583,1.0000001,21.062225
104050,2018-01-28,NO20/14,36.509,9.787583,1.0000001,21.062225
104051,2018-01-28,SK00/41,129.29,9.787583,1.0000001,21.062225
104052,2018-01-28,SJ15/13,79.7,9.787583,1.0000001,21.062225
104053,2018-01-28,TF81/2A,44.195,9.787583,1.0000001,21.062225
104054,2018-01-28,SU81/1,62.9,9.787583,1.0000001,21.062225
104055,2018-01-28,TR14/9,59.538,9.787583,1.0000001,21.062225
104056,2018-01-28,NH95/17,29.636,9.787583,1.0000001,21.062225
104057,2018-01-28,SU71/23,49.35,9.787583,1.0000001,21.062225
104058,2018-01-28,SU01/5B,97.699,9.787583,1.0000001,21.062225
104059,2018-01-28,SY68/34,70.565,9.787583,1.0000001,21.062225
104060,2018-01-28,ST07/10,81.062,9.787583,1.0000001,21.062225
104061,2018-01-28,SN00/11,13.214,9.787583,1.0000001,21.062225
104062,2018-01-29,SN00/11,13.176,6.3438334,10.600001,19.731987
104063,2018-01-29,ID30/1,117.03,6.3438334,10.600001,19.731987
104064,2018-01-29,NY63/2,130.839,6.3438334,10.600001,19.731987
104065,2018-01-29,SU71/23,49.79,6.3438334,10.600001,19.731987
104066,2018-01-29,TR14/9,59.691,6.3438334,10.600001,19.731987
104067,2018-01-29,SY68/34,70.585,6.3438334,10.600001,19.731987
104068,2018-01-29,NO20/14,36.508,6.3438334,10.600001,19.731987
104069,2018-01-29,ST07/10,80.934,6.3438334,10.600001,19.731987
104070,2018-01-29,SJ15/13,79.7,6.3438334,10.600001,19.731987
104071,2018-01-29,SU01/5B,97.906,6.3438334,10.600001,19.731987
104072,2018-01-29,NH95/17,29.712,6.3438334,10.600001,19.731987
104073,2018-01-29,SU81/1,63.49,6.3438334,10.600001,19.731987
104074,2018-01-29,TF81/2A,44.249,6.3438334,10.600001,19.731987
104075,2018-01-29,SK00/41,129.285,6.3438334,10.600001,19.731987
104076,2018-01-30,SY68/34,70.605,4.6584163,2.0,12.979696
104077,2018-01-30,SU01/5B,97.967,4.6584163,2.0,12.979696
104078,2018-01-30,SK00/41,129.283,4.6584163,2.0,12.979696
104079,2018-01-30,SU17/57,135.8,4.6584163,2.0,12.979696
104080,2018-01-30,NH95/17,29.755,4.6584163,2.0,12.979696
104081,2018-01-30,NO20/14,36.54,4.6584163,2.0,12.979696
104082,2018-01-30,NY63/2,130.796,4.6584163,2.0,12.979696
104083,2018-01-30,TF81/2A,44.293,4.6584163,2.0,12.979696
104084,2018-01-30,SJ15/13,79.7,4.6584163,2.0,12.979696
104085,2018-01-30,TQ25/86,92.124,4.6584163,2.0,12.979696
104086,2018-01-30,SU81/1,63.9,4.6584163,2.0,12.979696
104087,2018-01-30,SN00/11,13.136,4.6584163,2.0,12.979696
104088,2018-01-30,TR14/9,59.872,4.6584163,2.0,12.979696
104089,2018-01-30,ST07/10,80.414,4.6584163,2.0,12.979696
104090,2018-01-30,SU71/23,50.14,4.6584163,2.0,12.979696
104091,2018-01-30,ID30/1,116.76,4.6584163,2.0,12.979696
104092,2018-01-30,SP00/62,102.86,4.6584163,2.0,12.979696
104093,2018-01-31,NO20/14,36.616,3.1209166,12.500001,20.934587
104094,2018-01-31,SU17/57,136.01,3.1209166,12.500001,20.934587
104095,2018-01-31,SP00/62,102.84,3.1209166,12.500001,20.934587
104096,2018-01-31,TF03/37,13.595,3.1209166,12.500001,20.934587
104097,2018-01-31,TR14/9,60.05,3.1209166,12.500001,20.934587
104098,2018-01-31,SU01/5B,97.968,3.1209166,12.500001,20.934587
104099,2018-01-31,SK00/41,129.292,3.1209166,12.500001,20.934587
104100,2018-01-31,TQ25/86,93.04,3.1209166,12.500001,20.934587
104101,2018-01-31,TF81/2A,44.37,3.1209166,12.500001,20.934587
104102,2018-01-31,SU71/23,50.45,3.1209166,12.500001,20.934587
104103,2018-01-31,SN00/11,13.09,3.1209166,12.500001,20.934587
104104,2018-01-31,SU81/1,64.19,3.1209166,12.500001,20.934587
104105,2018-01-31,SJ15/13,79.78,3.1209166,12.500001,20.934587
104106,2018-01-31,TL44/12,40.93,3.1209166,12.500001,20.934587
104107,2018-01-31,TM15/112,25.08,3.1209166,12.500001,20.934587
104108,2018-01-31,NY63/2,130.926,3.1209166,12.500001,20.934587
104109,2018-01-31,ST07/10,79.648,3.1209166,12.500001,20.934587
104110,2018-01-31,NH95/17,29.808,3.1209166,12.500001,20.934587
104111,2018-01-31,SY68/34,70.626,3.1209166,12.500001,20.934587
104112,2018-01-31,ID30/1,116.79,3.1209166,12.500001,20.934587
104113,2018-02-01,NY63/2,130.955,2.6355,0.2,20.837101
104114,2018-02-01,NH95/17,29.791,2.6355,0.2,20.837101
104115,2018-02-01,SU81/1,64.34,2.6355,0.2,20.837101
104116,2018-02-01,NO20/14,36.567,2.6355,0.2,20.837101
104117,2018-02-01,TF81/2A,44.438,2.6355,0.2,20.837101
104118,2018-02-01,ST07/10,78.866,2.6355,0.2,20.837101
104119,2018-02-01,TR14/9,60.188,2.6355,0.2,20.837101
104120,2018-02-01,SJ15/13,79.76,2.6355,0.2,20.837101
104121,2018-02-01,SY68/34,70.618,2.6355,0.2,20.837101
104122,2018-02-01,SU71/23,50.72,2.6355,0.2,20.837101
104123,2018-02-01,SU01/5B,97.804,2.6355,0.2,20.837101
104124,2018-02-01,SK00/41,129.291,2.6355,0.2,20.837101
104125,2018-02-01,SN00/11,13.024,2.6355,0.2,20.837101
104126,2018-02-01,ID30/1,116.71,2.6355,0.2,20.837101
104127,2018-02-02,SJ15/13,79.75,2.6709168,0.1,11.644529
104128,2018-02-02,ID30/1,116.57,2.6709168,0.1,11.644529
104129,2018-02-02,NO20/14,36.54,2.6709168,0.1,11.644529
104130,2018-02-02,NY63/2,130.877,2.6709168,0.1,11.644529
104131,2018-02-02,ST07/10,78.101,2.6709168,0.1,11.644529
104132,2018-02-02,SN00/11,12.964,2.6709168,0.1,11.644529
104133,2018-02-02,TF81/2A,44.475,2.6709168,0.1,11.644529
104134,2018-02-02,TL33/4,74.91,2.6709168,0.1,11.644529
104135,2018-02-02,SU71/23,50.89,2.6709168,0.1,11.644529
104136,2018-02-02,SU81/1,64.44,2.6709168,0.1,11.644529
104137,2018-02-02,SU01/5B,97.541,2.6709168,0.1,11.644529
104138,2018-02-02,TR14/9,60.334,2.6709168,0.1,11.644529
104139,2018-02-02,SY68/34,70.606,2.6709168,0.1,11.644529
104140,2018-02-02,NH95/17,29.776,2.6709168,0.1,11.644529
104141,2018-02-02,SK00/41,129.29,2.6709168,0.1,11.644529
104142,2018-02-03,NY63/2,130.892,2.4396665,6.9999995,6.7100616
104143,2018-02-03,SU71/23,50.98,2.4396665,6.9999995,6.7100616
104144,2018-02-03,SN00/11,12.893,2.4396665,6.9999995,6.7100616
104145,2018-02-03,SU01/5B,97.268,2.4396665,6.9999995,6.7100616
104146,2018-02-03,ST07/10,77.241,2.4396665,6.9999995,6.7100616
104147,2018-02-03,NH95/17,29.794,2.4396665,6.9999995,6.7100616
104148,2018-02-03,SK00/41,129.285,2.4396665,6.9999995,6.7100616
104149,2018-02-03,SY68/34,70.597,2.4396665,6.9999995,6.7100616
104150,2018-02-03,SU81/1,64.41,2.4396665,6.9999995,6.7100616
104151,2018-02-03,NO20/14,36.564,2.4396665,6.9999995,6.7100616
104152,2018-02-03,TF81/2A,44.515,2.4396665,6.9999995,6.7100616
104153,2018-02-03,ID30/1,116.41,2.4396665,6.9999995,6.7100616
104154,2018-02-03,TR14/9,60.458,2.4396665,6.9999995,6.7100616
104155,2018-02-03,SJ15/13,79.77,2.4396665,6.9999995,6.7100616
104156,2018-02-04,NY63/2,130.856,1.4105,0.0,6.565069
104157,2018-02-04,SJ15/13,79.71,1.4105,0.0,6.565069
104158,2018-02-04,NO20/14,36.521,1.4105,0.0,6.565069
104159,2018-02-04,TF81/2A,44.553,1.4105,0.0,6.565069
104160,2018-02-04,TR14/9,60.6,1.4105,0.0,6.565069
104161,2018-02-04,SK00/41,129.272,1.4105,0.0,6.565069
104162,2018-02-04,ID30/1,116.2,1.4105,0.0,6.565069
104163,2018-02-04,SU71/23,51.04,1.4105,0.0,6.565069
104164,2018-02-04,SN00/11,12.798,1.4105,0.0,6.565069
104165,2018-02-04,NH95/17,29.796,1.4105,0.0,6.565069
104166,2018-02-04,ST07/10,76.225,1.4105,0.0,6.565069
104167,2018-02-04,SU81/1,64.29,1.4105,0.0,6.565069
104168,2018-02-04,SU01/5B,96.913,1.4105,0.0,6.565069
104169,2018-02-04,SY68/34,70.563,1.4105,0.0,6.565069
104170,2018-02-05,SU81/1,64.04,0.8084168,0.2,4.068609
104171,2018-02-05,NH95/17,29.812,0.8084168,0.2,4.068609
104172,2018-02-05,ID30/1,116.02,0.8084168,0.2,4.068609
104173,2018-02-05,SY68/34,70.538,0.8084168,0.2,4.068609
104174,2018-02-05,TF81/2A,44.584,0.8084168,0.2,4.068609
104175,2018-02-05,SU01/5B,96.587,0.8084168,0.2,4.068609
104176,2018-02-05,TR14/9,60.76,0.8084168,0.2,4.068609
104177,2018-02-05,NO20/14,36.619,0.8084168,0.2,4.068609
104178,2018-02-05,SJ15/13,79.71,0.8084168,0.2,4.068609
104179,2018-02-05,NY63/2,130.816,0.8084168,0.2,4.068609
104180,2018-02-05,ST07/10,75.394,0.8084168,0.2,4.068609
104181,2018-02-05,SK00/41,129.27,0.8084168,0.2,4.068609
104182,2018-02-05,SU71/23,51.0,0.8084168,0.2,4.068609
104183,2018-02-05,SN00/11,12.733,0.8084168,0.2,4.068609
104184,2018-02-06,SK00/41,129.268,-0.43533325,3.5000002,8.588147
104185,2018-02-06,TR14/9,60.906,-0.43533325,3.5000002,8.588147
104186,2018-02-06,SJ15/13,79.74,-0.43533325,3.5000002,8.588147
104187,2018-02-06,SU71/23,50.99,-0.43533325,3.5000002,8.588147
104188,2018-02-06,SU01/5B,96.299,-0.43533325,3.5000002,8.588147
104189,2018-02-06,SU81/1,63.84,-0.43533325,3.5000002,8.588147
104190,2018-02-06,TQ25/86,94.01,-0.43533325,3.5000002,8.588147
104191,2018-02-06,TF81/2A,44.639,-0.43533325,3.5000002,8.588147
104192,2018-02-06,NO20/14,36.66,-0.43533325,3.5000002,8.588147
104193,2018-02-06,NY63/2,130.886,-0.43533325,3.5000002,8.588147
104194,2018-02-06,SN00/11,12.665,-0.43533325,3.5000002,8.588147
104195,2018-02-06,NH95/17,29.805,-0.43533325,3.5000002,8.588147
104196,2018-02-06,ID30/1,115.85,-0.43533325,3.5000002,8.588147
104197,2018-02-06,ST07/10,74.53,-0.43533325,3.5000002,8.588147
104198,2018-02-06,SP00/62,102.63,-0.43533325,3.5000002,8.588147
104199,2018-02-06,SU17/57,136.51,-0.43533325,3.5000002,8.588147
104200,2018-02-06,SY68/34,70.509,-0.43533325,3.5000002,8.588147
104201,2018-02-07,NH95/17,29.815,-1.2707497,0.0,7.2037487
104202,2018-02-07,TF81/2A,44.691,-1.2707497,0.0,7.2037487
104203,2018-02-07,SY68/34,70.475,-1.2707497,0.0,7.2037487
104204,2018-02-07,SN00/11,12.596,-1.2707497,0.0,7.2037487
104205,2018-02-07,ID30/1,115.69,-1.2707497,0.0,7.2037487
104206,2018-02-07,TR14/9,61.036,-1.2707497,0.0,7.2037487
104207,2018-02-07,SJ15/13,79.73,-1.2707497,0.0,7.2037487
104208,2018-02-07,NO20/14,36.746,-1.2707497,0.0,7.2037487
104209,2018-02-07,SU71/23,50.96,-1.2707497,0.0,7.2037487
104210,2018-02-07,SU01/5B,95.998,-1.2707497,0.0,7.2037487
104211,2018-02-07,ST07/10,73.646,-1.2707497,0.0,7.2037487
104212,2018-02-07,NY63/2,130.894,-1.2707497,0.0,7.2037487
104213,2018-02-07,SU81/1,63.62,-1.2707497,0.0,7.2037487
104214,2018-02-07,SK00/41,129.26,-1.2707497,0.0,7.2037487
104215,2018-02-08,SJ15/13,79.75,4.712583,4.7000003,12.224774
104216,2018-02-08,SN00/11,12.631,4.712583,4.7000003,12.224774
104217,2018-02-08,SK00/41,129.26,4.712583,4.7000003,12.224774
104218,2018-02-08,ID30/1,115.62,4.712583,4.7000003,12.224774
104219,2018-02-08,SU81/1,63.35,4.712583,4.7000003,12.224774
104220,2018-02-08,ST07/10,72.906,4.712583,4.7000003,12.224774
104221,2018-02-08,SY68/34,70.453,4.712583,4.7000003,12.224774
104222,2018-02-08,TR14/9,61.198,4.712583,4.7000003,12.224774
104223,2018-02-08,NY63/2,130.912,4.712583,4.7000003,12.224774
104224,2018-02-08,TF81/2A,44.729,4.712583,4.7000003,12.224774
104225,2018-02-08,NO20/14,36.798,4.712583,4.7000003,12.224774
104226,2018-02-08,SU01/5B,95.717,4.712583,4.7000003,12.224774
104227,2018-02-08,SU71/23,50.9,4.712583,4.7000003,12.224774
104228,2018-02-08,NH95/17,29.82,4.712583,4.7000003,12.224774
104229,2018-02-09,ID30/1,115.49,1.6980001,6.2,13.461186
104230,2018-02-09,NY63/2,130.974,1.6980001,6.2,13.461186
104231,2018-02-09,SY68/34,70.429,1.6980001,6.2,13.461186
104232,2018-02-09,SU01/5B,95.449,1.6980001,6.2,13.461186
104233,2018-02-09,NO20/14,36.78,1.6980001,6.2,13.461186
104234,2018-02-09,TR14/9,61.342,1.6980001,6.2,13.461186
104235,2018-02-09,SN00/11,12.749,1.6980001,6.2,13.461186
104236,2018-02-09,SU71/23,50.86,1.6980001,6.2,13.461186
104237,2018-02-09,SJ15/13,79.77,1.6980001,6.2,13.461186
104238,2018-02-09,SK00/41,129.26,1.6980001,6.2,13.461186
104239,2018-02-09,NH95/17,29.815,1.6980001,6.2,13.461186
104240,2018-02-09,TF81/2A,44.785,1.6980001,6.2,13.461186
104241,2018-02-09,ST07/10,72.416,1.6980001,6.2,13.461186
104242,2018-02-09,SU81/1,63.1,1.6980001,6.2,13.461186
104243,2018-02-10,ID30/1,115.85,3.995917,10.8,16.429228
104244,2018-02-10,NH95/17,29.798,3.995917,10.8,16.429228
104245,2018-02-10,SU81/1,62.81,3.995917,10.8,16.429228
104246,2018-02-10,ST07/10,72.56,3.995917,10.8,16.429228
104247,2018-02-10,TR14/9,61.51,3.995917,10.8,16.429228
104248,2018-02-10,SU71/23,50.77,3.995917,10.8,16.429228
104249,2018-02-10,NY63/2,130.917,3.995917,10.8,16.429228
104250,2018-02-10,SU01/5B,95.188,3.995917,10.8,16.429228
104251,2018-02-10,SK00/41,129.26,3.995917,10.8,16.429228
104252,2018-02-10,SY68/34,70.417,3.995917,10.8,16.429228
104253,2018-02-10,TF81/2A,44.813,3.995917,10.8,16.429228
104254,2018-02-10,SN00/11,12.968,3.995917,10.8,16.429228
104255,2018-02-10,NO20/14,36.787,3.995917,10.8,16.429228
104256,2018-02-10,SJ15/13,79.82,3.995917,10.8,16.429228
104257,2018-02-11,SJ15/13,79.83,1.370917,7.999999,20.581362
104258,2018-02-11,ID30/1,116.39,1.370917,7.999999,20.581362
104259,2018-02-11,ST07/10,73.379,1.370917,7.999999,20.581362
104260,2018-02-11,SY68/34,70.389,1.370917,7.999999,20.581362
104261,2018-02-11,NH95/17,29.785,1.370917,7.999999,20.581362
104262,2018-02-11,TF81/2A,44.89,1.370917,7.999999,20.581362
104263,2018-02-11,SU01/5B,94.933,1.370917,7.999999,20.581362
104264,2018-02-11,NO20/14,36.768,1.370917,7.999999,20.581362
104265,2018-02-11,SK00/41,129.26,1.370917,7.999999,20.581362
104266,2018-02-11,NY63/2,131.064,1.370917,7.999999,20.581362
104267,2018-02-11,SU81/1,62.53,1.370917,7.999999,20.581362
104268,2018-02-11,SN00/11,13.06,1.370917,7.999999,20.581362
104269,2018-02-11,TR14/9,61.612,1.370917,7.999999,20.581362
104270,2018-02-11,SU71/23,50.73,1.370917,7.999999,20.581362
104271,2018-02-12,TF81/2A,44.906,1.7209167,1.6000001,16.41286
104272,2018-02-12,SU01/5B,94.653,1.7209167,1.6000001,16.41286
104273,2018-02-12,NY63/2,130.958,1.7209167,1.6000001,16.41286
104274,2018-02-12,SY68/34,70.353,1.7209167,1.6000001,16.41286
104275,2018-02-12,ST07/10,73.534,1.7209167,1.6000001,16.41286
104276,2018-02-12,TR14/9,61.772,1.7209167,1.6000001,16.41286
104277,2018-02-12,ID30/1,116.09,1.7209167,1.6000001,16.41286
104278,2018-02-12,SU71/23,50.62,1.7209167,1.6000001,16.41286
104279,2018-02-12,SK00/41,129.25,1.7209167,1.6000001,16.41286
104280,2018-02-12,NH95/17,29.765,1.7209167,1.6000001,16.41286
104281,2018-02-12,SN00/11,13.049,1.7209167,1.6000001,16.41286
104282,2018-02-12,SJ15/13,79.8,1.7209167,1.6000001,16.41286
104283,2018-02-12,NO20/14,36.743,1.7209167,1.6000001,16.41286
104284,2018-02-12,SU81/1,62.28,1.7209167,1.6000001,16.41286
104285,2018-02-13,SN00/11,12.997,1.3875834,9.500001,16.612444
104286,2018-02-13,TQ25/86,94.47,1.3875834,9.500001,16.612444
104287,2018-02-13,TR14/9,61.904,1.3875834,9.500001,16.612444
104288,2018-02-13,NY63/2,131.013,1.3875834,9.500001,16.612444
104289,2018-02-13,SP00/62,102.49,1.3875834,9.500001,16.612444
104290,2018-02-13,SJ15/13,79.83,1.3875834,9.500001,16.612444
104291,2018-02-13,ST07/10,73.342,1.3875834,9.500001,16.612444
104292,2018-02-13,NH95/17,29.792,1.3875834,9.500001,16.612444
104293,2018-02-13,SY68/34,70.337,1.3875834,9.500001,16.612444
104294,2018-02-13,ID30/1,116.78,1.3875834,9.500001,16.612444
104295,2018-02-13,SU71/23,50.52,1.3875834,9.500001,16.612444
104296,2018-02-13,SK00/41,129.252,1.3875834,9.500001,16.612444
104297,2018-02-13,SU17/57,137.06,1.3875834,9.500001,16.612444
104298,2018-02-13,NO20/14,36.771,1.3875834,9.500001,16.612444
104299,2018-02-13,TF81/2A,44.951,1.3875834,9.500001,16.612444
104300,2018-02-13,SU01/5B,94.414,1.3875834,9.500001,16.612444
104301,2018-02-13,SU81/1,61.99,1.3875834,9.500001,16.612444
104302,2018-02-14,SK00/41,129.25,2.3959167,9.0,22.140669
104303,2018-02-14,SY68/34,70.429,2.3959167,9.0,22.140669
104304,2018-02-14,NY63/2,131.01,2.3959167,9.0,22.140669
104305,2018-02-14,ID30/1,116.6,2.3959167,9.0,22.140669
104306,2018-02-14,TR14/9,62.043,2.3959167,9.0,22.140669
104307,2018-02-14,SN00/11,12.957,2.3959167,9.0,22.140669
104308,2018-02-14,SU71/23,50.43,2.3959167,9.0,22.140669
104309,2018-02-14,NH95/17,29.748,2.3959167,9.0,22.140669
104310,2018-02-14,ST07/10,73.13,2.3959167,9.0,22.140669
104311,2018-02-14,TF81/2A,44.995,2.3959167,9.0,22.140669
104312,2018-02-14,SJ15/13,79.83,2.3959167,9.0,22.140669
104313,2018-02-14,SU01/5B,94.168,2.3959167,9.0,22.140669
104314,2018-02-14,NO20/14,36.781,2.3959167,9.0,22.140669
104315,2018-02-14,SU81/1,61.72,2.3959167,9.0,22.140669
104316,2018-02-15,ST07/10,73.401,3.4792502,2.1,19.096766
104317,2018-02-15,ID30/1,116.45,3.4792502,2.1,19.096766
104318,2018-02-15,SY68/34,70.495,3.4792502,2.1,19.096766
104319,2018-02-15,NY63/2,131.077,3.4792502,2.1,19.096766
104320,2018-02-15,SU71/23,50.33,3.4792502,2.1,19.096766
104321,2018-02-15,SK00/41,129.246,3.4792502,2.1,19.096766
104322,2018-02-15,TR14/9,62.145,3.4792502,2.1,19.096766
104323,2018-02-15,SN00/11,12.907,3.4792502,2.1,19.096766
104324,2018-02-15,NO20/14,36.746,3.4792502,2.1,19.096766
104325,2018-02-15,NH95/17,29.732,3.4792502,2.1,19.096766
104326,2018-02-15,TF81/2A,45.047,3.4792502,2.1,19.096766
104327,2018-02-15,SJ15/13,79.79,3.4792502,2.1,19.096766
104328,2018-02-15,SU81/1,61.54,3.4792502,2.1,19.096766
104329,2018-02-15,SU01/5B,93.933,3.4792502,2.1,19.096766
104330,2018-02-16,SY68/34,70.551,3.708417,0.4,14.283918
104331,2018-02-16,SU71/23,50.41,3.708417,0.4,14.283918
104332,2018-02-16,SN00/11,12.86,3.708417,0.4,14.283918
104333,2018-02-16,SU01/5B,93.804,3.708417,0.4,14.283918
104334,2018-02-16,ID30/1,116.24,3.708417,0.4,14.283918
104335,2018-02-16,ST07/10,73.484,3.708417,0.4,14.283918
104336,2018-02-16,SU81/1,62.01,3.708417,0.4,14.283918
104337,2018-02-16,NH95/17,29.687,3.708417,0.4,14.283918
104338,2018-02-16,NY63/2,130.995,3.708417,0.4,14.283918
104339,2018-02-16,SK00/41,129.235,3.708417,0.4,14.283918
104340,2018-02-16,TR14/9,62.288,3.708417,0.4,14.283918
104341,2018-02-16,TF81/2A,45.061,3.708417,0.4,14.283918
104342,2018-02-16,NO20/14,36.691,3.708417,0.4,14.283918
104343,2018-02-16,SJ15/13,79.73,3.708417,0.4,14.283918
104344,2018-02-17,TF81/2A,45.097,3.6771662,5.2999997,14.15737
104345,2018-02-17,NY63/2,131.006,3.6771662,5.2999997,14.15737
104346,2018-02-17,SN00/11,12.81,3.6771662,5.2999997,14.15737
104347,2018-02-17,SU71/23,50.66,3.6771662,5.2999997,14.15737
104348,2018-02-17,SU81/1,62.85,3.6771662,5.2999997,14.15737
104349,2018-02-17,SK00/41,129.23,3.6771662,5.2999997,14.15737
104350,2018-02-17,NO20/14,36.718,3.6771662,5.2999997,14.15737
104351,2018-02-17,ID30/1,116.08,3.6771662,5.2999997,14.15737
104352,2018-02-17,NH95/17,29.676,3.6771662,5.2999997,14.15737
104353,2018-02-17,SJ15/13,79.73,3.6771662,5.2999997,14.15737
104354,2018-02-17,SY68/34,70.609,3.6771662,5.2999997,14.15737
104355,2018-02-17,SU01/5B,93.95,3.6771662,5.2999997,14.15737
104356,2018-02-17,ST07/10,73.22,3.6771662,5.2999997,14.15737
104357,2018-02-17,TR14/9,62.425,3.6771662,5.2999997,14.15737
104358,2018-02-18,ST07/10,72.722,5.375084,2.7,11.943244
104359,2018-02-18,SU81/1,63.54,5.375084,2.7,11.943244
104360,2018-02-18,SN00/11,12.752,5.375084,2.7,11.943244
104361,2018-02-18,ID30/1,115.99,5.375084,2.7,11.943244
104362,2018-02-18,SU01/5B,94.332,5.375084,2.7,11.943244
104363,2018-02-18,SY68/34,70.654,5.375084,2.7,11.943244
104364,2018-02-18,TR14/9,62.59,5.375084,2.7,11.943244
104365,2018-02-18,TF81/2A,45.137,5.375084,2.7,11.943244
104366,2018-02-18,SU71/23,50.93,5.375084,2.7,11.943244
104367,2018-02-18,NO20/14,36.717,5.375084,2.7,11.943244
104368,2018-02-18,SJ15/13,79.73,5.375084,2.7,11.943244
104369,2018-02-18,NH95/17,29.67,5.375084,2.7,11.943244
104370,2018-02-18,SK00/41,129.23,5.375084,2.7,11.943244
104371,2018-02-18,NY63/2,131.019,5.375084,2.7,11.943244
104372,2018-02-19,SK00/41,129.223,8.448,5.7,10.355311
104373,2018-02-19,SJ15/13,79.73,8.448,5.7,10.355311
104374,2018-02-19,TR14/9,62.753,8.448,5.7,10.355311
104375,2018-02-19,SN00/11,12.681,8.448,5.7,10.355311
104376,2018-02-19,SU81/1,64.0,8.448,5.7,10.355311
104377,2018-02-19,TF81/2A,45.182,8.448,5.7,10.355311
104378,2018-02-19,ST07/10,72.207,8.448,5.7,10.355311
104379,2018-02-19,NH95/17,29.678,8.448,5.7,10.355311
104380,2018-02-19,SY68/34,70.681,8.448,5.7,10.355311
104381,2018-02-19,SU71/23,51.19,8.448,5.7,10.355311
104382,2018-02-19,NY63/2,131.043,8.448,5.7,10.355311
104383,2018-02-19,ID30/1,115.83,8.448,5.7,10.355311
104384,2018-02-19,SU01/5B,94.765,8.448,5.7,10.355311
104385,2018-02-20,NY63/2,131.054,5.9938335,1.0,14.628618
104386,2018-02-20,SP00/62,102.54,5.9938335,1.0,14.628618
104387,2018-02-20,TV59/7C,2.17,5.9938335,1.0,14.628618
104388,2018-02-20,ST07/10,71.57,5.9938335,1.0,14.628618
104389,2018-02-20,SU17/57,137.56,5.9938335,1.0,14.628618
104390,2018-02-20,SU71/23,51.41,5.9938335,1.0,14.628618
104391,2018-02-20,TF81/2A,45.221,5.9938335,1.0,14.628618
104392,2018-02-20,SJ15/13,79.7,5.9938335,1.0,14.628618
104393,2018-02-20,SU01/5B,95.077,5.9938335,1.0,14.628618
104394,2018-02-20,TR14/9,62.888,5.9938335,1.0,14.628618
104395,2018-02-20,SN00/11,12.606,5.9938335,1.0,14.628618
104396,2018-02-20,SK00/41,129.21,5.9938335,1.0,14.628618
104397,2018-02-20,TQ25/86,94.65,5.9938335,1.0,14.628618
104398,2018-02-20,NH95/17,29.684,5.9938335,1.0,14.628618
104399,2018-02-20,SU81/1,64.37,5.9938335,1.0,14.628618
104400,2018-02-20,SY68/34,70.682,5.9938335,1.0,14.628618
104401,2018-02-20,ID30/1,115.67,5.9938335,1.0,14.628618
104402,2018-02-21,SK00/41,129.21,4.0896664,0.0,5.074016
104403,2018-02-21,SN00/11,12.538,4.0896664,0.0,5.074016
104404,2018-02-21,ID30/1,115.51,4.0896664,0.0,5.074016
104405,2018-02-21,SJ15/13,79.69,4.0896664,0.0,5.074016
104406,2018-02-21,NH95/17,29.699,4.0896664,0.0,5.074016
104407,2018-02-21,NY63/2,131.022,4.0896664,0.0,5.074016
104408,2018-02-21,SY68/34,70.672,4.0896664,0.0,5.074016
104409,2018-02-21,ST07/10,70.984,4.0896664,0.0,5.074016
104410,2018-02-21,SU01/5B,95.243,4.0896664,0.0,5.074016
104411,2018-02-21,SU81/1,64.56,4.0896664,0.0,5.074016
104412,2018-02-21,TF81/2A,45.245,4.0896664,0.0,5.074016
104413,2018-02-21,TR14/9,63.04,4.0896664,0.0,5.074016
104414,2018-02-21,SU71/23,51.54,4.0896664,0.0,5.074016
104415,2018-02-22,NY63/2,131.05,2.1542501,0.0,11.927953
104416,2018-02-22,SN00/11,12.467,2.1542501,0.0,11.927953
104417,2018-02-22,ST07/10,70.382,2.1542501,0.0,11.927953
104418,2018-02-22,SY68/34,70.657,2.1542501,0.0,11.927953
104419,2018-02-22,NH95/17,29.711,2.1542501,0.0,11.927953
104420,2018-02-22,ID30/1,115.36,2.1542501,0.0,11.927953
104421,2018-02-22,SU81/1,64.56,2.1542501,0.0,11.927953
104422,2018-02-22,SU01/5B,95.326,2.1542501,0.0,11.927953
104423,2018-02-22,SJ15/13,79.7,2.1542501,0.0,11.927953
104424,2018-02-22,SK00/41,129.21,2.1542501,0.0,11.927953
104425,2018-02-22,TR14/9,63.205,2.1542501,0.0,11.927953
104426,2018-02-22,SU71/23,51.63,2.1542501,0.0,11.927953
104427,2018-02-22,TF81/2A,45.281,2.1542501,0.0,11.927953
104428,2018-02-23,SN00/11,12.396,1.3542501,0.0,17.696953
104429,2018-02-23,NY63/2,131.075,1.3542501,0.0,17.696953
104430,2018-02-23,SK00/41,129.21,1.3542501,0.0,17.696953
104431,2018-02-23,NH95/17,29.702,1.3542501,0.0,17.696953
104432,2018-02-23,ST07/10,69.749,1.3542501,0.0,17.696953
104433,2018-02-23,TF81/2A,45.319,1.3542501,0.0,17.696953
104434,2018-02-23,SU71/23,51.69,1.3542501,0.0,17.696953
104435,2018-02-23,SJ15/13,79.71,1.3542501,0.0,17.696953
104436,2018-02-23,TR14/9,63.376,1.3542501,0.0,17.696953
104437,2018-02-23,SU01/5B,95.335,1.3542501,0.0,17.696953
104438,2018-02-23,SU81/1,64.57,1.3542501,0.0,17.696953
104439,2018-02-23,SY68/34,70.663,1.3542501,0.0,17.696953
104440,2018-02-23,ID30/1,115.22,1.3542501,0.0,17.696953
104441,2018-02-24,ST07/10,69.11,1.6542501,0.0,16.521965
104442,2018-02-24,SU71/23,51.73,1.6542501,0.0,16.521965
104443,2018-02-24,TR14/9,63.52,1.6542501,0.0,16.521965
104444,2018-02-24,SJ15/13,79.7,1.6542501,0.0,16.521965
104445,2018-02-24,NH95/17,29.686,1.6542501,0.0,16.521965
104446,2018-02-24,SU81/1,64.51,1.6542501,0.0,16.521965
104447,2018-02-24,SU01/5B,95.267,1.6542501,0.0,16.521965
104448,2018-02-24,ID30/1,115.08,1.6542501,0.0,16.521965
104449,2018-02-24,NY63/2,131.085,1.6542501,0.0,16.521965
104450,2018-02-24,SK00/41,129.205,1.6542501,0.0,16.521965
104451,2018-02-24,SN00/11,12.322,1.6542501,0.0,16.521965
104452,2018-02-24,TF81/2A,45.36,1.6542501,0.0,16.521965
104453,2018-02-24,SY68/34,70.6,1.6542501,0.0,16.521965
104454,2018-02-25,NH95/17,29.676,1.4125835,0.0,13.739403
104455,2018-02-25,TR14/9,63.661,1.4125835,0.0,13.739403
104456,2018-02-25,ST07/10,68.514,1.4125835,0.0,13.739403
104457,2018-02-25,TF81/2A,45.384,1.4125835,0.0,13.739403
104458,2018-02-25,SU81/1,64.35,1.4125835,0.0,13.739403
104459,2018-02-25,SU01/5B,95.128,1.4125835,0.0,13.739403
104460,2018-02-25,NY63/2,131.048,1.4125835,0.0,13.739403
104461,2018-02-25,SN00/11,12.247,1.4125835,0.0,13.739403
104462,2018-02-25,SY68/34,70.56,1.4125835,0.0,13.739403
104463,2018-02-25,ID30/1,114.98,1.4125835,0.0,13.739403
104464,2018-02-25,SU71/23,51.73,1.4125835,0.0,13.739403
104465,2018-02-25,SK00/41,129.2,1.4125835,0.0,13.739403
104466,2018-02-25,SJ15/13,79.67,1.4125835,0.0,13.739403
104467,2018-02-26,NY63/2,131.03,-0.08116659,0.0,9.506594
104468,2018-02-26,SY68/34,70.522,-0.08116659,0.0,9.506594
104469,2018-02-26,SN00/11,12.174,-0.08116659,0.0,9.506594
104470,2018-02-26,SE95/6,25.37,-0.08116659,0.0,9.506594
104471,2018-02-26,SK00/41,129.192,-0.08116659,0.0,9.506594
104472,2018-02-26,ID30/1,114.95,-0.08116659,0.0,9.506594
104473,2018-02-26,TR14/9,63.824,-0.08116659,0.0,9.506594
104474,2018-02-26,NH95/17,29.653,-0.08116659,0.0,9.506594
104475,2018-02-26,ST07/10,67.969,-0.08116659,0.0,9.506594
104476,2018-02-26,SJ15/13,79.65,-0.08116659,0.0,9.506594
104477,2018-02-26,SU71/23,51.68,-0.08116659,0.0,9.506594
104478,2018-02-26,TF81/2A,45.411,-0.08116659,0.0,9.506594
104479,2018-02-26,SU01/5B,94.958,-0.08116659,0.0,9.506594
104480,2018-02-26,SU81/1,64.1,-0.08116659,0.0,9.506594
104481,2018-02-26,TA10/63,17.51,-0.08116659,0.0,9.506594
104482,2018-02-27,NH95/17,29.657,-0.7290833,3.2999997,12.401061
104483,2018-02-27,SU01/5B,94.8,-0.7290833,3.2999997,12.401061
104484,2018-02-27,SN00/11,12.116,-0.7290833,3.2999997,12.401061
104485,2018-02-27,SP00/62,102.39,-0.7290833,3.2999997,12.401061
104486,2018-02-27,ST07/10,67.442,-0.7290833,3.2999997,12.401061
104487,2018-02-27,SU17/57,138.23,-0.7290833,3.2999997,12.401061
104488,2018-02-27,TR14/9,63.996,-0.7290833,3.2999997,12.401061
104489,2018-02-27,SU81/1,63.88,-0.7290833,3.2999997,12.401061
104490,2018-02-27,SE94/5,19.85,-0.7290833,3.2999997,12.401061
104491,2018-02-27,NY63/2,131.041,-0.7290833,3.2999997,12.401061
104492,2018-02-27,TF81/2A,45.448,-0.7290833,3.2999997,12.401061
104493,2018-02-27,SK00/41,129.198,-0.7290833,3.2999997,12.401061
104494,2018-02-27,SJ15/13,79.67,-0.7290833,3.2999997,12.401061
104495,2018-02-27,ID30/1,114.87,-0.7290833,3.2999997,12.401061
104496,2018-02-27,SY68/34,70.488,-0.7290833,3.2999997,12.401061
104497,2018-02-27,TM15/112,25.05,-0.7290833,3.2999997,12.401061
104498,2018-02-27,SU71/23,51.63,-0.7290833,3.2999997,12.401061
104499,2018-02-27,TQ25/86,94.724,-0.7290833,3.2999997,12.401061
104500,2018-02-27,SJ62/235,54.33,-0.7290833,3.2999997,12.401061
104501,2018-02-28,ST07/10,66.923,-3.84575,2.1000001,15.911302
104502,2018-02-28,NY63/2,131.084,-3.84575,2.1000001,15.911302
104503,2018-02-28,TF81/2A,45.494,-3.84575,2.1000001,15.911302
104504,2018-02-28,SU71/23,51.58,-3.84575,2.1000001,15.911302
104505,2018-02-28,SK00/41,129.2,-3.84575,2.1000001,15.911302
104506,2018-02-28,SU81/1,63.64,-3.84575,2.1000001,15.911302
104507,2018-02-28,SU17/57,138.35,-3.84575,2.1000001,15.911302
104508,2018-02-28,TF03/37,14.805,-3.84575,2.1000001,15.911302
104509,2018-02-28,SJ15/13,79.7,-3.84575,2.1000001,15.911302
104510,2018-02-28,SU01/5B,94.649,-3.84575,2.1000001,15.911302
104511,2018-02-28,SP00/62,102.34,-3.84575,2.1000001,15.911302
104512,2018-02-28,ID30/1,114.76,-3.84575,2.1000001,15.911302
104513,2018-02-28,TQ25/86,94.771,-3.84575,2.1000001,15.911302
104514,2018-02-28,TR14/9,64.184,-3.84575,2.1000001,15.911302
104515,2018-02-28,SY68/34,70.458,-3.84575,2.1000001,15.911302
104516,2018-02-28,SN00/11,12.056,-3.84575,2.1000001,15.911302
104517,2018-02-28,NH95/17,29.67,-3.84575,2.1000001,15.911302
104518,2018-03-01,SN00/11,12.011,-2.241583,4.6,18.253407
104519,2018-03-01,SU81/1,63.42,-2.241583,4.6,18.253407
104520,2018-03-01,SU17/57,138.412,-2.241583,4.6,18.253407
104521,2018-03-01,SK00/41,129.209,-2.241583,4.6,18.253407
104522,2018-03-01,TQ25/86,94.81,-2.241583,4.6,18.253407
104523,2018-03-01,SJ15/13,79.73,-2.241583,4.6,18.253407
104524,2018-03-01,SY68/34,70.426,-2.241583,4.6,18.253407
104525,2018-03-01,ST07/10,66.388,-2.241583,4.6,18.253407
104526,2018-03-01,ID30/1,114.64,-2.241583,4.6,18.253407
104527,2018-03-01,SE94/5,19.894,-2.241583,4.6,18.253407
104528,2018-03-01,NY63/2,131.104,-2.241583,4.6,18.253407
104529,2018-03-01,SU01/5B,94.512,-2.241583,4.6,18.253407
104530,2018-03-01,TF81/2A,45.532,-2.241583,4.6,18.253407
104531,2018-03-01,SP00/62,102.318,-2.241583,4.6,18.253407
104532,2018-03-01,TR14/9,64.343,-2.241583,4.6,18.253407
104533,2018-03-01,SU71/23,51.53,-2.241583,4.6,18.253407
104534,2018-03-01,SE95/6,25.203,-2.241583,4.6,18.253407
104535,2018-03-01,TL33/4,75.64,-2.241583,4.6,18.253407
104536,2018-03-01,NH95/17,29.674,-2.241583,4.6,18.253407
104537,2018-03-02,NY63/2,131.16,-0.13949995,2.6999998,19.18347
104538,2018-03-02,TF81/2A,45.58,-0.13949995,2.6999998,19.18347
104539,2018-03-02,SU17/57,138.457,-0.13949995,2.6999998,19.18347
104540,2018-03-02,SK00/41,129.218,-0.13949995,2.6999998,19.18347
104541,2018-03-02,NH95/17,29.682,-0.13949995,2.6999998,19.18347
104542,2018-03-02,ST07/10,65.838,-0.13949995,2.6999998,19.18347
104543,2018-03-02,SE95/6,25.177,-0.13949995,2.6999998,19.18347
104544,2018-03-02,SN00/11,11.953,-0.13949995,2.6999998,19.18347
104545,2018-03-02,SJ15/13,79.75,-0.13949995,2.6999998,19.18347
104546,2018-03-02,ID30/1,114.57,-0.13949995,2.6999998,19.18347
104547,2018-03-02,SU81/1,63.22,-0.13949995,2.6999998,19.18347
104548,2018-03-02,TQ25/86,94.845,-0.13949995,2.6999998,19.18347
104549,2018-03-02,SE94/5,19.911,-0.13949995,2.6999998,19.18347
104550,2018-03-02,SP00/62,102.277,-0.13949995,2.6999998,19.18347
104551,2018-03-02,SU01/5B,94.337,-0.13949995,2.6999998,19.18347
104552,2018-03-02,TR14/9,64.48,-0.13949995,2.6999998,19.18347
104553,2018-03-02,SU71/23,51.49,-0.13949995,2.6999998,19.18347
104554,2018-03-02,SY68/34,70.392,-0.13949995,2.6999998,19.18347
104555,2018-03-03,NH95/17,29.672,-0.07491663,1.3000001,12.9986925
104556,2018-03-03,SU17/57,138.486,-0.07491663,1.3000001,12.9986925
104557,2018-03-03,SU01/5B,94.101,-0.07491663,1.3000001,12.9986925
104558,2018-03-03,SJ15/13,79.74,-0.07491663,1.3000001,12.9986925
104559,2018-03-03,ST07/10,65.369,-0.07491663,1.3000001,12.9986925
104560,2018-03-03,SU81/1,62.95,-0.07491663,1.3000001,12.9986925
104561,2018-03-03,TR14/9,64.621,-0.07491663,1.3000001,12.9986925
104562,2018-03-03,SK00/41,129.22,-0.07491663,1.3000001,12.9986925
104563,2018-03-03,NY63/2,131.159,-0.07491663,1.3000001,12.9986925
104564,2018-03-03,SU71/23,51.4,-0.07491663,1.3000001,12.9986925
104565,2018-03-03,SE95/6,25.154,-0.07491663,1.3000001,12.9986925
104566,2018-03-03,SN00/11,11.937,-0.07491663,1.3000001,12.9986925
104567,2018-03-03,ID30/1,114.51,-0.07491663,1.3000001,12.9986925
104568,2018-03-03,TF81/2A,45.615,-0.07491663,1.3000001,12.9986925
104569,2018-03-03,TQ25/86,94.882,-0.07491663,1.3000001,12.9986925
104570,2018-03-03,SY68/34,70.415,-0.07491663,1.3000001,12.9986925
104571,2018-03-03,SE94/5,19.926,-0.07491663,1.3000001,12.9986925
104572,2018-03-03,SP00/62,102.235,-0.07491663,1.3000001,12.9986925
104573,2018-03-04,SN00/11,12.028,2.2667503,2.5,13.557057
104574,2018-03-04,NY63/2,131.157,2.2667503,2.5,13.557057
104575,2018-03-04,SU71/23,51.28,2.2667503,2.5,13.557057
104576,2018-03-04,TQ25/86,94.918,2.2667503,2.5,13.557057
104577,2018-03-04,SU01/5B,93.849,2.2667503,2.5,13.557057
104578,2018-03-04,SP00/62,102.233,2.2667503,2.5,13.557057
104579,2018-03-04,TF81/2A,45.645,2.2667503,2.5,13.557057
104580,2018-03-04,SJ15/13,79.74,2.2667503,2.5,13.557057
104581,2018-03-04,ID30/1,114.45,2.2667503,2.5,13.557057
104582,2018-03-04,SY68/34,70.413,2.2667503,2.5,13.557057
104583,2018-03-04,NH95/17,29.695,2.2667503,2.5,13.557057
104584,2018-03-04,SK00/41,129.22,2.2667503,2.5,13.557057
104585,2018-03-04,SU17/57,138.507,2.2667503,2.5,13.557057
104586,2018-03-04,SE95/6,25.136,2.2667503,2.5,13.557057
104587,2018-03-04,SE94/5,19.952,2.2667503,2.5,13.557057
104588,2018-03-04,TR14/9,64.757,2.2667503,2.5,13.557057
104589,2018-03-04,SU81/1,62.66,2.2667503,2.5,13.557057
104590,2018-03-04,ST07/10,65.696,2.2667503,2.5,13.557057
104591,2018-03-05,SE94/5,19.892,3.4980001,2.1999998,9.871769
104592,2018-03-05,TF81/2A,45.68,3.4980001,2.1999998,9.871769
104593,2018-03-05,SJ15/13,79.74,3.4980001,2.1999998,9.871769
104594,2018-03-05,ID30/1,115.0,3.4980001,2.1999998,9.871769
104595,2018-03-05,SY68/34,70.393,3.4980001,2.1999998,9.871769
104596,2018-03-05,ST07/10,66.815,3.4980001,2.1999998,9.871769
104597,2018-03-05,SU71/23,51.15,3.4980001,2.1999998,9.871769
104598,2018-03-05,SU81/1,62.34,3.4980001,2.1999998,9.871769
104599,2018-03-05,NH95/17,29.696,3.4980001,2.1999998,9.871769
104600,2018-03-05,SN00/11,12.527,3.4980001,2.1999998,9.871769
104601,2018-03-05,TR14/9,64.894,3.4980001,2.1999998,9.871769
104602,2018-03-05,SU17/57,138.518,3.4980001,2.1999998,9.871769
104603,2018-03-05,SE95/6,25.114,3.4980001,2.1999998,9.871769
104604,2018-03-05,SU01/5B,93.606,3.4980001,2.1999998,9.871769
104605,2018-03-05,SP00/62,102.263,3.4980001,2.1999998,9.871769
104606,2018-03-05,SK00/41,129.221,3.4980001,2.1999998,9.871769
104607,2018-03-05,TQ25/86,94.93,3.4980001,2.1999998,9.871769
104608,2018-03-05,NY63/2,131.181,3.4980001,2.1999998,9.871769
104609,2018-03-06,TR14/9,64.996,3.568833,8.2,8.478675
104610,2018-03-06,SN00/11,12.991,3.568833,8.2,8.478675
104611,2018-03-06,TL44/12,43.32,3.568833,8.2,8.478675
104612,2018-03-06,TQ25/86,94.974,3.568833,8.2,8.478675
104613,2018-03-06,TF81/2A,45.729,3.568833,8.2,8.478675
104614,2018-03-06,SU17/57,138.52,3.568833,8.2,8.478675
104615,2018-03-06,SK00/41,129.22,3.568833,8.2,8.478675
104616,2018-03-06,NY63/2,131.172,3.568833,8.2,8.478675
104617,2018-03-06,SY68/34,70.364,3.568833,8.2,8.478675
104618,2018-03-06,SU01/5B,93.377,3.568833,8.2,8.478675
104619,2018-03-06,SE94/5,19.948,3.568833,8.2,8.478675
104620,2018-03-06,SU81/1,62.04,3.568833,8.2,8.478675
104621,2018-03-06,SE95/6,25.078,3.568833,8.2,8.478675
104622,2018-03-06,SP00/62,102.29,3.568833,8.2,8.478675
104623,2018-03-06,SU71/23,51.01,3.568833,8.2,8.478675
104624,2018-03-06,NH95/17,29.698,3.568833,8.2,8.478675
104625,2018-03-06,ID30/1,115.33,3.568833,8.2,8.478675
104626,2018-03-06,ST07/10,67.845,3.568833,8.2,8.478675
104627,2018-03-06,SJ15/13,79.76,3.568833,8.2,8.478675
104628,2018-03-07,SU81/1,61.73,2.8000834,0.2,13.918226
104629,2018-03-07,SP00/62,102.342,2.8000834,0.2,13.918226
104630,2018-03-07,NY63/2,131.188,2.8000834,0.2,13.918226
104631,2018-03-07,SK00/41,129.215,2.8000834,0.2,13.918226
104632,2018-03-07,ST07/10,68.37,2.8000834,0.2,13.918226
104633,2018-03-07,SU01/5B,93.144,2.8000834,0.2,13.918226
104634,2018-03-07,SJ15/13,79.76,2.8000834,0.2,13.918226
104635,2018-03-07,ID30/1,115.13,2.8000834,0.2,13.918226
104636,2018-03-07,SN00/11,12.993,2.8000834,0.2,13.918226
104637,2018-03-07,TR14/9,65.104,2.8000834,0.2,13.918226
104638,2018-03-07,SY68/34,70.322,2.8000834,0.2,13.918226
104639,2018-03-07,SE95/6,25.047,2.8000834,0.2,13.918226
104640,2018-03-07,TF81/2A,45.729,2.8000834,0.2,13.918226
104641,2018-03-07,SE94/5,19.952,2.8000834,0.2,13.918226
104642,2018-03-07,NH95/17,29.721,2.8000834,0.2,13.918226
104643,2018-03-07,TQ25/86,95.0,2.8000834,0.2,13.918226
104644,2018-03-07,SU17/57,138.508,2.8000834,0.2,13.918226
104645,2018-03-07,SU71/23,50.84,2.8000834,0.2,13.918226
104646,2018-03-08,SE94/5,19.953,2.8396664,0.6,8.573406
104647,2018-03-08,SK00/41,129.21,2.8396664,0.6,8.573406
104648,2018-03-08,SU17/57,138.487,2.8396664,0.6,8.573406
104649,2018-03-08,TR14/9,65.2,2.8396664,0.6,8.573406
104650,2018-03-08,NH95/17,29.713,2.8396664,0.6,8.573406
104651,2018-03-08,SJ15/13,79.77,2.8396664,0.6,8.573406
104652,2018-03-08,SN00/11,12.898,2.8396664,0.6,8.573406
104653,2018-03-08,TQ25/86,95.038,2.8396664,0.6,8.573406
104654,2018-03-08,SY68/34,70.279,2.8396664,0.6,8.573406
104655,2018-03-08,ST07/10,68.756,2.8396664,0.6,8.573406
104656,2018-03-08,SU81/1,61.34,2.8396664,0.6,8.573406
104657,2018-03-08,SU01/5B,92.919,2.8396664,0.6,8.573406
104658,2018-03-08,SP00/62,102.387,2.8396664,0.6,8.573406
104659,2018-03-08,TF81/2A,45.748,2.8396664,0.6,8.573406
104660,2018-03-08,ID30/1,115.02,2.8396664,0.6,8.573406
104661,2018-03-08,NY63/2,131.187,2.8396664,0.6,8.573406
104662,2018-03-08,SU71/23,50.65,2.8396664,0.6,8.573406
104663,2018-03-08,SE95/6,25.014,2.8396664,0.6,8.573406
104664,2018-03-09,TF81/2A,45.766,3.3792498,0.8,8.265984
104665,2018-03-09,SY68/34,70.297,3.3792498,0.8,8.265984
104666,2018-03-09,NH95/17,29.702,3.3792498,0.8,8.265984
104667,2018-03-09,SU71/23,50.45,3.3792498,0.8,8.265984
104668,2018-03-09,ID30/1,114.93,3.3792498,0.8,8.265984
104669,2018-03-09,SU17/57,138.479,3.3792498,0.8,8.265984
104670,2018-03-09,TR14/9,65.324,3.3792498,0.8,8.265984
104671,2018-03-09,SJ15/13,79.75,3.3792498,0.8,8.265984
104672,2018-03-09,TQ25/86,95.081,3.3792498,0.8,8.265984
104673,2018-03-09,SU81/1,60.98,3.3792498,0.8,8.265984
104674,2018-03-09,SN00/11,12.923,3.3792498,0.8,8.265984
104675,2018-03-09,SE95/6,25.007,3.3792498,0.8,8.265984
104676,2018-03-09,NY63/2,131.159,3.3792498,0.8,8.265984
104677,2018-03-09,SK00/41,129.203,3.3792498,0.8,8.265984
104678,2018-03-09,SE94/5,19.956,3.3792498,0.8,8.265984
104679,2018-03-09,ST07/10,69.498,3.3792498,0.8,8.265984
104680,2018-03-09,SP00/62,102.446,3.3792498,0.8,8.265984
104681,2018-03-09,SU01/5B,92.709,3.3792498,0.8,8.265984
104682,2018-03-10,TR14/9,65.443,6.81675,7.3,16.346994
104683,2018-03-10,SE95/6,25.0,6.81675,7.3,16.346994
104684,2018-03-10,SP00/62,102.598,6.81675,7.3,16.346994
104685,2018-03-10,NH95/17,29.709,6.81675,7.3,16.346994
104686,2018-03-10,SU71/23,50.26,6.81675,7.3,16.346994
104687,2018-03-10,TF81/2A,45.806,6.81675,7.3,16.346994
104688,2018-03-10,TQ25/86,95.131,6.81675,7.3,16.346994
104689,2018-03-10,SE94/5,19.997,6.81675,7.3,16.346994
104690,2018-03-10,SJ15/13,79.79,6.81675,7.3,16.346994
104691,2018-03-10,ID30/1,115.78,6.81675,7.3,16.346994
104692,2018-03-10,SY68/34,70.32,6.81675,7.3,16.346994
104693,2018-03-10,SU01/5B,92.537,6.81675,7.3,16.346994
104694,2018-03-10,ST07/10,73.717,6.81675,7.3,16.346994
104695,2018-03-10,NY63/2,131.186,6.81675,7.3,16.346994
104696,2018-03-10,SN00/11,13.264,6.81675,7.3,16.346994
104697,2018-03-10,SK00/41,129.2,6.81675,7.3,16.346994
104698,2018-03-10,SU81/1,60.61,6.81675,7.3,16.346994
104699,2018-03-10,SU17/57,138.458,6.81675,7.3,16.346994
104700,2018-03-11,ST07/10,75.033,7.441751,0.0,8.410937
104701,2018-03-11,SE94/5,20.029,7.441751,0.0,8.410937
104702,2018-03-11,SU17/57,138.444,7.441751,0.0,8.410937
104703,2018-03-11,SN00/11,13.326,7.441751,0.0,8.410937
104704,2018-03-11,TQ25/86,95.16,7.441751,0.0,8.410937
104705,2018-03-11,NH95/17,29.719,7.441751,0.0,8.410937
104706,2018-03-11,SP00/62,102.716,7.441751,0.0,8.410937
104707,2018-03-11,TF81/2A,45.829,7.441751,0.0,8.410937
104708,2018-03-11,NY63/2,131.202,7.441751,0.0,8.410937
104709,2018-03-11,TR14/9,65.563,7.441751,0.0,8.410937
104710,2018-03-11,ID30/1,115.59,7.441751,0.0,8.410937
104711,2018-03-11,SJ15/13,79.81,7.441751,0.0,8.410937
104712,2018-03-11,SE95/6,25.01,7.441751,0.0,8.410937
104713,2018-03-11,SU71/23,50.08,7.441751,0.0,8.410937
104714,2018-03-11,SK00/41,129.2,7.441751,0.0,8.410937
104715,2018-03-11,SY68/34,70.338,7.441751,0.0,8.410937
104716,2018-03-11,SU01/5B,92.397,7.441751,0.0,8.410937
104717,2018-03-11,SU81/1,60.33,7.441751,0.0,8.410937
104718,2018-03-12,SK00/41,129.199,5.743834,3.1000001,8.01005
104719,2018-03-12,ST07/10,76.251,5.743834,3.1000001,8.01005
104720,2018-03-12,NY63/2,131.212,5.743834,3.1000001,8.01005
104721,2018-03-12,SU81/1,60.1,5.743834,3.1000001,8.01005
104722,2018-03-12,SE94/5,20.115,5.743834,3.1000001,8.01005
104723,2018-03-12,SU17/57,138.413,5.743834,3.1000001,8.01005
104724,2018-03-12,TF81/2A,45.87,5.743834,3.1000001,8.01005
104725,2018-03-12,ID30/1,115.45,5.743834,3.1000001,8.01005
104726,2018-03-12,SU71/23,49.92,5.743834,3.1000001,8.01005
104727,2018-03-12,SP00/62,102.822,5.743834,3.1000001,8.01005
104728,2018-03-12,SE95/6,25.031,5.743834,3.1000001,8.01005
104729,2018-03-12,SJ15/13,79.81,5.743834,3.1000001,8.01005
104730,2018-03-12,SN00/11,13.268,5.743834,3.1000001,8.01005
104731,2018-03-12,SU01/5B,92.294,5.743834,3.1000001,8.01005
104732,2018-03-12,NH95/17,29.731,5.743834,3.1000001,8.01005
104733,2018-03-12,TQ25/86,95.16,5.743834,3.1000001,8.01005
104734,2018-03-12,SY68/34,70.393,5.743834,3.1000001,8.01005
104735,2018-03-12,TR14/9,65.615,5.743834,3.1000001,8.01005
104736,2018-03-13,SU17/57,138.59,4.589667,0.6,6.7074037
104737,2018-03-13,SY68/34,70.428,4.589667,0.6,6.7074037
104738,2018-03-13,SU81/1,59.88,4.589667,0.6,6.7074037
104739,2018-03-13,TF81/2A,45.881,4.589667,0.6,6.7074037
104740,2018-03-13,TQ25/86,95.24,4.589667,0.6,6.7074037
104741,2018-03-13,NY63/2,131.165,4.589667,0.6,6.7074037
104742,2018-03-13,ID30/1,115.33,4.589667,0.6,6.7074037
104743,2018-03-13,NH95/17,29.7,4.589667,0.6,6.7074037
104744,2018-03-13,SU71/23,49.72,4.589667,0.6,6.7074037
104745,2018-03-13,SN00/11,13.187,4.589667,0.6,6.7074037
104746,2018-03-13,SP00/62,102.86,4.589667,0.6,6.7074037
104747,2018-03-13,SK00/41,129.19,4.589667,0.6,6.7074037
104748,2018-03-13,TR14/9,65.72,4.589667,0.6,6.7074037
104749,2018-03-13,SE94/5,20.275,4.589667,0.6,6.7074037
104750,2018-03-13,SE95/6,25.178,4.589667,0.6,6.7074037
104751,2018-03-13,NO20/14,36.953,4.589667,0.6,6.7074037
104752,2018-03-13,SJ15/13,79.8,4.589667,0.6,6.7074037
104753,2018-03-13,ST07/10,77.009,4.589667,0.6,6.7074037
104754,2018-03-13,SU01/5B,92.239,4.589667,0.6,6.7074037
104755,2018-03-14,SP00/62,102.922,6.5188346,0.1,24.874079
104756,2018-03-14,ID30/1,116.12,6.5188346,0.1,24.874079
104757,2018-03-14,SE94/5,20.381,6.5188346,0.1,24.874079
104758,2018-03-14,TF81/2A,45.894,6.5188346,0.1,24.874079
104759,2018-03-14,SE95/6,25.657,6.5188346,0.1,24.874079
104760,2018-03-14,NO20/14,36.98,6.5188346,0.1,24.874079
104761,2018-03-14,NH95/17,29.714,6.5188346,0.1,24.874079
104762,2018-03-14,SU81/1,59.69,6.5188346,0.1,24.874079
104763,2018-03-14,SJ15/13,79.85,6.5188346,0.1,24.874079
104764,2018-03-14,SU01/5B,92.375,6.5188346,0.1,24.874079
104765,2018-03-14,SY68/34,70.526,6.5188346,0.1,24.874079
104766,2018-03-14,SK00/41,129.19,6.5188346,0.1,24.874079
104767,2018-03-14,SN00/11,13.161,6.5188346,0.1,24.874079
104768,2018-03-14,TQ25/86,95.296,6.5188346,0.1,24.874079
104769,2018-03-14,ST07/10,76.391,6.5188346,0.1,24.874079
104770,2018-03-14,SU17/57,138.412,6.5188346,0.1,24.874079
104771,2018-03-14,NY63/2,131.146,6.5188346,0.1,24.874079
104772,2018-03-14,SU71/23,49.51,6.5188346,0.1,24.874079
104773,2018-03-14,TR14/9,65.845,6.5188346,0.1,24.874079
104774,2018-03-15,NY63/2,131.227,5.987583,3.3999999,24.904686
104775,2018-03-15,NO20/14,36.995,5.987583,3.3999999,24.904686
104776,2018-03-15,SJ15/13,79.89,5.987583,3.3999999,24.904686
104777,2018-03-15,SK00/41,129.19,5.987583,3.3999999,24.904686
104778,2018-03-15,TQ25/86,95.328,5.987583,3.3999999,24.904686
104779,2018-03-15,SE94/5,20.452,5.987583,3.3999999,24.904686
104780,2018-03-15,SU71/23,49.39,5.987583,3.3999999,24.904686
104781,2018-03-15,SU01/5B,92.766,5.987583,3.3999999,24.904686
104782,2018-03-15,SU17/57,138.441,5.987583,3.3999999,24.904686
104783,2018-03-15,SN00/11,13.267,5.987583,3.3999999,24.904686
104784,2018-03-15,SP00/62,102.921,5.987583,3.3999999,24.904686
104785,2018-03-15,SE95/6,26.329,5.987583,3.3999999,24.904686
104786,2018-03-15,SY68/34,70.663,5.987583,3.3999999,24.904686
104787,2018-03-15,ID30/1,116.65,5.987583,3.3999999,24.904686
104788,2018-03-15,ST07/10,77.787,5.987583,3.3999999,24.904686
104789,2018-03-15,TR14/9,65.926,5.987583,3.3999999,24.904686
104790,2018-03-15,NH95/17,29.709,5.987583,3.3999999,24.904686
104791,2018-03-15,TF81/2A,45.948,5.987583,3.3999999,24.904686
104792,2018-03-15,SU81/1,59.68,5.987583,3.3999999,24.904686
104793,2018-03-16,NH95/17,29.679,4.9542494,2.5999997,21.639055
104794,2018-03-16,SJ15/13,79.85,4.9542494,2.5999997,21.639055
104795,2018-03-16,TQ25/86,95.373,4.9542494,2.5999997,21.639055
104796,2018-03-16,SN00/11,13.261,4.9542494,2.5999997,21.639055
104797,2018-03-16,SU17/57,138.451,4.9542494,2.5999997,21.639055
104798,2018-03-16,TF81/2A,45.974,4.9542494,2.5999997,21.639055
104799,2018-03-16,SE95/6,26.995,4.9542494,2.5999997,21.639055
104800,2018-03-16,ST07/10,79.707,4.9542494,2.5999997,21.639055
104801,2018-03-16,NY63/2,131.208,4.9542494,2.5999997,21.639055
104802,2018-03-16,SE94/5,20.5,4.9542494,2.5999997,21.639055
104803,2018-03-16,NO20/14,37.015,4.9542494,2.5999997,21.639055
104804,2018-03-16,SY68/34,70.737,4.9542494,2.5999997,21.639055
104805,2018-03-16,TR14/9,66.009,4.9542494,2.5999997,21.639055
104806,2018-03-16,SK00/41,129.189,4.9542494,2.5999997,21.639055
104807,2018-03-16,SP00/62,102.938,4.9542494,2.5999997,21.639055
104808,2018-03-16,ID30/1,116.44,4.9542494,2.5999997,21.639055
104809,2018-03-16,SU71/23,49.3,4.9542494,2.5999997,21.639055
104810,2018-03-16,SU01/5B,93.386,4.9542494,2.5999997,21.639055
104811,2018-03-16,SU81/1,59.78,4.9542494,2.5999997,21.639055
104812,2018-03-17,NY63/2,131.123,0.36466673,1.9000003,23.9789
104813,2018-03-17,SP00/62,102.938,0.36466673,1.9000003,23.9789
104814,2018-03-17,SU17/57,138.482,0.36466673,1.9000003,23.9789
104815,2018-03-17,SE95/6,27.605,0.36466673,1.9000003,23.9789
104816,2018-03-17,SN00/11,13.196,0.36466673,1.9000003,23.9789
104817,2018-03-17,SY68/34,70.813,0.36466673,1.9000003,23.9789
104818,2018-03-17,SU71/23,49.23,0.36466673,1.9000003,23.9789
104819,2018-03-17,TQ25/86,95.415,0.36466673,1.9000003,23.9789
104820,2018-03-17,SK00/41,129.18,0.36466673,1.9000003,23.9789
104821,2018-03-17,NH95/17,29.653,0.36466673,1.9000003,23.9789
104822,2018-03-17,TR14/9,66.091,0.36466673,1.9000003,23.9789
104823,2018-03-17,SE94/5,20.566,0.36466673,1.9000003,23.9789
104824,2018-03-17,SU01/5B,94.339,0.36466673,1.9000003,23.9789
104825,2018-03-17,ST07/10,80.357,0.36466673,1.9000003,23.9789
104826,2018-03-17,SJ15/13,79.83,0.36466673,1.9000003,23.9789
104827,2018-03-17,SU81/1,59.9,0.36466673,1.9000003,23.9789
104828,2018-03-17,NO20/14,37.022,0.36466673,1.9000003,23.9789
104829,2018-03-17,ID30/1,116.27,0.36466673,1.9000003,23.9789
104830,2018-03-17,TF81/2A,45.975,0.36466673,1.9000003,23.9789
104831,2018-03-18,SU81/1,60.18,-0.112416595,1.8000003,19.633795
104832,2018-03-18,NY63/2,131.108,-0.112416595,1.8000003,19.633795
104833,2018-03-18,ST07/10,79.841,-0.112416595,1.8000003,19.633795
104834,2018-03-18,SY68/34,70.868,-0.112416595,1.8000003,19.633795
104835,2018-03-18,SN00/11,13.108,-0.112416595,1.8000003,19.633795
104836,2018-03-18,SE95/6,28.179,-0.112416595,1.8000003,19.633795
104837,2018-03-18,TQ25/86,95.447,-0.112416595,1.8000003,19.633795
104838,2018-03-18,NH95/17,29.647,-0.112416595,1.8000003,19.633795
104839,2018-03-18,TR14/9,66.157,-0.112416595,1.8000003,19.633795
104840,2018-03-18,SJ15/13,79.83,-0.112416595,1.8000003,19.633795
104841,2018-03-18,SU01/5B,95.365,-0.112416595,1.8000003,19.633795
104842,2018-03-18,ID30/1,116.07,-0.112416595,1.8000003,19.633795
104843,2018-03-18,SK00/41,129.172,-0.112416595,1.8000003,19.633795
104844,2018-03-18,SE94/5,20.633,-0.112416595,1.8000003,19.633795
104845,2018-03-18,SU71/23,49.24,-0.112416595,1.8000003,19.633795
104846,2018-03-18,NO20/14,37.045,-0.112416595,1.8000003,19.633795
104847,2018-03-18,TF81/2A,46.001,-0.112416595,1.8000003,19.633795
104848,2018-03-18,SU17/57,138.533,-0.112416595,1.8000003,19.633795
104849,2018-03-18,SP00/62,102.922,-0.112416595,1.8000003,19.633795
104850,2018-03-19,SU17/57,138.588,2.2229998,0.0,16.199236
104851,2018-03-19,SN00/11,13.02,2.2229998,0.0,16.199236
104852,2018-03-19,SK00/41,129.166,2.2229998,0.0,16.199236
104853,2018-03-19,NO20/14,37.047,2.2229998,0.0,16.199236
104854,2018-03-19,SU71/23,49.31,2.2229998,0.0,16.199236
104855,2018-03-19,SP00/62,102.886,2.2229998,0.0,16.199236
104856,2018-03-19,TQ25/86,95.46,2.2229998,0.0,16.199236
104857,2018-03-19,NH95/17,29.638,2.2229998,0.0,16.199236
104858,2018-03-19,SU01/5B,96.046,2.2229998,0.0,16.199236
104859,2018-03-19,TR14/9,66.206,2.2229998,0.0,16.199236
104860,2018-03-19,SJ15/13,79.8,2.2229998,0.0,16.199236
104861,2018-03-19,SY68/34,70.888,2.2229998,0.0,16.199236
104862,2018-03-19,TL33/4,76.215,2.2229998,0.0,16.199236
104863,2018-03-19,ID30/1,115.91,2.2229998,0.0,16.199236
104864,2018-03-19,NY63/2,131.111,2.2229998,0.0,16.199236
104865,2018-03-19,SU81/1,60.47,2.2229998,0.0,16.199236
104866,2018-03-19,SE95/6,28.767,2.2229998,0.0,16.199236
104867,2018-03-19,ST07/10,78.883,2.2229998,0.0,16.199236
104868,2018-03-19,TF81/2A,46.019,2.2229998,0.0,16.199236
104869,2018-03-19,SE94/5,20.697,2.2229998,0.0,16.199236
104870,2018-03-20,SU81/1,60.75,2.3521664,0.0,8.502679
104871,2018-03-20,NH95/17,29.631,2.3521664,0.0,8.502679
104872,2018-03-20,TQ25/86,95.519,2.3521664,0.0,8.502679
104873,2018-03-20,SP00/62,102.87,2.3521664,0.0,8.502679
104874,2018-03-20,TA10/63,18.87,2.3521664,0.0,8.502679
104875,2018-03-20,SK00/41,129.156,2.3521664,0.0,8.502679
104876,2018-03-20,SU71/23,49.38,2.3521664,0.0,8.502679
104877,2018-03-20,SN00/11,12.932,2.3521664,0.0,8.502679
104878,2018-03-20,SU01/5B,96.344,2.3521664,0.0,8.502679
104879,2018-03-20,SU17/57,138.61,2.3521664,0.0,8.502679
104880,2018-03-20,SE95/6,29.327,2.3521664,0.0,8.502679
104881,2018-03-20,TR14/9,66.277,2.3521664,0.0,8.502679
104882,2018-03-20,TF81/2A,46.027,2.3521664,0.0,8.502679
104883,2018-03-20,ID30/1,115.78,2.3521664,0.0,8.502679
104884,2018-03-20,SJ15/13,79.76,2.3521664,0.0,8.502679
104885,2018-03-20,SE94/5,20.761,2.3521664,0.0,8.502679
104886,2018-03-20,ST07/10,77.799,2.3521664,0.0,8.502679
104887,2018-03-20,NY63/2,131.085,2.3521664,0.0,8.502679
104888,2018-03-20,TV59/7C,2.1,2.3521664,0.0,8.502679
104889,2018-03-20,NO20/14,37.044,2.3521664,0.0,8.502679
104890,2018-03-20,SY68/34,70.885,2.3521664,0.0,8.502679
104891,2018-03-21,TM15/112,25.35,4.7063327,0.0,11.179672
104892,2018-03-21,ST07/10,76.76,4.7063327,0.0,11.179672
104893,2018-03-21,TQ25/86,95.583,4.7063327,0.0,11.179672
104894,2018-03-21,SE94/5,20.82,4.7063327,0.0,11.179672
104895,2018-03-21,SJ15/13,79.77,4.7063327,0.0,11.179672
104896,2018-03-21,SE95/6,29.75,4.7063327,0.0,11.179672
104897,2018-03-21,SP00/62,102.826,4.7063327,0.0,11.179672
104898,2018-03-21,SY68/34,70.875,4.7063327,0.0,11.179672
104899,2018-03-21,NO20/14,37.081,4.7063327,0.0,11.179672
104900,2018-03-21,ID30/1,115.63,4.7063327,0.0,11.179672
104901,2018-03-21,SU71/23,49.43,4.7063327,0.0,11.179672
104902,2018-03-21,SU01/5B,96.489,4.7063327,0.0,11.179672
104903,2018-03-21,TR14/9,66.395,4.7063327,0.0,11.179672
104904,2018-03-21,SK00/41,129.15,4.7063327,0.0,11.179672
104905,2018-03-21,NH95/17,29.651,4.7063327,0.0,11.179672
104906,2018-03-21,TF81/2A,46.037,4.7063327,0.0,11.179672
104907,2018-03-21,SU81/1,60.89,4.7063327,0.0,11.179672
104908,2018-03-21,SU17/57,138.733,4.7063327,0.0,11.179672
104909,2018-03-21,NY63/2,131.084,4.7063327,0.0,11.179672
104910,2018-03-21,SN00/11,12.848,4.7063327,0.0,11.179672
104911,2018-03-22,TR14/9,66.525,6.725083,0.4,15.839711
104912,2018-03-22,SY68/34,70.875,6.725083,0.4,15.839711
104913,2018-03-22,SJ15/13,79.82,6.725083,0.4,15.839711
104914,2018-03-22,SU01/5B,96.612,6.725083,0.4,15.839711
104915,2018-03-22,SU71/23,49.49,6.725083,0.4,15.839711
104916,2018-03-22,ID30/1,115.5,6.725083,0.4,15.839711
104917,2018-03-22,NO20/14,37.115,6.725083,0.4,15.839711
104918,2018-03-22,SP00/62,102.81,6.725083,0.4,15.839711
104919,2018-03-22,ST07/10,75.854,6.725083,0.4,15.839711
104920,2018-03-22,SN00/11,12.783,6.725083,0.4,15.839711
104921,2018-03-22,NY63/2,131.149,6.725083,0.4,15.839711
104922,2018-03-22,SU81/1,60.97,6.725083,0.4,15.839711
104923,2018-03-22,SE94/5,20.943,6.725083,0.4,15.839711
104924,2018-03-22,SU17/57,138.838,6.725083,0.4,15.839711
104925,2018-03-22,NH95/17,29.669,6.725083,0.4,15.839711
104926,2018-03-22,TQ25/86,95.65,6.725083,0.4,15.839711
104927,2018-03-22,TF81/2A,46.073,6.725083,0.4,15.839711
104928,2018-03-22,SK00/41,129.158,6.725083,0.4,15.839711
104929,2018-03-22,SE95/6,30.347,6.725083,0.4,15.839711
104930,2018-03-23,SU81/1,61.12,6.233417,4.6000004,17.9607
104931,2018-03-23,NY63/2,131.247,6.233417,4.6000004,17.9607
104932,2018-03-23,SE95/6,30.71,6.233417,4.6000004,17.9607
104933,2018-03-23,SK00/41,129.17,6.233417,4.6000004,17.9607
104934,2018-03-23,NO20/14,37.176,6.233417,4.6000004,17.9607
104935,2018-03-23,SE94/5,21.029,6.233417,4.6000004,17.9607
104936,2018-03-23,SJ15/13,79.88,6.233417,4.6000004,17.9607
104937,2018-03-23,SN00/11,12.719,6.233417,4.6000004,17.9607
104938,2018-03-23,TQ25/86,95.686,6.233417,4.6000004,17.9607
104939,2018-03-23,ID30/1,115.36,6.233417,4.6000004,17.9607
104940,2018-03-23,ST07/10,74.924,6.233417,4.6000004,17.9607
104941,2018-03-23,TF81/2A,46.116,6.233417,4.6000004,17.9607
104942,2018-03-23,SY68/34,70.89,6.233417,4.6000004,17.9607
104943,2018-03-23,NH95/17,29.704,6.233417,4.6000004,17.9607
104944,2018-03-23,SU17/57,138.946,6.233417,4.6000004,17.9607
104945,2018-03-23,SU71/23,49.59,6.233417,4.6000004,17.9607
104946,2018-03-23,SU01/5B,96.719,6.233417,4.6000004,17.9607
104947,2018-03-23,TR14/9,66.625,6.233417,4.6000004,17.9607
104948,2018-03-23,SP00/62,102.793,6.233417,4.6000004,17.9607
104949,2018-03-24,SU81/1,61.27,5.502167,0.6,5.897699
104950,2018-03-24,SK00/41,129.17,5.502167,0.6,5.897699
104951,2018-03-24,ST07/10,73.967,5.502167,0.6,5.897699
104952,2018-03-24,SY68/34,70.872,5.502167,0.6,5.897699
104953,2018-03-24,SU01/5B,96.691,5.502167,0.6,5.897699
104954,2018-03-24,SP00/62,102.765,5.502167,0.6,5.897699
104955,2018-03-24,SE95/6,30.958,5.502167,0.6,5.897699
104956,2018-03-24,SE94/5,21.082,5.502167,0.6,5.897699
104957,2018-03-24,SU17/57,139.026,5.502167,0.6,5.897699
104958,2018-03-24,TF81/2A,46.149,5.502167,0.6,5.897699
104959,2018-03-24,SU71/23,49.71,5.502167,0.6,5.897699
104960,2018-03-24,NY63/2,131.227,5.502167,0.6,5.897699
104961,2018-03-24,SJ15/13,79.84,5.502167,0.6,5.897699
104962,2018-03-24,NO20/14,37.116,5.502167,0.6,5.897699
104963,2018-03-24,ID30/1,115.27,5.502167,0.6,5.897699
104964,2018-03-24,TR14/9,66.685,5.502167,0.6,5.897699
104965,2018-03-24,TQ25/86,95.711,5.502167,0.6,5.897699
104966,2018-03-24,NH95/17,29.681,5.502167,0.6,5.897699
104967,2018-03-24,SN00/11,12.623,5.502167,0.6,5.897699
104968,2018-03-25,SY68/34,70.826,4.973,0.6,7.844938
104969,2018-03-25,SU81/1,61.31,4.973,0.6,7.844938
104970,2018-03-25,SN00/11,12.522,4.973,0.6,7.844938
104971,2018-03-25,SK00/41,129.168,4.973,0.6,7.844938
104972,2018-03-25,SU17/57,139.092,4.973,0.6,7.844938
104973,2018-03-25,ST07/10,73.065,4.973,0.6,7.844938
104974,2018-03-25,ID30/1,115.11,4.973,0.6,7.844938
104975,2018-03-25,SU71/23,49.77,4.973,0.6,7.844938
104976,2018-03-25,TF81/2A,46.153,4.973,0.6,7.844938
104977,2018-03-25,NH95/17,29.659,4.973,0.6,7.844938
104978,2018-03-25,TR14/9,66.753,4.973,0.6,7.844938
104979,2018-03-25,TQ25/86,95.749,4.973,0.6,7.844938
104980,2018-03-25,SE95/6,31.122,4.973,0.6,7.844938
104981,2018-03-25,SP00/62,102.728,4.973,0.6,7.844938
104982,2018-03-25,SJ15/13,79.79,4.973,0.6,7.844938
104983,2018-03-25,SE94/5,21.13,4.973,0.6,7.844938
104984,2018-03-25,NY63/2,131.166,4.973,0.6,7.844938
104985,2018-03-25,SU01/5B,96.536,4.973,0.6,7.844938
104986,2018-03-26,TR14/9,66.862,4.4313326,0.0,7.0133777
104987,2018-03-26,SK00/41,129.16,4.4313326,0.0,7.0133777
104988,2018-03-26,SU71/23,49.77,4.4313326,0.0,7.0133777
104989,2018-03-26,NH95/17,29.653,4.4313326,0.0,7.0133777
104990,2018-03-26,SN00/11,12.443,4.4313326,0.0,7.0133777
104991,2018-03-26,ST07/10,72.309,4.4313326,0.0,7.0133777
104992,2018-03-26,SE95/6,31.229,4.4313326,0.0,7.0133777
104993,2018-03-26,SU01/5B,96.348,4.4313326,0.0,7.0133777
104994,2018-03-26,TF81/2A,46.155,4.4313326,0.0,7.0133777
104995,2018-03-26,TQ25/86,95.77,4.4313326,0.0,7.0133777
104996,2018-03-26,NY63/2,131.126,4.4313326,0.0,7.0133777
104997,2018-03-26,SY68/34,70.791,4.4313326,0.0,7.0133777
104998,2018-03-26,SJ15/13,79.77,4.4313326,0.0,7.0133777
104999,2018-03-26,SU17/57,139.168,4.4313326,0.0,7.0133777
105000,2018-03-26,ID30/1,115.0,4.4313326,0.0,7.0133777
105001,2018-03-26,SE94/5,21.188,4.4313326,0.0,7.0133777
105002,2018-03-26,SU81/1,61.23,4.4313326,0.0,7.0133777
105003,2018-03-26,SP00/62,102.704,4.4313326,0.0,7.0133777
105004,2018-03-27,ST07/10,72.091,5.9563336,9.600001,16.613487
105005,2018-03-27,SP00/62,102.71,5.9563336,9.600001,16.613487
105006,2018-03-27,TF81/2A,46.175,5.9563336,9.600001,16.613487
105007,2018-03-27,SE94/5,21.257,5.9563336,9.600001,16.613487
105008,2018-03-27,SU71/23,49.77,5.9563336,9.600001,16.613487
105009,2018-03-27,ID30/1,114.96,5.9563336,9.600001,16.613487
105010,2018-03-27,SK00/41,129.16,5.9563336,9.600001,16.613487
105011,2018-03-27,NH95/17,29.678,5.9563336,9.600001,16.613487
105012,2018-03-27,SJ15/13,79.8,5.9563336,9.600001,16.613487
105013,2018-03-27,SU01/5B,96.197,5.9563336,9.600001,16.613487
105014,2018-03-27,SN00/11,12.39,5.9563336,9.600001,16.613487
105015,2018-03-27,TQ25/86,95.847,5.9563336,9.600001,16.613487
105016,2018-03-27,SU81/1,61.19,5.9563336,9.600001,16.613487
105017,2018-03-27,NY63/2,131.16,5.9563336,9.600001,16.613487
105018,2018-03-27,SY68/34,70.77,5.9563336,9.600001,16.613487
105019,2018-03-27,SU17/57,139.21,5.9563336,9.600001,16.613487
105020,2018-03-27,TR14/9,66.966,5.9563336,9.600001,16.613487
105021,2018-03-27,SE95/6,31.286,5.9563336,9.600001,16.613487
105022,2018-03-28,ID30/1,114.82,3.5729997,3.8999999,8.566068
105023,2018-03-28,ST07/10,72.04,3.5729997,3.8999999,8.566068
105024,2018-03-28,SU81/1,61.1,3.5729997,3.8999999,8.566068
105025,2018-03-28,SN00/11,12.334,3.5729997,3.8999999,8.566068
105026,2018-03-28,SU71/23,49.79,3.5729997,3.8999999,8.566068
105027,2018-03-28,TQ25/86,95.903,3.5729997,3.8999999,8.566068
105028,2018-03-28,SK00/41,129.16,3.5729997,3.8999999,8.566068
105029,2018-03-28,TR14/9,67.048,3.5729997,3.8999999,8.566068
105030,2018-03-28,SJ15/13,79.79,3.5729997,3.8999999,8.566068
105031,2018-03-28,NH95/17,29.671,3.5729997,3.8999999,8.566068
105032,2018-03-28,TF81/2A,46.205,3.5729997,3.8999999,8.566068
105033,2018-03-28,SU17/57,139.31,3.5729997,3.8999999,8.566068
105034,2018-03-28,SE95/6,31.276,3.5729997,3.8999999,8.566068
105035,2018-03-28,SU01/5B,96.04,3.5729997,3.8999999,8.566068
105036,2018-03-28,SY68/34,70.761,3.5729997,3.8999999,8.566068
105037,2018-03-28,SP00/62,102.678,3.5729997,3.8999999,8.566068
105038,2018-03-28,NY63/2,131.178,3.5729997,3.8999999,8.566068
105039,2018-03-28,SE94/5,21.309,3.5729997,3.8999999,8.566068
105040,2018-03-29,SU71/23,49.79,3.9396665,0.1,12.428499
105041,2018-03-29,SU17/57,139.371,3.9396665,0.1,12.428499
105042,2018-03-29,ST07/10,72.247,3.9396665,0.1,12.428499
105043,2018-03-29,TQ25/86,95.97,3.9396665,0.1,12.428499
105044,2018-03-29,SJ15/13,79.8,3.9396665,0.1,12.428499
105045,2018-03-29,TF81/2A,46.221,3.9396665,0.1,12.428499
105046,2018-03-29,SU01/5B,95.886,3.9396665,0.1,12.428499
105047,2018-03-29,SY68/34,70.786,3.9396665,0.1,12.428499
105048,2018-03-29,NH95/17,29.654,3.9396665,0.1,12.428499
105049,2018-03-29,ID30/1,114.75,3.9396665,0.1,12.428499
105050,2018-03-29,SE95/6,31.234,3.9396665,0.1,12.428499
105051,2018-03-29,NY63/2,131.177,3.9396665,0.1,12.428499
105052,2018-03-29,SE94/5,21.356,3.9396665,0.1,12.428499
105053,2018-03-29,TR14/9,67.166,3.9396665,0.1,12.428499
105054,2018-03-29,SU81/1,60.95,3.9396665,0.1,12.428499
105055,2018-03-29,SK00/41,129.165,3.9396665,0.1,12.428499
105056,2018-03-29,SP00/62,102.679,3.9396665,0.1,12.428499
105057,2018-03-29,SN00/11,12.284,3.9396665,0.1,12.428499
105058,2018-03-30,ID30/1,114.63,5.112583,2.8000002,11.5984335
105059,2018-03-30,SK00/41,129.168,5.112583,2.8000002,11.5984335
105060,2018-03-30,SE94/5,21.405,5.112583,2.8000002,11.5984335
105061,2018-03-30,SU71/23,49.79,5.112583,2.8000002,11.5984335
105062,2018-03-30,NH95/17,29.645,5.112583,2.8000002,11.5984335
105063,2018-03-30,SP00/62,102.738,5.112583,2.8000002,11.5984335
105064,2018-03-30,TQ25/86,96.02,5.112583,2.8000002,11.5984335
105065,2018-03-30,TR14/9,67.25,5.112583,2.8000002,11.5984335
105066,2018-03-30,SJ15/13,79.8,5.112583,2.8000002,11.5984335
105067,2018-03-30,SE95/6,31.143,5.112583,2.8000002,11.5984335
105068,2018-03-30,TF81/2A,46.241,5.112583,2.8000002,11.5984335
105069,2018-03-30,SU01/5B,95.766,5.112583,2.8000002,11.5984335
105070,2018-03-30,SN00/11,12.222,5.112583,2.8000002,11.5984335
105071,2018-03-30,NY63/2,131.177,5.112583,2.8000002,11.5984335
105072,2018-03-30,SU81/1,60.88,5.112583,2.8000002,11.5984335
105073,2018-03-30,SY68/34,70.844,5.112583,2.8000002,11.5984335
105074,2018-03-30,SU17/57,139.43,5.112583,2.8000002,11.5984335
105075,2018-03-30,ST07/10,73.496,5.112583,2.8000002,11.5984335
105076,2018-03-31,SU01/5B,96.114,3.637583,2.4999998,17.329546
105077,2018-03-31,SU81/1,60.72,3.637583,2.4999998,17.329546
105078,2018-03-31,TF03/37,16.71,3.637583,2.4999998,17.329546
105079,2018-03-31,SE94/5,21.474,3.637583,2.4999998,17.329546
105080,2018-03-31,SP00/62,102.88,3.637583,2.4999998,17.329546
105081,2018-03-31,SJ15/13,79.81,3.637583,2.4999998,17.329546
105082,2018-03-31,SE95/6,30.999,3.637583,2.4999998,17.329546
105083,2018-03-31,TQ25/86,96.068,3.637583,2.4999998,17.329546
105084,2018-03-31,NY63/2,131.159,3.637583,2.4999998,17.329546
105085,2018-03-31,SY68/34,70.892,3.637583,2.4999998,17.329546
105086,2018-03-31,TF81/2A,46.265,3.637583,2.4999998,17.329546
105087,2018-03-31,NH95/17,29.629,3.637583,2.4999998,17.329546
105088,2018-03-31,TR14/9,67.297,3.637583,2.4999998,17.329546
105089,2018-03-31,SU71/23,49.8,3.637583,2.4999998,17.329546
105090,2018-03-31,ST07/10,75.724,3.637583,2.4999998,17.329546
105091,2018-03-31,SN00/11,12.147,3.637583,2.4999998,17.329546
105092,2018-03-31,SK00/41,129.163,3.637583,2.4999998,17.329546
105093,2018-03-31,SU17/57,139.48,3.637583,2.4999998,17.329546
105094,2018-04-01,SN00/11,12.235,3.231333,0.0,9.82737
105095,2018-04-01,ID30/1,114.59,3.231333,0.0,9.82737
105096,2018-04-01,SJ15/13,79.84,3.231333,0.0,9.82737
105097,2018-04-01,SP00/62,102.948,3.231333,0.0,9.82737
105098,2018-04-01,SU17/57,139.546,3.231333,0.0,9.82737
105099,2018-04-01,SK00/41,129.154,3.231333,0.0,9.82737
105100,2018-04-01,TQ25/86,96.147,3.231333,0.0,9.82737
105101,2018-04-01,SE95/6,30.84,3.231333,0.0,9.82737
105102,2018-04-01,SU81/1,60.57,3.231333,0.0,9.82737
105103,2018-04-01,SU01/5B,96.541,3.231333,0.0,9.82737
105104,2018-04-01,ST07/10,76.379,3.231333,0.0,9.82737
105105,2018-04-01,SY68/34,70.9,3.231333,0.0,9.82737
105106,2018-04-01,SE94/5,21.527,3.231333,0.0,9.82737
105107,2018-04-01,SU71/23,49.8,3.231333,0.0,9.82737
105108,2018-04-01,NH95/17,29.614,3.231333,0.0,9.82737
105109,2018-04-01,TF81/2A,46.255,3.231333,0.0,9.82737
105110,2018-04-01,NY63/2,131.078,3.231333,0.0,9.82737
105111,2018-04-01,TR14/9,67.403,3.231333,0.0,9.82737
105112,2018-04-02,SU17/57,139.695,3.0667503,10.800001,18.115913
105113,2018-04-02,SU81/1,60.42,3.0667503,10.800001,18.115913
105114,2018-04-02,SJ15/13,79.94,3.0667503,10.800001,18.115913
105115,2018-04-02,SP00/62,103.111,3.0667503,10.800001,18.115913
105116,2018-04-02,TR14/9,67.498,3.0667503,10.800001,18.115913
105117,2018-04-02,NY63/2,131.086,3.0667503,10.800001,18.115913
105118,2018-04-02,SU01/5B,99.254,3.0667503,10.800001,18.115913
105119,2018-04-02,ID30/1,115.3,3.0667503,10.800001,18.115913
105120,2018-04-02,ST07/10,80.005,3.0667503,10.800001,18.115913
105121,2018-04-02,SN00/11,12.968,3.0667503,10.800001,18.115913
105122,2018-04-02,SK00/41,129.16,3.0667503,10.800001,18.115913
105123,2018-04-02,TQ25/86,96.21,3.0667503,10.800001,18.115913
105124,2018-04-02,SE95/6,30.715,3.0667503,10.800001,18.115913
105125,2018-04-02,SY68/34,71.043,3.0667503,10.800001,18.115913
105126,2018-04-02,SU71/23,49.87,3.0667503,10.800001,18.115913
105127,2018-04-02,SE94/5,21.688,3.0667503,10.800001,18.115913
105128,2018-04-02,NH95/17,29.638,3.0667503,10.800001,18.115913
105129,2018-04-02,TF81/2A,46.265,3.0667503,10.800001,18.115913
105130,2018-04-03,NY63/2,131.18,7.558417,3.6000001,12.929139
105131,2018-04-03,SE95/6,30.645,7.558417,3.6000001,12.929139
105132,2018-04-03,SY68/34,71.239,7.558417,3.6000001,12.929139
105133,2018-04-03,TF81/2A,46.308,7.558417,3.6000001,12.929139
105134,2018-04-03,ST07/10,82.176,7.558417,3.6000001,12.929139
105135,2018-04-03,TL33/4,76.87,7.558417,3.6000001,12.929139
105136,2018-04-03,SP00/62,103.135,7.558417,3.6000001,12.929139
105137,2018-04-03,ID30/1,115.4,7.558417,3.6000001,12.929139
105138,2018-04-03,SN00/11,13.179,7.558417,3.6000001,12.929139
105139,2018-04-03,SU81/1,60.56,7.558417,3.6000001,12.929139
105140,2018-04-03,TQ25/86,96.262,7.558417,3.6000001,12.929139
105141,2018-04-03,SU01/5B,100.329,7.558417,3.6000001,12.929139
105142,2018-04-03,SK00/41,129.161,7.558417,3.6000001,12.929139
105143,2018-04-03,TR14/9,67.57,7.558417,3.6000001,12.929139
105144,2018-04-03,SU71/23,50.1,7.558417,3.6000001,12.929139
105145,2018-04-03,SU17/57,139.867,7.558417,3.6000001,12.929139
105146,2018-04-03,NH95/17,29.659,7.558417,3.6000001,12.929139
105147,2018-04-03,SJ15/13,80.03,7.558417,3.6000001,12.929139
105148,2018-04-04,TR14/9,67.6,5.0917497,15.4,14.533198
105149,2018-04-04,ST07/10,81.084,5.0917497,15.4,14.533198
105150,2018-04-04,SJ15/13,80.02,5.0917497,15.4,14.533198
105151,2018-04-04,SU71/23,50.76,5.0917497,15.4,14.533198
105152,2018-04-04,NH95/17,29.671,5.0917497,15.4,14.533198
105153,2018-04-04,TQ25/86,96.291,5.0917497,15.4,14.533198
105154,2018-04-04,SE94/5,21.976,5.0917497,15.4,14.533198
105155,2018-04-04,ID30/1,115.45,5.0917497,15.4,14.533198
105156,2018-04-04,TF81/2A,46.356,5.0917497,15.4,14.533198
105157,2018-04-04,SN00/11,13.164,5.0917497,15.4,14.533198
105158,2018-04-04,SY68/34,71.251,5.0917497,15.4,14.533198
105159,2018-04-04,SU81/1,61.37,5.0917497,15.4,14.533198
105160,2018-04-04,SU01/5B,101.107,5.0917497,15.4,14.533198
105161,2018-04-04,NY63/2,131.145,5.0917497,15.4,14.533198
105162,2018-04-04,SP00/62,103.12,5.0917497,15.4,14.533198
105163,2018-04-04,SU17/57,140.067,5.0917497,15.4,14.533198
105164,2018-04-04,SE95/6,30.71,5.0917497,15.4,14.533198
105165,2018-04-04,SK00/41,129.164,5.0917497,15.4,14.533198
105166,2018-04-05,SY68/34,71.237,4.1105003,0.1,11.901588
105167,2018-04-05,SU01/5B,101.788,4.1105003,0.1,11.901588
105168,2018-04-05,TQ25/86,96.361,4.1105003,0.1,11.901588
105169,2018-04-05,SP00/62,103.085,4.1105003,0.1,11.901588
105170,2018-04-05,SU71/23,51.6,4.1105003,0.1,11.901588
105171,2018-04-05,TR14/9,67.688,4.1105003,0.1,11.901588
105172,2018-04-05,SU17/57,140.263,4.1105003,0.1,11.901588
105173,2018-04-05,NH95/17,29.663,4.1105003,0.1,11.901588
105174,2018-04-05,ID30/1,115.29,4.1105003,0.1,11.901588
105175,2018-04-05,SN00/11,13.072,4.1105003,0.1,11.901588
105176,2018-04-05,ST07/10,80.101,4.1105003,0.1,11.901588
105177,2018-04-05,SU81/1,62.35,4.1105003,0.1,11.901588
105178,2018-04-05,SE95/6,30.915,4.1105003,0.1,11.901588
105179,2018-04-05,SK00/41,129.151,4.1105003,0.1,11.901588
105180,2018-04-05,SE94/5,22.016,4.1105003,0.1,11.901588
105181,2018-04-05,SJ15/13,79.94,4.1105003,0.1,11.901588
105182,2018-04-05,NY63/2,131.095,4.1105003,0.1,11.901588
105183,2018-04-05,TF81/2A,46.35,4.1105003,0.1,11.901588
105184,2018-04-06,SE94/5,22.084,8.595917,0.3,20.952068
105185,2018-04-06,SU81/1,63.11,8.595917,0.3,20.952068
105186,2018-04-06,TQ25/86,96.415,8.595917,0.3,20.952068
105187,2018-04-06,SU71/23,52.19,8.595917,0.3,20.952068
105188,2018-04-06,SJ15/13,79.94,8.595917,0.3,20.952068
105189,2018-04-06,ST07/10,78.936,8.595917,0.3,20.952068
105190,2018-04-06,SK00/41,129.15,8.595917,0.3,20.952068
105191,2018-04-06,SY68/34,71.22,8.595917,0.3,20.952068
105192,2018-04-06,NH95/17,29.684,8.595917,0.3,20.952068
105193,2018-04-06,SU01/5B,102.277,8.595917,0.3,20.952068
105194,2018-04-06,SU17/57,140.499,8.595917,0.3,20.952068
105195,2018-04-06,TL44/12,44.37,8.595917,0.3,20.952068
105196,2018-04-06,TF81/2A,46.398,8.595917,0.3,20.952068
105197,2018-04-06,SE95/6,31.237,8.595917,0.3,20.952068
105198,2018-04-06,ID30/1,115.5,8.595917,0.3,20.952068
105199,2018-04-06,SN00/11,12.992,8.595917,0.3,20.952068
105200,2018-04-06,TR14/9,67.79,8.595917,0.3,20.952068
105201,2018-04-06,NY63/2,131.041,8.595917,0.3,20.952068
105202,2018-04-06,SP00/62,103.07,8.595917,0.3,20.952068
105203,2018-04-07,NH95/17,29.68,8.095918,4.2,8.478479
105204,2018-04-07,SJ15/13,79.95,8.095918,4.2,8.478479
105205,2018-04-07,TR14/9,67.882,8.095918,4.2,8.478479
105206,2018-04-07,SU71/23,52.66,8.095918,4.2,8.478479
105207,2018-04-07,ID30/1,115.51,8.095918,4.2,8.478479
105208,2018-04-07,SY68/34,71.195,8.095918,4.2,8.478479
105209,2018-04-07,ST07/10,78.114,8.095918,4.2,8.478479
105210,2018-04-07,SU17/57,140.727,8.095918,4.2,8.478479
105211,2018-04-07,NY63/2,131.082,8.095918,4.2,8.478479
105212,2018-04-07,SK00/41,129.15,8.095918,4.2,8.478479
105213,2018-04-07,TQ25/86,96.467,8.095918,4.2,8.478479
105214,2018-04-07,SU81/1,63.78,8.095918,4.2,8.478479
105215,2018-04-07,TF81/2A,46.421,8.095918,4.2,8.478479
105216,2018-04-07,SN00/11,12.902,8.095918,4.2,8.478479
105217,2018-04-07,SU01/5B,102.477,8.095918,4.2,8.478479
105218,2018-04-07,SP00/62,103.018,8.095918,4.2,8.478479
105219,2018-04-07,SE94/5,22.14,8.095918,4.2,8.478479
105220,2018-04-07,SE95/6,31.559,8.095918,4.2,8.478479
105221,2018-04-08,ID30/1,115.4,7.3771667,2.6,6.3968635
105222,2018-04-08,NH95/17,29.671,7.3771667,2.6,6.3968635
105223,2018-04-08,SP00/62,102.972,7.3771667,2.6,6.3968635
105224,2018-04-08,NY63/2,131.08,7.3771667,2.6,6.3968635
105225,2018-04-08,SJ15/13,79.95,7.3771667,2.6,6.3968635
105226,2018-04-08,SU81/1,64.21,7.3771667,2.6,6.3968635
105227,2018-04-08,SK00/41,129.15,7.3771667,2.6,6.3968635
105228,2018-04-08,TF81/2A,46.438,7.3771667,2.6,6.3968635
105229,2018-04-08,SE94/5,22.183,7.3771667,2.6,6.3968635
105230,2018-04-08,ST07/10,77.392,7.3771667,2.6,6.3968635
105231,2018-04-08,SE95/6,31.834,7.3771667,2.6,6.3968635
105232,2018-04-08,TR14/9,67.968,7.3771667,2.6,6.3968635
105233,2018-04-08,SU71/23,53.01,7.3771667,2.6,6.3968635
105234,2018-04-08,SY68/34,71.169,7.3771667,2.6,6.3968635
105235,2018-04-08,SU01/5B,102.458,7.3771667,2.6,6.3968635
105236,2018-04-08,SN00/11,12.808,7.3771667,2.6,6.3968635
105237,2018-04-08,TQ25/86,96.535,7.3771667,2.6,6.3968635
105238,2018-04-08,SU17/57,140.942,7.3771667,2.6,6.3968635
105239,2018-04-09,SY68/34,71.18,8.879251,0.2,9.782866
105240,2018-04-09,SU71/23,53.27,8.879251,0.2,9.782866
105241,2018-04-09,TQ25/86,96.56,8.879251,0.2,9.782866
105242,2018-04-09,SN00/11,12.736,8.879251,0.2,9.782866
105243,2018-04-09,SK00/41,129.15,8.879251,0.2,9.782866
105244,2018-04-09,SP00/62,102.937,8.879251,0.2,9.782866
105245,2018-04-09,TF81/2A,46.474,8.879251,0.2,9.782866
105246,2018-04-09,SE94/5,22.234,8.879251,0.2,9.782866
105247,2018-04-09,SU01/5B,102.303,8.879251,0.2,9.782866
105248,2018-04-09,TR14/9,68.076,8.879251,0.2,9.782866
105249,2018-04-09,NY63/2,131.053,8.879251,0.2,9.782866
105250,2018-04-09,SJ15/13,79.96,8.879251,0.2,9.782866
105251,2018-04-09,SU81/1,64.52,8.879251,0.2,9.782866
105252,2018-04-09,SE95/6,32.084,8.879251,0.2,9.782866
105253,2018-04-09,ST07/10,76.824,8.879251,0.2,9.782866
105254,2018-04-09,SU17/57,141.156,8.879251,0.2,9.782866
105255,2018-04-09,NH95/17,29.664,8.879251,0.2,9.782866
105256,2018-04-09,ID30/1,115.27,8.879251,0.2,9.782866
105257,2018-04-10,NH95/17,29.643,7.0250835,3.9999998,13.586779
105258,2018-04-10,TF81/2A,46.485,7.0250835,3.9999998,13.586779
105259,2018-04-10,SU01/5B,102.011,7.0250835,3.9999998,13.586779
105260,2018-04-10,TR14/9,68.152,7.0250835,3.9999998,13.586779
105261,2018-04-10,SE95/6,32.258,7.0250835,3.9999998,13.586779
105262,2018-04-10,SE94/5,22.3,7.0250835,3.9999998,13.586779
105263,2018-04-10,SY68/34,71.173,7.0250835,3.9999998,13.586779
105264,2018-04-10,ID30/1,115.79,7.0250835,3.9999998,13.586779
105265,2018-04-10,SJ15/13,79.97,7.0250835,3.9999998,13.586779
105266,2018-04-10,ST07/10,77.794,7.0250835,3.9999998,13.586779
105267,2018-04-10,NY63/2,131.087,7.0250835,3.9999998,13.586779
105268,2018-04-10,SN00/11,12.656,7.0250835,3.9999998,13.586779
105269,2018-04-10,SU81/1,64.73,7.0250835,3.9999998,13.586779
105270,2018-04-10,SU17/57,141.24,7.0250835,3.9999998,13.586779
105271,2018-04-10,TQ25/86,96.668,7.0250835,3.9999998,13.586779
105272,2018-04-10,SP00/62,102.93,7.0250835,3.9999998,13.586779
105273,2018-04-10,SU71/23,53.49,7.0250835,3.9999998,13.586779
105274,2018-04-10,SK00/41,129.15,7.0250835,3.9999998,13.586779
105275,2018-04-11,SU71/23,53.63,8.018832,0.3,9.693487
105276,2018-04-11,SU17/57,141.497,8.018832,0.3,9.693487
105277,2018-04-11,ST07/10,78.711,8.018832,0.3,9.693487
105278,2018-04-11,ID30/1,115.89,8.018832,0.3,9.693487
105279,2018-04-11,TQ25/86,96.751,8.018832,0.3,9.693487
105280,2018-04-11,SP00/62,102.852,8.018832,0.3,9.693487
105281,2018-04-11,SN00/11,12.583,8.018832,0.3,9.693487
105282,2018-04-11,SE95/6,32.389,8.018832,0.3,9.693487
105283,2018-04-11,NY63/2,131.042,8.018832,0.3,9.693487
105284,2018-04-11,TF81/2A,46.507,8.018832,0.3,9.693487
105285,2018-04-11,NH95/17,29.645,8.018832,0.3,9.693487
105286,2018-04-11,SJ15/13,79.95,8.018832,0.3,9.693487
105287,2018-04-11,TR14/9,68.244,8.018832,0.3,9.693487
105288,2018-04-11,SU81/1,64.88,8.018832,0.3,9.693487
105289,2018-04-11,SE94/5,22.353,8.018832,0.3,9.693487
105290,2018-04-11,SU01/5B,101.607,8.018832,0.3,9.693487
105291,2018-04-11,SY68/34,71.135,8.018832,0.3,9.693487
105292,2018-04-11,SK00/41,129.142,8.018832,0.3,9.693487
105293,2018-04-12,SU81/1,64.9,6.6938343,4.2000003,13.523702
105294,2018-04-12,ID30/1,115.74,6.6938343,4.2000003,13.523702
105295,2018-04-12,SU17/57,141.637,6.6938343,4.2000003,13.523702
105296,2018-04-12,TF81/2A,46.532,6.6938343,4.2000003,13.523702
105297,2018-04-12,SP00/62,102.831,6.6938343,4.2000003,13.523702
105298,2018-04-12,SY68/34,71.118,6.6938343,4.2000003,13.523702
105299,2018-04-12,NY63/2,131.042,6.6938343,4.2000003,13.523702
105300,2018-04-12,SN00/11,12.508,6.6938343,4.2000003,13.523702
105301,2018-04-12,SU71/23,53.73,6.6938343,4.2000003,13.523702
105302,2018-04-12,SK00/41,129.144,6.6938343,4.2000003,13.523702
105303,2018-04-12,TQ25/86,96.817,6.6938343,4.2000003,13.523702
105304,2018-04-12,SU01/5B,101.162,6.6938343,4.2000003,13.523702
105305,2018-04-12,TR14/9,68.332,6.6938343,4.2000003,13.523702
105306,2018-04-12,SE94/5,22.403,6.6938343,4.2000003,13.523702
105307,2018-04-12,SJ15/13,79.96,6.6938343,4.2000003,13.523702
105308,2018-04-12,SE95/6,32.483,6.6938343,4.2000003,13.523702
105309,2018-04-12,ST07/10,78.811,6.6938343,4.2000003,13.523702
105310,2018-04-12,NH95/17,29.673,6.6938343,4.2000003,13.523702
105311,2018-04-13,NY63/2,131.06,7.6063333,4.4999995,7.473114
105312,2018-04-13,ST07/10,78.394,7.6063333,4.4999995,7.473114
105313,2018-04-13,SU17/57,141.734,7.6063333,4.4999995,7.473114
105314,2018-04-13,ID30/1,115.57,7.6063333,4.4999995,7.473114
105315,2018-04-13,SJ15/13,79.94,7.6063333,4.4999995,7.473114
105316,2018-04-13,TR14/9,68.406,7.6063333,4.4999995,7.473114
105317,2018-04-13,TF81/2A,46.531,7.6063333,4.4999995,7.473114
105318,2018-04-13,SU81/1,64.88,7.6063333,4.4999995,7.473114
105319,2018-04-13,SY68/34,71.105,7.6063333,4.4999995,7.473114
105320,2018-04-13,SE95/6,32.517,7.6063333,4.4999995,7.473114
105321,2018-04-13,SN00/11,12.42,7.6063333,4.4999995,7.473114
105322,2018-04-13,SU71/23,53.78,7.6063333,4.4999995,7.473114
105323,2018-04-13,SK00/41,129.141,7.6063333,4.4999995,7.473114
105324,2018-04-13,TQ25/86,96.893,7.6063333,4.4999995,7.473114
105325,2018-04-13,SU01/5B,100.698,7.6063333,4.4999995,7.473114
105326,2018-04-13,NH95/17,29.669,7.6063333,4.4999995,7.473114
105327,2018-04-13,SE94/5,22.432,7.6063333,4.4999995,7.473114
105328,2018-04-13,SP00/62,102.801,7.6063333,4.4999995,7.473114
105329,2018-04-14,SJ15/13,79.91,9.2959175,0.0,10.27119
105330,2018-04-14,SU81/1,64.78,9.2959175,0.0,10.27119
105331,2018-04-14,NY63/2,131.026,9.2959175,0.0,10.27119
105332,2018-04-14,SU01/5B,100.282,9.2959175,0.0,10.27119
105333,2018-04-14,SP00/62,102.772,9.2959175,0.0,10.27119
105334,2018-04-14,SU17/57,141.815,9.2959175,0.0,10.27119
105335,2018-04-14,TR14/9,68.511,9.2959175,0.0,10.27119
105336,2018-04-14,SY68/34,71.094,9.2959175,0.0,10.27119
105337,2018-04-14,TQ25/86,96.981,9.2959175,0.0,10.27119
105338,2018-04-14,SK00/41,129.14,9.2959175,0.0,10.27119
105339,2018-04-14,SU71/23,53.76,9.2959175,0.0,10.27119
105340,2018-04-14,SE95/6,32.518,9.2959175,0.0,10.27119
105341,2018-04-14,SE94/5,22.455,9.2959175,0.0,10.27119
105342,2018-04-14,SN00/11,12.353,9.2959175,0.0,10.27119
105343,2018-04-14,TF81/2A,46.552,9.2959175,0.0,10.27119
105344,2018-04-14,NH95/17,29.653,9.2959175,0.0,10.27119
105345,2018-04-14,ST07/10,77.633,9.2959175,0.0,10.27119
105346,2018-04-14,ID30/1,115.42,9.2959175,0.0,10.27119
105347,2018-04-15,SU71/23,53.73,10.606334,3.1,18.457283
105348,2018-04-15,SY68/34,71.09,10.606334,3.1,18.457283
105349,2018-04-15,NY63/2,131.016,10.606334,3.1,18.457283
105350,2018-04-15,SE94/5,22.492,10.606334,3.1,18.457283
105351,2018-04-15,SK00/41,129.14,10.606334,3.1,18.457283
105352,2018-04-15,SP00/62,102.744,10.606334,3.1,18.457283
105353,2018-04-15,TF81/2A,46.583,10.606334,3.1,18.457283
105354,2018-04-15,SU01/5B,99.982,10.606334,3.1,18.457283
105355,2018-04-15,TQ25/86,97.05,10.606334,3.1,18.457283
105356,2018-04-15,TR14/9,68.596,10.606334,3.1,18.457283
105357,2018-04-15,SJ15/13,79.93,10.606334,3.1,18.457283
105358,2018-04-15,SU81/1,64.65,10.606334,3.1,18.457283
105359,2018-04-15,SU17/57,141.883,10.606334,3.1,18.457283
105360,2018-04-15,SN00/11,12.291,10.606334,3.1,18.457283
105361,2018-04-15,SE95/6,32.496,10.606334,3.1,18.457283
105362,2018-04-15,NH95/17,29.652,10.606334,3.1,18.457283
105363,2018-04-15,ST07/10,76.813,10.606334,3.1,18.457283
105364,2018-04-15,ID30/1,115.31,10.606334,3.1,18.457283
105365,2018-04-16,TR14/9,68.666,9.787584,0.70000005,18.369373
105366,2018-04-16,ST07/10,75.906,9.787584,0.70000005,18.369373
105367,2018-04-16,SU17/57,141.912,9.787584,0.70000005,18.369373
105368,2018-04-16,NH95/17,29.627,9.787584,0.70000005,18.369373
105369,2018-04-16,TF81/2A,46.586,9.787584,0.70000005,18.369373
105370,2018-04-16,SY68/34,71.065,9.787584,0.70000005,18.369373
105371,2018-04-16,TL33/4,77.905,9.787584,0.70000005,18.369373
105372,2018-04-16,SE94/5,22.506,9.787584,0.70000005,18.369373
105373,2018-04-16,SU81/1,64.48,9.787584,0.70000005,18.369373
105374,2018-04-16,SP00/62,102.712,9.787584,0.70000005,18.369373
105375,2018-04-16,NY63/2,131.067,9.787584,0.70000005,18.369373
105376,2018-04-16,SU01/5B,99.677,9.787584,0.70000005,18.369373
105377,2018-04-16,ID30/1,115.22,9.787584,0.70000005,18.369373
105378,2018-04-16,SK00/41,129.14,9.787584,0.70000005,18.369373
105379,2018-04-16,SE95/6,32.419,9.787584,0.70000005,18.369373
105380,2018-04-16,SN00/11,12.213,9.787584,0.70000005,18.369373
105381,2018-04-16,SJ15/13,79.92,9.787584,0.70000005,18.369373
105382,2018-04-16,TQ25/86,97.08,9.787584,0.70000005,18.369373
105383,2018-04-16,SU71/23,53.71,9.787584,0.70000005,18.369373
105384,2018-04-17,ST07/10,74.838,10.872998,3.0,25.497206
105385,2018-04-17,TF81/2A,46.59,10.872998,3.0,25.497206
105386,2018-04-17,SU81/1,64.27,10.872998,3.0,25.497206
105387,2018-04-17,SE94/5,22.512,10.872998,3.0,25.497206
105388,2018-04-17,SN00/11,12.151,10.872998,3.0,25.497206
105389,2018-04-17,SJ15/13,79.89,10.872998,3.0,25.497206
105390,2018-04-17,NY63/2,131.025,10.872998,3.0,25.497206
105391,2018-04-17,TQ25/86,97.188,10.872998,3.0,25.497206
105392,2018-04-17,NH95/17,29.637,10.872998,3.0,25.497206
105393,2018-04-17,SU71/23,53.64,10.872998,3.0,25.497206
105394,2018-04-17,SU17/57,141.92,10.872998,3.0,25.497206
105395,2018-04-17,ID30/1,115.2,10.872998,3.0,25.497206
105396,2018-04-17,SK00/41,129.135,10.872998,3.0,25.497206
105397,2018-04-17,SU01/5B,99.439,10.872998,3.0,25.497206
105398,2018-04-17,TR14/9,68.733,10.872998,3.0,25.497206
105399,2018-04-17,SY68/34,71.035,10.872998,3.0,25.497206
105400,2018-04-17,SE95/6,32.311,10.872998,3.0,25.497206
105401,2018-04-17,SP00/62,102.7,10.872998,3.0,25.497206
105402,2018-04-18,SU17/57,141.934,14.116749,0.3,18.979965
105403,2018-04-18,SJ15/13,79.85,14.116749,0.3,18.979965
105404,2018-04-18,ST07/10,73.81,14.116749,0.3,18.979965
105405,2018-04-18,TF81/2A,46.607,14.116749,0.3,18.979965
105406,2018-04-18,SN00/11,12.09,14.116749,0.3,18.979965
105407,2018-04-18,SE95/6,32.178,14.116749,0.3,18.979965
105408,2018-04-18,SU81/1,64.08,14.116749,0.3,18.979965
105409,2018-04-18,SE94/5,22.517,14.116749,0.3,18.979965
105410,2018-04-18,SY68/34,71.005,14.116749,0.3,18.979965
105411,2018-04-18,NH95/17,29.604,14.116749,0.3,18.979965
105412,2018-04-18,ID30/1,115.12,14.116749,0.3,18.979965
105413,2018-04-18,SP00/62,102.628,14.116749,0.3,18.979965
105414,2018-04-18,SU71/23,53.56,14.116749,0.3,18.979965
105415,2018-04-18,TQ25/86,97.262,14.116749,0.3,18.979965
105416,2018-04-18,NY63/2,130.984,14.116749,0.3,18.979965
105417,2018-04-18,SU01/5B,99.196,14.116749,0.3,18.979965
105418,2018-04-18,TR14/9,68.824,14.116749,0.3,18.979965
105419,2018-04-18,SK00/41,129.13,14.116749,0.3,18.979965
105420,2018-04-19,TQ25/86,97.331,14.189664,0.0,11.723874
105421,2018-04-19,SN00/11,12.024,14.189664,0.0,11.723874
105422,2018-04-19,SY68/34,70.966,14.189664,0.0,11.723874
105423,2018-04-19,SJ15/13,79.84,14.189664,0.0,11.723874
105424,2018-04-19,SU17/57,141.935,14.189664,0.0,11.723874
105425,2018-04-19,SK00/41,129.13,14.189664,0.0,11.723874
105426,2018-04-19,SU81/1,63.87,14.189664,0.0,11.723874
105427,2018-04-19,SE94/5,22.529,14.189664,0.0,11.723874
105428,2018-04-19,ID30/1,115.01,14.189664,0.0,11.723874
105429,2018-04-19,NH95/17,29.596,14.189664,0.0,11.723874
105430,2018-04-19,SP00/62,102.598,14.189664,0.0,11.723874
105431,2018-04-19,SU01/5B,98.94,14.189664,0.0,11.723874
105432,2018-04-19,SU71/23,53.49,14.189664,0.0,11.723874
105433,2018-04-19,NY63/2,130.971,14.189664,0.0,11.723874
105434,2018-04-19,TF81/2A,46.629,14.189664,0.0,11.723874
105435,2018-04-19,TR14/9,68.912,14.189664,0.0,11.723874
105436,2018-04-19,SE95/6,32.029,14.189664,0.0,11.723874
105437,2018-04-19,ST07/10,72.84,14.189664,0.0,11.723874
105438,2018-04-20,ST07/10,72.008,10.420917,0.0,8.177868
105439,2018-04-20,SE95/6,31.834,10.420917,0.0,8.177868
105440,2018-04-20,SJ15/13,79.84,10.420917,0.0,8.177868
105441,2018-04-20,SE94/5,22.533,10.420917,0.0,8.177868
105442,2018-04-20,NH95/17,29.589,10.420917,0.0,8.177868
105443,2018-04-20,NY63/2,130.96,10.420917,0.0,8.177868
105444,2018-04-20,SK00/41,129.13,10.420917,0.0,8.177868
105445,2018-04-20,TM15/112,25.44,10.420917,0.0,8.177868
105446,2018-04-20,TR14/9,69.008,10.420917,0.0,8.177868
105447,2018-04-20,SU81/1,63.69,10.420917,0.0,8.177868
105448,2018-04-20,SU17/57,141.923,10.420917,0.0,8.177868
105449,2018-04-20,SU01/5B,98.659,10.420917,0.0,8.177868
105450,2018-04-20,SP00/62,102.571,10.420917,0.0,8.177868
105451,2018-04-20,ID30/1,114.92,10.420917,0.0,8.177868
105452,2018-04-20,SN00/11,11.971,10.420917,0.0,8.177868
105453,2018-04-20,TQ25/86,97.408,10.420917,0.0,8.177868
105454,2018-04-20,SY68/34,70.923,10.420917,0.0,8.177868
105455,2018-04-20,TF81/2A,46.64,10.420917,0.0,8.177868
105456,2018-04-20,SU71/23,53.42,10.420917,0.0,8.177868
105457,2018-04-21,SU71/23,53.34,12.447998,0.5,12.3807
105458,2018-04-21,NY63/2,130.963,12.447998,0.5,12.3807
105459,2018-04-21,SY68/34,70.885,12.447998,0.5,12.3807
105460,2018-04-21,SP00/62,102.55,12.447998,0.5,12.3807
105461,2018-04-21,SE94/5,22.549,12.447998,0.5,12.3807
105462,2018-04-21,SU01/5B,98.371,12.447998,0.5,12.3807
105463,2018-04-21,TF81/2A,46.671,12.447998,0.5,12.3807
105464,2018-04-21,SU81/1,63.46,12.447998,0.5,12.3807
105465,2018-04-21,SJ15/13,79.86,12.447998,0.5,12.3807
105466,2018-04-21,NH95/17,29.597,12.447998,0.5,12.3807
105467,2018-04-21,TR14/9,69.112,12.447998,0.5,12.3807
105468,2018-04-21,ID30/1,114.83,12.447998,0.5,12.3807
105469,2018-04-21,SK00/41,129.135,12.447998,0.5,12.3807
105470,2018-04-21,TQ25/86,97.474,12.447998,0.5,12.3807
105471,2018-04-21,ST07/10,71.304,12.447998,0.5,12.3807
105472,2018-04-21,SU17/57,141.919,12.447998,0.5,12.3807
105473,2018-04-21,SN00/11,11.93,12.447998,0.5,12.3807
105474,2018-04-21,SE95/6,31.649,12.447998,0.5,12.3807
105475,2018-04-22,ST07/10,70.576,11.4938345,3.6000001,16.918308
105476,2018-04-22,SU71/23,53.27,11.4938345,3.6000001,16.918308
105477,2018-04-22,SE95/6,31.436,11.4938345,3.6000001,16.918308
105478,2018-04-22,SJ15/13,79.88,11.4938345,3.6000001,16.918308
105479,2018-04-22,SY68/34,70.843,11.4938345,3.6000001,16.918308
105480,2018-04-22,TQ25/86,97.523,11.4938345,3.6000001,16.918308
105481,2018-04-22,SU81/1,63.26,11.4938345,3.6000001,16.918308
105482,2018-04-22,NH95/17,29.619,11.4938345,3.6000001,16.918308
105483,2018-04-22,ID30/1,114.77,11.4938345,3.6000001,16.918308
105484,2018-04-22,SN00/11,11.872,11.4938345,3.6000001,16.918308
105485,2018-04-22,SK00/41,129.147,11.4938345,3.6000001,16.918308
105486,2018-04-22,TR14/9,69.182,11.4938345,3.6000001,16.918308
105487,2018-04-22,SE94/5,22.556,11.4938345,3.6000001,16.918308
105488,2018-04-22,SU17/57,141.893,11.4938345,3.6000001,16.918308
105489,2018-04-22,SP00/62,102.52,11.4938345,3.6000001,16.918308
105490,2018-04-22,SU01/5B,98.079,11.4938345,3.6000001,16.918308
105491,2018-04-22,TF81/2A,46.688,11.4938345,3.6000001,16.918308
105492,2018-04-22,NY63/2,131.032,11.4938345,3.6000001,16.918308
105493,2018-04-23,SU01/5B,97.745,9.260501,2.6,20.074324
105494,2018-04-23,SY68/34,70.793,9.260501,2.6,20.074324
105495,2018-04-23,NH95/17,29.601,9.260501,2.6,20.074324
105496,2018-04-23,SN00/11,11.807,9.260501,2.6,20.074324
105497,2018-04-23,SU81/1,63.06,9.260501,2.6,20.074324
105498,2018-04-23,NY63/2,131.053,9.260501,2.6,20.074324
105499,2018-04-23,TQ25/86,97.54,9.260501,2.6,20.074324
105500,2018-04-23,TF81/2A,46.704,9.260501,2.6,20.074324
105501,2018-04-23,SE95/6,31.205,9.260501,2.6,20.074324
105502,2018-04-23,SU17/57,141.853,9.260501,2.6,20.074324
105503,2018-04-23,SK00/41,129.15,9.260501,2.6,20.074324
105504,2018-04-23,TR14/9,69.258,9.260501,2.6,20.074324
105505,2018-04-23,SU71/23,53.18,9.260501,2.6,20.074324
105506,2018-04-23,SE94/5,22.549,9.260501,2.6,20.074324
105507,2018-04-23,ST07/10,69.846,9.260501,2.6,20.074324
105508,2018-04-23,SJ15/13,79.86,9.260501,2.6,20.074324
105509,2018-04-23,SP00/62,102.496,9.260501,2.6,20.074324
105510,2018-04-23,ID30/1,114.69,9.260501,2.6,20.074324
105511,2018-04-24,SE94/5,22.547,8.7105,4.4999995,13.265758
105512,2018-04-24,SP00/62,102.48,8.7105,4.4999995,13.265758
105513,2018-04-24,SU81/1,62.84,8.7105,4.4999995,13.265758
105514,2018-04-24,TR14/9,69.34,8.7105,4.4999995,13.265758
105515,2018-04-24,SE95/6,30.974,8.7105,4.4999995,13.265758
105516,2018-04-24,TQ25/86,97.618,8.7105,4.4999995,13.265758
105517,2018-04-24,ST07/10,69.266,8.7105,4.4999995,13.265758
105518,2018-04-24,SU17/57,141.84,8.7105,4.4999995,13.265758
105519,2018-04-24,SK00/41,129.155,8.7105,4.4999995,13.265758
105520,2018-04-24,SN00/11,11.79,8.7105,4.4999995,13.265758
105521,2018-04-24,SU01/5B,97.414,8.7105,4.4999995,13.265758
105522,2018-04-24,NH95/17,29.596,8.7105,4.4999995,13.265758
105523,2018-04-24,SJ15/13,79.87,8.7105,4.4999995,13.265758
105524,2018-04-24,SU71/23,53.07,8.7105,4.4999995,13.265758
105525,2018-04-24,NY63/2,131.034,8.7105,4.4999995,13.265758
105526,2018-04-24,ID30/1,114.57,8.7105,4.4999995,13.265758
105527,2018-04-24,TF81/2A,46.728,8.7105,4.4999995,13.265758
105528,2018-04-24,SY68/34,70.754,8.7105,4.4999995,13.265758
105529,2018-04-25,SE95/6,30.85,7.806334,13.1,13.226295
105530,2018-04-25,SU81/1,62.65,7.806334,13.1,13.226295
105531,2018-04-25,SK00/41,129.16,7.806334,13.1,13.226295
105532,2018-04-25,TQ25/86,97.653,7.806334,13.1,13.226295
105533,2018-04-25,NY63/2,131.045,7.806334,13.1,13.226295
105534,2018-04-25,NH95/17,29.594,7.806334,13.1,13.226295
105535,2018-04-25,ID30/1,114.51,7.806334,13.1,13.226295
105536,2018-04-25,ST07/10,68.693,7.806334,13.1,13.226295
105537,2018-04-25,SU01/5B,97.073,7.806334,13.1,13.226295
105538,2018-04-25,TR14/9,69.397,7.806334,13.1,13.226295
105539,2018-04-25,SU71/23,52.96,7.806334,13.1,13.226295
105540,2018-04-25,TF81/2A,46.731,7.806334,13.1,13.226295
105541,2018-04-25,SU17/57,141.773,7.806334,13.1,13.226295
105542,2018-04-25,SP00/62,102.445,7.806334,13.1,13.226295
105543,2018-04-25,SN00/11,11.724,7.806334,13.1,13.226295
105544,2018-04-25,SY68/34,70.707,7.806334,13.1,13.226295
105545,2018-04-25,SJ15/13,79.87,7.806334,13.1,13.226295
105546,2018-04-25,SE94/5,22.54,7.806334,13.1,13.226295
105547,2018-04-26,ID30/1,114.46,7.3625836,13.099998,17.854641
105548,2018-04-26,TF81/2A,46.743,7.3625836,13.099998,17.854641
105549,2018-04-26,TV59/7C,1.94,7.3625836,13.099998,17.854641
105550,2018-04-26,SN00/11,11.665,7.3625836,13.099998,17.854641
105551,2018-04-26,TR14/9,69.48,7.3625836,13.099998,17.854641
105552,2018-04-26,SE94/5,22.519,7.3625836,13.099998,17.854641
105553,2018-04-26,ST07/10,68.037,7.3625836,13.099998,17.854641
105554,2018-04-26,SU71/23,52.81,7.3625836,13.099998,17.854641
105555,2018-04-26,SK00/41,129.162,7.3625836,13.099998,17.854641
105556,2018-04-26,NY63/2,131.024,7.3625836,13.099998,17.854641
105557,2018-04-26,SU01/5B,97.723,7.3625836,13.099998,17.854641
105558,2018-04-26,SU17/57,141.722,7.3625836,13.099998,17.854641
105559,2018-04-26,TQ25/86,97.696,7.3625836,13.099998,17.854641
105560,2018-04-26,SU81/1,62.36,7.3625836,13.099998,17.854641
105561,2018-04-26,SJ15/13,79.85,7.3625836,13.099998,17.854641
105562,2018-04-26,NH95/17,29.578,7.3625836,13.099998,17.854641
105563,2018-04-26,SP00/62,102.413,7.3625836,13.099998,17.854641
105564,2018-04-26,SE95/6,30.483,7.3625836,13.099998,17.854641
105565,2018-04-26,SY68/34,70.663,7.3625836,13.099998,17.854641
105566,2018-04-27,SN00/11,11.627,6.8521667,0.1,4.026423
105567,2018-04-27,SU81/1,62.13,6.8521667,0.1,4.026423
105568,2018-04-27,SU01/5B,96.402,6.8521667,0.1,4.026423
105569,2018-04-27,SE95/6,30.223,6.8521667,0.1,4.026423
105570,2018-04-27,ST07/10,68.016,6.8521667,0.1,4.026423
105571,2018-04-27,TR14/9,69.55,6.8521667,0.1,4.026423
105572,2018-04-27,SY68/34,70.638,6.8521667,0.1,4.026423
105573,2018-04-27,NY63/2,131.011,6.8521667,0.1,4.026423
105574,2018-04-27,SU71/23,52.66,6.8521667,0.1,4.026423
105575,2018-04-27,SK00/41,129.17,6.8521667,0.1,4.026423
105576,2018-04-27,SU17/57,141.678,6.8521667,0.1,4.026423
105577,2018-04-27,NH95/17,29.558,6.8521667,0.1,4.026423
105578,2018-04-27,SJ15/13,79.86,6.8521667,0.1,4.026423
105579,2018-04-27,TF81/2A,46.765,6.8521667,0.1,4.026423
105580,2018-04-27,TQ25/86,97.718,6.8521667,0.1,4.026423
105581,2018-04-27,ID30/1,114.39,6.8521667,0.1,4.026423
105582,2018-04-27,SP00/62,102.392,6.8521667,0.1,4.026423
105583,2018-04-27,SE94/5,22.507,6.8521667,0.1,4.026423
105584,2018-04-28,ID30/1,114.32,6.685501,0.8,6.494766
105585,2018-04-28,SU01/5B,97.062,6.685501,0.8,6.494766
105586,2018-04-28,SK00/41,129.17,6.685501,0.8,6.494766
105587,2018-04-28,TF81/2A,46.767,6.685501,0.8,6.494766
105588,2018-04-28,ST07/10,68.039,6.685501,0.8,6.494766
105589,2018-04-28,SE95/6,29.958,6.685501,0.8,6.494766
105590,2018-04-28,TR14/9,69.602,6.685501,0.8,6.494766
105591,2018-04-28,SY68/34,70.592,6.685501,0.8,6.494766
105592,2018-04-28,NH95/17,29.541,6.685501,0.8,6.494766
105593,2018-04-28,SE94/5,22.486,6.685501,0.8,6.494766
105594,2018-04-28,SJ15/13,79.84,6.685501,0.8,6.494766
105595,2018-04-28,TQ25/86,97.751,6.685501,0.8,6.494766
105596,2018-04-28,SP00/62,102.359,6.685501,0.8,6.494766
105597,2018-04-28,SU71/23,52.53,6.685501,0.8,6.494766
105598,2018-04-28,SU81/1,61.85,6.685501,0.8,6.494766
105599,2018-04-28,NY63/2,131.003,6.685501,0.8,6.494766
105600,2018-04-28,SN00/11,11.554,6.685501,0.8,6.494766
105601,2018-04-28,SU17/57,141.61,6.685501,0.8,6.494766
105602,2018-04-29,ST07/10,67.833,5.8563333,0.3,9.662297
105603,2018-04-29,SU71/23,52.37,5.8563333,0.3,9.662297
105604,2018-04-29,SK00/41,129.175,5.8563333,0.3,9.662297
105605,2018-04-29,SU17/57,141.548,5.8563333,0.3,9.662297
105606,2018-04-29,NY63/2,130.967,5.8563333,0.3,9.662297
105607,2018-04-29,TR14/9,69.886,5.8563333,0.3,9.662297
105608,2018-04-29,SY68/34,70.545,5.8563333,0.3,9.662297
105609,2018-04-29,SE94/5,22.469,5.8563333,0.3,9.662297
105610,2018-04-29,NH95/17,29.537,5.8563333,0.3,9.662297
105611,2018-04-29,SN00/11,11.49,5.8563333,0.3,9.662297
105612,2018-04-29,SJ15/13,79.83,5.8563333,0.3,9.662297
105613,2018-04-29,TF81/2A,46.79,5.8563333,0.3,9.662297
105614,2018-04-29,SE95/6,29.699,5.8563333,0.3,9.662297
105615,2018-04-29,TQ25/86,97.785,5.8563333,0.3,9.662297
105616,2018-04-29,ID30/1,114.26,5.8563333,0.3,9.662297
105617,2018-04-29,SP00/62,102.327,5.8563333,0.3,9.662297
105618,2018-04-29,SU81/1,61.61,5.8563333,0.3,9.662297
105619,2018-04-29,SU01/5B,95.714,5.8563333,0.3,9.662297
105620,2018-04-30,TA10/63,20.73,6.0250835,0.0,14.320123
105621,2018-04-30,TF81/2A,46.803,6.0250835,0.0,14.320123
105622,2018-04-30,NH95/17,29.546,6.0250835,0.0,14.320123
105623,2018-04-30,TF03/37,19.323,6.0250835,0.0,14.320123
105624,2018-04-30,SU71/23,52.2,6.0250835,0.0,14.320123
105625,2018-04-30,ID30/1,114.23,6.0250835,0.0,14.320123
105626,2018-04-30,ST07/10,67.489,6.0250835,0.0,14.320123
105627,2018-04-30,SP00/62,102.286,6.0250835,0.0,14.320123
105628,2018-04-30,SE95/6,29.447,6.0250835,0.0,14.320123
105629,2018-04-30,SJ15/13,79.83,6.0250835,0.0,14.320123
105630,2018-04-30,SE94/5,22.456,6.0250835,0.0,14.320123
105631,2018-04-30,SU17/57,141.478,6.0250835,0.0,14.320123
105632,2018-04-30,SY68/34,70.501,6.0250835,0.0,14.320123
105633,2018-04-30,TR14/9,70.271,6.0250835,0.0,14.320123
105634,2018-04-30,SK00/41,129.182,6.0250835,0.0,14.320123
105635,2018-04-30,SU01/5B,95.409,6.0250835,0.0,14.320123
105636,2018-04-30,SU81/1,61.31,6.0250835,0.0,14.320123
105637,2018-04-30,SN00/11,11.428,6.0250835,0.0,14.320123
105638,2018-04-30,NY63/2,130.968,6.0250835,0.0,14.320123
105639,2018-04-30,TQ25/86,97.79,6.0250835,0.0,14.320123
105640,2018-05-01,SU71/23,52.02,6.6959167,2.2000003,17.411783
105641,2018-05-01,SK00/41,129.19,6.6959167,2.2000003,17.411783
105642,2018-05-01,ID30/1,114.23,6.6959167,2.2000003,17.411783
105643,2018-05-01,SU01/5B,95.043,6.6959167,2.2000003,17.411783
105644,2018-05-01,ST07/10,67.171,6.6959167,2.2000003,17.411783
105645,2018-05-01,NY63/2,131.058,6.6959167,2.2000003,17.411783
105646,2018-05-01,SP00/62,102.28,6.6959167,2.2000003,17.411783
105647,2018-05-01,SE95/6,29.21,6.6959167,2.2000003,17.411783
105648,2018-05-01,SJ15/13,79.85,6.6959167,2.2000003,17.411783
105649,2018-05-01,TQ25/86,97.849,6.6959167,2.2000003,17.411783
105650,2018-05-01,SU81/1,61.06,6.6959167,2.2000003,17.411783
105651,2018-05-01,SN00/11,11.423,6.6959167,2.2000003,17.411783
105652,2018-05-01,TR14/9,70.611,6.6959167,2.2000003,17.411783
105653,2018-05-01,TL33/4,79.1,6.6959167,2.2000003,17.411783
105654,2018-05-01,SU17/57,141.47,6.6959167,2.2000003,17.411783
105655,2018-05-01,SY68/34,70.451,6.6959167,2.2000003,17.411783
105656,2018-05-01,NH95/17,29.565,6.6959167,2.2000003,17.411783
105657,2018-05-01,SE94/5,22.442,6.6959167,2.2000003,17.411783
105658,2018-05-01,TL33/67,82.2,6.6959167,2.2000003,17.411783
105659,2018-05-01,TF81/2A,46.815,6.6959167,2.2000003,17.411783
105660,2018-05-02,SE95/6,28.938,7.7167506,6.7999997,19.6208
105661,2018-05-02,NY63/2,131.007,7.7167506,6.7999997,19.6208
105662,2018-05-02,SU17/57,141.325,7.7167506,6.7999997,19.6208
105663,2018-05-02,SY68/34,70.437,7.7167506,6.7999997,19.6208
105664,2018-05-02,SJ15/13,79.821,7.7167506,6.7999997,19.6208
105665,2018-05-02,SE94/5,22.418,7.7167506,6.7999997,19.6208
105666,2018-05-02,SU71/23,51.83,7.7167506,6.7999997,19.6208
105667,2018-05-02,SU81/1,60.73,7.7167506,6.7999997,19.6208
105668,2018-05-02,ID30/1,114.29,7.7167506,6.7999997,19.6208
105669,2018-05-02,ST07/10,67.218,7.7167506,6.7999997,19.6208
105670,2018-05-02,SU01/5B,94.722,7.7167506,6.7999997,19.6208
105671,2018-05-02,SP00/62,102.209,7.7167506,6.7999997,19.6208
105672,2018-05-02,NH95/17,29.557,7.7167506,6.7999997,19.6208
105673,2018-05-02,TF81/2A,46.811,7.7167506,6.7999997,19.6208
105674,2018-05-02,TQ25/86,97.86,7.7167506,6.7999997,19.6208
105675,2018-05-02,TR14/9,70.9,7.7167506,6.7999997,19.6208
105676,2018-05-02,SK00/41,129.177,7.7167506,6.7999997,19.6208
105677,2018-05-02,TL44/12,44.16,7.7167506,6.7999997,19.6208
105678,2018-05-02,SN00/11,11.615,7.7167506,6.7999997,19.6208
105679,2018-05-03,SJ15/13,79.785,8.208417,0.5,13.287754
105680,2018-05-03,SK00/41,129.17,8.208417,0.5,13.287754
105681,2018-05-03,SU17/57,141.227,8.208417,0.5,13.287754
105682,2018-05-03,TQ25/86,97.878,8.208417,0.5,13.287754
105683,2018-05-03,ST07/10,67.117,8.208417,0.5,13.287754
105684,2018-05-03,SY68/34,70.387,8.208417,0.5,13.287754
105685,2018-05-03,SU81/1,60.46,8.208417,0.5,13.287754
105686,2018-05-03,SN00/11,11.638,8.208417,0.5,13.287754
105687,2018-05-03,SU01/5B,94.384,8.208417,0.5,13.287754
105688,2018-05-03,ID30/1,114.23,8.208417,0.5,13.287754
105689,2018-05-03,SP00/62,102.165,8.208417,0.5,13.287754
105690,2018-05-03,SE94/5,22.379,8.208417,0.5,13.287754
105691,2018-05-03,NY63/2,130.956,8.208417,0.5,13.287754
105692,2018-05-03,NH95/17,29.531,8.208417,0.5,13.287754
105693,2018-05-03,TR14/9,71.174,8.208417,0.5,13.287754
105694,2018-05-03,TF81/2A,46.81,8.208417,0.5,13.287754
105695,2018-05-03,SU71/23,51.62,8.208417,0.5,13.287754
105696,2018-05-03,SE95/6,28.685,8.208417,0.5,13.287754
105697,2018-05-04,ID30/1,114.18,11.6709175,0.0,10.433997
105698,2018-05-04,ST07/10,66.886,11.6709175,0.0,10.433997
105699,2018-05-04,SU81/1,60.16,11.6709175,0.0,10.433997
105700,2018-05-04,NY63/2,130.933,11.6709175,0.0,10.433997
105701,2018-05-04,SU17/57,141.134,11.6709175,0.0,10.433997
105702,2018-05-04,SE95/6,28.438,11.6709175,0.0,10.433997
105703,2018-05-04,SK00/41,129.161,11.6709175,0.0,10.433997
105704,2018-05-04,SJ15/13,79.765,11.6709175,0.0,10.433997
105705,2018-05-04,TF81/2A,46.813,11.6709175,0.0,10.433997
105706,2018-05-04,NH95/17,29.513,11.6709175,0.0,10.433997
105707,2018-05-04,SE94/5,22.348,11.6709175,0.0,10.433997
105708,2018-05-04,SP00/62,102.123,11.6709175,0.0,10.433997
105709,2018-05-04,SU01/5B,94.062,11.6709175,0.0,10.433997
105710,2018-05-04,TR14/9,71.445,11.6709175,0.0,10.433997
105711,2018-05-04,SY68/34,70.339,11.6709175,0.0,10.433997
105712,2018-05-04,SN00/11,11.64,11.6709175,0.0,10.433997
105713,2018-05-04,TQ25/86,97.892,11.6709175,0.0,10.433997
105714,2018-05-04,SU71/23,51.42,11.6709175,0.0,10.433997
105715,2018-05-05,SE94/5,22.319,12.256332,0.0,11.442306
105716,2018-05-05,SJ15/13,79.762,12.256332,0.0,11.442306
105717,2018-05-05,SU01/5B,93.748,12.256332,0.0,11.442306
105718,2018-05-05,NY63/2,130.933,12.256332,0.0,11.442306
105719,2018-05-05,SP00/62,102.085,12.256332,0.0,11.442306
105720,2018-05-05,SY68/34,70.292,12.256332,0.0,11.442306
105721,2018-05-05,ID30/1,114.12,12.256332,0.0,11.442306
105722,2018-05-05,TQ25/86,97.914,12.256332,0.0,11.442306
105723,2018-05-05,SE95/6,28.198,12.256332,0.0,11.442306
105724,2018-05-05,SK00/41,129.164,12.256332,0.0,11.442306
105725,2018-05-05,SU71/23,51.2,12.256332,0.0,11.442306
105726,2018-05-05,SU81/1,59.82,12.256332,0.0,11.442306
105727,2018-05-05,SU17/57,141.043,12.256332,0.0,11.442306
105728,2018-05-05,ST07/10,66.59,12.256332,0.0,11.442306
105729,2018-05-05,NH95/17,29.502,12.256332,0.0,11.442306
105730,2018-05-05,SN00/11,11.618,12.256332,0.0,11.442306
105731,2018-05-05,TR14/9,71.727,12.256332,0.0,11.442306
105732,2018-05-05,TF81/2A,46.827,12.256332,0.0,11.442306
105733,2018-05-06,ST07/10,66.26,14.9105,0.0,10.222195
105734,2018-05-06,SE95/6,27.96,14.9105,0.0,10.222195
105735,2018-05-06,NY63/2,130.953,14.9105,0.0,10.222195
105736,2018-05-06,SU17/57,140.954,14.9105,0.0,10.222195
105737,2018-05-06,TR14/9,72.012,14.9105,0.0,10.222195
105738,2018-05-06,SK00/41,129.17,14.9105,0.0,10.222195
105739,2018-05-06,TF81/2A,46.844,14.9105,0.0,10.222195
105740,2018-05-06,SU01/5B,93.449,14.9105,0.0,10.222195
105741,2018-05-06,SN00/11,11.584,14.9105,0.0,10.222195
105742,2018-05-06,SU71/23,50.98,14.9105,0.0,10.222195
105743,2018-05-06,SY68/34,70.245,14.9105,0.0,10.222195
105744,2018-05-06,SJ15/13,79.776,14.9105,0.0,10.222195
105745,2018-05-06,NH95/17,29.493,14.9105,0.0,10.222195
105746,2018-05-06,SP00/62,102.045,14.9105,0.0,10.222195
105747,2018-05-06,SE94/5,22.294,14.9105,0.0,10.222195
105748,2018-05-06,TQ25/86,97.937,14.9105,0.0,10.222195
105749,2018-05-06,SU81/1,59.53,14.9105,0.0,10.222195
105750,2018-05-06,ID30/1,114.2,14.9105,0.0,10.222195
105751,2018-05-07,SN00/11,11.541,15.516749,0.0,9.572878
105752,2018-05-07,SY68/34,70.2,15.516749,0.0,9.572878
105753,2018-05-07,SU81/1,59.27,15.516749,0.0,9.572878
105754,2018-05-07,TR14/9,72.283,15.516749,0.0,9.572878
105755,2018-05-07,NH95/17,29.502,15.516749,0.0,9.572878
105756,2018-05-07,ST07/10,65.903,15.516749,0.0,9.572878
105757,2018-05-07,SE94/5,22.272,15.516749,0.0,9.572878
105758,2018-05-07,SU71/23,50.78,15.516749,0.0,9.572878
105759,2018-05-07,TQ25/86,97.952,15.516749,0.0,9.572878
105760,2018-05-07,SP00/62,102.008,15.516749,0.0,9.572878
105761,2018-05-07,TF81/2A,46.874,15.516749,0.0,9.572878
105762,2018-05-07,SJ15/13,79.796,15.516749,0.0,9.572878
105763,2018-05-07,NY63/2,130.978,15.516749,0.0,9.572878
105764,2018-05-07,SU17/57,140.863,15.516749,0.0,9.572878
105765,2018-05-07,SE95/6,27.736,15.516749,0.0,9.572878
105766,2018-05-07,ID30/1,114.18,15.516749,0.0,9.572878
105767,2018-05-07,SK00/41,129.176,15.516749,0.0,9.572878
105768,2018-05-08,SU01/5B,92.88,12.235497,1.1,11.052936
105769,2018-05-08,SJ15/13,79.805,12.235497,1.1,11.052936
105770,2018-05-08,SP00/62,101.969,12.235497,1.1,11.052936
105771,2018-05-08,NY63/2,130.988,12.235497,1.1,11.052936
105772,2018-05-08,SU81/1,58.97,12.235497,1.1,11.052936
105773,2018-05-08,SU17/57,140.765,12.235497,1.1,11.052936
105774,2018-05-08,SE95/6,27.513,12.235497,1.1,11.052936
105775,2018-05-08,SY68/34,70.156,12.235497,1.1,11.052936
105776,2018-05-08,TQ25/86,97.963,12.235497,1.1,11.052936
105777,2018-05-08,SK00/41,129.189,12.235497,1.1,11.052936
105778,2018-05-08,TR14/9,72.516,12.235497,1.1,11.052936
105779,2018-05-08,SU71/23,50.57,12.235497,1.1,11.052936
105780,2018-05-08,ID30/1,114.16,12.235497,1.1,11.052936
105781,2018-05-08,SN00/11,11.489,12.235497,1.1,11.052936
105782,2018-05-08,TF81/2A,46.883,12.235497,1.1,11.052936
105783,2018-05-08,ST07/10,65.504,12.235497,1.1,11.052936
105784,2018-05-08,SE94/5,22.246,12.235497,1.1,11.052936
105785,2018-05-08,NH95/17,29.507,12.235497,1.1,11.052936
105786,2018-05-09,SU17/57,140.661,9.875083,6.0,14.576236
105787,2018-05-09,SU71/23,50.37,9.875083,6.0,14.576236
105788,2018-05-09,SP00/62,101.924,9.875083,6.0,14.576236
105789,2018-05-09,TF81/2A,46.873,9.875083,6.0,14.576236
105790,2018-05-09,SJ15/13,79.804,9.875083,6.0,14.576236
105791,2018-05-09,SE94/5,22.211,9.875083,6.0,14.576236
105792,2018-05-09,SU01/5B,92.062,9.875083,6.0,14.576236
105793,2018-05-09,SY68/34,70.11,9.875083,6.0,14.576236
105794,2018-05-09,SK00/41,129.196,9.875083,6.0,14.576236
105795,2018-05-09,ID30/1,114.19,9.875083,6.0,14.576236
105796,2018-05-09,ST07/10,65.08,9.875083,6.0,14.576236
105797,2018-05-09,SE95/6,27.287,9.875083,6.0,14.576236
105798,2018-05-09,NH95/17,29.512,9.875083,6.0,14.576236
105799,2018-05-09,NY63/2,130.985,9.875083,6.0,14.576236
105800,2018-05-09,SU81/1,58.74,9.875083,6.0,14.576236
105801,2018-05-09,TQ25/86,97.954,9.875083,6.0,14.576236
105802,2018-05-09,TR14/9,72.713,9.875083,6.0,14.576236
105803,2018-05-09,SN00/11,11.43,9.875083,6.0,14.576236
105804,2018-05-10,SK00/41,129.2,8.779249,0.5,12.640866
105805,2018-05-10,NH95/17,29.484,8.779249,0.5,12.640866
105806,2018-05-10,SU01/5B,92.315,8.779249,0.5,12.640866
105807,2018-05-10,SP00/62,101.888,8.779249,0.5,12.640866
105808,2018-05-10,TF81/2A,46.884,8.779249,0.5,12.640866
105809,2018-05-10,SE94/5,22.164,8.779249,0.5,12.640866
105810,2018-05-10,TR14/9,72.892,8.779249,0.5,12.640866
105811,2018-05-10,ID30/1,114.18,8.779249,0.5,12.640866
105812,2018-05-10,SN00/11,11.357,8.779249,0.5,12.640866
105813,2018-05-10,SU71/23,50.17,8.779249,0.5,12.640866
105814,2018-05-10,ST07/10,64.647,8.779249,0.5,12.640866
105815,2018-05-10,TQ25/86,97.968,8.779249,0.5,12.640866
105816,2018-05-10,SY68/34,70.063,8.779249,0.5,12.640866
105817,2018-05-10,SE95/6,27.049,8.779249,0.5,12.640866
105818,2018-05-10,SU17/57,140.545,8.779249,0.5,12.640866
105819,2018-05-10,SU81/1,58.51,8.779249,0.5,12.640866
105820,2018-05-10,SJ15/13,79.77,8.779249,0.5,12.640866
105821,2018-05-10,NY63/2,130.932,8.779249,0.5,12.640866
105822,2018-05-11,TQ25/86,97.97,10.6355,4.7,19.440453
105823,2018-05-11,ST07/10,64.26,10.6355,4.7,19.440453
105824,2018-05-11,SP00/62,101.862,10.6355,4.7,19.440453
105825,2018-05-11,SU81/1,58.24,10.6355,4.7,19.440453
105826,2018-05-11,TF81/2A,46.89,10.6355,4.7,19.440453
105827,2018-05-11,ID30/1,114.18,10.6355,4.7,19.440453
105828,2018-05-11,SK00/41,129.205,10.6355,4.7,19.440453
105829,2018-05-11,NY63/2,130.946,10.6355,4.7,19.440453
105830,2018-05-11,SN00/11,11.305,10.6355,4.7,19.440453
105831,2018-05-11,SY68/34,70.02,10.6355,4.7,19.440453
105832,2018-05-11,SU71/23,49.95,10.6355,4.7,19.440453
105833,2018-05-11,SU17/57,140.442,10.6355,4.7,19.440453
105834,2018-05-11,SE95/6,26.848,10.6355,4.7,19.440453
105835,2018-05-11,NH95/17,29.47,10.6355,4.7,19.440453
105836,2018-05-11,SE94/5,22.129,10.6355,4.7,19.440453
105837,2018-05-11,SJ15/13,79.781,10.6355,4.7,19.440453
105838,2018-05-11,TR14/9,73.072,10.6355,4.7,19.440453
105839,2018-05-11,SU01/5B,92.036,10.6355,4.7,19.440453
105840,2018-05-12,SE94/5,22.089,10.716751,4.2000003,5.1796713
105841,2018-05-12,SN00/11,11.233,10.716751,4.2000003,5.1796713
105842,2018-05-12,TR14/9,73.239,10.716751,4.2000003,5.1796713
105843,2018-05-12,SU71/23,49.75,10.716751,4.2000003,5.1796713
105844,2018-05-12,TF81/2A,46.882,10.716751,4.2000003,5.1796713
105845,2018-05-12,SU01/5B,91.763,10.716751,4.2000003,5.1796713
105846,2018-05-12,ST07/10,63.87,10.716751,4.2000003,5.1796713
105847,2018-05-12,SP00/62,101.825,10.716751,4.2000003,5.1796713
105848,2018-05-12,ID30/1,114.22,10.716751,4.2000003,5.1796713
105849,2018-05-12,SK00/41,129.21,10.716751,4.2000003,5.1796713
105850,2018-05-12,SU81/1,58.04,10.716751,4.2000003,5.1796713
105851,2018-05-12,SY68/34,69.974,10.716751,4.2000003,5.1796713
105852,2018-05-12,SE95/6,26.64,10.716751,4.2000003,5.1796713
105853,2018-05-12,NY63/2,130.937,10.716751,4.2000003,5.1796713
105854,2018-05-12,NH95/17,29.447,10.716751,4.2000003,5.1796713
105855,2018-05-12,SJ15/13,79.769,10.716751,4.2000003,5.1796713
105856,2018-05-12,SU17/57,140.331,10.716751,4.2000003,5.1796713
105857,2018-05-12,TQ25/86,97.965,10.716751,4.2000003,5.1796713
105858,2018-05-13,SN00/11,11.154,10.898002,5.7000003,7.5494356
105859,2018-05-13,NY63/2,130.91,10.898002,5.7000003,7.5494356
105860,2018-05-13,SE95/6,26.429,10.898002,5.7000003,7.5494356
105861,2018-05-13,ID30/1,114.13,10.898002,5.7000003,7.5494356
105862,2018-05-13,SE94/5,22.046,10.898002,5.7000003,7.5494356
105863,2018-05-13,TR14/9,73.378,10.898002,5.7000003,7.5494356
105864,2018-05-13,SJ15/13,79.745,10.898002,5.7000003,7.5494356
105865,2018-05-13,SY68/34,69.927,10.898002,5.7000003,7.5494356
105866,2018-05-13,ST07/10,63.485,10.898002,5.7000003,7.5494356
105867,2018-05-13,SP00/62,101.785,10.898002,5.7000003,7.5494356
105868,2018-05-13,TQ25/86,97.96,10.898002,5.7000003,7.5494356
105869,2018-05-13,SU71/23,49.56,10.898002,5.7000003,7.5494356
105870,2018-05-13,NH95/17,29.463,10.898002,5.7000003,7.5494356
105871,2018-05-13,SU17/57,140.215,10.898002,5.7000003,7.5494356
105872,2018-05-13,SU01/5B,91.491,10.898002,5.7000003,7.5494356
105873,2018-05-13,TF81/2A,46.878,10.898002,5.7000003,7.5494356
105874,2018-05-13,SK00/41,129.21,10.898002,5.7000003,7.5494356
105875,2018-05-13,SU81/1,57.8,10.898002,5.7000003,7.5494356
105876,2018-05-14,SU71/23,49.36,10.814667,0.0,5.489724
105877,2018-05-14,SU17/57,140.095,10.814667,0.0,5.489724
105878,2018-05-14,ST07/10,63.139,10.814667,0.0,5.489724
105879,2018-05-14,TF81/2A,46.877,10.814667,0.0,5.489724
105880,2018-05-14,TR14/9,73.508,10.814667,0.0,5.489724
105881,2018-05-14,NH95/17,29.467,10.814667,0.0,5.489724
105882,2018-05-14,SE94/5,21.998,10.814667,0.0,5.489724
105883,2018-05-14,ID30/1,114.05,10.814667,0.0,5.489724
105884,2018-05-14,SJ15/13,79.727,10.814667,0.0,5.489724
105885,2018-05-14,SY68/34,69.877,10.814667,0.0,5.489724
105886,2018-05-14,SE95/6,26.236,10.814667,0.0,5.489724
105887,2018-05-14,TQ25/86,97.956,10.814667,0.0,5.489724
105888,2018-05-14,SU81/1,57.59,10.814667,0.0,5.489724
105889,2018-05-14,NY63/2,130.885,10.814667,0.0,5.489724
105890,2018-05-14,SU01/5B,91.214,10.814667,0.0,5.489724
105891,2018-05-14,SK00/41,129.212,10.814667,0.0,5.489724
105892,2018-05-14,SN00/11,11.078,10.814667,0.0,5.489724
105893,2018-05-14,SP00/62,101.745,10.814667,0.0,5.489724
105894,2018-05-15,TR14/9,73.615,12.533417,1.3000001,8.328875
105895,2018-05-15,SU81/1,57.34,12.533417,1.3000001,8.328875
105896,2018-05-15,TQ25/86,97.942,12.533417,1.3000001,8.328875
105897,2018-05-15,ST07/10,62.818,12.533417,1.3000001,8.328875
105898,2018-05-15,SP00/62,101.705,12.533417,1.3000001,8.328875
105899,2018-05-15,SE95/6,26.045,12.533417,1.3000001,8.328875
105900,2018-05-15,ID30/1,114.02,12.533417,1.3000001,8.328875
105901,2018-05-15,SU71/23,49.16,12.533417,1.3000001,8.328875
105902,2018-05-15,SU01/5B,90.943,12.533417,1.3000001,8.328875
105903,2018-05-15,SY68/34,69.83,12.533417,1.3000001,8.328875
105904,2018-05-15,SK00/41,129.22,12.533417,1.3000001,8.328875
105905,2018-05-15,SJ15/13,79.721,12.533417,1.3000001,8.328875
105906,2018-05-15,SU17/57,139.977,12.533417,1.3000001,8.328875
105907,2018-05-15,SE94/5,21.956,12.533417,1.3000001,8.328875
105908,2018-05-15,NY63/2,130.878,12.533417,1.3000001,8.328875
105909,2018-05-15,TF81/2A,46.866,12.533417,1.3000001,8.328875
105910,2018-05-15,SN00/11,11.008,12.533417,1.3000001,8.328875
105911,2018-05-15,NH95/17,29.432,12.533417,1.3000001,8.328875
105912,2018-05-16,NH95/17,29.416,10.000084,1.9999999,11.689488
105913,2018-05-16,ST07/10,62.522,10.000084,1.9999999,11.689488
105914,2018-05-16,SU71/23,48.97,10.000084,1.9999999,11.689488
105915,2018-05-16,SU17/57,139.855,10.000084,1.9999999,11.689488
105916,2018-05-16,TL33/4,80.365,10.000084,1.9999999,11.689488
105917,2018-05-16,ID30/1,114.0,10.000084,1.9999999,11.689488
105918,2018-05-16,TR14/9,73.713,10.000084,1.9999999,11.689488
105919,2018-05-16,SJ15/13,79.71,10.000084,1.9999999,11.689488
105920,2018-05-16,SP00/62,101.663,10.000084,1.9999999,11.689488
105921,2018-05-16,SY68/34,69.781,10.000084,1.9999999,11.689488
105922,2018-05-16,SU81/1,57.12,10.000084,1.9999999,11.689488
105923,2018-05-16,SN00/11,10.934,10.000084,1.9999999,11.689488
105924,2018-05-16,NY63/2,130.856,10.000084,1.9999999,11.689488
105925,2018-05-16,SE94/5,21.902,10.000084,1.9999999,11.689488
105926,2018-05-16,SK00/41,129.22,10.000084,1.9999999,11.689488
105927,2018-05-16,SE95/6,25.828,10.000084,1.9999999,11.689488
105928,2018-05-16,TF81/2A,46.867,10.000084,1.9999999,11.689488
105929,2018-05-16,TL33/67,82.65,10.000084,1.9999999,11.689488
105930,2018-05-16,SU01/5B,90.676,10.000084,1.9999999,11.689488
105931,2018-05-16,TQ25/86,97.936,10.000084,1.9999999,11.689488
105932,2018-05-17,NO20/14,38.07,9.858417,0.0,6.966778
105933,2018-05-17,ST07/10,62.238,9.858417,0.0,6.966778
105934,2018-05-17,SN00/11,10.863,9.858417,0.0,6.966778
105935,2018-05-17,SE94/5,21.857,9.858417,0.0,6.966778
105936,2018-05-17,SU01/5B,90.411,9.858417,0.0,6.966778
105937,2018-05-17,NY63/2,130.869,9.858417,0.0,6.966778
105938,2018-05-17,TF81/2A,46.871,9.858417,0.0,6.966778
105939,2018-05-17,SU71/23,48.77,9.858417,0.0,6.966778
105940,2018-05-17,SJ15/13,79.718,9.858417,0.0,6.966778
105941,2018-05-17,TQ25/86,97.933,9.858417,0.0,6.966778
105942,2018-05-17,SP00/62,101.625,9.858417,0.0,6.966778
105943,2018-05-17,SE95/6,25.651,9.858417,0.0,6.966778
105944,2018-05-17,SY68/34,69.731,9.858417,0.0,6.966778
105945,2018-05-17,TR14/9,73.804,9.858417,0.0,6.966778
105946,2018-05-17,SU81/1,56.88,9.858417,0.0,6.966778
105947,2018-05-17,ID30/1,113.97,9.858417,0.0,6.966778
105948,2018-05-17,NH95/17,29.423,9.858417,0.0,6.966778
105949,2018-05-17,SK00/41,129.22,9.858417,0.0,6.966778
105950,2018-05-17,SU17/57,139.735,9.858417,0.0,6.966778
105951,2018-05-18,SP00/62,101.59,10.750083,0.0,6.518058
105952,2018-05-18,SK00/41,129.228,10.750083,0.0,6.518058
105953,2018-05-18,TF81/2A,46.871,10.750083,0.0,6.518058
105954,2018-05-18,ST07/10,61.936,10.750083,0.0,6.518058
105955,2018-05-18,SE94/5,21.812,10.750083,0.0,6.518058
105956,2018-05-18,SJ15/13,79.724,10.750083,0.0,6.518058
105957,2018-05-18,SN00/11,10.794,10.750083,0.0,6.518058
105958,2018-05-18,ID30/1,113.93,10.750083,0.0,6.518058
105959,2018-05-18,SU71/23,48.58,10.750083,0.0,6.518058
105960,2018-05-18,SE95/6,25.481,10.750083,0.0,6.518058
105961,2018-05-18,SU17/57,139.619,10.750083,0.0,6.518058
105962,2018-05-18,NY63/2,130.878,10.750083,0.0,6.518058
105963,2018-05-18,SU01/5B,90.153,10.750083,0.0,6.518058
105964,2018-05-18,NH95/17,29.426,10.750083,0.0,6.518058
105965,2018-05-18,TR14/9,73.895,10.750083,0.0,6.518058
105966,2018-05-18,SU81/1,56.63,10.750083,0.0,6.518058
105967,2018-05-18,NO20/14,38.087,10.750083,0.0,6.518058
105968,2018-05-18,TQ25/86,97.925,10.750083,0.0,6.518058
105969,2018-05-18,TM15/112,25.49,10.750083,0.0,6.518058
105970,2018-05-18,SY68/34,69.683,10.750083,0.0,6.518058
105971,2018-05-19,TR14/9,73.982,13.081332,0.0,10.077656
105972,2018-05-19,SE95/6,25.32,13.081332,0.0,10.077656
105973,2018-05-19,SU71/23,48.38,13.081332,0.0,10.077656
105974,2018-05-19,ID30/1,113.91,13.081332,0.0,10.077656
105975,2018-05-19,TF81/2A,46.874,13.081332,0.0,10.077656
105976,2018-05-19,SP00/62,101.551,13.081332,0.0,10.077656
105977,2018-05-19,SU81/1,56.47,13.081332,0.0,10.077656
105978,2018-05-19,SN00/11,10.724,13.081332,0.0,10.077656
105979,2018-05-19,SK00/41,129.233,13.081332,0.0,10.077656
105980,2018-05-19,SJ15/13,79.728,13.081332,0.0,10.077656
105981,2018-05-19,SY68/34,69.633,13.081332,0.0,10.077656
105982,2018-05-19,TQ25/86,97.922,13.081332,0.0,10.077656
105983,2018-05-19,NY63/2,130.881,13.081332,0.0,10.077656
105984,2018-05-19,SU17/57,139.5,13.081332,0.0,10.077656
105985,2018-05-19,NO20/14,38.1,13.081332,0.0,10.077656
105986,2018-05-19,SU01/5B,89.899,13.081332,0.0,10.077656
105987,2018-05-19,SE94/5,21.764,13.081332,0.0,10.077656
105988,2018-05-19,NH95/17,29.421,13.081332,0.0,10.077656
105989,2018-05-19,ST07/10,61.633,13.081332,0.0,10.077656
105990,2018-05-20,TR14/9,74.072,13.739666,0.0,10.941009
105991,2018-05-20,SE94/5,21.714,13.739666,0.0,10.941009
105992,2018-05-20,SJ15/13,79.733,13.739666,0.0,10.941009
105993,2018-05-20,ST07/10,61.356,13.739666,0.0,10.941009
105994,2018-05-20,SU81/1,56.23,13.739666,0.0,10.941009
105995,2018-05-20,SP00/62,101.516,13.739666,0.0,10.941009
105996,2018-05-20,SN00/11,10.657,13.739666,0.0,10.941009
105997,2018-05-20,TQ25/86,97.918,13.739666,0.0,10.941009
105998,2018-05-20,ID30/1,113.88,13.739666,0.0,10.941009
105999,2018-05-20,NY63/2,130.882,13.739666,0.0,10.941009
106000,2018-05-20,SU71/23,48.18,13.739666,0.0,10.941009
106001,2018-05-20,SU01/5B,89.646,13.739666,0.0,10.941009
106002,2018-05-20,SU17/57,139.377,13.739666,0.0,10.941009
106003,2018-05-20,TF81/2A,46.88,13.739666,0.0,10.941009
106004,2018-05-20,SE95/6,25.159,13.739666,0.0,10.941009
106005,2018-05-20,NO20/14,38.11,13.739666,0.0,10.941009
106006,2018-05-20,NH95/17,29.394,13.739666,0.0,10.941009
106007,2018-05-20,SY68/34,69.584,13.739666,0.0,10.941009
106008,2018-05-20,SK00/41,129.242,13.739666,0.0,10.941009
106009,2018-05-21,SP00/62,101.48,14.895917,0.0,9.677445
106010,2018-05-21,SY68/34,69.535,14.895917,0.0,9.677445
106011,2018-05-21,NH95/17,29.411,14.895917,0.0,9.677445
106012,2018-05-21,SU17/57,139.255,14.895917,0.0,9.677445
106013,2018-05-21,NO20/14,38.104,14.895917,0.0,9.677445
106014,2018-05-21,SU01/5B,89.403,14.895917,0.0,9.677445
106015,2018-05-21,ST07/10,61.083,14.895917,0.0,9.677445
106016,2018-05-21,NY63/2,130.873,14.895917,0.0,9.677445
106017,2018-05-21,TQ25/86,97.902,14.895917,0.0,9.677445
106018,2018-05-21,SE94/5,21.641,14.895917,0.0,9.677445
106019,2018-05-21,SJ15/13,79.728,14.895917,0.0,9.677445
106020,2018-05-21,SN00/11,10.589,14.895917,0.0,9.677445
106021,2018-05-21,ID30/1,113.87,14.895917,0.0,9.677445
106022,2018-05-21,TR14/9,74.152,14.895917,0.0,9.677445
106023,2018-05-21,SU71/23,48.0,14.895917,0.0,9.677445
106024,2018-05-21,SE95/6,25.006,14.895917,0.0,9.677445
106025,2018-05-21,TF81/2A,46.863,14.895917,0.0,9.677445
106026,2018-05-21,SK00/41,129.25,14.895917,0.0,9.677445
106027,2018-05-21,SU81/1,56.01,14.895917,0.0,9.677445
106028,2018-05-22,SN00/11,10.51,12.366752,0.1,13.024175
106029,2018-05-22,SE94/5,21.602,12.366752,0.1,13.024175
106030,2018-05-22,ID30/1,113.84,12.366752,0.1,13.024175
106031,2018-05-22,NH95/17,29.417,12.366752,0.1,13.024175
106032,2018-05-22,SU71/23,47.82,12.366752,0.1,13.024175
106033,2018-05-22,TQ25/86,97.885,12.366752,0.1,13.024175
106034,2018-05-22,SP00/62,101.445,12.366752,0.1,13.024175
106035,2018-05-22,TR14/9,74.197,12.366752,0.1,13.024175
106036,2018-05-22,SU17/57,139.128,12.366752,0.1,13.024175
106037,2018-05-22,SY68/34,69.484,12.366752,0.1,13.024175
106038,2018-05-22,SE95/6,24.841,12.366752,0.1,13.024175
106039,2018-05-22,TF81/2A,46.852,12.366752,0.1,13.024175
106040,2018-05-22,SU01/5B,89.158,12.366752,0.1,13.024175
106041,2018-05-22,SU81/1,55.86,12.366752,0.1,13.024175
106042,2018-05-22,ST07/10,60.808,12.366752,0.1,13.024175
106043,2018-05-22,NO20/14,38.073,12.366752,0.1,13.024175
106044,2018-05-22,NY63/2,130.841,12.366752,0.1,13.024175
106045,2018-05-22,SK00/41,129.251,12.366752,0.1,13.024175
106046,2018-05-22,SJ15/13,79.71,12.366752,0.1,13.024175
106047,2018-05-23,SY68/34,69.431,12.439667,0.0,6.6398945
106048,2018-05-23,TQ25/86,97.879,12.439667,0.0,6.6398945
106049,2018-05-23,NO20/14,38.061,12.439667,0.0,6.6398945
106050,2018-05-23,SK00/41,129.26,12.439667,0.0,6.6398945
106051,2018-05-23,ID30/1,113.82,12.439667,0.0,6.6398945
106052,2018-05-23,SU81/1,55.67,12.439667,0.0,6.6398945
106053,2018-05-23,SU71/23,47.62,12.439667,0.0,6.6398945
106054,2018-05-23,SE95/6,24.687,12.439667,0.0,6.6398945
106055,2018-05-23,ST07/10,60.572,12.439667,0.0,6.6398945
106056,2018-05-23,SN00/11,10.433,12.439667,0.0,6.6398945
106057,2018-05-23,TF81/2A,46.854,12.439667,0.0,6.6398945
106058,2018-05-23,SE94/5,21.545,12.439667,0.0,6.6398945
106059,2018-05-23,SU17/57,139.0,12.439667,0.0,6.6398945
106060,2018-05-23,TR14/9,74.242,12.439667,0.0,6.6398945
106061,2018-05-23,NY63/2,130.83,12.439667,0.0,6.6398945
106062,2018-05-23,SJ15/13,79.699,12.439667,0.0,6.6398945
106063,2018-05-23,SP00/62,101.412,12.439667,0.0,6.6398945
106064,2018-05-23,NH95/17,29.412,12.439667,0.0,6.6398945
106065,2018-05-23,SU01/5B,88.909,12.439667,0.0,6.6398945
106066,2018-05-24,ID30/1,113.8,14.34175,0.0,7.6218514
106067,2018-05-24,TF81/2A,46.844,14.34175,0.0,7.6218514
106068,2018-05-24,SP00/62,101.383,14.34175,0.0,7.6218514
106069,2018-05-24,ST07/10,60.356,14.34175,0.0,7.6218514
106070,2018-05-24,SK00/41,129.265,14.34175,0.0,7.6218514
106071,2018-05-24,SU81/1,55.46,14.34175,0.0,7.6218514
106072,2018-05-24,SU17/57,138.882,14.34175,0.0,7.6218514
106073,2018-05-24,SY68/34,69.378,14.34175,0.0,7.6218514
106074,2018-05-24,TR14/9,74.298,14.34175,0.0,7.6218514
106075,2018-05-24,SU71/23,47.43,14.34175,0.0,7.6218514
106076,2018-05-24,SE94/5,21.493,14.34175,0.0,7.6218514
106077,2018-05-24,SU01/5B,88.667,14.34175,0.0,7.6218514
106078,2018-05-24,TQ25/86,97.866,14.34175,0.0,7.6218514
106079,2018-05-24,NH95/17,29.409,14.34175,0.0,7.6218514
106080,2018-05-24,NO20/14,38.072,14.34175,0.0,7.6218514
106081,2018-05-24,SE95/6,24.551,14.34175,0.0,7.6218514
106082,2018-05-24,SN00/11,10.362,14.34175,0.0,7.6218514
106083,2018-05-24,NY63/2,130.844,14.34175,0.0,7.6218514
106084,2018-05-24,SJ15/13,79.708,14.34175,0.0,7.6218514
106085,2018-05-25,SJ15/13,79.708,13.4834175,3.6000004,14.266509
106086,2018-05-25,SP00/62,101.355,13.4834175,3.6000004,14.266509
106087,2018-05-25,SU01/5B,88.43,13.4834175,3.6000004,14.266509
106088,2018-05-25,SN00/11,10.284,13.4834175,3.6000004,14.266509
106089,2018-05-25,NH95/17,29.397,13.4834175,3.6000004,14.266509
106090,2018-05-25,SY68/34,69.324,13.4834175,3.6000004,14.266509
106091,2018-05-25,ST07/10,60.232,13.4834175,3.6000004,14.266509
106092,2018-05-25,TR14/9,74.33,13.4834175,3.6000004,14.266509
106093,2018-05-25,TF81/2A,46.837,13.4834175,3.6000004,14.266509
106094,2018-05-25,SE95/6,24.408,13.4834175,3.6000004,14.266509
106095,2018-05-25,SK00/41,129.271,13.4834175,3.6000004,14.266509
106096,2018-05-25,SU17/57,138.764,13.4834175,3.6000004,14.266509
106097,2018-05-25,TQ25/86,97.86,13.4834175,3.6000004,14.266509
106098,2018-05-25,ID30/1,113.77,13.4834175,3.6000004,14.266509
106099,2018-05-25,SE94/5,21.437,13.4834175,3.6000004,14.266509
106100,2018-05-25,SU71/23,47.24,13.4834175,3.6000004,14.266509
106101,2018-05-25,SU81/1,55.22,13.4834175,3.6000004,14.266509
106102,2018-05-25,NY63/2,130.834,13.4834175,3.6000004,14.266509
106103,2018-05-26,NH95/17,29.391,15.377167,0.0,15.809846
106104,2018-05-26,ST07/10,60.077,15.377167,0.0,15.809846
106105,2018-05-26,SN00/11,10.215,15.377167,0.0,15.809846
106106,2018-05-26,ID30/1,113.74,15.377167,0.0,15.809846
106107,2018-05-26,SU17/57,138.64,15.377167,0.0,15.809846
106108,2018-05-26,SE95/6,24.281,15.377167,0.0,15.809846
106109,2018-05-26,SU71/23,47.05,15.377167,0.0,15.809846
106110,2018-05-26,TF81/2A,46.833,15.377167,0.0,15.809846
106111,2018-05-26,SP00/62,101.331,15.377167,0.0,15.809846
106112,2018-05-26,SJ15/13,79.705,15.377167,0.0,15.809846
106113,2018-05-26,SK00/41,129.28,15.377167,0.0,15.809846
106114,2018-05-26,SU01/5B,88.193,15.377167,0.0,15.809846
106115,2018-05-26,SY68/34,69.27,15.377167,0.0,15.809846
106116,2018-05-26,SU81/1,55.0,15.377167,0.0,15.809846
106117,2018-05-26,TQ25/86,97.834,15.377167,0.0,15.809846
106118,2018-05-26,TR14/9,74.368,15.377167,0.0,15.809846
106119,2018-05-26,SE94/5,21.376,15.377167,0.0,15.809846
106120,2018-05-26,NY63/2,130.826,15.377167,0.0,15.809846
106121,2018-05-27,NY63/2,130.836,17.231333,0.0,13.930235
106122,2018-05-27,SK00/41,129.289,17.231333,0.0,13.930235
106123,2018-05-27,TR14/9,74.396,17.231333,0.0,13.930235
106124,2018-05-27,SU17/57,138.515,17.231333,0.0,13.930235
106125,2018-05-27,ID30/1,113.72,17.231333,0.0,13.930235
106126,2018-05-27,SY68/34,69.214,17.231333,0.0,13.930235
106127,2018-05-27,SE94/5,21.319,17.231333,0.0,13.930235
106128,2018-05-27,TF81/2A,46.82,17.231333,0.0,13.930235
106129,2018-05-27,SN00/11,10.145,17.231333,0.0,13.930235
106130,2018-05-27,SU81/1,54.81,17.231333,0.0,13.930235
106131,2018-05-27,NH95/17,29.391,17.231333,0.0,13.930235
106132,2018-05-27,ST07/10,59.895,17.231333,0.0,13.930235
106133,2018-05-27,SJ15/13,79.714,17.231333,0.0,13.930235
106134,2018-05-27,SP00/62,101.303,17.231333,0.0,13.930235
106135,2018-05-27,SU01/5B,87.958,17.231333,0.0,13.930235
106136,2018-05-27,SU71/23,46.87,17.231333,0.0,13.930235
106137,2018-05-27,SE95/6,24.152,17.231333,0.0,13.930235
106138,2018-05-28,TF81/2A,46.821,17.373003,0.0,7.7080464
106139,2018-05-28,SY68/34,69.156,17.373003,0.0,7.7080464
106140,2018-05-28,NH95/17,29.381,17.373003,0.0,7.7080464
106141,2018-05-28,SU17/57,138.39,17.373003,0.0,7.7080464
106142,2018-05-28,SU01/5B,87.717,17.373003,0.0,7.7080464
106143,2018-05-28,SN00/11,10.061,17.373003,0.0,7.7080464
106144,2018-05-28,SE95/6,24.019,17.373003,0.0,7.7080464
106145,2018-05-28,TL33/67,82.74,17.373003,0.0,7.7080464
106146,2018-05-28,TR14/9,74.39,17.373003,0.0,7.7080464
106147,2018-05-28,TQ25/86,97.83,17.373003,0.0,7.7080464
106148,2018-05-28,SK00/41,129.292,17.373003,0.0,7.7080464
106149,2018-05-28,SU81/1,54.58,17.373003,0.0,7.7080464
106150,2018-05-28,SE94/5,21.258,17.373003,0.0,7.7080464
106151,2018-05-28,SP00/62,101.275,17.373003,0.0,7.7080464
106152,2018-05-28,NY63/2,130.815,17.373003,0.0,7.7080464
106153,2018-05-28,ST07/10,59.706,17.373003,0.0,7.7080464
106154,2018-05-28,SJ15/13,79.697,17.373003,0.0,7.7080464
106155,2018-05-28,ID30/1,113.71,17.373003,0.0,7.7080464
106156,2018-05-28,SU71/23,46.68,17.373003,0.0,7.7080464
106157,2018-05-29,SN00/11,9.987,15.572999,0.0,11.17494
106158,2018-05-29,TF81/2A,46.809,15.572999,0.0,11.17494
106159,2018-05-29,SU17/57,138.27,15.572999,0.0,11.17494
106160,2018-05-29,TR14/9,74.39,15.572999,0.0,11.17494
106161,2018-05-29,TQ25/86,97.825,15.572999,0.0,11.17494
106162,2018-05-29,SU71/23,46.48,15.572999,0.0,11.17494
106163,2018-05-29,SY68/34,69.1,15.572999,0.0,11.17494
106164,2018-05-29,ID30/1,113.69,15.572999,0.0,11.17494
106165,2018-05-29,SU81/1,54.38,15.572999,0.0,11.17494
106166,2018-05-29,SE94/5,21.202,15.572999,0.0,11.17494
106167,2018-05-29,SJ15/13,79.702,15.572999,0.0,11.17494
106168,2018-05-29,SE95/6,23.896,15.572999,0.0,11.17494
106169,2018-05-29,NH95/17,29.373,15.572999,0.0,11.17494
106170,2018-05-29,ST07/10,59.542,15.572999,0.0,11.17494
106171,2018-05-29,SK00/41,129.302,15.572999,0.0,11.17494
106172,2018-05-29,SP00/62,101.252,15.572999,0.0,11.17494
106173,2018-05-29,SU01/5B,87.484,15.572999,0.0,11.17494
106174,2018-05-29,NY63/2,130.824,15.572999,0.0,11.17494
106175,2018-05-30,ST07/10,59.391,15.012584,2.0000002,9.639648
106176,2018-05-30,TQ25/86,97.818,15.012584,2.0000002,9.639648
106177,2018-05-30,SU81/1,54.18,15.012584,2.0000002,9.639648
106178,2018-05-30,SP00/62,101.25,15.012584,2.0000002,9.639648
106179,2018-05-30,SU71/23,46.3,15.012584,2.0000002,9.639648
106180,2018-05-30,ID30/1,113.67,15.012584,2.0000002,9.639648
106181,2018-05-30,SE95/6,23.78,15.012584,2.0000002,9.639648
106182,2018-05-30,SN00/11,9.909,15.012584,2.0000002,9.639648
106183,2018-05-30,SE94/5,21.145,15.012584,2.0000002,9.639648
106184,2018-05-30,TR14/9,74.39,15.012584,2.0000002,9.639648
106185,2018-05-30,NY63/2,130.836,15.012584,2.0000002,9.639648
106186,2018-05-30,TF81/2A,46.792,15.012584,2.0000002,9.639648
106187,2018-05-30,TA10/63,19.64,15.012584,2.0000002,9.639648
106188,2018-05-30,SJ15/13,79.709,15.012584,2.0000002,9.639648
106189,2018-05-30,SU17/57,138.152,15.012584,2.0000002,9.639648
106190,2018-05-30,NH95/17,29.377,15.012584,2.0000002,9.639648
106191,2018-05-30,SK00/41,129.31,15.012584,2.0000002,9.639648
106192,2018-05-30,SU01/5B,87.257,15.012584,2.0000002,9.639648
106193,2018-05-30,SY68/34,69.044,15.012584,2.0000002,9.639648
106194,2018-05-31,TL33/67,82.79,17.754248,0.6,9.547405
106195,2018-05-31,SK00/41,129.316,17.754248,0.6,9.547405
106196,2018-05-31,SU81/1,53.99,17.754248,0.6,9.547405
106197,2018-05-31,SP00/62,101.302,17.754248,0.6,9.547405
106198,2018-05-31,ST07/10,59.254,17.754248,0.6,9.547405
106199,2018-05-31,ID30/1,113.66,17.754248,0.6,9.547405
106200,2018-05-31,SU01/5B,87.029,17.754248,0.6,9.547405
106201,2018-05-31,SE95/6,23.677,17.754248,0.6,9.547405
106202,2018-05-31,NH95/17,29.375,17.754248,0.6,9.547405
106203,2018-05-31,SU17/57,138.038,17.754248,0.6,9.547405
106204,2018-05-31,TF81/2A,46.792,17.754248,0.6,9.547405
106205,2018-05-31,TR14/9,74.39,17.754248,0.6,9.547405
106206,2018-05-31,TF03/37,17.362,17.754248,0.6,9.547405
106207,2018-05-31,SN00/11,9.834,17.754248,0.6,9.547405
106208,2018-05-31,SE94/5,21.085,17.754248,0.6,9.547405
106209,2018-05-31,TQ25/86,97.78,17.754248,0.6,9.547405
106210,2018-05-31,NY63/2,130.81,17.754248,0.6,9.547405
106211,2018-05-31,SJ15/13,79.696,17.754248,0.6,9.547405
106212,2018-05-31,TV59/7C,1.75,17.754248,0.6,9.547405
106213,2018-05-31,SY68/34,68.986,17.754248,0.6,9.547405
106214,2018-05-31,SU71/23,46.11,17.754248,0.6,9.547405
106215,2018-06-01,ID30/1,113.65,18.243834,3.1,5.031771
106216,2018-06-01,TF81/2A,46.779,18.243834,3.1,5.031771
106217,2018-06-01,NY63/2,130.808,18.243834,3.1,5.031771
106218,2018-06-01,NH95/17,29.371,18.243834,3.1,5.031771
106219,2018-06-01,ST07/10,59.124,18.243834,3.1,5.031771
106220,2018-06-01,SU01/5B,86.795,18.243834,3.1,5.031771
106221,2018-06-01,SN00/11,9.805,18.243834,3.1,5.031771
106222,2018-06-01,SU71/23,45.972,18.243834,3.1,5.031771
106223,2018-06-01,SJ15/13,79.685,18.243834,3.1,5.031771
106224,2018-06-01,TL44/12,42.1,18.243834,3.1,5.031771
106225,2018-06-01,SU81/1,53.78,18.243834,3.1,5.031771
106226,2018-06-01,SK00/41,129.322,18.243834,3.1,5.031771
106227,2018-06-01,TR14/9,74.39,18.243834,3.1,5.031771
106228,2018-06-01,SY68/34,68.928,18.243834,3.1,5.031771
106229,2018-06-02,SY68/34,68.87,16.525084,7.6000004,4.562928
106230,2018-06-02,NH95/17,29.339,16.525084,7.6000004,4.562928
106231,2018-06-02,NY63/2,130.805,16.525084,7.6000004,4.562928
106232,2018-06-02,TF81/2A,46.766,16.525084,7.6000004,4.562928
106233,2018-06-02,SK00/41,129.33,16.525084,7.6000004,4.562928
106234,2018-06-02,SJ15/13,79.677,16.525084,7.6000004,4.562928
106235,2018-06-02,TR14/9,74.39,16.525084,7.6000004,4.562928
106236,2018-06-02,SN00/11,9.74,16.525084,7.6000004,4.562928
106237,2018-06-02,SU81/1,53.54,16.525084,7.6000004,4.562928
106238,2018-06-02,ST07/10,58.971,16.525084,7.6000004,4.562928
106239,2018-06-02,ID30/1,113.65,16.525084,7.6000004,4.562928
106240,2018-06-02,SU01/5B,86.561,16.525084,7.6000004,4.562928
106241,2018-06-02,SU71/23,45.773,16.525084,7.6000004,4.562928
106242,2018-06-03,SJ15/13,79.67,15.760498,13.900002,7.0163507
106243,2018-06-03,ST07/10,58.825,15.760498,13.900002,7.0163507
106244,2018-06-03,NH95/17,29.343,15.760498,13.900002,7.0163507
106245,2018-06-03,NY63/2,130.796,15.760498,13.900002,7.0163507
106246,2018-06-03,SN00/11,9.679,15.760498,13.900002,7.0163507
106247,2018-06-03,SU01/5B,86.333,15.760498,13.900002,7.0163507
106248,2018-06-03,SY68/34,68.811,15.760498,13.900002,7.0163507
106249,2018-06-03,SU71/23,45.583,15.760498,13.900002,7.0163507
106250,2018-06-03,TF81/2A,46.756,15.760498,13.900002,7.0163507
106251,2018-06-03,ID30/1,113.65,15.760498,13.900002,7.0163507
106252,2018-06-03,SK00/41,129.332,15.760498,13.900002,7.0163507
106253,2018-06-03,TR14/9,74.39,15.760498,13.900002,7.0163507
106254,2018-06-03,SU81/1,53.31,15.760498,13.900002,7.0163507
106255,2018-06-04,SU71/23,45.394,15.797999,0.5,8.401104
106256,2018-06-04,TR14/9,74.39,15.797999,0.5,8.401104
106257,2018-06-04,SU81/1,53.12,15.797999,0.5,8.401104
106258,2018-06-04,ST07/10,58.677,15.797999,0.5,8.401104
106259,2018-06-04,SN00/11,9.612,15.797999,0.5,8.401104
106260,2018-06-04,SJ15/13,79.67,15.797999,0.5,8.401104
106261,2018-06-04,NH95/17,29.341,15.797999,0.5,8.401104
106262,2018-06-04,SY68/34,68.754,15.797999,0.5,8.401104
106263,2018-06-04,TF81/2A,46.742,15.797999,0.5,8.401104
106264,2018-06-04,ID30/1,113.64,15.797999,0.5,8.401104
106265,2018-06-04,SU01/5B,86.109,15.797999,0.5,8.401104
106266,2018-06-04,SK00/41,129.34,15.797999,0.5,8.401104
106267,2018-06-04,TL33/4,81.065,15.797999,0.5,8.401104
106268,2018-06-04,NY63/2,130.8,15.797999,0.5,8.401104
106269,2018-06-05,ID30/1,113.62,13.487583,0.0,7.6046247
106270,2018-06-05,TQ25/86,97.65,13.487583,0.0,7.6046247
106271,2018-06-05,SY68/34,68.696,13.487583,0.0,7.6046247
106272,2018-06-05,TR14/9,74.455,13.487583,0.0,7.6046247
106273,2018-06-05,SK00/41,129.347,13.487583,0.0,7.6046247
106274,2018-06-05,SU01/5B,85.882,13.487583,0.0,7.6046247
106275,2018-06-05,TF81/2A,46.731,13.487583,0.0,7.6046247
106276,2018-06-05,ST07/10,58.54,13.487583,0.0,7.6046247
106277,2018-06-05,SP00/62,101.63,13.487583,0.0,7.6046247
106278,2018-06-05,SJ15/13,79.67,13.487583,0.0,7.6046247
106279,2018-06-05,NY63/2,130.787,13.487583,0.0,7.6046247
106280,2018-06-05,SU81/1,52.88,13.487583,0.0,7.6046247
106281,2018-06-05,NH95/17,29.334,13.487583,0.0,7.6046247
106282,2018-06-05,TL33/67,82.8,13.487583,0.0,7.6046247
106283,2018-06-05,SU71/23,45.205,13.487583,0.0,7.6046247
106284,2018-06-05,SN00/11,9.54,13.487583,0.0,7.6046247
106285,2018-06-05,SU17/57,137.63,13.487583,0.0,7.6046247
106286,2018-06-06,SK00/41,129.35,13.404251,0.0,6.3811154
106287,2018-06-06,SU01/5B,85.654,13.404251,0.0,6.3811154
106288,2018-06-06,TF81/2A,46.718,13.404251,0.0,6.3811154
106289,2018-06-06,SN00/11,9.469,13.404251,0.0,6.3811154
106290,2018-06-06,NH95/17,29.336,13.404251,0.0,6.3811154
106291,2018-06-06,ST07/10,58.402,13.404251,0.0,6.3811154
106292,2018-06-06,SU71/23,45.015,13.404251,0.0,6.3811154
106293,2018-06-06,TR14/9,74.44,13.404251,0.0,6.3811154
106294,2018-06-06,NY63/2,130.786,13.404251,0.0,6.3811154
106295,2018-06-06,SU81/1,52.71,13.404251,0.0,6.3811154
106296,2018-06-06,SJ15/13,79.67,13.404251,0.0,6.3811154
106297,2018-06-06,SY68/34,68.639,13.404251,0.0,6.3811154
106298,2018-06-06,ID30/1,113.61,13.404251,0.0,6.3811154
106299,2018-06-07,SY68/34,68.583,15.006333,0.0,6.06905
106300,2018-06-07,ID30/1,113.6,15.006333,0.0,6.06905
106301,2018-06-07,ST07/10,58.079,15.006333,0.0,6.06905
106302,2018-06-07,NH95/17,29.336,15.006333,0.0,6.06905
106303,2018-06-07,SN00/11,9.394,15.006333,0.0,6.06905
106304,2018-06-07,TF81/2A,46.701,15.006333,0.0,6.06905
106305,2018-06-07,SK00/41,129.357,15.006333,0.0,6.06905
106306,2018-06-07,SU01/5B,85.432,15.006333,0.0,6.06905
106307,2018-06-07,SJ15/13,79.66,15.006333,0.0,6.06905
106308,2018-06-07,SU71/23,44.816,15.006333,0.0,6.06905
106309,2018-06-07,TR14/9,74.411,15.006333,0.0,6.06905
106310,2018-06-07,SU81/1,52.47,15.006333,0.0,6.06905
106311,2018-06-07,NY63/2,130.779,15.006333,0.0,6.06905
106312,2018-06-08,SU71/23,44.627,14.818833,0.0,5.232464
106313,2018-06-08,ID30/1,113.59,14.818833,0.0,5.232464
106314,2018-06-08,ST07/10,57.906,14.818833,0.0,5.232464
106315,2018-06-08,TR14/9,74.378,14.818833,0.0,5.232464
106316,2018-06-08,NH95/17,29.333,14.818833,0.0,5.232464
106317,2018-06-08,SN00/11,9.352,14.818833,0.0,5.232464
106318,2018-06-08,SY68/34,68.526,14.818833,0.0,5.232464
106319,2018-06-08,SU01/5B,85.209,14.818833,0.0,5.232464
106320,2018-06-08,SK00/41,129.362,14.818833,0.0,5.232464
106321,2018-06-08,SU81/1,52.26,14.818833,0.0,5.232464
106322,2018-06-08,SJ15/13,79.66,14.818833,0.0,5.232464
106323,2018-06-08,NY63/2,130.763,14.818833,0.0,5.232464
106324,2018-06-08,TF81/2A,46.687,14.818833,0.0,5.232464
106325,2018-06-09,SJ15/13,79.66,15.927166,2.1999998,5.2893195
106326,2018-06-09,SY68/34,68.47,15.927166,2.1999998,5.2893195
106327,2018-06-09,NH95/17,29.33,15.927166,2.1999998,5.2893195
106328,2018-06-09,SU71/23,44.437,15.927166,2.1999998,5.2893195
106329,2018-06-09,SK00/41,129.37,15.927166,2.1999998,5.2893195
106330,2018-06-09,NY63/2,130.758,15.927166,2.1999998,5.2893195
106331,2018-06-09,ID30/1,113.57,15.927166,2.1999998,5.2893195
106332,2018-06-09,ST07/10,57.773,15.927166,2.1999998,5.2893195
106333,2018-06-09,SU01/5B,84.988,15.927166,2.1999998,5.2893195
106334,2018-06-09,TF81/2A,46.674,15.927166,2.1999998,5.2893195
106335,2018-06-09,SN00/11,9.29,15.927166,2.1999998,5.2893195
106336,2018-06-09,SU81/1,52.04,15.927166,2.1999998,5.2893195
106337,2018-06-09,TR14/9,74.348,15.927166,2.1999998,5.2893195
106338,2018-06-10,SU81/1,51.85,15.929249,3.3,4.4848948
106339,2018-06-10,TR14/9,74.317,15.929249,3.3,4.4848948
106340,2018-06-10,SN00/11,9.226,15.929249,3.3,4.4848948
106341,2018-06-10,SU71/23,44.248,15.929249,3.3,4.4848948
106342,2018-06-10,NY63/2,130.759,15.929249,3.3,4.4848948
106343,2018-06-10,NH95/17,29.325,15.929249,3.3,4.4848948
106344,2018-06-10,ST07/10,57.646,15.929249,3.3,4.4848948
106345,2018-06-10,SK00/41,129.375,15.929249,3.3,4.4848948
106346,2018-06-10,TF81/2A,46.661,15.929249,3.3,4.4848948
106347,2018-06-10,SY68/34,68.413,15.929249,3.3,4.4848948
106348,2018-06-10,ID30/1,113.54,15.929249,3.3,4.4848948
106349,2018-06-10,SU01/5B,84.764,15.929249,3.3,4.4848948
106350,2018-06-10,SJ15/13,79.66,15.929249,3.3,4.4848948
106351,2018-06-11,SY68/34,68.356,14.875083,0.0,8.407381
106352,2018-06-11,SU81/1,51.63,14.875083,0.0,8.407381
106353,2018-06-11,SN00/11,9.152,14.875083,0.0,8.407381
106354,2018-06-11,SU01/5B,84.544,14.875083,0.0,8.407381
106355,2018-06-11,SK00/41,129.38,14.875083,0.0,8.407381
106356,2018-06-11,TR14/9,74.291,14.875083,0.0,8.407381
106357,2018-06-11,NH95/17,29.315,14.875083,0.0,8.407381
106358,2018-06-11,TF81/2A,46.646,14.875083,0.0,8.407381
106359,2018-06-11,SU71/23,44.059,14.875083,0.0,8.407381
106360,2018-06-11,NY63/2,130.752,14.875083,0.0,8.407381
106361,2018-06-11,ST07/10,57.515,14.875083,0.0,8.407381
106362,2018-06-11,ID30/1,113.54,14.875083,0.0,8.407381
106363,2018-06-11,SJ15/13,79.65,14.875083,0.0,8.407381
106364,2018-06-12,NH95/17,29.327,14.054248,0.2,6.320496
106365,2018-06-12,SY68/34,68.298,14.054248,0.2,6.320496
106366,2018-06-12,TL33/67,82.76,14.054248,0.2,6.320496
106367,2018-06-12,SU71/23,43.869,14.054248,0.2,6.320496
106368,2018-06-12,SU81/1,51.4,14.054248,0.2,6.320496
106369,2018-06-12,SN00/11,9.079,14.054248,0.2,6.320496
106370,2018-06-12,TF81/2A,46.625,14.054248,0.2,6.320496
106371,2018-06-12,SU01/5B,84.319,14.054248,0.2,6.320496
106372,2018-06-12,NY63/2,130.737,14.054248,0.2,6.320496
106373,2018-06-12,SU17/57,136.78,14.054248,0.2,6.320496
106374,2018-06-12,ST07/10,57.386,14.054248,0.2,6.320496
106375,2018-06-12,ID30/1,113.49,14.054248,0.2,6.320496
106376,2018-06-12,SK00/41,129.386,14.054248,0.2,6.320496
106377,2018-06-12,TR14/9,74.233,14.054248,0.2,6.320496
106378,2018-06-12,SJ15/13,79.63,14.054248,0.2,6.320496
106379,2018-06-12,SP00/62,101.55,14.054248,0.2,6.320496
106380,2018-06-12,TQ25/86,97.54,14.054248,0.2,6.320496
106381,2018-06-13,SY68/34,68.241,13.383418,2.0,14.643259
106382,2018-06-13,SJ15/13,79.64,13.383418,2.0,14.643259
106383,2018-06-13,SU81/1,51.19,13.383418,2.0,14.643259
106384,2018-06-13,SU01/5B,84.095,13.383418,2.0,14.643259
106385,2018-06-13,SN00/11,9.031,13.383418,2.0,14.643259
106386,2018-06-13,TR14/9,74.207,13.383418,2.0,14.643259
106387,2018-06-13,NH95/17,29.337,13.383418,2.0,14.643259
106388,2018-06-13,SK00/41,129.392,13.383418,2.0,14.643259
106389,2018-06-13,ST07/10,57.286,13.383418,2.0,14.643259
106390,2018-06-13,TF81/2A,46.622,13.383418,2.0,14.643259
106391,2018-06-13,SU71/23,43.67,13.383418,2.0,14.643259
106392,2018-06-13,ID30/1,113.51,13.383418,2.0,14.643259
106393,2018-06-13,NY63/2,130.727,13.383418,2.0,14.643259
106394,2018-06-14,SN00/11,8.973,13.76675,4.0999994,26.531317
106395,2018-06-14,TR14/9,74.154,13.76675,4.0999994,26.531317
106396,2018-06-14,SY68/34,68.184,13.76675,4.0999994,26.531317
106397,2018-06-14,NY63/2,130.782,13.76675,4.0999994,26.531317
106398,2018-06-14,TF81/2A,46.598,13.76675,4.0999994,26.531317
106399,2018-06-14,NH95/17,29.337,13.76675,4.0999994,26.531317
106400,2018-06-14,SK00/41,129.4,13.76675,4.0999994,26.531317
106401,2018-06-14,SJ15/13,79.66,13.76675,4.0999994,26.531317
106402,2018-06-14,ID30/1,113.51,13.76675,4.0999994,26.531317
106403,2018-06-14,SU01/5B,83.876,13.76675,4.0999994,26.531317
106404,2018-06-14,SU81/1,50.95,13.76675,4.0999994,26.531317
106405,2018-06-14,ST07/10,57.149,13.76675,4.0999994,26.531317
106406,2018-06-14,SU71/23,43.48,13.76675,4.0999994,26.531317
106407,2018-06-15,NY63/2,130.724,11.943835,0.4,13.058392
106408,2018-06-15,SJ15/13,79.63,11.943835,0.4,13.058392
106409,2018-06-15,SY68/34,68.126,11.943835,0.4,13.058392
106410,2018-06-15,ID30/1,113.5,11.943835,0.4,13.058392
106411,2018-06-15,TR14/9,74.102,11.943835,0.4,13.058392
106412,2018-06-15,SK00/41,129.406,11.943835,0.4,13.058392
106413,2018-06-15,SU01/5B,83.654,11.943835,0.4,13.058392
106414,2018-06-15,SU71/23,43.291,11.943835,0.4,13.058392
106415,2018-06-15,TF81/2A,46.58,11.943835,0.4,13.058392
106416,2018-06-15,SU81/1,50.76,11.943835,0.4,13.058392
106417,2018-06-15,SN00/11,8.909,11.943835,0.4,13.058392
106418,2018-06-15,NH95/17,29.302,11.943835,0.4,13.058392
106419,2018-06-15,ST07/10,57.036,11.943835,0.4,13.058392
106420,2018-06-16,NY63/2,130.719,11.666751,13.5,14.267336
106421,2018-06-16,SU81/1,50.55,11.666751,13.5,14.267336
106422,2018-06-16,SY68/34,68.068,11.666751,13.5,14.267336
106423,2018-06-16,SJ15/13,79.63,11.666751,13.5,14.267336
106424,2018-06-16,ID30/1,113.53,11.666751,13.5,14.267336
106425,2018-06-16,TR14/9,74.062,11.666751,13.5,14.267336
106426,2018-06-16,ST07/10,56.921,11.666751,13.5,14.267336
106427,2018-06-16,TF81/2A,46.566,11.666751,13.5,14.267336
106428,2018-06-16,SK00/41,129.41,11.666751,13.5,14.267336
106429,2018-06-16,SU71/23,43.112,11.666751,13.5,14.267336
106430,2018-06-16,SN00/11,8.847,11.666751,13.5,14.267336
106431,2018-06-16,NH95/17,29.299,11.666751,13.5,14.267336
106432,2018-06-16,SU01/5B,83.439,11.666751,13.5,14.267336
106433,2018-06-17,SN00/11,8.802,13.333417,1.2,12.306646
106434,2018-06-17,NY63/2,130.728,13.333417,1.2,12.306646
106435,2018-06-17,SU81/1,50.32,13.333417,1.2,12.306646
106436,2018-06-17,SY68/34,68.01,13.333417,1.2,12.306646
106437,2018-06-17,NH95/17,29.302,13.333417,1.2,12.306646
106438,2018-06-17,SJ15/13,79.62,13.333417,1.2,12.306646
106439,2018-06-17,ID30/1,113.51,13.333417,1.2,12.306646
106440,2018-06-17,TF81/2A,46.546,13.333417,1.2,12.306646
106441,2018-06-17,SK00/41,129.417,13.333417,1.2,12.306646
106442,2018-06-17,TR14/9,74.006,13.333417,1.2,12.306646
106443,2018-06-17,ST07/10,56.803,13.333417,1.2,12.306646
106444,2018-06-17,SU71/23,42.922,13.333417,1.2,12.306646
106445,2018-06-17,SU01/5B,83.223,13.333417,1.2,12.306646
106446,2018-06-18,ST07/10,56.696,13.914668,3.4,15.803359
106447,2018-06-18,SP00/62,101.35,13.914668,3.4,15.803359
106448,2018-06-18,ID30/1,113.47,13.914668,3.4,15.803359
106449,2018-06-18,SU81/1,50.17,13.914668,3.4,15.803359
106450,2018-06-18,TL33/67,82.63,13.914668,3.4,15.803359
106451,2018-06-18,SK00/41,129.42,13.914668,3.4,15.803359
106452,2018-06-18,TM15/112,25.52,13.914668,3.4,15.803359
106453,2018-06-18,SN00/11,8.733,13.914668,3.4,15.803359
106454,2018-06-18,SU71/23,42.733,13.914668,3.4,15.803359
106455,2018-06-18,TR14/9,73.94,13.914668,3.4,15.803359
106456,2018-06-18,SY68/34,67.95,13.914668,3.4,15.803359
106457,2018-06-18,SJ15/13,79.61,13.914668,3.4,15.803359
106458,2018-06-18,SU17/57,136.19,13.914668,3.4,15.803359
106459,2018-06-18,SU01/5B,83.002,13.914668,3.4,15.803359
106460,2018-06-18,TF81/2A,46.523,13.914668,3.4,15.803359
106461,2018-06-18,TQ25/86,97.38,13.914668,3.4,15.803359
106462,2018-06-18,NY63/2,130.712,13.914668,3.4,15.803359
106463,2018-06-18,NH95/17,29.29,13.914668,3.4,15.803359
106464,2018-06-19,TR14/9,73.878,12.945916,4.1,13.05553
106465,2018-06-19,SN00/11,8.679,12.945916,4.1,13.05553
106466,2018-06-19,TL33/4,81.415,12.945916,4.1,13.05553
106467,2018-06-19,SK00/41,129.42,12.945916,4.1,13.05553
106468,2018-06-19,SU81/1,49.92,12.945916,4.1,13.05553
106469,2018-06-19,NY63/2,130.682,12.945916,4.1,13.05553
106470,2018-06-19,ST07/10,56.605,12.945916,4.1,13.05553
106471,2018-06-19,NH95/17,29.266,12.945916,4.1,13.05553
106472,2018-06-19,SU01/5B,82.787,12.945916,4.1,13.05553
106473,2018-06-19,ID30/1,113.48,12.945916,4.1,13.05553
106474,2018-06-19,TF81/2A,46.501,12.945916,4.1,13.05553
106475,2018-06-19,SJ15/13,79.59,12.945916,4.1,13.05553
106476,2018-06-19,SU71/23,42.544,12.945916,4.1,13.05553
106477,2018-06-19,SY68/34,67.892,12.945916,4.1,13.05553
106478,2018-06-20,SN00/11,8.626,14.162582,3.7999992,19.713299
106479,2018-06-20,TR14/9,73.827,14.162582,3.7999992,19.713299
106480,2018-06-20,TF81/2A,46.483,14.162582,3.7999992,19.713299
106481,2018-06-20,SK00/41,129.43,14.162582,3.7999992,19.713299
106482,2018-06-20,SU81/1,49.74,14.162582,3.7999992,19.713299
106483,2018-06-20,SU01/5B,82.578,14.162582,3.7999992,19.713299
106484,2018-06-20,NY63/2,130.695,14.162582,3.7999992,19.713299
106485,2018-06-20,ST07/10,56.512,14.162582,3.7999992,19.713299
106486,2018-06-20,SY68/34,67.834,14.162582,3.7999992,19.713299
106487,2018-06-20,ID30/1,113.65,14.162582,3.7999992,19.713299
106488,2018-06-20,NH95/17,29.276,14.162582,3.7999992,19.713299
106489,2018-06-20,SJ15/13,79.59,14.162582,3.7999992,19.713299
106490,2018-06-20,TV59/7C,1.52,14.162582,3.7999992,19.713299
106491,2018-06-20,SU71/23,42.354,14.162582,3.7999992,19.713299
106492,2018-06-21,SN00/11,8.565,11.593835,0.70000005,18.686176
106493,2018-06-21,SE95/6,21.86,11.593835,0.70000005,18.686176
106494,2018-06-21,SE94/5,19.69,11.593835,0.70000005,18.686176
106495,2018-06-21,SU01/5B,82.366,11.593835,0.70000005,18.686176
106496,2018-06-21,TR14/9,73.756,11.593835,0.70000005,18.686176
106497,2018-06-21,ST07/10,56.405,11.593835,0.70000005,18.686176
106498,2018-06-21,SU71/23,42.175,11.593835,0.70000005,18.686176
106499,2018-06-21,SY68/34,67.774,11.593835,0.70000005,18.686176
106500,2018-06-21,SU81/1,49.54,11.593835,0.70000005,18.686176
106501,2018-06-21,NY63/2,130.65,11.593835,0.70000005,18.686176
106502,2018-06-21,ID30/1,113.63,11.593835,0.70000005,18.686176
106503,2018-06-21,NH95/17,29.267,11.593835,0.70000005,18.686176
106504,2018-06-21,SJ15/13,79.56,11.593835,0.70000005,18.686176
106505,2018-06-21,TF81/2A,46.453,11.593835,0.70000005,18.686176
106506,2018-06-21,SK00/41,129.43,11.593835,0.70000005,18.686176
106507,2018-06-22,ST07/10,56.317,12.358417,0.0,10.176418
106508,2018-06-22,SK00/41,129.43,12.358417,0.0,10.176418
106509,2018-06-22,SU81/1,49.32,12.358417,0.0,10.176418
106510,2018-06-22,SY68/34,67.717,12.358417,0.0,10.176418
106511,2018-06-22,SU01/5B,82.156,12.358417,0.0,10.176418
106512,2018-06-22,SJ15/13,79.55,12.358417,0.0,10.176418
106513,2018-06-22,TF81/2A,46.432,12.358417,0.0,10.176418
106514,2018-06-22,NH95/17,29.262,12.358417,0.0,10.176418
106515,2018-06-22,SU71/23,41.986,12.358417,0.0,10.176418
106516,2018-06-22,ID30/1,113.59,12.358417,0.0,10.176418
106517,2018-06-22,SN00/11,8.516,12.358417,0.0,10.176418
106518,2018-06-22,TR14/9,73.68,12.358417,0.0,10.176418
106519,2018-06-22,NY63/2,130.617,12.358417,0.0,10.176418
106520,2018-06-23,SK00/41,129.43,12.141747,0.0,10.722743
106521,2018-06-23,SJ15/13,79.56,12.141747,0.0,10.722743
106522,2018-06-23,ID30/1,113.55,12.141747,0.0,10.722743
106523,2018-06-23,SU81/1,49.11,12.141747,0.0,10.722743
106524,2018-06-23,SU71/23,41.796,12.141747,0.0,10.722743
106525,2018-06-23,ST07/10,56.217,12.141747,0.0,10.722743
106526,2018-06-23,SU01/5B,81.954,12.141747,0.0,10.722743
106527,2018-06-23,NY63/2,130.626,12.141747,0.0,10.722743
106528,2018-06-23,NH95/17,29.269,12.141747,0.0,10.722743
106529,2018-06-23,TR14/9,73.62,12.141747,0.0,10.722743
106530,2018-06-23,SY68/34,67.66,12.141747,0.0,10.722743
106531,2018-06-23,TF81/2A,46.417,12.141747,0.0,10.722743
106532,2018-06-23,SN00/11,8.47,12.141747,0.0,10.722743
106533,2018-06-24,NH95/17,29.26,15.118833,0.0,5.8243136
106534,2018-06-24,TF81/2A,46.398,15.118833,0.0,5.8243136
106535,2018-06-24,SU71/23,41.627,15.118833,0.0,5.8243136
106536,2018-06-24,SK00/41,129.434,15.118833,0.0,5.8243136
106537,2018-06-24,NY63/2,130.636,15.118833,0.0,5.8243136
106538,2018-06-24,TR14/9,73.555,15.118833,0.0,5.8243136
106539,2018-06-24,SU01/5B,81.755,15.118833,0.0,5.8243136
106540,2018-06-24,SU81/1,48.93,15.118833,0.0,5.8243136
106541,2018-06-24,SN00/11,8.42,15.118833,0.0,5.8243136
106542,2018-06-24,ST07/10,56.107,15.118833,0.0,5.8243136
106543,2018-06-24,SY68/34,67.603,15.118833,0.0,5.8243136
106544,2018-06-24,ID30/1,113.54,15.118833,0.0,5.8243136
106545,2018-06-24,SJ15/13,79.57,15.118833,0.0,5.8243136
106546,2018-06-25,ID30/1,113.5,18.300085,0.0,5.8501935
106547,2018-06-25,TF81/2A,46.376,18.300085,0.0,5.8501935
106548,2018-06-25,SY68/34,67.547,18.300085,0.0,5.8501935
106549,2018-06-25,TQ25/86,97.24,18.300085,0.0,5.8501935
106550,2018-06-25,SU71/23,41.448,18.300085,0.0,5.8501935
106551,2018-06-25,NH95/17,29.248,18.300085,0.0,5.8501935
106552,2018-06-25,TA10/63,18.5,18.300085,0.0,5.8501935
106553,2018-06-25,NY63/2,130.63,18.300085,0.0,5.8501935
106554,2018-06-25,SU01/5B,81.551,18.300085,0.0,5.8501935
106555,2018-06-25,TR14/9,73.486,18.300085,0.0,5.8501935
106556,2018-06-25,SK00/41,129.44,18.300085,0.0,5.8501935
106557,2018-06-25,ST07/10,56.013,18.300085,0.0,5.8501935
106558,2018-06-25,TL33/67,82.57,18.300085,0.0,5.8501935
106559,2018-06-25,SU17/57,135.58,18.300085,0.0,5.8501935
106560,2018-06-25,SP00/62,101.12,18.300085,0.0,5.8501935
106561,2018-06-25,SN00/11,8.371,18.300085,0.0,5.8501935
106562,2018-06-25,SJ15/13,79.56,18.300085,0.0,5.8501935
106563,2018-06-25,SU81/1,48.77,18.300085,0.0,5.8501935
106564,2018-06-26,ST07/10,55.913,20.123,0.0,6.275989
106565,2018-06-26,SN00/11,8.325,20.123,0.0,6.275989
106566,2018-06-26,TF81/2A,46.354,20.123,0.0,6.275989
106567,2018-06-26,SJ15/13,79.56,20.123,0.0,6.275989
106568,2018-06-26,SY68/34,67.492,20.123,0.0,6.275989
106569,2018-06-26,SU71/23,41.268,20.123,0.0,6.275989
106570,2018-06-26,TR14/9,73.415,20.123,0.0,6.275989
106571,2018-06-26,NH95/17,29.243,20.123,0.0,6.275989
106572,2018-06-26,SU81/1,48.6,20.123,0.0,6.275989
106573,2018-06-26,NY63/2,130.616,20.123,0.0,6.275989
106574,2018-06-26,ID30/1,113.44,20.123,0.0,6.275989
106575,2018-06-26,SK00/41,129.442,20.123,0.0,6.275989
106576,2018-06-26,SU01/5B,81.348,20.123,0.0,6.275989
106577,2018-06-27,NH95/17,29.238,21.358416,0.0,6.5659533
106578,2018-06-27,TF81/2A,46.335,21.358416,0.0,6.5659533
106579,2018-06-27,SU01/5B,81.148,21.358416,0.0,6.5659533
106580,2018-06-27,NY63/2,130.605,21.358416,0.0,6.5659533
106581,2018-06-27,SK00/41,129.45,21.358416,0.0,6.5659533
106582,2018-06-27,SU71/23,41.099,21.358416,0.0,6.5659533
106583,2018-06-27,SY68/34,67.437,21.358416,0.0,6.5659533
106584,2018-06-27,SN00/11,8.273,21.358416,0.0,6.5659533
106585,2018-06-27,TR14/9,73.345,21.358416,0.0,6.5659533
106586,2018-06-27,ID30/1,113.39,21.358416,0.0,6.5659533
106587,2018-06-27,ST07/10,55.808,21.358416,0.0,6.5659533
106588,2018-06-27,SJ15/13,79.55,21.358416,0.0,6.5659533
106589,2018-06-27,SU81/1,48.35,21.358416,0.0,6.5659533
106590,2018-06-28,SY68/34,67.383,20.598001,0.0,6.266074
106591,2018-06-28,ID30/1,113.34,20.598001,0.0,6.266074
106592,2018-06-28,SU01/5B,80.949,20.598001,0.0,6.266074
106593,2018-06-28,TR14/9,73.276,20.598001,0.0,6.266074
106594,2018-06-28,NY63/2,130.594,20.598001,0.0,6.266074
106595,2018-06-28,SU71/23,40.93,20.598001,0.0,6.266074
106596,2018-06-28,SJ15/13,79.55,20.598001,0.0,6.266074
106597,2018-06-28,TF81/2A,46.316,20.598001,0.0,6.266074
106598,2018-06-28,ST07/10,55.707,20.598001,0.0,6.266074
106599,2018-06-28,SK00/41,129.45,20.598001,0.0,6.266074
106600,2018-06-28,SN00/11,8.227,20.598001,0.0,6.266074
106601,2018-06-28,SU81/1,48.16,20.598001,0.0,6.266074
106602,2018-06-28,NH95/17,29.225,20.598001,0.0,6.266074
106603,2018-06-29,TR14/9,73.213,19.400082,0.0,5.705703
106604,2018-06-29,ID30/1,113.35,19.400082,0.0,5.705703
106605,2018-06-29,SU71/23,40.76,19.400082,0.0,5.705703
106606,2018-06-29,ST07/10,55.611,19.400082,0.0,5.705703
106607,2018-06-29,SY68/34,67.33,19.400082,0.0,5.705703
106608,2018-06-29,SU81/1,48.07,19.400082,0.0,5.705703
106609,2018-06-29,SU01/5B,80.754,19.400082,0.0,5.705703
106610,2018-06-29,NH95/17,29.236,19.400082,0.0,5.705703
106611,2018-06-29,SJ15/13,79.55,19.400082,0.0,5.705703
106612,2018-06-29,NY63/2,130.596,19.400082,0.0,5.705703
106613,2018-06-29,SN00/11,8.19,19.400082,0.0,5.705703
106614,2018-06-29,SK00/41,129.455,19.400082,0.0,5.705703
106615,2018-06-29,TF81/2A,46.301,19.400082,0.0,5.705703
106616,2018-06-30,SN00/11,8.152,17.4105,0.0,8.388477
106617,2018-06-30,TF81/2A,46.285,17.4105,0.0,8.388477
106618,2018-06-30,ST07/10,55.515,17.4105,0.0,8.388477
106619,2018-06-30,SU81/1,47.88,17.4105,0.0,8.388477
106620,2018-06-30,SJ15/13,79.56,17.4105,0.0,8.388477
106621,2018-06-30,SU71/23,40.59,17.4105,0.0,8.388477
106622,2018-06-30,ID30/1,113.36,17.4105,0.0,8.388477
106623,2018-06-30,SY68/34,67.276,17.4105,0.0,8.388477
106624,2018-06-30,TF03/37,15.153,17.4105,0.0,8.388477
106625,2018-06-30,TR14/9,73.142,17.4105,0.0,8.388477
106626,2018-06-30,SK00/41,129.464,17.4105,0.0,8.388477
106627,2018-06-30,NH95/17,29.243,17.4105,0.0,8.388477
106628,2018-06-30,NY63/2,130.604,17.4105,0.0,8.388477
106629,2018-06-30,SU01/5B,80.562,17.4105,0.0,8.388477
106630,2018-07-01,SU71/23,40.42,19.558416,0.0,9.428898
106631,2018-07-01,SN00/11,8.111,19.558416,0.0,9.428898
106632,2018-07-01,ID30/1,113.35,19.558416,0.0,9.428898
106633,2018-07-01,NY63/2,130.596,19.558416,0.0,9.428898
106634,2018-07-01,SP00/62,100.95,19.558416,0.0,9.428898
106635,2018-07-01,SU01/5B,80.365,19.558416,0.0,9.428898
106636,2018-07-01,TL33/67,82.44,19.558416,0.0,9.428898
106637,2018-07-01,SU17/57,135.12,19.558416,0.0,9.428898
106638,2018-07-01,TF03/37,15.035,19.558416,0.0,9.428898
106639,2018-07-01,TR14/9,73.08,19.558416,0.0,9.428898
106640,2018-07-01,TF81/2A,46.285,19.558416,0.0,9.428898
106641,2018-07-01,NH95/17,29.23,19.558416,0.0,9.428898
106642,2018-07-01,SK00/41,129.469,19.558416,0.0,9.428898
106643,2018-07-01,TA10/63,18.256,19.558416,0.0,9.428898
106644,2018-07-01,SU81/1,47.73,19.558416,0.0,9.428898
106645,2018-07-01,SY68/34,67.223,19.558416,0.0,9.428898
106646,2018-07-01,SJ15/13,79.56,19.558416,0.0,9.428898
106647,2018-07-01,ST07/10,55.413,19.558416,0.0,9.428898
106648,2018-07-01,TQ25/86,97.15,19.558416,0.0,9.428898
106649,2018-07-02,ID30/1,113.34,17.668833,0.0,9.745909
106650,2018-07-02,TA10/63,18.215,17.668833,0.0,9.745909
106651,2018-07-02,SY68/34,67.17,17.668833,0.0,9.745909
106652,2018-07-02,TL33/4,81.51,17.668833,0.0,9.745909
106653,2018-07-02,TF03/37,14.978,17.668833,0.0,9.745909
106654,2018-07-02,NH95/17,29.222,17.668833,0.0,9.745909
106655,2018-07-02,SK00/41,129.475,17.668833,0.0,9.745909
106656,2018-07-02,NY63/2,130.571,17.668833,0.0,9.745909
106657,2018-07-02,TF81/2A,46.261,17.668833,0.0,9.745909
106658,2018-07-02,SJ15/13,79.54,17.668833,0.0,9.745909
106659,2018-07-02,SU71/23,40.25,17.668833,0.0,9.745909
106660,2018-07-02,SU01/5B,80.166,17.668833,0.0,9.745909
106661,2018-07-02,ST07/10,55.296,17.668833,0.0,9.745909
106662,2018-07-02,TR14/9,72.999,17.668833,0.0,9.745909
106663,2018-07-02,TL44/12,39.78,17.668833,0.0,9.745909
106664,2018-07-02,SN00/11,8.072,17.668833,0.0,9.745909
106665,2018-07-02,SU81/1,47.54,17.668833,0.0,9.745909
106666,2018-07-03,TF81/2A,46.218,17.1355,0.0,5.5879035
106667,2018-07-03,SU17/57,134.94,17.1355,0.0,5.5879035
106668,2018-07-03,TL33/67,82.21,17.1355,0.0,5.5879035
106669,2018-07-03,SU01/5B,79.968,17.1355,0.0,5.5879035
106670,2018-07-03,TA10/63,18.187,17.1355,0.0,5.5879035
106671,2018-07-03,SJ15/13,79.53,17.1355,0.0,5.5879035
106672,2018-07-03,TF03/37,14.939,17.1355,0.0,5.5879035
106673,2018-07-03,SY68/34,67.118,17.1355,0.0,5.5879035
106674,2018-07-03,TR14/9,72.913,17.1355,0.0,5.5879035
106675,2018-07-03,SU81/1,47.36,17.1355,0.0,5.5879035
106676,2018-07-03,ID30/1,113.29,17.1355,0.0,5.5879035
106677,2018-07-03,SP00/62,100.89,17.1355,0.0,5.5879035
106678,2018-07-03,NY63/2,130.579,17.1355,0.0,5.5879035
106679,2018-07-03,NH95/17,29.24,17.1355,0.0,5.5879035
106680,2018-07-03,ST07/10,55.203,17.1355,0.0,5.5879035
106681,2018-07-03,SU71/23,40.07,17.1355,0.0,5.5879035
106682,2018-07-03,TQ25/86,96.87,17.1355,0.0,5.5879035
106683,2018-07-03,SK00/41,129.475,17.1355,0.0,5.5879035
106684,2018-07-03,SN00/11,8.032,17.1355,0.0,5.5879035
106685,2018-07-04,SU71/23,39.88,18.262583,0.0,7.130791
106686,2018-07-04,SU01/5B,79.775,18.262583,0.0,7.130791
106687,2018-07-04,SK00/41,129.482,18.262583,0.0,7.130791
106688,2018-07-04,NY63/2,130.585,18.262583,0.0,7.130791
106689,2018-07-04,TR14/9,72.847,18.262583,0.0,7.130791
106690,2018-07-04,SJ15/13,79.54,18.262583,0.0,7.130791
106691,2018-07-04,SU81/1,47.19,18.262583,0.0,7.130791
106692,2018-07-04,SN00/11,7.999,18.262583,0.0,7.130791
106693,2018-07-04,TF03/37,14.84,18.262583,0.0,7.130791
106694,2018-07-04,TF81/2A,46.202,18.262583,0.0,7.130791
106695,2018-07-04,SY68/34,67.067,18.262583,0.0,7.130791
106696,2018-07-04,NH95/17,29.223,18.262583,0.0,7.130791
106697,2018-07-04,ST07/10,55.146,18.262583,0.0,7.130791
106698,2018-07-04,ID30/1,113.3,18.262583,0.0,7.130791
106699,2018-07-04,TA10/63,18.152,18.262583,0.0,7.130791
106700,2018-07-05,TF81/2A,46.175,18.508417,0.0,7.940594
106701,2018-07-05,SU81/1,47.05,18.508417,0.0,7.940594
106702,2018-07-05,TR14/9,72.766,18.508417,0.0,7.940594
106703,2018-07-05,SY68/34,67.016,18.508417,0.0,7.940594
106704,2018-07-05,TF03/37,14.722,18.508417,0.0,7.940594
106705,2018-07-05,NH95/17,29.206,18.508417,0.0,7.940594
106706,2018-07-05,SN00/11,7.965,18.508417,0.0,7.940594
106707,2018-07-05,SU01/5B,79.578,18.508417,0.0,7.940594
106708,2018-07-05,NY63/2,130.558,18.508417,0.0,7.940594
106709,2018-07-05,TA10/63,18.104,18.508417,0.0,7.940594
106710,2018-07-05,SU71/23,39.71,18.508417,0.0,7.940594
106711,2018-07-05,ID30/1,113.27,18.508417,0.0,7.940594
106712,2018-07-05,SJ15/13,79.52,18.508417,0.0,7.940594
106713,2018-07-05,SK00/41,129.49,18.508417,0.0,7.940594
106714,2018-07-05,ST07/10,55.044,18.508417,0.0,7.940594
106715,2018-07-06,ID30/1,113.26,17.485498,0.0,8.6417265
106716,2018-07-06,ST07/10,54.941,17.485498,0.0,8.6417265
106717,2018-07-06,TA10/63,18.063,17.485498,0.0,8.6417265
106718,2018-07-06,SJ15/13,79.5,17.485498,0.0,8.6417265
106719,2018-07-06,NH95/17,29.187,17.485498,0.0,8.6417265
106720,2018-07-06,SK00/41,129.49,17.485498,0.0,8.6417265
106721,2018-07-06,SN00/11,7.928,17.485498,0.0,8.6417265
106722,2018-07-06,TF03/37,14.617,17.485498,0.0,8.6417265
106723,2018-07-06,SU81/1,46.88,17.485498,0.0,8.6417265
106724,2018-07-06,NY63/2,130.536,17.485498,0.0,8.6417265
106725,2018-07-06,TR14/9,72.682,17.485498,0.0,8.6417265
106726,2018-07-06,SU01/5B,79.377,17.485498,0.0,8.6417265
106727,2018-07-06,TF81/2A,46.145,17.485498,0.0,8.6417265
106728,2018-07-06,SU71/23,39.54,17.485498,0.0,8.6417265
106729,2018-07-06,SY68/34,66.965,17.485498,0.0,8.6417265
106730,2018-07-07,ST07/10,54.846,18.627167,0.2,7.142648
106731,2018-07-07,SU71/23,39.37,18.627167,0.2,7.142648
106732,2018-07-07,TF81/2A,46.12,18.627167,0.2,7.142648
106733,2018-07-07,NH95/17,29.187,18.627167,0.2,7.142648
106734,2018-07-07,SY68/34,66.914,18.627167,0.2,7.142648
106735,2018-07-07,SN00/11,7.899,18.627167,0.2,7.142648
106736,2018-07-07,SU81/1,46.71,18.627167,0.2,7.142648
106737,2018-07-07,TA10/63,18.009,18.627167,0.2,7.142648
106738,2018-07-07,ID30/1,113.25,18.627167,0.2,7.142648
106739,2018-07-07,SU01/5B,79.18,18.627167,0.2,7.142648
106740,2018-07-07,NY63/2,130.524,18.627167,0.2,7.142648
106741,2018-07-07,TR14/9,72.601,18.627167,0.2,7.142648
106742,2018-07-07,SJ15/13,79.49,18.627167,0.2,7.142648
106743,2018-07-07,SK00/41,129.49,18.627167,0.2,7.142648
106744,2018-07-07,TF03/37,14.513,18.627167,0.2,7.142648
106745,2018-07-08,SU01/5B,78.983,19.591751,0.3,9.200285
106746,2018-07-08,TR14/9,72.507,19.591751,0.3,9.200285
106747,2018-07-08,SU81/1,46.53,19.591751,0.3,9.200285
106748,2018-07-08,TF03/37,13.372,19.591751,0.3,9.200285
106749,2018-07-08,ID30/1,113.24,19.591751,0.3,9.200285
106750,2018-07-08,TF81/2A,46.094,19.591751,0.3,9.200285
106751,2018-07-08,SU71/23,39.2,19.591751,0.3,9.200285
106752,2018-07-08,SJ15/13,79.48,19.591751,0.3,9.200285
106753,2018-07-08,SY68/34,66.863,19.591751,0.3,9.200285
106754,2018-07-08,SK00/41,129.49,19.591751,0.3,9.200285
106755,2018-07-08,ST07/10,54.75,19.591751,0.3,9.200285
106756,2018-07-08,NH95/17,29.184,19.591751,0.3,9.200285
106757,2018-07-08,SN00/11,7.869,19.591751,0.3,9.200285
106758,2018-07-08,TA10/63,17.962,19.591751,0.3,9.200285
106759,2018-07-08,NY63/2,130.515,19.591751,0.3,9.200285
106760,2018-07-09,SJ15/13,79.47,17.610498,0.4,7.9969196
106761,2018-07-09,SN00/11,7.842,17.610498,0.4,7.9969196
106762,2018-07-09,SY68/34,66.815,17.610498,0.4,7.9969196
106763,2018-07-09,ID30/1,113.23,17.610498,0.4,7.9969196
106764,2018-07-09,SU81/1,46.37,17.610498,0.4,7.9969196
106765,2018-07-09,TA10/63,17.922,17.610498,0.4,7.9969196
106766,2018-07-09,TF03/37,14.325,17.610498,0.4,7.9969196
106767,2018-07-09,TF81/2A,46.072,17.610498,0.4,7.9969196
106768,2018-07-09,NY63/2,130.519,17.610498,0.4,7.9969196
106769,2018-07-09,TR14/9,72.424,17.610498,0.4,7.9969196
106770,2018-07-09,NH95/17,29.183,17.610498,0.4,7.9969196
106771,2018-07-09,SU71/23,39.03,17.610498,0.4,7.9969196
106772,2018-07-09,SK00/41,129.492,17.610498,0.4,7.9969196
106773,2018-07-09,ST07/10,54.656,17.610498,0.4,7.9969196
106774,2018-07-09,SU01/5B,78.791,17.610498,0.4,7.9969196
106775,2018-07-10,TA10/63,17.885,15.96675,0.0,6.6140985
106776,2018-07-10,SU01/5B,78.602,15.96675,0.0,6.6140985
106777,2018-07-10,SU17/57,134.44,15.96675,0.0,6.6140985
106778,2018-07-10,SN00/11,7.815,15.96675,0.0,6.6140985
106779,2018-07-10,SJ15/13,79.48,15.96675,0.0,6.6140985
106780,2018-07-10,SU81/1,46.2,15.96675,0.0,6.6140985
106781,2018-07-10,TF03/37,14.281,15.96675,0.0,6.6140985
106782,2018-07-10,SP00/62,100.73,15.96675,0.0,6.6140985
106783,2018-07-10,TR14/9,72.343,15.96675,0.0,6.6140985
106784,2018-07-10,SK00/41,129.508,15.96675,0.0,6.6140985
106785,2018-07-10,ID30/1,113.19,15.96675,0.0,6.6140985
106786,2018-07-10,TL33/67,82.0,15.96675,0.0,6.6140985
106787,2018-07-10,ST07/10,54.564,15.96675,0.0,6.6140985
106788,2018-07-10,SU71/23,38.87,15.96675,0.0,6.6140985
106789,2018-07-10,NH95/17,29.112,15.96675,0.0,6.6140985
106790,2018-07-10,NY63/2,130.522,15.96675,0.0,6.6140985
106791,2018-07-10,TF81/2A,46.053,15.96675,0.0,6.6140985
106792,2018-07-10,SY68/34,66.768,15.96675,0.0,6.6140985
106793,2018-07-10,TQ25/86,96.53,15.96675,0.0,6.6140985
106794,2018-07-11,TA10/63,17.847,16.781336,0.0,5.1745625
106795,2018-07-11,ST07/10,54.461,16.781336,0.0,5.1745625
106796,2018-07-11,SN00/11,7.789,16.781336,0.0,5.1745625
106797,2018-07-11,TF03/37,14.231,16.781336,0.0,5.1745625
106798,2018-07-11,TR14/9,72.267,16.781336,0.0,5.1745625
106799,2018-07-11,SU01/5B,78.414,16.781336,0.0,5.1745625
106800,2018-07-11,SK00/41,129.51,16.781336,0.0,5.1745625
106801,2018-07-11,ID30/1,113.2,16.781336,0.0,5.1745625
106802,2018-07-11,SU71/23,38.71,16.781336,0.0,5.1745625
106803,2018-07-11,SU81/1,46.05,16.781336,0.0,5.1745625
106804,2018-07-11,TF81/2A,46.03,16.781336,0.0,5.1745625
106805,2018-07-11,NY63/2,130.522,16.781336,0.0,5.1745625
106806,2018-07-11,NH95/17,28.939,16.781336,0.0,5.1745625
106807,2018-07-11,SY68/34,66.721,16.781336,0.0,5.1745625
106808,2018-07-11,SJ15/13,79.48,16.781336,0.0,5.1745625
106809,2018-07-12,TA10/63,17.806,17.606333,0.3,4.649597
106810,2018-07-12,ID30/1,113.2,17.606333,0.3,4.649597
106811,2018-07-12,TF81/2A,46.006,17.606333,0.3,4.649597
106812,2018-07-12,NY63/2,130.513,17.606333,0.3,4.649597
106813,2018-07-12,NH95/17,29.058,17.606333,0.3,4.649597
106814,2018-07-12,SK00/41,129.515,17.606333,0.3,4.649597
106815,2018-07-12,SJ15/13,79.49,17.606333,0.3,4.649597
106816,2018-07-12,TF03/37,14.166,17.606333,0.3,4.649597
106817,2018-07-12,SY68/34,66.675,17.606333,0.3,4.649597
106818,2018-07-12,TR14/9,72.182,17.606333,0.3,4.649597
106819,2018-07-12,SU81/1,45.89,17.606333,0.3,4.649597
106820,2018-07-12,SU71/23,38.56,17.606333,0.3,4.649597
106821,2018-07-12,SU01/5B,78.226,17.606333,0.3,4.649597
106822,2018-07-12,ST07/10,54.349,17.606333,0.3,4.649597
106823,2018-07-12,SN00/11,7.762,17.606333,0.3,4.649597
106824,2018-07-13,SY68/34,66.629,16.995916,2.5999997,9.50126
106825,2018-07-13,ST07/10,54.241,16.995916,2.5999997,9.50126
106826,2018-07-13,SK00/41,129.518,16.995916,2.5999997,9.50126
106827,2018-07-13,TR14/9,72.095,16.995916,2.5999997,9.50126
106828,2018-07-13,SU81/1,45.73,16.995916,2.5999997,9.50126
106829,2018-07-13,SN00/11,7.737,16.995916,2.5999997,9.50126
106830,2018-07-13,NH95/17,29.171,16.995916,2.5999997,9.50126
106831,2018-07-13,TA10/63,17.778,16.995916,2.5999997,9.50126
106832,2018-07-13,NO20/14,36.295,16.995916,2.5999997,9.50126
106833,2018-07-13,TF03/37,14.104,16.995916,2.5999997,9.50126
106834,2018-07-13,SU01/5B,78.037,16.995916,2.5999997,9.50126
106835,2018-07-13,TF81/2A,45.983,16.995916,2.5999997,9.50126
106836,2018-07-13,ID30/1,113.17,16.995916,2.5999997,9.50126
106837,2018-07-13,SU71/23,38.4,16.995916,2.5999997,9.50126
106838,2018-07-13,NY63/2,130.515,16.995916,2.5999997,9.50126
106839,2018-07-13,SJ15/13,79.48,16.995916,2.5999997,9.50126
106840,2018-07-14,SU01/5B,77.855,17.679253,0.0,9.702634
106841,2018-07-14,TF03/37,14.044,17.679253,0.0,9.702634
106842,2018-07-14,SU81/1,45.62,17.679253,0.0,9.702634
106843,2018-07-14,SU71/23,38.25,17.679253,0.0,9.702634
106844,2018-07-14,TR14/9,72.016,17.679253,0.0,9.702634
106845,2018-07-14,SN00/11,7.715,17.679253,0.0,9.702634
106846,2018-07-14,SJ15/13,79.48,17.679253,0.0,9.702634
106847,2018-07-14,NH95/17,29.188,17.679253,0.0,9.702634
106848,2018-07-14,ST07/10,54.137,17.679253,0.0,9.702634
106849,2018-07-14,ID30/1,113.16,17.679253,0.0,9.702634
106850,2018-07-14,TA10/63,17.755,17.679253,0.0,9.702634
106851,2018-07-14,NY63/2,130.52,17.679253,0.0,9.702634
106852,2018-07-14,SY68/34,66.585,17.679253,0.0,9.702634
106853,2018-07-14,NO20/14,36.351,17.679253,0.0,9.702634
106854,2018-07-14,SK00/41,129.523,17.679253,0.0,9.702634
106855,2018-07-14,TF81/2A,45.963,17.679253,0.0,9.702634
106856,2018-07-15,SY68/34,66.54,18.062584,0.2,15.011513
106857,2018-07-15,TR14/9,71.941,18.062584,0.2,15.011513
106858,2018-07-15,SU81/1,45.47,18.062584,0.2,15.011513
106859,2018-07-15,TF81/2A,45.944,18.062584,0.2,15.011513
106860,2018-07-15,SU01/5B,77.678,18.062584,0.2,15.011513
106861,2018-07-15,ID30/1,113.19,18.062584,0.2,15.011513
106862,2018-07-15,SU71/23,38.11,18.062584,0.2,15.011513
106863,2018-07-15,ST07/10,54.033,18.062584,0.2,15.011513
106864,2018-07-15,NO20/14,36.438,18.062584,0.2,15.011513
106865,2018-07-15,SJ15/13,79.48,18.062584,0.2,15.011513
106866,2018-07-15,NY63/2,130.518,18.062584,0.2,15.011513
106867,2018-07-15,NH95/17,29.192,18.062584,0.2,15.011513
106868,2018-07-15,SK00/41,129.53,18.062584,0.2,15.011513
106869,2018-07-15,TA10/63,17.722,18.062584,0.2,15.011513
106870,2018-07-15,SN00/11,7.692,18.062584,0.2,15.011513
106871,2018-07-15,TF03/37,13.958,18.062584,0.2,15.011513
106872,2018-07-16,SU81/1,45.32,16.391752,17.799997,8.819806
106873,2018-07-16,NY63/2,130.514,16.391752,17.799997,8.819806
106874,2018-07-16,NO20/14,36.426,16.391752,17.799997,8.819806
106875,2018-07-16,SU71/23,37.96,16.391752,17.799997,8.819806
106876,2018-07-16,TR14/9,71.869,16.391752,17.799997,8.819806
106877,2018-07-16,NH95/17,29.191,16.391752,17.799997,8.819806
106878,2018-07-16,SK00/41,129.531,16.391752,17.799997,8.819806
106879,2018-07-16,ID30/1,113.2,16.391752,17.799997,8.819806
106880,2018-07-16,TF03/37,13.859,16.391752,17.799997,8.819806
106881,2018-07-16,SU01/5B,77.498,16.391752,17.799997,8.819806
106882,2018-07-16,SN00/11,7.687,16.391752,17.799997,8.819806
106883,2018-07-16,TF81/2A,45.921,16.391752,17.799997,8.819806
106884,2018-07-16,TA10/63,17.682,16.391752,17.799997,8.819806
106885,2018-07-16,SY68/34,66.497,16.391752,17.799997,8.819806
106886,2018-07-16,SJ15/13,79.49,16.391752,17.799997,8.819806
106887,2018-07-16,ST07/10,53.92,16.391752,17.799997,8.819806
106888,2018-07-17,NH95/17,29.185,14.525082,1.2000002,7.1758795
106889,2018-07-17,ST07/10,53.807,14.525082,1.2000002,7.1758795
106890,2018-07-17,NO20/14,36.407,14.525082,1.2000002,7.1758795
106891,2018-07-17,SN00/11,7.663,14.525082,1.2000002,7.1758795
106892,2018-07-17,SU71/23,37.81,14.525082,1.2000002,7.1758795
106893,2018-07-17,NY63/2,130.498,14.525082,1.2000002,7.1758795
106894,2018-07-17,TM15/112,25.39,14.525082,1.2000002,7.1758795
106895,2018-07-17,TV59/7C,1.63,14.525082,1.2000002,7.1758795
106896,2018-07-17,SJ15/13,79.48,14.525082,1.2000002,7.1758795
106897,2018-07-17,SU81/1,45.16,14.525082,1.2000002,7.1758795
106898,2018-07-17,SY68/34,66.454,14.525082,1.2000002,7.1758795
106899,2018-07-17,TQ25/86,96.18,14.525082,1.2000002,7.1758795
106900,2018-07-17,TR14/9,71.78,14.525082,1.2000002,7.1758795
106901,2018-07-17,TF81/2A,45.892,14.525082,1.2000002,7.1758795
106902,2018-07-17,ID30/1,113.14,14.525082,1.2000002,7.1758795
106903,2018-07-17,TL33/67,81.75,14.525082,1.2000002,7.1758795
106904,2018-07-17,TL33/4,81.36,14.525082,1.2000002,7.1758795
106905,2018-07-17,TF03/37,13.781,14.525082,1.2000002,7.1758795
106906,2018-07-17,SU17/57,133.96,14.525082,1.2000002,7.1758795
106907,2018-07-17,SP00/62,100.6,14.525082,1.2000002,7.1758795
106908,2018-07-17,SU01/5B,77.316,14.525082,1.2000002,7.1758795
106909,2018-07-17,SK00/41,129.539,14.525082,1.2000002,7.1758795
106910,2018-07-18,SY68/34,66.412,15.910499,0.2,7.998252
106911,2018-07-18,TF81/2A,45.865,15.910499,0.2,7.998252
106912,2018-07-18,SK00/41,129.54,15.910499,0.2,7.998252
106913,2018-07-18,SN00/11,7.64,15.910499,0.2,7.998252
106914,2018-07-18,NY63/2,130.479,15.910499,0.2,7.998252
106915,2018-07-18,ID30/1,113.13,15.910499,0.2,7.998252
106916,2018-07-18,NH95/17,29.174,15.910499,0.2,7.998252
106917,2018-07-18,NO20/14,36.31,15.910499,0.2,7.998252
106918,2018-07-18,SE95/6,20.59,15.910499,0.2,7.998252
106919,2018-07-18,SJ15/13,79.46,15.910499,0.2,7.998252
106920,2018-07-18,TR14/9,71.682,15.910499,0.2,7.998252
106921,2018-07-18,TF03/37,13.57,15.910499,0.2,7.998252
106922,2018-07-18,SE94/5,17.95,15.910499,0.2,7.998252
106923,2018-07-18,SU71/23,37.67,15.910499,0.2,7.998252
106924,2018-07-18,ST07/10,53.696,15.910499,0.2,7.998252
106925,2018-07-18,SU01/5B,77.137,15.910499,0.2,7.998252
106926,2018-07-18,SU81/1,45.04,15.910499,0.2,7.998252
106927,2018-07-19,TF03/37,13.562,16.727167,0.1,7.203298
106928,2018-07-19,SK00/41,129.54,16.727167,0.1,7.203298
106929,2018-07-19,SU81/1,44.93,16.727167,0.1,7.203298
106930,2018-07-19,NY63/2,130.483,16.727167,0.1,7.203298
106931,2018-07-19,TR14/9,71.596,16.727167,0.1,7.203298
106932,2018-07-19,SU71/23,37.52,16.727167,0.1,7.203298
106933,2018-07-19,SU01/5B,76.961,16.727167,0.1,7.203298
106934,2018-07-19,ST07/10,53.587,16.727167,0.1,7.203298
106935,2018-07-19,NO20/14,36.352,16.727167,0.1,7.203298
106936,2018-07-19,SJ15/13,79.46,16.727167,0.1,7.203298
106937,2018-07-19,NH95/17,29.175,16.727167,0.1,7.203298
106938,2018-07-19,TF81/2A,45.843,16.727167,0.1,7.203298
106939,2018-07-19,SY68/34,66.37,16.727167,0.1,7.203298
106940,2018-07-19,ID30/1,113.13,16.727167,0.1,7.203298
106941,2018-07-19,SN00/11,7.62,16.727167,0.1,7.203298
106942,2018-07-20,TR14/9,71.518,14.193832,5.3,9.409588
106943,2018-07-20,SJ15/13,79.47,14.193832,5.3,9.409588
106944,2018-07-20,SY68/34,66.329,14.193832,5.3,9.409588
106945,2018-07-20,SU01/5B,76.792,14.193832,5.3,9.409588
106946,2018-07-20,SN00/11,7.608,14.193832,5.3,9.409588
106947,2018-07-20,TF81/2A,45.822,14.193832,5.3,9.409588
106948,2018-07-20,NH95/17,29.184,14.193832,5.3,9.409588
106949,2018-07-20,SK00/41,129.547,14.193832,5.3,9.409588
106950,2018-07-20,SU81/1,44.77,14.193832,5.3,9.409588
106951,2018-07-20,ID30/1,113.16,14.193832,5.3,9.409588
106952,2018-07-20,ST07/10,53.482,14.193832,5.3,9.409588
106953,2018-07-20,NY63/2,130.488,14.193832,5.3,9.409588
106954,2018-07-20,TF03/37,13.555,14.193832,5.3,9.409588
106955,2018-07-20,SU71/23,37.38,14.193832,5.3,9.409588
106956,2018-07-20,NO20/14,36.346,14.193832,5.3,9.409588
106957,2018-07-21,TF03/37,13.589,16.19175,0.3,7.131289
106958,2018-07-21,NO20/14,36.443,16.19175,0.3,7.131289
106959,2018-07-21,ID30/1,113.18,16.19175,0.3,7.131289
106960,2018-07-21,SY68/34,66.289,16.19175,0.3,7.131289
106961,2018-07-21,NY63/2,130.475,16.19175,0.3,7.131289
106962,2018-07-21,SU81/1,44.66,16.19175,0.3,7.131289
106963,2018-07-21,TR14/9,71.441,16.19175,0.3,7.131289
106964,2018-07-21,ST07/10,53.362,16.19175,0.3,7.131289
106965,2018-07-21,SN00/11,7.595,16.19175,0.3,7.131289
106966,2018-07-21,SU01/5B,76.62,16.19175,0.3,7.131289
106967,2018-07-21,SK00/41,129.55,16.19175,0.3,7.131289
106968,2018-07-21,SU71/23,37.24,16.19175,0.3,7.131289
106969,2018-07-21,SJ15/13,79.47,16.19175,0.3,7.131289
106970,2018-07-21,TF81/2A,45.797,16.19175,0.3,7.131289
106971,2018-07-21,NH95/17,29.18,16.19175,0.3,7.131289
106972,2018-07-22,SU01/5B,76.445,18.4605,0.2,8.0583
106973,2018-07-22,SK00/41,129.55,18.4605,0.2,8.0583
106974,2018-07-22,SJ15/13,79.46,18.4605,0.2,8.0583
106975,2018-07-22,TF03/37,13.568,18.4605,0.2,8.0583
106976,2018-07-22,TR14/9,71.347,18.4605,0.2,8.0583
106977,2018-07-22,TF81/2A,45.771,18.4605,0.2,8.0583
106978,2018-07-22,SY68/34,66.249,18.4605,0.2,8.0583
106979,2018-07-22,NY63/2,130.466,18.4605,0.2,8.0583
106980,2018-07-22,SU71/23,37.1,18.4605,0.2,8.0583
106981,2018-07-22,ST07/10,53.253,18.4605,0.2,8.0583
106982,2018-07-22,SU81/1,44.52,18.4605,0.2,8.0583
106983,2018-07-22,SN00/11,7.577,18.4605,0.2,8.0583
106984,2018-07-22,NH95/17,29.172,18.4605,0.2,8.0583
106985,2018-07-22,ID30/1,113.17,18.4605,0.2,8.0583
106986,2018-07-23,SU17/57,133.58,18.864664,2.0000002,13.251358
106987,2018-07-23,TL33/67,81.41,18.864664,2.0000002,13.251358
106988,2018-07-23,SU81/1,44.33,18.864664,2.0000002,13.251358
106989,2018-07-23,SU71/23,36.96,18.864664,2.0000002,13.251358
106990,2018-07-23,TF81/2A,45.748,18.864664,2.0000002,13.251358
106991,2018-07-23,TR14/9,71.261,18.864664,2.0000002,13.251358
106992,2018-07-23,NY63/2,130.468,18.864664,2.0000002,13.251358
106993,2018-07-23,ST07/10,53.143,18.864664,2.0000002,13.251358
106994,2018-07-23,SN00/11,7.562,18.864664,2.0000002,13.251358
106995,2018-07-23,SU01/5B,76.274,18.864664,2.0000002,13.251358
106996,2018-07-23,TF03/37,13.514,18.864664,2.0000002,13.251358
106997,2018-07-23,SK00/41,129.55,18.864664,2.0000002,13.251358
106998,2018-07-23,SY68/34,66.209,18.864664,2.0000002,13.251358
106999,2018-07-23,NH95/17,29.155,18.864664,2.0000002,13.251358
107000,2018-07-23,SJ15/13,79.46,18.864664,2.0000002,13.251358
107001,2018-07-23,TQ25/86,95.63,18.864664,2.0000002,13.251358
107002,2018-07-23,ID30/1,113.2,18.864664,2.0000002,13.251358
107003,2018-07-24,SU01/5B,76.108,17.10425,1.7000002,9.142338
107004,2018-07-24,SJ15/13,79.45,17.10425,1.7000002,9.142338
107005,2018-07-24,SU81/1,44.24,17.10425,1.7000002,9.142338
107006,2018-07-24,TR14/9,71.18,17.10425,1.7000002,9.142338
107007,2018-07-24,TF03/37,13.324,17.10425,1.7000002,9.142338
107008,2018-07-24,SN00/11,7.546,17.10425,1.7000002,9.142338
107009,2018-07-24,SK00/41,129.555,17.10425,1.7000002,9.142338
107010,2018-07-24,NH95/17,29.148,17.10425,1.7000002,9.142338
107011,2018-07-24,ST07/10,53.022,17.10425,1.7000002,9.142338
107012,2018-07-24,SU71/23,36.82,17.10425,1.7000002,9.142338
107013,2018-07-24,SY68/34,66.172,17.10425,1.7000002,9.142338
107014,2018-07-24,TF81/2A,45.722,17.10425,1.7000002,9.142338
107015,2018-07-24,ID30/1,113.18,17.10425,1.7000002,9.142338
107016,2018-07-24,NY63/2,130.451,17.10425,1.7000002,9.142338
107017,2018-07-25,NH95/17,29.145,16.462587,0.0,5.7199264
107018,2018-07-25,SU81/1,44.08,16.462587,0.0,5.7199264
107019,2018-07-25,SN00/11,7.527,16.462587,0.0,5.7199264
107020,2018-07-25,TF81/2A,45.695,16.462587,0.0,5.7199264
107021,2018-07-25,SJ15/13,79.44,16.462587,0.0,5.7199264
107022,2018-07-25,TR14/9,71.095,16.462587,0.0,5.7199264
107023,2018-07-25,SU01/5B,75.94,16.462587,0.0,5.7199264
107024,2018-07-25,NY63/2,130.439,16.462587,0.0,5.7199264
107025,2018-07-25,ID30/1,113.13,16.462587,0.0,5.7199264
107026,2018-07-25,TF03/37,13.249,16.462587,0.0,5.7199264
107027,2018-07-25,TA10/63,17.33,16.462587,0.0,5.7199264
107028,2018-07-25,SU71/23,36.68,16.462587,0.0,5.7199264
107029,2018-07-25,SY68/34,66.134,16.462587,0.0,5.7199264
107030,2018-07-25,SK00/41,129.558,16.462587,0.0,5.7199264
107031,2018-07-25,ST07/10,52.924,16.462587,0.0,5.7199264
107032,2018-07-26,NH95/17,29.147,19.641752,1.1,11.703309
107033,2018-07-26,TF03/37,13.297,19.641752,1.1,11.703309
107034,2018-07-26,TR14/9,70.99,19.641752,1.1,11.703309
107035,2018-07-26,SK00/41,129.56,19.641752,1.1,11.703309
107036,2018-07-26,ID30/1,113.11,19.641752,1.1,11.703309
107037,2018-07-26,TF81/2A,45.676,19.641752,1.1,11.703309
107038,2018-07-26,SU81/1,43.97,19.641752,1.1,11.703309
107039,2018-07-26,SN00/11,7.512,19.641752,1.1,11.703309
107040,2018-07-26,NY63/2,130.458,19.641752,1.1,11.703309
107041,2018-07-26,ST07/10,52.822,19.641752,1.1,11.703309
107042,2018-07-26,SU01/5B,75.783,19.641752,1.1,11.703309
107043,2018-07-26,SY68/34,66.097,19.641752,1.1,11.703309
107044,2018-07-26,SU71/23,36.54,19.641752,1.1,11.703309
107045,2018-07-26,SJ15/13,79.45,19.641752,1.1,11.703309
107046,2018-07-27,SK00/41,129.567,20.758417,2.6,10.840794
107047,2018-07-27,ID30/1,113.11,20.758417,2.6,10.840794
107048,2018-07-27,SU01/5B,75.63,20.758417,2.6,10.840794
107049,2018-07-27,NY63/2,130.471,20.758417,2.6,10.840794
107050,2018-07-27,SN00/11,7.504,20.758417,2.6,10.840794
107051,2018-07-27,TR14/9,70.952,20.758417,2.6,10.840794
107052,2018-07-27,TF81/2A,45.659,20.758417,2.6,10.840794
107053,2018-07-27,TF03/37,13.331,20.758417,2.6,10.840794
107054,2018-07-27,ST07/10,52.725,20.758417,2.6,10.840794
107055,2018-07-27,SU81/1,43.87,20.758417,2.6,10.840794
107056,2018-07-27,NH95/17,29.142,20.758417,2.6,10.840794
107057,2018-07-27,SU71/23,36.41,20.758417,2.6,10.840794
107058,2018-07-27,SY68/34,66.061,20.758417,2.6,10.840794
107059,2018-07-27,SJ15/13,79.46,20.758417,2.6,10.840794
107060,2018-07-28,SU81/1,43.76,15.479249,5.2,20.72013
107061,2018-07-28,ST07/10,52.66,15.479249,5.2,20.72013
107062,2018-07-28,ID30/1,113.32,15.479249,5.2,20.72013
107063,2018-07-28,SU01/5B,75.478,15.479249,5.2,20.72013
107064,2018-07-28,SU71/23,36.28,15.479249,5.2,20.72013
107065,2018-07-28,SK00/41,129.57,15.479249,5.2,20.72013
107066,2018-07-28,NY63/2,130.479,15.479249,5.2,20.72013
107067,2018-07-28,SY68/34,66.027,15.479249,5.2,20.72013
107068,2018-07-28,SJ15/13,79.47,15.479249,5.2,20.72013
107069,2018-07-28,SN00/11,7.52,15.479249,5.2,20.72013
107070,2018-07-28,TF81/2A,45.623,15.479249,5.2,20.72013
107071,2018-07-28,NH95/17,29.166,15.479249,5.2,20.72013
107072,2018-07-28,TR14/9,70.866,15.479249,5.2,20.72013
107073,2018-07-29,TF81/2A,45.61,15.2021675,12.8,19.914595
107074,2018-07-29,ID30/1,113.44,15.2021675,12.8,19.914595
107075,2018-07-29,SN00/11,7.642,15.2021675,12.8,19.914595
107076,2018-07-29,NH95/17,29.161,15.2021675,12.8,19.914595
107077,2018-07-29,SU01/5B,75.33,15.2021675,12.8,19.914595
107078,2018-07-29,SK00/41,129.579,15.2021675,12.8,19.914595
107079,2018-07-29,SJ15/13,79.47,15.2021675,12.8,19.914595
107080,2018-07-29,NY63/2,130.47,15.2021675,12.8,19.914595
107081,2018-07-29,TR14/9,70.787,15.2021675,12.8,19.914595
107082,2018-07-29,TF03/37,13.47,15.2021675,12.8,19.914595
107083,2018-07-29,ST07/10,53.055,15.2021675,12.8,19.914595
107084,2018-07-29,SU71/23,36.15,15.2021675,12.8,19.914595
107085,2018-07-29,SY68/34,66.007,15.2021675,12.8,19.914595
107086,2018-07-29,SU81/1,43.6,15.2021675,12.8,19.914595
107087,2018-07-30,TF81/2A,45.582,15.347999,8.699999,14.55019
107088,2018-07-30,SN00/11,7.683,15.347999,8.699999,14.55019
107089,2018-07-30,NY63/2,130.429,15.347999,8.699999,14.55019
107090,2018-07-30,ID30/1,113.4,15.347999,8.699999,14.55019
107091,2018-07-30,SU81/1,43.49,15.347999,8.699999,14.55019
107092,2018-07-30,SY68/34,65.975,15.347999,8.699999,14.55019
107093,2018-07-30,SK00/41,129.578,15.347999,8.699999,14.55019
107094,2018-07-30,SJ15/13,79.43,15.347999,8.699999,14.55019
107095,2018-07-30,SU71/23,36.02,15.347999,8.699999,14.55019
107096,2018-07-30,ST07/10,53.021,15.347999,8.699999,14.55019
107097,2018-07-30,SU01/5B,75.177,15.347999,8.699999,14.55019
107098,2018-07-30,TF03/37,13.501,15.347999,8.699999,14.55019
107099,2018-07-30,NH95/17,29.138,15.347999,8.699999,14.55019
107100,2018-07-30,TR14/9,70.698,15.347999,8.699999,14.55019
107101,2018-07-31,NH95/17,29.133,15.252166,0.1,18.363476
107102,2018-07-31,ID30/1,113.36,15.252166,0.1,18.363476
107103,2018-07-31,SJ15/13,79.41,15.252166,0.1,18.363476
107104,2018-07-31,TF81/2A,45.546,15.252166,0.1,18.363476
107105,2018-07-31,SU71/23,35.9,15.252166,0.1,18.363476
107106,2018-07-31,SY68/34,65.947,15.252166,0.1,18.363476
107107,2018-07-31,TQ25/86,95.57,15.252166,0.1,18.363476
107108,2018-07-31,SP00/62,100.44,15.252166,0.1,18.363476
107109,2018-07-31,SU81/1,43.39,15.252166,0.1,18.363476
107110,2018-07-31,TR14/9,70.604,15.252166,0.1,18.363476
107111,2018-07-31,SU17/57,133.12,15.252166,0.1,18.363476
107112,2018-07-31,SU01/5B,75.022,15.252166,0.1,18.363476
107113,2018-07-31,ST07/10,52.854,15.252166,0.1,18.363476
107114,2018-07-31,SN00/11,7.701,15.252166,0.1,18.363476
107115,2018-07-31,TL33/67,81.36,15.252166,0.1,18.363476
107116,2018-07-31,TF03/37,13.43,15.252166,0.1,18.363476
107117,2018-08-01,SU01/5B,74.871,16.043833,6.5,15.380905
107118,2018-08-01,SU17/57,133.07,16.043833,6.5,15.380905
107119,2018-08-01,SY68/34,65.911,16.043833,6.5,15.380905
107120,2018-08-01,NY63/2,130.4,16.043833,6.5,15.380905
107121,2018-08-01,TR14/9,70.51,16.043833,6.5,15.380905
107122,2018-08-01,SK00/41,129.569,16.043833,6.5,15.380905
107123,2018-08-01,SU71/23,35.76,16.043833,6.5,15.380905
107124,2018-08-01,SU81/1,43.23,16.043833,6.5,15.380905
107125,2018-08-01,TQ25/86,95.08,16.043833,6.5,15.380905
107126,2018-08-01,TL33/67,81.15,16.043833,6.5,15.380905
107127,2018-08-01,ID30/1,113.3445,16.043833,6.5,15.380905
107128,2018-08-01,TL33/4,81.04,16.043833,6.5,15.380905
107129,2018-08-01,SJ15/13,79.4,16.043833,6.5,15.380905
107130,2018-08-01,ST07/10,52.865,16.043833,6.5,15.380905
107131,2018-08-01,NH95/17,29.122,16.043833,6.5,15.380905
107132,2018-08-01,SN00/11,7.701,16.043833,6.5,15.380905
107133,2018-08-01,SP00/62,100.43,16.043833,6.5,15.380905
107134,2018-08-01,TF81/2A,45.52,16.043833,6.5,15.380905
107135,2018-08-02,ST07/10,52.698,18.314665,2.2,14.328426
107136,2018-08-02,TR14/9,70.411,18.314665,2.2,14.328426
107137,2018-08-02,NH95/17,29.105,18.314665,2.2,14.328426
107138,2018-08-02,SU71/23,35.63,18.314665,2.2,14.328426
107139,2018-08-02,TL44/12,38.13,18.314665,2.2,14.328426
107140,2018-08-02,TF81/2A,45.494,18.314665,2.2,14.328426
107141,2018-08-02,SU81/1,43.11,18.314665,2.2,14.328426
107142,2018-08-02,SK00/41,129.567,18.314665,2.2,14.328426
107143,2018-08-02,SU01/5B,74.725,18.314665,2.2,14.328426
107144,2018-08-02,ID30/1,113.3258,18.314665,2.2,14.328426
107145,2018-08-02,NY63/2,130.399,18.314665,2.2,14.328426
107146,2018-08-02,SY68/34,65.88,18.314665,2.2,14.328426
107147,2018-08-02,SN00/11,7.692,18.314665,2.2,14.328426
107148,2018-08-02,SJ15/13,79.4,18.314665,2.2,14.328426
107149,2018-08-03,ST07/10,52.532,18.187582,14.400001,9.342934
107150,2018-08-03,NY63/2,130.383,18.187582,14.400001,9.342934
107151,2018-08-03,SN00/11,7.668,18.187582,14.400001,9.342934
107152,2018-08-03,NH95/17,29.103,18.187582,14.400001,9.342934
107153,2018-08-03,TR14/9,70.335,18.187582,14.400001,9.342934
107154,2018-08-03,SJ15/13,79.38,18.187582,14.400001,9.342934
107155,2018-08-03,SK00/41,129.565,18.187582,14.400001,9.342934
107156,2018-08-03,SY68/34,65.849,18.187582,14.400001,9.342934
107157,2018-08-03,ID30/1,113.3132,18.187582,14.400001,9.342934
107158,2018-08-03,SU01/5B,74.584,18.187582,14.400001,9.342934
107159,2018-08-03,SU81/1,43.0,18.187582,14.400001,9.342934
107160,2018-08-03,TF81/2A,45.47,18.187582,14.400001,9.342934
107161,2018-08-03,SU71/23,35.51,18.187582,14.400001,9.342934
107162,2018-08-04,TF81/2A,45.444,15.7355,0.1,9.2807455
107163,2018-08-04,NH95/17,29.114,15.7355,0.1,9.2807455
107164,2018-08-04,SK00/41,129.564,15.7355,0.1,9.2807455
107165,2018-08-04,SU81/1,42.87,15.7355,0.1,9.2807455
107166,2018-08-04,SU71/23,35.4,15.7355,0.1,9.2807455
107167,2018-08-04,SJ15/13,79.38,15.7355,0.1,9.2807455
107168,2018-08-04,SN00/11,7.64,15.7355,0.1,9.2807455
107169,2018-08-04,SY68/34,65.819,15.7355,0.1,9.2807455
107170,2018-08-04,NY63/2,130.401,15.7355,0.1,9.2807455
107171,2018-08-04,TR14/9,70.232,15.7355,0.1,9.2807455
107172,2018-08-04,ID30/1,113.2973,15.7355,0.1,9.2807455
107173,2018-08-04,SU01/5B,74.443,15.7355,0.1,9.2807455
107174,2018-08-04,ST07/10,52.375,15.7355,0.1,9.2807455
107175,2018-08-05,SU01/5B,74.31,16.908415,0.2,6.458334
107176,2018-08-05,SU71/23,35.28,16.908415,0.2,6.458334
107177,2018-08-05,SY68/34,65.787,16.908415,0.2,6.458334
107178,2018-08-05,SK00/41,129.566,16.908415,0.2,6.458334
107179,2018-08-05,TF81/2A,45.425,16.908415,0.2,6.458334
107180,2018-08-05,SN00/11,7.607,16.908415,0.2,6.458334
107181,2018-08-05,NH95/17,29.161,16.908415,0.2,6.458334
107182,2018-08-05,ST07/10,52.242,16.908415,0.2,6.458334
107183,2018-08-05,NY63/2,130.39,16.908415,0.2,6.458334
107184,2018-08-05,SJ15/13,79.38,16.908415,0.2,6.458334
107185,2018-08-05,TR14/9,70.143,16.908415,0.2,6.458334
107186,2018-08-05,ID30/1,113.295,16.908415,0.2,6.458334
107187,2018-08-05,SU81/1,42.74,16.908415,0.2,6.458334
107188,2018-08-06,SU01/5B,74.185,16.954248,0.70000005,11.134194
107189,2018-08-06,SU71/23,35.16,16.954248,0.70000005,11.134194
107190,2018-08-06,SK00/41,129.593,16.954248,0.70000005,11.134194
107191,2018-08-06,NH95/17,29.071,16.954248,0.70000005,11.134194
107192,2018-08-06,TF81/2A,45.409,16.954248,0.70000005,11.134194
107193,2018-08-06,SJ15/13,79.4,16.954248,0.70000005,11.134194
107194,2018-08-06,ID30/1,113.2934,16.954248,0.70000005,11.134194
107195,2018-08-06,SN00/11,7.579,16.954248,0.70000005,11.134194
107196,2018-08-06,TR14/9,70.062,16.954248,0.70000005,11.134194
107197,2018-08-06,ST07/10,52.13,16.954248,0.70000005,11.134194
107198,2018-08-06,NY63/2,130.416,16.954248,0.70000005,11.134194
107199,2018-08-06,SY68/34,65.759,16.954248,0.70000005,11.134194
107200,2018-08-06,SU81/1,42.64,16.954248,0.70000005,11.134194
107201,2018-08-07,SU81/1,42.54,15.697999,1.2,10.898282
107202,2018-08-07,SU71/23,35.05,15.697999,1.2,10.898282
107203,2018-08-07,ST07/10,52.027,15.697999,1.2,10.898282
107204,2018-08-07,SK00/41,129.573,15.697999,1.2,10.898282
107205,2018-08-07,SP00/62,100.37,15.697999,1.2,10.898282
107206,2018-08-07,TQ25/86,94.51,15.697999,1.2,10.898282
107207,2018-08-07,TF81/2A,45.387,15.697999,1.2,10.898282
107208,2018-08-07,TL33/67,80.78,15.697999,1.2,10.898282
107209,2018-08-07,SN00/11,7.552,15.697999,1.2,10.898282
107210,2018-08-07,ID30/1,113.2766,15.697999,1.2,10.898282
107211,2018-08-07,SJ15/13,79.41,15.697999,1.2,10.898282
107212,2018-08-07,NY63/2,130.423,15.697999,1.2,10.898282
107213,2018-08-07,SU01/5B,74.063,15.697999,1.2,10.898282
107214,2018-08-07,TR14/9,69.983,15.697999,1.2,10.898282
107215,2018-08-07,NH95/17,29.115,15.697999,1.2,10.898282
107216,2018-08-07,SY68/34,65.731,15.697999,1.2,10.898282
107217,2018-08-08,SN00/11,7.524,13.700084,6.2999997,10.38246
107218,2018-08-08,NH95/17,29.106,13.700084,6.2999997,10.38246
107219,2018-08-08,SU71/23,34.94,13.700084,6.2999997,10.38246
107220,2018-08-08,SY68/34,65.701,13.700084,6.2999997,10.38246
107221,2018-08-08,SU81/1,42.42,13.700084,6.2999997,10.38246
107222,2018-08-08,TF81/2A,45.355,13.700084,6.2999997,10.38246
107223,2018-08-08,ID30/1,113.273,13.700084,6.2999997,10.38246
107224,2018-08-08,SJ15/13,79.42,13.700084,6.2999997,10.38246
107225,2018-08-08,NY63/2,130.422,13.700084,6.2999997,10.38246
107226,2018-08-08,TR14/9,69.895,13.700084,6.2999997,10.38246
107227,2018-08-08,SU01/5B,73.934,13.700084,6.2999997,10.38246
107228,2018-08-08,ST07/10,51.914,13.700084,6.2999997,10.38246
107229,2018-08-08,SK00/41,129.584,13.700084,6.2999997,10.38246
107230,2018-08-09,ID30/1,113.313,13.289665,0.1,9.172086
107231,2018-08-09,SN00/11,7.506,13.289665,0.1,9.172086
107232,2018-08-09,TF81/2A,45.33,13.289665,0.1,9.172086
107233,2018-08-09,SU81/1,42.31,13.289665,0.1,9.172086
107234,2018-08-09,ST07/10,51.806,13.289665,0.1,9.172086
107235,2018-08-09,NY63/2,130.381,13.289665,0.1,9.172086
107236,2018-08-09,SU01/5B,73.81,13.289665,0.1,9.172086
107237,2018-08-09,NH95/17,29.104,13.289665,0.1,9.172086
107238,2018-08-09,SJ15/13,79.39,13.289665,0.1,9.172086
107239,2018-08-09,TR14/9,69.81,13.289665,0.1,9.172086
107240,2018-08-09,SU71/23,34.82,13.289665,0.1,9.172086
107241,2018-08-09,SK00/41,129.585,13.289665,0.1,9.172086
107242,2018-08-09,SY68/34,65.673,13.289665,0.1,9.172086
107243,2018-08-10,SN00/11,7.488,12.412582,10.1,9.760728
107244,2018-08-10,TF81/2A,45.301,12.412582,10.1,9.760728
107245,2018-08-10,NY63/2,130.375,12.412582,10.1,9.760728
107246,2018-08-10,SU71/23,34.71,12.412582,10.1,9.760728
107247,2018-08-10,SY68/34,65.644,12.412582,10.1,9.760728
107248,2018-08-10,SU01/5B,73.686,12.412582,10.1,9.760728
107249,2018-08-10,ID30/1,113.2926,12.412582,10.1,9.760728
107250,2018-08-10,ST07/10,51.723,12.412582,10.1,9.760728
107251,2018-08-10,SK00/41,129.583,12.412582,10.1,9.760728
107252,2018-08-10,SJ15/13,79.38,12.412582,10.1,9.760728
107253,2018-08-10,NH95/17,29.107,12.412582,10.1,9.760728
107254,2018-08-10,TR14/9,69.713,12.412582,10.1,9.760728
107255,2018-08-10,SU81/1,42.13,12.412582,10.1,9.760728
107256,2018-08-11,SU81/1,42.08,13.825082,3.5,9.678456
107257,2018-08-11,TF81/2A,45.282,13.825082,3.5,9.678456
107258,2018-08-11,SY68/34,65.618,13.825082,3.5,9.678456
107259,2018-08-11,NY63/2,130.348,13.825082,3.5,9.678456
107260,2018-08-11,TR14/9,69.628,13.825082,3.5,9.678456
107261,2018-08-11,SU01/5B,73.57,13.825082,3.5,9.678456
107262,2018-08-11,SU71/23,34.6,13.825082,3.5,9.678456
107263,2018-08-11,NH95/17,29.096,13.825082,3.5,9.678456
107264,2018-08-11,SJ15/13,79.37,13.825082,3.5,9.678456
107265,2018-08-11,SK00/41,129.583,13.825082,3.5,9.678456
107266,2018-08-11,ID30/1,113.2641,13.825082,3.5,9.678456
107267,2018-08-11,ST07/10,52.174,13.825082,3.5,9.678456
107268,2018-08-11,SN00/11,7.46,13.825082,3.5,9.678456
107269,2018-08-12,SU71/23,34.51,17.593832,41.9,9.835904
107270,2018-08-12,NH95/17,29.112,17.593832,41.9,9.835904
107271,2018-08-12,SK00/41,129.589,17.593832,41.9,9.835904
107272,2018-08-12,ID30/1,113.287,17.593832,41.9,9.835904
107273,2018-08-12,SU81/1,41.97,17.593832,41.9,9.835904
107274,2018-08-12,TR14/9,69.553,17.593832,41.9,9.835904
107275,2018-08-12,SU01/5B,73.469,17.593832,41.9,9.835904
107276,2018-08-12,SN00/11,7.589,17.593832,41.9,9.835904
107277,2018-08-12,ST07/10,52.684,17.593832,41.9,9.835904
107278,2018-08-12,TF81/2A,45.266,17.593832,41.9,9.835904
107279,2018-08-12,SY68/34,65.6,17.593832,41.9,9.835904
107280,2018-08-12,NY63/2,130.389,17.593832,41.9,9.835904
107281,2018-08-12,SJ15/13,79.4,17.593832,41.9,9.835904
107282,2018-08-13,SN00/11,7.781,17.268831,12.700001,8.286506
107283,2018-08-13,SU81/1,41.88,17.268831,12.700001,8.286506
107284,2018-08-13,SU01/5B,73.359,17.268831,12.700001,8.286506
107285,2018-08-13,ST07/10,53.978,17.268831,12.700001,8.286506
107286,2018-08-13,ID30/1,113.255,17.268831,12.700001,8.286506
107287,2018-08-13,SU71/23,34.42,17.268831,12.700001,8.286506
107288,2018-08-13,SY68/34,65.575,17.268831,12.700001,8.286506
107289,2018-08-13,NY63/2,130.403,17.268831,12.700001,8.286506
107290,2018-08-13,NH95/17,29.117,17.268831,12.700001,8.286506
107291,2018-08-13,TR14/9,69.464,17.268831,12.700001,8.286506
107292,2018-08-13,SK00/41,129.592,17.268831,12.700001,8.286506
107293,2018-08-13,SJ15/13,79.4,17.268831,12.700001,8.286506
107294,2018-08-13,TF81/2A,45.236,17.268831,12.700001,8.286506
107295,2018-08-14,ID30/1,113.2225,16.633419,2.3999996,10.758098
107296,2018-08-14,TF81/2A,45.207,16.633419,2.3999996,10.758098
107297,2018-08-14,NY63/2,130.368,16.633419,2.3999996,10.758098
107298,2018-08-14,SN00/11,7.824,16.633419,2.3999996,10.758098
107299,2018-08-14,SP00/62,100.32,16.633419,2.3999996,10.758098
107300,2018-08-14,SU01/5B,73.24,16.633419,2.3999996,10.758098
107301,2018-08-14,NH95/17,29.111,16.633419,2.3999996,10.758098
107302,2018-08-14,SU81/1,41.74,16.633419,2.3999996,10.758098
107303,2018-08-14,SJ15/13,79.37,16.633419,2.3999996,10.758098
107304,2018-08-14,SU17/57,132.39,16.633419,2.3999996,10.758098
107305,2018-08-14,TL33/67,80.46,16.633419,2.3999996,10.758098
107306,2018-08-14,SK00/41,129.59,16.633419,2.3999996,10.758098
107307,2018-08-14,SU71/23,34.32,16.633419,2.3999996,10.758098
107308,2018-08-14,SY68/34,65.549,16.633419,2.3999996,10.758098
107309,2018-08-14,TQ25/86,94.1,16.633419,2.3999996,10.758098
107310,2018-08-14,TR14/9,69.36,16.633419,2.3999996,10.758098
107311,2018-08-14,ST07/10,53.728,16.633419,2.3999996,10.758098
107312,2018-08-15,SU71/23,34.21,17.593832,8.2,16.088379
107313,2018-08-15,TR14/9,69.278,17.593832,8.2,16.088379
107314,2018-08-15,SU01/5B,73.13,17.593832,8.2,16.088379
107315,2018-08-15,SN00/11,7.836,17.593832,8.2,16.088379
107316,2018-08-15,SK00/41,129.59,17.593832,8.2,16.088379
107317,2018-08-15,SY68/34,65.523,17.593832,8.2,16.088379
107318,2018-08-15,SU81/1,41.64,17.593832,8.2,16.088379
107319,2018-08-15,NY63/2,130.359,17.593832,8.2,16.088379
107320,2018-08-15,ST07/10,53.566,17.593832,8.2,16.088379
107321,2018-08-15,TL33/4,80.505,17.593832,8.2,16.088379
107322,2018-08-15,TF81/2A,45.188,17.593832,8.2,16.088379
107323,2018-08-15,ID30/1,113.2192,17.593832,8.2,16.088379
107324,2018-08-15,NH95/17,29.116,17.593832,8.2,16.088379
107325,2018-08-15,SJ15/13,79.36,17.593832,8.2,16.088379
107326,2018-08-16,SU71/23,34.1,14.147999,8.0,13.005743
107327,2018-08-16,SU01/5B,73.024,14.147999,8.0,13.005743
107328,2018-08-16,SY68/34,65.504,14.147999,8.0,13.005743
107329,2018-08-16,SK00/41,129.562,14.147999,8.0,13.005743
107330,2018-08-16,ID30/1,113.194,14.147999,8.0,13.005743
107331,2018-08-16,SJ15/13,79.37,14.147999,8.0,13.005743
107332,2018-08-16,SN00/11,7.872,14.147999,8.0,13.005743
107333,2018-08-16,SU81/1,41.53,14.147999,8.0,13.005743
107334,2018-08-16,NH95/17,29.11,14.147999,8.0,13.005743
107335,2018-08-16,TR14/9,69.192,14.147999,8.0,13.005743
107336,2018-08-16,TF81/2A,45.159,14.147999,8.0,13.005743
107337,2018-08-16,NY63/2,130.383,14.147999,8.0,13.005743
107338,2018-08-16,ST07/10,53.394,14.147999,8.0,13.005743
107339,2018-08-17,SN00/11,7.897,13.966747,2.3999996,14.802312
107340,2018-08-17,NY63/2,130.355,13.966747,2.3999996,14.802312
107341,2018-08-17,SY68/34,65.477,13.966747,2.3999996,14.802312
107342,2018-08-17,TR14/9,69.097,13.966747,2.3999996,14.802312
107343,2018-08-17,TV59/7C,1.32,13.966747,2.3999996,14.802312
107344,2018-08-17,ID30/1,113.2126,13.966747,2.3999996,14.802312
107345,2018-08-17,SK00/41,129.55,13.966747,2.3999996,14.802312
107346,2018-08-17,TF81/2A,45.133,13.966747,2.3999996,14.802312
107347,2018-08-17,SU01/5B,72.911,13.966747,2.3999996,14.802312
107348,2018-08-17,ST07/10,53.497,13.966747,2.3999996,14.802312
107349,2018-08-17,SU71/23,34.0,13.966747,2.3999996,14.802312
107350,2018-08-17,SU81/1,41.45,13.966747,2.3999996,14.802312
107351,2018-08-17,NH95/17,29.102,13.966747,2.3999996,14.802312
107352,2018-08-17,SJ15/13,79.35,13.966747,2.3999996,14.802312
107353,2018-08-18,TF81/2A,45.11,17.004251,1.5000001,15.167577
107354,2018-08-18,NH95/17,29.094,17.004251,1.5000001,15.167577
107355,2018-08-18,ST07/10,53.536,17.004251,1.5000001,15.167577
107356,2018-08-18,SY68/34,65.45,17.004251,1.5000001,15.167577
107357,2018-08-18,NY63/2,130.351,17.004251,1.5000001,15.167577
107358,2018-08-18,SU71/23,33.89,17.004251,1.5000001,15.167577
107359,2018-08-18,SJ15/13,79.35,17.004251,1.5000001,15.167577
107360,2018-08-18,ID30/1,113.2271,17.004251,1.5000001,15.167577
107361,2018-08-18,SK00/41,129.548,17.004251,1.5000001,15.167577
107362,2018-08-18,TR14/9,68.996,17.004251,1.5000001,15.167577
107363,2018-08-18,SN00/11,7.881,17.004251,1.5000001,15.167577
107364,2018-08-18,SU81/1,41.36,17.004251,1.5000001,15.167577
107365,2018-08-18,SU01/5B,72.807,17.004251,1.5000001,15.167577
107366,2018-08-19,SU71/23,33.79,17.748001,11.200002,12.567226
107367,2018-08-19,SJ15/13,79.35,17.748001,11.200002,12.567226
107368,2018-08-19,NY63/2,130.344,17.748001,11.200002,12.567226
107369,2018-08-19,SY68/34,65.425,17.748001,11.200002,12.567226
107370,2018-08-19,SN00/11,7.857,17.748001,11.200002,12.567226
107371,2018-08-19,TF81/2A,45.087,17.748001,11.200002,12.567226
107372,2018-08-19,ST07/10,53.277,17.748001,11.200002,12.567226
107373,2018-08-19,TR14/9,68.913,17.748001,11.200002,12.567226
107374,2018-08-19,SU81/1,41.24,17.748001,11.200002,12.567226
107375,2018-08-19,ID30/1,113.3252,17.748001,11.200002,12.567226
107376,2018-08-19,NH95/17,29.087,17.748001,11.200002,12.567226
107377,2018-08-19,SU01/5B,72.708,17.748001,11.200002,12.567226
107378,2018-08-19,SK00/41,129.55,17.748001,11.200002,12.567226
107379,2018-08-20,TF81/2A,45.062,15.743833,0.8000001,4.3276258
107380,2018-08-20,ID30/1,113.3118,15.743833,0.8000001,4.3276258
107381,2018-08-20,SU01/5B,72.608,15.743833,0.8000001,4.3276258
107382,2018-08-20,NY63/2,130.324,15.743833,0.8000001,4.3276258
107383,2018-08-20,SK00/41,129.54,15.743833,0.8000001,4.3276258
107384,2018-08-20,SN00/11,7.833,15.743833,0.8000001,4.3276258
107385,2018-08-20,TR14/9,68.812,15.743833,0.8000001,4.3276258
107386,2018-08-20,TL33/67,80.07,15.743833,0.8000001,4.3276258
107387,2018-08-20,SU71/23,33.7,15.743833,0.8000001,4.3276258
107388,2018-08-20,SY68/34,65.401,15.743833,0.8000001,4.3276258
107389,2018-08-20,SU81/1,41.16,15.743833,0.8000001,4.3276258
107390,2018-08-20,ST07/10,53.159,15.743833,0.8000001,4.3276258
107391,2018-08-20,NH95/17,29.077,15.743833,0.8000001,4.3276258
107392,2018-08-20,SJ15/13,79.33,15.743833,0.8000001,4.3276258
107393,2018-08-21,TR14/9,68.721,17.352167,0.7,9.491935
107394,2018-08-21,SK00/41,129.545,17.352167,0.7,9.491935
107395,2018-08-21,SU17/57,132.06,17.352167,0.7,9.491935
107396,2018-08-21,SP00/62,100.27,17.352167,0.7,9.491935
107397,2018-08-21,SU71/23,33.6,17.352167,0.7,9.491935
107398,2018-08-21,TF81/2A,45.041,17.352167,0.7,9.491935
107399,2018-08-21,SU01/5B,72.514,17.352167,0.7,9.491935
107400,2018-08-21,SJ15/13,79.33,17.352167,0.7,9.491935
107401,2018-08-21,NH95/17,29.085,17.352167,0.7,9.491935
107402,2018-08-21,NY63/2,130.329,17.352167,0.7,9.491935
107403,2018-08-21,TQ25/86,93.77,17.352167,0.7,9.491935
107404,2018-08-21,ST07/10,53.022,17.352167,0.7,9.491935
107405,2018-08-21,SY68/34,65.376,17.352167,0.7,9.491935
107406,2018-08-21,ID30/1,113.3086,17.352167,0.7,9.491935
107407,2018-08-21,SU81/1,41.05,17.352167,0.7,9.491935
107408,2018-08-21,SN00/11,7.796,17.352167,0.7,9.491935
107409,2018-08-22,NH95/17,29.08,15.989665,4.2999997,13.319367
107410,2018-08-22,SY68/34,65.352,15.989665,4.2999997,13.319367
107411,2018-08-22,ST07/10,52.894,15.989665,4.2999997,13.319367
107412,2018-08-22,SK00/41,129.55,15.989665,4.2999997,13.319367
107413,2018-08-22,SN00/11,7.756,15.989665,4.2999997,13.319367
107414,2018-08-22,SU71/23,33.51,15.989665,4.2999997,13.319367
107415,2018-08-22,SJ15/13,79.34,15.989665,4.2999997,13.319367
107416,2018-08-22,SU81/1,40.97,15.989665,4.2999997,13.319367
107417,2018-08-22,TR14/9,68.641,15.989665,4.2999997,13.319367
107418,2018-08-22,ID30/1,113.2882,15.989665,4.2999997,13.319367
107419,2018-08-22,TF81/2A,45.021,15.989665,4.2999997,13.319367
107420,2018-08-22,SU01/5B,72.421,15.989665,4.2999997,13.319367
107421,2018-08-22,NY63/2,130.335,15.989665,4.2999997,13.319367
107422,2018-08-23,ST07/10,52.762,12.104251,10.200001,11.119706
107423,2018-08-23,TR14/9,68.552,12.104251,10.200001,11.119706
107424,2018-08-23,NH95/17,29.087,12.104251,10.200001,11.119706
107425,2018-08-23,SU71/23,33.42,12.104251,10.200001,11.119706
107426,2018-08-23,TF81/2A,45.001,12.104251,10.200001,11.119706
107427,2018-08-23,SK00/41,129.55,12.104251,10.200001,11.119706
107428,2018-08-23,SE94/5,15.41,12.104251,10.200001,11.119706
107429,2018-08-23,SY68/34,65.329,12.104251,10.200001,11.119706
107430,2018-08-23,SJ15/13,79.34,12.104251,10.200001,11.119706
107431,2018-08-23,SU01/5B,72.332,12.104251,10.200001,11.119706
107432,2018-08-23,ID30/1,113.243,12.104251,10.200001,11.119706
107433,2018-08-23,SU81/1,40.9,12.104251,10.200001,11.119706
107434,2018-08-23,NY63/2,130.327,12.104251,10.200001,11.119706
107435,2018-08-23,SN00/11,7.778,12.104251,10.200001,11.119706
107436,2018-08-23,TA10/63,16.26,12.104251,10.200001,11.119706
107437,2018-08-24,NH95/17,29.087,10.950084,9.999999,16.538082
107438,2018-08-24,SN00/11,7.738,10.950084,9.999999,16.538082
107439,2018-08-24,TF81/2A,44.98,10.950084,9.999999,16.538082
107440,2018-08-24,ID30/1,113.242,10.950084,9.999999,16.538082
107441,2018-08-24,SY68/34,65.304,10.950084,9.999999,16.538082
107442,2018-08-24,SU71/23,33.32,10.950084,9.999999,16.538082
107443,2018-08-24,ST07/10,52.674,10.950084,9.999999,16.538082
107444,2018-08-24,SU81/1,40.8,10.950084,9.999999,16.538082
107445,2018-08-24,SK00/41,129.55,10.950084,9.999999,16.538082
107446,2018-08-24,TR14/9,68.477,10.950084,9.999999,16.538082
107447,2018-08-24,SU01/5B,72.421,10.950084,9.999999,16.538082
107448,2018-08-24,NY63/2,130.339,10.950084,9.999999,16.538082
107449,2018-08-24,SJ15/13,79.34,10.950084,9.999999,16.538082
107450,2018-08-25,NY63/2,130.328,11.3271675,0.0,9.882038
107451,2018-08-25,SU01/5B,72.15,11.3271675,0.0,9.882038
107452,2018-08-25,SU81/1,40.73,11.3271675,0.0,9.882038
107453,2018-08-25,TF81/2A,44.952,11.3271675,0.0,9.882038
107454,2018-08-25,SN00/11,7.735,11.3271675,0.0,9.882038
107455,2018-08-25,SK00/41,129.55,11.3271675,0.0,9.882038
107456,2018-08-25,SJ15/13,79.34,11.3271675,0.0,9.882038
107457,2018-08-25,ID30/1,113.2558,11.3271675,0.0,9.882038
107458,2018-08-25,TR14/9,68.38,11.3271675,0.0,9.882038
107459,2018-08-25,NH95/17,29.075,11.3271675,0.0,9.882038
107460,2018-08-25,SU71/23,33.23,11.3271675,0.0,9.882038
107461,2018-08-25,ST07/10,52.821,11.3271675,0.0,9.882038
107462,2018-08-25,SY68/34,65.279,11.3271675,0.0,9.882038
107463,2018-08-26,SY68/34,65.272,11.939667,5.0,16.089884
107464,2018-08-26,SU71/23,33.14,11.939667,5.0,16.089884
107465,2018-08-26,SN00/11,7.711,11.939667,5.0,16.089884
107466,2018-08-26,SU81/1,40.62,11.939667,5.0,16.089884
107467,2018-08-26,ID30/1,113.3655,11.939667,5.0,16.089884
107468,2018-08-26,TF81/2A,44.942,11.939667,5.0,16.089884
107469,2018-08-26,ST07/10,52.723,11.939667,5.0,16.089884
107470,2018-08-26,NH95/17,29.086,11.939667,5.0,16.089884
107471,2018-08-26,NY63/2,130.309,11.939667,5.0,16.089884
107472,2018-08-26,SK00/41,129.557,11.939667,5.0,16.089884
107473,2018-08-26,SJ15/13,79.33,11.939667,5.0,16.089884
107474,2018-08-26,TR14/9,68.308,11.939667,5.0,16.089884
107475,2018-08-26,SU01/5B,72.073,11.939667,5.0,16.089884
107476,2018-08-27,TR14/9,68.205,13.556333,5.499999,16.265236
107477,2018-08-27,NH95/17,29.083,13.556333,5.499999,16.265236
107478,2018-08-27,SK00/41,129.551,13.556333,5.499999,16.265236
107479,2018-08-27,ID30/1,113.5253,13.556333,5.499999,16.265236
107480,2018-08-27,TF81/2A,44.906,13.556333,5.499999,16.265236
107481,2018-08-27,SN00/11,8.129,13.556333,5.499999,16.265236
107482,2018-08-27,SU71/23,33.07,13.556333,5.499999,16.265236
107483,2018-08-27,ST07/10,55.635,13.556333,5.499999,16.265236
107484,2018-08-27,SU01/5B,71.985,13.556333,5.499999,16.265236
107485,2018-08-27,SY68/34,65.252,13.556333,5.499999,16.265236
107486,2018-08-27,NY63/2,130.357,13.556333,5.499999,16.265236
107487,2018-08-27,SU81/1,40.56,13.556333,5.499999,16.265236
107488,2018-08-27,SJ15/13,79.36,13.556333,5.499999,16.265236
107489,2018-08-28,SE95/6,19.7,13.729251,0.0,11.906123
107490,2018-08-28,ST07/10,56.61,13.729251,0.0,11.906123
107491,2018-08-28,SY68/34,65.23,13.729251,0.0,11.906123
107492,2018-08-28,TQ25/86,93.579,13.729251,0.0,11.906123
107493,2018-08-28,NY63/2,130.281,13.729251,0.0,11.906123
107494,2018-08-28,SK00/41,129.55,13.729251,0.0,11.906123
107495,2018-08-28,TL33/67,79.89,13.729251,0.0,11.906123
107496,2018-08-28,SU17/57,131.76,13.729251,0.0,11.906123
107497,2018-08-28,SU81/1,40.49,13.729251,0.0,11.906123
107498,2018-08-28,TR14/9,68.141,13.729251,0.0,11.906123
107499,2018-08-28,NH95/17,29.066,13.729251,0.0,11.906123
107500,2018-08-28,SP00/62,100.24,13.729251,0.0,11.906123
107501,2018-08-28,ID30/1,113.5877,13.729251,0.0,11.906123
107502,2018-08-28,TF81/2A,44.887,13.729251,0.0,11.906123
107503,2018-08-28,SU01/5B,72.902,13.729251,0.0,11.906123
107504,2018-08-28,SN00/11,8.339,13.729251,0.0,11.906123
107505,2018-08-28,SU71/23,32.99,13.729251,0.0,11.906123
107506,2018-08-28,SJ15/13,79.31,13.729251,0.0,11.906123
107507,2018-08-29,SK00/41,129.55,13.158417,1.3000001,11.64893
107508,2018-08-29,SU81/1,40.4,13.158417,1.3000001,11.64893
107509,2018-08-29,TM15/112,25.32,13.158417,1.3000001,11.64893
107510,2018-08-29,ID30/1,113.5962,13.158417,1.3000001,11.64893
107511,2018-08-29,TF81/2A,44.858,13.158417,1.3000001,11.64893
107512,2018-08-29,SY68/34,65.208,13.158417,1.3000001,11.64893
107513,2018-08-29,ST07/10,56.943,13.158417,1.3000001,11.64893
107514,2018-08-29,NH95/17,29.063,13.158417,1.3000001,11.64893
107515,2018-08-29,TR14/9,68.054,13.158417,1.3000001,11.64893
107516,2018-08-29,SJ15/13,79.32,13.158417,1.3000001,11.64893
107517,2018-08-29,SN00/11,8.593,13.158417,1.3000001,11.64893
107518,2018-08-29,SU01/5B,71.821,13.158417,1.3000001,11.64893
107519,2018-08-29,SU71/23,32.91,13.158417,1.3000001,11.64893
107520,2018-08-29,NY63/2,130.3,13.158417,1.3000001,11.64893
107521,2018-08-30,SJ15/13,79.29,11.250084,0.0,5.5165806
107522,2018-08-30,SN00/11,8.739,11.250084,0.0,5.5165806
107523,2018-08-30,SU71/23,32.82,11.250084,0.0,5.5165806
107524,2018-08-30,TF81/2A,44.834,11.250084,0.0,5.5165806
107525,2018-08-30,ST07/10,56.688,11.250084,0.0,5.5165806
107526,2018-08-30,TR14/9,67.967,11.250084,0.0,5.5165806
107527,2018-08-30,SY68/34,65.186,11.250084,0.0,5.5165806
107528,2018-08-30,NH95/17,29.048,11.250084,0.0,5.5165806
107529,2018-08-30,NY63/2,130.253,11.250084,0.0,5.5165806
107530,2018-08-30,ID30/1,113.5426,11.250084,0.0,5.5165806
107531,2018-08-30,SU01/5B,71.741,11.250084,0.0,5.5165806
107532,2018-08-30,SK00/41,129.54,11.250084,0.0,5.5165806
107533,2018-08-30,SU81/1,40.28,11.250084,0.0,5.5165806
107534,2018-08-31,TF81/2A,44.809,13.225082,0.1,11.476446
107535,2018-08-31,SJ15/13,79.29,13.225082,0.1,11.476446
107536,2018-08-31,SU17/57,131.6,13.225082,0.1,11.476446
107537,2018-08-31,SN00/11,8.8,13.225082,0.1,11.476446
107538,2018-08-31,SU01/5B,71.674,13.225082,0.1,11.476446
107539,2018-08-31,SU71/23,32.74,13.225082,0.1,11.476446
107540,2018-08-31,TQ25/86,93.38,13.225082,0.1,11.476446
107541,2018-08-31,TL33/67,79.81,13.225082,0.1,11.476446
107542,2018-08-31,NY63/2,130.258,13.225082,0.1,11.476446
107543,2018-08-31,TF03/37,12.647,13.225082,0.1,11.476446
107544,2018-08-31,SY68/34,65.166,13.225082,0.1,11.476446
107545,2018-08-31,SK00/41,129.54,13.225082,0.1,11.476446
107546,2018-08-31,SU81/1,40.21,13.225082,0.1,11.476446
107547,2018-08-31,ID30/1,113.515,13.225082,0.1,11.476446
107548,2018-08-31,TR14/9,67.872,13.225082,0.1,11.476446
107549,2018-08-31,ST07/10,56.448,13.225082,0.1,11.476446
107550,2018-08-31,NH95/17,29.063,13.225082,0.1,11.476446
107551,2018-08-31,TL44/12,36.91,13.225082,0.1,11.476446
107552,2018-09-01,TF81/2A,44.809,15.214667,1.7000002,12.772593
107553,2018-09-01,SY68/34,65.141,15.214667,1.7000002,12.772593
107554,2018-09-01,SU81/1,40.14,15.214667,1.7000002,12.772593
107555,2018-09-01,ST07/10,55.808,15.214667,1.7000002,12.772593
107556,2018-09-01,SJ15/13,79.29,15.214667,1.7000002,12.772593
107557,2018-09-01,SU01/5B,71.593,15.214667,1.7000002,12.772593
107558,2018-09-01,ID30/1,113.42,15.214667,1.7000002,12.772593
107559,2018-09-01,NY63/2,130.262,15.214667,1.7000002,12.772593
107560,2018-09-01,SU71/23,32.715,15.214667,1.7000002,12.772593
107561,2018-09-01,SN00/11,8.771,15.214667,1.7000002,12.772593
107562,2018-09-01,NH95/17,29.115,15.214667,1.7000002,12.772593
107563,2018-09-01,SK00/41,129.539,15.214667,1.7000002,12.772593
107564,2018-09-01,TR14/9,67.768,15.214667,1.7000002,12.772593
107565,2018-09-02,NY63/2,130.254,17.64175,0.4,13.701506
107566,2018-09-02,SN00/11,8.755,17.64175,0.4,13.701506
107567,2018-09-02,SJ15/13,79.29,17.64175,0.4,13.701506
107568,2018-09-02,SU01/5B,71.526,17.64175,0.4,13.701506
107569,2018-09-02,SU71/23,32.636,17.64175,0.4,13.701506
107570,2018-09-02,TF81/2A,44.785,17.64175,0.4,13.701506
107571,2018-09-02,SU81/1,40.03,17.64175,0.4,13.701506
107572,2018-09-02,NH95/17,28.993,17.64175,0.4,13.701506
107573,2018-09-02,SK00/41,129.532,17.64175,0.4,13.701506
107574,2018-09-02,SY68/34,65.119,17.64175,0.4,13.701506
107575,2018-09-02,ID30/1,113.38,17.64175,0.4,13.701506
107576,2018-09-02,TR14/9,67.678,17.64175,0.4,13.701506
107577,2018-09-02,ST07/10,55.509,17.64175,0.4,13.701506
107578,2018-09-03,SN00/11,8.727,14.000083,14.299998,10.539755
107579,2018-09-03,SU71/23,32.567,14.000083,14.299998,10.539755
107580,2018-09-03,SY68/34,65.097,14.000083,14.299998,10.539755
107581,2018-09-03,TF81/2A,44.768,14.000083,14.299998,10.539755
107582,2018-09-03,NY63/2,130.261,14.000083,14.299998,10.539755
107583,2018-09-03,TR14/9,67.592,14.000083,14.299998,10.539755
107584,2018-09-03,NH95/17,29.032,14.000083,14.299998,10.539755
107585,2018-09-03,SJ15/13,79.29,14.000083,14.299998,10.539755
107586,2018-09-03,ST07/10,55.25,14.000083,14.299998,10.539755
107587,2018-09-03,TL33/67,79.46,14.000083,14.299998,10.539755
107588,2018-09-03,SU01/5B,71.462,14.000083,14.299998,10.539755
107589,2018-09-03,SU81/1,39.95,14.000083,14.299998,10.539755
107590,2018-09-03,TL33/4,80.02,14.000083,14.299998,10.539755
107591,2018-09-03,ID30/1,113.35,14.000083,14.299998,10.539755
107592,2018-09-03,SK00/41,129.536,14.000083,14.299998,10.539755
107593,2018-09-04,SK00/41,129.53,12.406334,0.0,8.472074
107594,2018-09-04,TF81/2A,44.726,12.406334,0.0,8.472074
107595,2018-09-04,SU01/5B,71.396,12.406334,0.0,8.472074
107596,2018-09-04,SU71/23,32.488,12.406334,0.0,8.472074
107597,2018-09-04,SN00/11,8.685,12.406334,0.0,8.472074
107598,2018-09-04,ID30/1,113.29,12.406334,0.0,8.472074
107599,2018-09-04,TQ25/86,92.86,12.406334,0.0,8.472074
107600,2018-09-04,SP00/62,100.2,12.406334,0.0,8.472074
107601,2018-09-04,SU81/1,39.87,12.406334,0.0,8.472074
107602,2018-09-04,SJ15/13,79.28,12.406334,0.0,8.472074
107603,2018-09-04,TR14/9,67.5,12.406334,0.0,8.472074
107604,2018-09-04,ST07/10,55.01,12.406334,0.0,8.472074
107605,2018-09-04,NH95/17,29.047,12.406334,0.0,8.472074
107606,2018-09-04,NY63/2,130.256,12.406334,0.0,8.472074
107607,2018-09-04,SU17/57,131.46,12.406334,0.0,8.472074
107608,2018-09-04,SY68/34,65.074,12.406334,0.0,8.472074
107609,2018-09-05,NH95/17,29.019,12.4834175,0.3,6.4206457
107610,2018-09-05,ST07/10,54.792,12.4834175,0.3,6.4206457
107611,2018-09-05,SU01/5B,71.334,12.4834175,0.3,6.4206457
107612,2018-09-05,SU81/1,39.84,12.4834175,0.3,6.4206457
107613,2018-09-05,NY63/2,130.252,12.4834175,0.3,6.4206457
107614,2018-09-05,SK00/41,129.532,12.4834175,0.3,6.4206457
107615,2018-09-05,SY68/34,65.051,12.4834175,0.3,6.4206457
107616,2018-09-05,ID30/1,113.26,12.4834175,0.3,6.4206457
107617,2018-09-05,TR14/9,67.414,12.4834175,0.3,6.4206457
107618,2018-09-05,TF81/2A,44.707,12.4834175,0.3,6.4206457
107619,2018-09-05,SU71/23,32.419,12.4834175,0.3,6.4206457
107620,2018-09-05,SJ15/13,79.28,12.4834175,0.3,6.4206457
107621,2018-09-05,SN00/11,8.627,12.4834175,0.3,6.4206457
107622,2018-09-05,SJ62/235,54.22,12.4834175,0.3,6.4206457
107623,2018-09-06,ID30/1,113.21,10.9313345,1.9000002,10.028922
107624,2018-09-06,NH95/17,29.061,10.9313345,1.9000002,10.028922
107625,2018-09-06,ST07/10,54.593,10.9313345,1.9000002,10.028922
107626,2018-09-06,TR14/9,67.346,10.9313345,1.9000002,10.028922
107627,2018-09-06,SK00/41,129.54,10.9313345,1.9000002,10.028922
107628,2018-09-06,SU81/1,39.76,10.9313345,1.9000002,10.028922
107629,2018-09-06,NY63/2,130.264,10.9313345,1.9000002,10.028922
107630,2018-09-06,SN00/11,8.558,10.9313345,1.9000002,10.028922
107631,2018-09-06,SY68/34,65.029,10.9313345,1.9000002,10.028922
107632,2018-09-06,SU71/23,32.35,10.9313345,1.9000002,10.028922
107633,2018-09-06,SJ15/13,79.3,10.9313345,1.9000002,10.028922
107634,2018-09-06,TF81/2A,44.691,10.9313345,1.9000002,10.028922
107635,2018-09-06,SU01/5B,71.277,10.9313345,1.9000002,10.028922
107636,2018-09-07,SY68/34,65.007,10.245917,1.5000001,12.461731
107637,2018-09-07,ID30/1,113.16,10.245917,1.5000001,12.461731
107638,2018-09-07,TF81/2A,44.665,10.245917,1.5000001,12.461731
107639,2018-09-07,NH95/17,29.08,10.245917,1.5000001,12.461731
107640,2018-09-07,SK00/41,129.54,10.245917,1.5000001,12.461731
107641,2018-09-07,SN00/11,8.48,10.245917,1.5000001,12.461731
107642,2018-09-07,TR14/9,67.251,10.245917,1.5000001,12.461731
107643,2018-09-07,SU01/5B,71.217,10.245917,1.5000001,12.461731
107644,2018-09-07,ST07/10,54.393,10.245917,1.5000001,12.461731
107645,2018-09-07,SU71/23,32.281,10.245917,1.5000001,12.461731
107646,2018-09-07,SU81/1,39.69,10.245917,1.5000001,12.461731
107647,2018-09-07,SJ15/13,79.3,10.245917,1.5000001,12.461731
107648,2018-09-07,NY63/2,130.272,10.245917,1.5000001,12.461731
107649,2018-09-08,TR14/9,67.165,12.708416,3.0,8.763332
107650,2018-09-08,SY68/34,64.985,12.708416,3.0,8.763332
107651,2018-09-08,TF81/2A,44.645,12.708416,3.0,8.763332
107652,2018-09-08,SU81/1,39.59,12.708416,3.0,8.763332
107653,2018-09-08,SU71/23,32.202,12.708416,3.0,8.763332
107654,2018-09-08,NH95/17,29.088,12.708416,3.0,8.763332
107655,2018-09-08,ID30/1,113.12,12.708416,3.0,8.763332
107656,2018-09-08,SJ15/13,79.3,12.708416,3.0,8.763332
107657,2018-09-08,SK00/41,129.54,12.708416,3.0,8.763332
107658,2018-09-08,ST07/10,54.212,12.708416,3.0,8.763332
107659,2018-09-08,SU01/5B,71.157,12.708416,3.0,8.763332
107660,2018-09-08,NY63/2,130.254,12.708416,3.0,8.763332
107661,2018-09-08,SN00/11,8.433,12.708416,3.0,8.763332
107662,2018-09-09,SU81/1,39.54,14.258418,4.2999997,16.610306
107663,2018-09-09,SK00/41,129.54,14.258418,4.2999997,16.610306
107664,2018-09-09,TF81/2A,44.622,14.258418,4.2999997,16.610306
107665,2018-09-09,TR14/9,67.071,14.258418,4.2999997,16.610306
107666,2018-09-09,NY63/2,130.256,14.258418,4.2999997,16.610306
107667,2018-09-09,SU01/5B,71.098,14.258418,4.2999997,16.610306
107668,2018-09-09,SN00/11,8.357,14.258418,4.2999997,16.610306
107669,2018-09-09,ID30/1,113.09,14.258418,4.2999997,16.610306
107670,2018-09-09,SY68/34,64.964,14.258418,4.2999997,16.610306
107671,2018-09-09,SJ15/13,79.29,14.258418,4.2999997,16.610306
107672,2018-09-09,SU71/23,32.123,14.258418,4.2999997,16.610306
107673,2018-09-09,NH95/17,29.093,14.258418,4.2999997,16.610306
107674,2018-09-09,ST07/10,54.03,14.258418,4.2999997,16.610306
107675,2018-09-10,SU01/5B,71.041,13.09175,12.599999,15.612326
107676,2018-09-10,TR14/9,66.979,13.09175,12.599999,15.612326
107677,2018-09-10,SU81/1,39.41,13.09175,12.599999,15.612326
107678,2018-09-10,SY68/34,64.939,13.09175,12.599999,15.612326
107679,2018-09-10,SK00/41,129.54,13.09175,12.599999,15.612326
107680,2018-09-10,NY63/2,130.225,13.09175,12.599999,15.612326
107681,2018-09-10,SJ15/13,79.28,13.09175,12.599999,15.612326
107682,2018-09-10,NH95/17,29.077,13.09175,12.599999,15.612326
107683,2018-09-10,SU71/23,32.064,13.09175,12.599999,15.612326
107684,2018-09-10,ID30/1,113.11,13.09175,12.599999,15.612326
107685,2018-09-10,TF81/2A,44.604,13.09175,12.599999,15.612326
107686,2018-09-10,SN00/11,8.295,13.09175,12.599999,15.612326
107687,2018-09-10,ST07/10,53.876,13.09175,12.599999,15.612326
107688,2018-09-11,SJ15/13,79.28,13.477169,11.400001,18.141048
107689,2018-09-11,SU17/57,131.18,13.477169,11.400001,18.141048
107690,2018-09-11,SU71/23,32.025,13.477169,11.400001,18.141048
107691,2018-09-11,TL33/67,79.21,13.477169,11.400001,18.141048
107692,2018-09-11,ID30/1,113.22,13.477169,11.400001,18.141048
107693,2018-09-11,SK00/41,129.54,13.477169,11.400001,18.141048
107694,2018-09-11,TR14/9,66.904,13.477169,11.400001,18.141048
107695,2018-09-11,SU01/5B,70.993,13.477169,11.400001,18.141048
107696,2018-09-11,SN00/11,8.249,13.477169,11.400001,18.141048
107697,2018-09-11,SY68/34,64.913,13.477169,11.400001,18.141048
107698,2018-09-11,TQ25/86,92.32,13.477169,11.400001,18.141048
107699,2018-09-11,SU81/1,39.35,13.477169,11.400001,18.141048
107700,2018-09-11,TF81/2A,44.581,13.477169,11.400001,18.141048
107701,2018-09-11,NY63/2,130.259,13.477169,11.400001,18.141048
107702,2018-09-11,ST07/10,53.732,13.477169,11.400001,18.141048
107703,2018-09-11,SP00/62,100.17,13.477169,11.400001,18.141048
107704,2018-09-11,NH95/17,29.082,13.477169,11.400001,18.141048
107705,2018-09-12,SN00/11,8.196,11.645919,1.2000002,12.835474
107706,2018-09-12,SU71/23,32.026,11.645919,1.2000002,12.835474
107707,2018-09-12,NY63/2,130.231,11.645919,1.2000002,12.835474
107708,2018-09-12,ID30/1,113.17,11.645919,1.2000002,12.835474
107709,2018-09-12,TF81/2A,44.556,11.645919,1.2000002,12.835474
107710,2018-09-12,NO20/14,36.094,11.645919,1.2000002,12.835474
107711,2018-09-12,SY68/34,64.888,11.645919,1.2000002,12.835474
107712,2018-09-12,ST07/10,53.596,11.645919,1.2000002,12.835474
107713,2018-09-12,SU01/5B,70.939,11.645919,1.2000002,12.835474
107714,2018-09-12,SJ15/13,79.26,11.645919,1.2000002,12.835474
107715,2018-09-12,SK00/41,129.534,11.645919,1.2000002,12.835474
107716,2018-09-12,TR14/9,66.806,11.645919,1.2000002,12.835474
107717,2018-09-12,SU81/1,39.3,11.645919,1.2000002,12.835474
107718,2018-09-12,NH95/17,29.07,11.645919,1.2000002,12.835474
107719,2018-09-13,SN00/11,8.143,11.987584,1.7000003,13.896872
107720,2018-09-13,NH95/17,29.071,11.987584,1.7000003,13.896872
107721,2018-09-13,TR14/9,66.718,11.987584,1.7000003,13.896872
107722,2018-09-13,SK00/41,129.53,11.987584,1.7000003,13.896872
107723,2018-09-13,SJ15/13,79.27,11.987584,1.7000003,13.896872
107724,2018-09-13,ID30/1,113.17,11.987584,1.7000003,13.896872
107725,2018-09-13,SU01/5B,70.89,11.987584,1.7000003,13.896872
107726,2018-09-13,SY68/34,64.868,11.987584,1.7000003,13.896872
107727,2018-09-13,SU81/1,39.26,11.987584,1.7000003,13.896872
107728,2018-09-13,ST07/10,53.472,11.987584,1.7000003,13.896872
107729,2018-09-13,TF81/2A,44.536,11.987584,1.7000003,13.896872
107730,2018-09-13,NO20/14,36.097,11.987584,1.7000003,13.896872
107731,2018-09-13,NY63/2,130.224,11.987584,1.7000003,13.896872
107732,2018-09-13,SU71/23,32.017,11.987584,1.7000003,13.896872
107733,2018-09-14,NO20/14,36.093,12.20425,7.6999993,14.257243
107734,2018-09-14,SN00/11,8.09,12.20425,7.6999993,14.257243
107735,2018-09-14,SU71/23,31.998,12.20425,7.6999993,14.257243
107736,2018-09-14,TF81/2A,44.516,12.20425,7.6999993,14.257243
107737,2018-09-14,SJ15/13,79.27,12.20425,7.6999993,14.257243
107738,2018-09-14,SY68/34,64.851,12.20425,7.6999993,14.257243
107739,2018-09-14,TR14/9,66.633,12.20425,7.6999993,14.257243
107740,2018-09-14,ST07/10,53.358,12.20425,7.6999993,14.257243
107741,2018-09-14,ID30/1,113.12,12.20425,7.6999993,14.257243
107742,2018-09-14,SU01/5B,70.845,12.20425,7.6999993,14.257243
107743,2018-09-14,NH95/17,29.086,12.20425,7.6999993,14.257243
107744,2018-09-14,SK00/41,129.53,12.20425,7.6999993,14.257243
107745,2018-09-14,SU81/1,39.18,12.20425,7.6999993,14.257243
107746,2018-09-14,NY63/2,130.235,12.20425,7.6999993,14.257243
107747,2018-09-15,ID30/1,113.11,11.475082,0.6,9.941885
107748,2018-09-15,SU71/23,31.979,11.475082,0.6,9.941885
107749,2018-09-15,SN00/11,8.036,11.475082,0.6,9.941885
107750,2018-09-15,NH95/17,29.063,11.475082,0.6,9.941885
107751,2018-09-15,SJ15/13,79.26,11.475082,0.6,9.941885
107752,2018-09-15,SY68/34,64.829,11.475082,0.6,9.941885
107753,2018-09-15,TF81/2A,44.494,11.475082,0.6,9.941885
107754,2018-09-15,ST07/10,53.244,11.475082,0.6,9.941885
107755,2018-09-15,SU01/5B,70.794,11.475082,0.6,9.941885
107756,2018-09-15,NO20/14,36.081,11.475082,0.6,9.941885
107757,2018-09-15,NY63/2,130.217,11.475082,0.6,9.941885
107758,2018-09-15,SK00/41,129.53,11.475082,0.6,9.941885
107759,2018-09-15,SU81/1,39.13,11.475082,0.6,9.941885
107760,2018-09-15,TR14/9,66.537,11.475082,0.6,9.941885
107761,2018-09-16,TF81/2A,44.476,14.285501,5.8,17.678816
107762,2018-09-16,NH95/17,29.078,14.285501,5.8,17.678816
107763,2018-09-16,ST07/10,53.205,14.285501,5.8,17.678816
107764,2018-09-16,SU01/5B,70.748,14.285501,5.8,17.678816
107765,2018-09-16,SY68/34,64.806,14.285501,5.8,17.678816
107766,2018-09-16,SK00/41,129.53,14.285501,5.8,17.678816
107767,2018-09-16,SU81/1,39.02,14.285501,5.8,17.678816
107768,2018-09-16,TR14/9,66.45,14.285501,5.8,17.678816
107769,2018-09-16,ID30/1,113.13,14.285501,5.8,17.678816
107770,2018-09-16,NY63/2,130.235,14.285501,5.8,17.678816
107771,2018-09-16,SJ15/13,79.28,14.285501,5.8,17.678816
107772,2018-09-16,SN00/11,8.002,14.285501,5.8,17.678816
107773,2018-09-16,NO20/14,36.109,14.285501,5.8,17.678816
107774,2018-09-16,SU71/23,31.94,14.285501,5.8,17.678816
107775,2018-09-17,TF81/2A,44.463,15.168832,1.1,15.756964
107776,2018-09-17,SU71/23,31.891,15.168832,1.1,15.756964
107777,2018-09-17,SY68/34,64.784,15.168832,1.1,15.756964
107778,2018-09-17,NH95/17,29.077,15.168832,1.1,15.756964
107779,2018-09-17,ST07/10,53.168,15.168832,1.1,15.756964
107780,2018-09-17,SN00/11,7.973,15.168832,1.1,15.756964
107781,2018-09-17,TM15/112,25.35,15.168832,1.1,15.756964
107782,2018-09-17,ID30/1,113.09,15.168832,1.1,15.756964
107783,2018-09-17,TR14/9,66.386,15.168832,1.1,15.756964
107784,2018-09-17,TL33/4,79.475,15.168832,1.1,15.756964
107785,2018-09-17,SU01/5B,70.706,15.168832,1.1,15.756964
107786,2018-09-17,SK00/41,129.539,15.168832,1.1,15.756964
107787,2018-09-17,SU81/1,38.99,15.168832,1.1,15.756964
107788,2018-09-17,SJ15/13,79.29,15.168832,1.1,15.756964
107789,2018-09-17,NO20/14,36.103,15.168832,1.1,15.756964
107790,2018-09-17,NY63/2,130.226,15.168832,1.1,15.756964
107791,2018-09-18,ST07/10,53.165,15.9313345,5.9999986,21.065638
107792,2018-09-18,SU01/5B,70.657,15.9313345,5.9999986,21.065638
107793,2018-09-18,SK00/41,129.54,15.9313345,5.9999986,21.065638
107794,2018-09-18,SU81/1,38.91,15.9313345,5.9999986,21.065638
107795,2018-09-18,TL33/67,78.74,15.9313345,5.9999986,21.065638
107796,2018-09-18,NO20/14,36.104,15.9313345,5.9999986,21.065638
107797,2018-09-18,TR14/9,66.3,15.9313345,5.9999986,21.065638
107798,2018-09-18,SN00/11,7.945,15.9313345,5.9999986,21.065638
107799,2018-09-18,SP00/62,100.12,15.9313345,5.9999986,21.065638
107800,2018-09-18,NH95/17,29.092,15.9313345,5.9999986,21.065638
107801,2018-09-18,SU71/23,31.852,15.9313345,5.9999986,21.065638
107802,2018-09-18,SY68/34,64.762,15.9313345,5.9999986,21.065638
107803,2018-09-18,SU17/57,130.91,15.9313345,5.9999986,21.065638
107804,2018-09-18,TQ25/86,91.79,15.9313345,5.9999986,21.065638
107805,2018-09-18,TF81/2A,44.437,15.9313345,5.9999986,21.065638
107806,2018-09-18,NY63/2,130.26,15.9313345,5.9999986,21.065638
107807,2018-09-18,ID30/1,113.12,15.9313345,5.9999986,21.065638
107808,2018-09-18,SJ15/13,79.3,15.9313345,5.9999986,21.065638
107809,2018-09-19,SJ15/13,79.28,13.34175,3.7000003,27.347374
107810,2018-09-19,NY63/2,130.221,13.34175,3.7000003,27.347374
107811,2018-09-19,SU71/23,31.813,13.34175,3.7000003,27.347374
107812,2018-09-19,NH95/17,29.12,13.34175,3.7000003,27.347374
107813,2018-09-19,TR14/9,66.205,13.34175,3.7000003,27.347374
107814,2018-09-19,NO20/14,36.086,13.34175,3.7000003,27.347374
107815,2018-09-19,ST07/10,52.987,13.34175,3.7000003,27.347374
107816,2018-09-19,TF81/2A,44.415,13.34175,3.7000003,27.347374
107817,2018-09-19,ID30/1,113.18,13.34175,3.7000003,27.347374
107818,2018-09-19,SK00/41,129.54,13.34175,3.7000003,27.347374
107819,2018-09-19,SN00/11,7.938,13.34175,3.7000003,27.347374
107820,2018-09-19,SY68/34,64.74,13.34175,3.7000003,27.347374
107821,2018-09-19,SU81/1,38.84,13.34175,3.7000003,27.347374
107822,2018-09-19,SU01/5B,70.603,13.34175,3.7000003,27.347374
107823,2018-09-20,TA10/63,15.23,11.245917,12.700001,12.923581
107824,2018-09-20,SU81/1,38.81,11.245917,12.700001,12.923581
107825,2018-09-20,NY63/2,130.206,11.245917,12.700001,12.923581
107826,2018-09-20,SU01/5B,70.56,11.245917,12.700001,12.923581
107827,2018-09-20,ST07/10,53.734,11.245917,12.700001,12.923581
107828,2018-09-20,NO20/14,36.076,11.245917,12.700001,12.923581
107829,2018-09-20,SY68/34,64.72,11.245917,12.700001,12.923581
107830,2018-09-20,TR14/9,66.14,11.245917,12.700001,12.923581
107831,2018-09-20,TF81/2A,44.412,11.245917,12.700001,12.923581
107832,2018-09-20,NH95/17,29.115,11.245917,12.700001,12.923581
107833,2018-09-20,SN00/11,8.138,11.245917,12.700001,12.923581
107834,2018-09-20,SK00/41,129.547,11.245917,12.700001,12.923581
107835,2018-09-20,ID30/1,113.21,11.245917,12.700001,12.923581
107836,2018-09-20,SJ15/13,79.29,11.245917,12.700001,12.923581
107837,2018-09-20,SU71/23,31.774,11.245917,12.700001,12.923581
107838,2018-09-21,SN00/11,8.393,9.073001,14.6,20.147606
107839,2018-09-21,SU71/23,31.735,9.073001,14.6,20.147606
107840,2018-09-21,NY63/2,130.306,9.073001,14.6,20.147606
107841,2018-09-21,ID30/1,113.28,9.073001,14.6,20.147606
107842,2018-09-21,ST07/10,55.348,9.073001,14.6,20.147606
107843,2018-09-21,SY68/34,64.708,9.073001,14.6,20.147606
107844,2018-09-21,TR14/9,66.04,9.073001,14.6,20.147606
107845,2018-09-21,SJ15/13,79.3,9.073001,14.6,20.147606
107846,2018-09-21,SU81/1,38.72,9.073001,14.6,20.147606
107847,2018-09-21,SK00/41,129.547,9.073001,14.6,20.147606
107848,2018-09-21,NH95/17,29.115,9.073001,14.6,20.147606
107849,2018-09-21,NO20/14,36.074,9.073001,14.6,20.147606
107850,2018-09-21,TF81/2A,44.37,9.073001,14.6,20.147606
107851,2018-09-21,SU01/5B,70.504,9.073001,14.6,20.147606
107852,2018-09-22,SK00/41,129.54,9.018835,0.5,12.36607
107853,2018-09-22,SU71/23,31.696,9.018835,0.5,12.36607
107854,2018-09-22,ID30/1,113.29,9.018835,0.5,12.36607
107855,2018-09-22,NO20/14,36.039,9.018835,0.5,12.36607
107856,2018-09-22,TF81/2A,44.35,9.018835,0.5,12.36607
107857,2018-09-22,SY68/34,64.701,9.018835,0.5,12.36607
107858,2018-09-22,SU01/5B,70.454,9.018835,0.5,12.36607
107859,2018-09-22,NY63/2,130.227,9.018835,0.5,12.36607
107860,2018-09-22,SN00/11,8.783,9.018835,0.5,12.36607
107861,2018-09-22,TR14/9,65.982,9.018835,0.5,12.36607
107862,2018-09-22,NH95/17,29.106,9.018835,0.5,12.36607
107863,2018-09-22,SU81/1,38.63,9.018835,0.5,12.36607
107864,2018-09-22,ST07/10,59.483,9.018835,0.5,12.36607
107865,2018-09-22,SJ15/13,79.27,9.018835,0.5,12.36607
107866,2018-09-23,SY68/34,64.72,7.706333,0.5,10.065206
107867,2018-09-23,TF81/2A,44.318,7.706333,0.5,10.065206
107868,2018-09-23,SU01/5B,70.395,7.706333,0.5,10.065206
107869,2018-09-23,SU71/23,31.657,7.706333,0.5,10.065206
107870,2018-09-23,ST07/10,62.855,7.706333,0.5,10.065206
107871,2018-09-23,SK00/41,129.532,7.706333,0.5,10.065206
107872,2018-09-23,SU81/1,38.62,7.706333,0.5,10.065206
107873,2018-09-23,SN00/11,9.154,7.706333,0.5,10.065206
107874,2018-09-23,SJ15/13,79.26,7.706333,0.5,10.065206
107875,2018-09-23,NO20/14,36.026,7.706333,0.5,10.065206
107876,2018-09-23,ID30/1,113.24,7.706333,0.5,10.065206
107877,2018-09-23,TR14/9,65.897,7.706333,0.5,10.065206
107878,2018-09-23,NY63/2,130.223,7.706333,0.5,10.065206
107879,2018-09-23,NH95/17,29.087,7.706333,0.5,10.065206
107880,2018-09-24,SN00/11,9.415,8.148,0.6,9.398191
107881,2018-09-24,NY63/2,130.167,8.148,0.6,9.398191
107882,2018-09-24,SU71/23,31.619,8.148,0.6,9.398191
107883,2018-09-24,NH95/17,29.078,8.148,0.6,9.398191
107884,2018-09-24,SY68/34,64.705,8.148,0.6,9.398191
107885,2018-09-24,SU81/1,38.53,8.148,0.6,9.398191
107886,2018-09-24,ST07/10,63.964,8.148,0.6,9.398191
107887,2018-09-24,NO20/14,36.007,8.148,0.6,9.398191
107888,2018-09-24,TR14/9,65.797,8.148,0.6,9.398191
107889,2018-09-24,ID30/1,113.26,8.148,0.6,9.398191
107890,2018-09-24,SU01/5B,70.335,8.148,0.6,9.398191
107891,2018-09-24,SK00/41,129.517,8.148,0.6,9.398191
107892,2018-09-24,TF81/2A,44.294,8.148,0.6,9.398191
107893,2018-09-24,SJ15/13,79.22,8.148,0.6,9.398191
107894,2018-09-25,SE95/6,19.13,10.327167,0.3,17.090858
107895,2018-09-25,SP00/62,100.14,10.327167,0.3,17.090858
107896,2018-09-25,NH95/17,29.094,10.327167,0.3,17.090858
107897,2018-09-25,SU81/1,38.45,10.327167,0.3,17.090858
107898,2018-09-25,SU01/5B,70.296,10.327167,0.3,17.090858
107899,2018-09-25,ST07/10,64.065,10.327167,0.3,17.090858
107900,2018-09-25,SJ15/13,79.24,10.327167,0.3,17.090858
107901,2018-09-25,SE94/5,14.64,10.327167,0.3,17.090858
107902,2018-09-25,NY63/2,130.17,10.327167,0.3,17.090858
107903,2018-09-25,SY68/34,64.682,10.327167,0.3,17.090858
107904,2018-09-25,SK00/41,129.51,10.327167,0.3,17.090858
107905,2018-09-25,ID30/1,113.34,10.327167,0.3,17.090858
107906,2018-09-25,SN00/11,9.562,10.327167,0.3,17.090858
107907,2018-09-25,TR14/9,65.707,10.327167,0.3,17.090858
107908,2018-09-25,TL33/67,78.58,10.327167,0.3,17.090858
107909,2018-09-25,SU17/57,130.67,10.327167,0.3,17.090858
107910,2018-09-25,TF81/2A,44.278,10.327167,0.3,17.090858
107911,2018-09-25,TQ25/86,91.31,10.327167,0.3,17.090858
107912,2018-09-25,NO20/14,36.031,10.327167,0.3,17.090858
107913,2018-09-25,SU71/23,31.58,10.327167,0.3,17.090858
107914,2018-09-26,SJ15/13,79.25,15.410499,1.5000001,15.046358
107915,2018-09-26,NO20/14,36.023,15.410499,1.5000001,15.046358
107916,2018-09-26,TR14/9,65.629,15.410499,1.5000001,15.046358
107917,2018-09-26,TF81/2A,44.26,15.410499,1.5000001,15.046358
107918,2018-09-26,SU01/5B,70.26,15.410499,1.5000001,15.046358
107919,2018-09-26,SK00/41,129.51,15.410499,1.5000001,15.046358
107920,2018-09-26,TV59/7C,1.34,15.410499,1.5000001,15.046358
107921,2018-09-26,ST07/10,63.735,15.410499,1.5000001,15.046358
107922,2018-09-26,SN00/11,9.62,15.410499,1.5000001,15.046358
107923,2018-09-26,SU71/23,31.53,15.410499,1.5000001,15.046358
107924,2018-09-26,NY63/2,130.206,15.410499,1.5000001,15.046358
107925,2018-09-26,SY68/34,64.661,15.410499,1.5000001,15.046358
107926,2018-09-26,ID30/1,113.44,15.410499,1.5000001,15.046358
107927,2018-09-26,NH95/17,29.085,15.410499,1.5000001,15.046358
107928,2018-09-26,SU81/1,38.46,15.410499,1.5000001,15.046358
107929,2018-09-27,TR14/9,65.568,13.729251,0.2,14.55232
107930,2018-09-27,TF81/2A,44.241,13.729251,0.2,14.55232
107931,2018-09-27,SU71/23,31.49,13.729251,0.2,14.55232
107932,2018-09-27,NY63/2,130.19,13.729251,0.2,14.55232
107933,2018-09-27,SY68/34,64.639,13.729251,0.2,14.55232
107934,2018-09-27,SN00/11,9.624,13.729251,0.2,14.55232
107935,2018-09-27,NO20/14,36.009,13.729251,0.2,14.55232
107936,2018-09-27,SU81/1,38.44,13.729251,0.2,14.55232
107937,2018-09-27,ST07/10,63.279,13.729251,0.2,14.55232
107938,2018-09-27,SK00/41,129.51,13.729251,0.2,14.55232
107939,2018-09-27,SJ15/13,79.26,13.729251,0.2,14.55232
107940,2018-09-27,ID30/1,113.36,13.729251,0.2,14.55232
107941,2018-09-27,SU01/5B,70.224,13.729251,0.2,14.55232
107942,2018-09-27,NH95/17,29.07,13.729251,0.2,14.55232
107943,2018-09-28,TR14/9,65.305,7.5167503,0.0,6.3016253
107944,2018-09-28,SU81/1,38.39,7.5167503,0.0,6.3016253
107945,2018-09-28,SN00/11,9.584,7.5167503,0.0,6.3016253
107946,2018-09-28,SK00/41,129.502,7.5167503,0.0,6.3016253
107947,2018-09-28,NY63/2,130.175,7.5167503,0.0,6.3016253
107948,2018-09-28,TL44/12,36.39,7.5167503,0.0,6.3016253
107949,2018-09-28,TF81/2A,44.217,7.5167503,0.0,6.3016253
107950,2018-09-28,ID30/1,113.28,7.5167503,0.0,6.3016253
107951,2018-09-28,SU71/23,31.45,7.5167503,0.0,6.3016253
107952,2018-09-28,SU01/5B,70.178,7.5167503,0.0,6.3016253
107953,2018-09-28,NH95/17,29.082,7.5167503,0.0,6.3016253
107954,2018-09-28,ST07/10,62.646,7.5167503,0.0,6.3016253
107955,2018-09-28,NO20/14,35.989,7.5167503,0.0,6.3016253
107956,2018-09-28,SJ15/13,79.24,7.5167503,0.0,6.3016253
107957,2018-09-28,SY68/34,64.618,7.5167503,0.0,6.3016253
107958,2018-09-29,ST07/10,62.085,9.250084,0.0,10.957499
107959,2018-09-29,TF81/2A,44.205,9.250084,0.0,10.957499
107960,2018-09-29,NY63/2,130.172,9.250084,0.0,10.957499
107961,2018-09-29,SU01/5B,70.142,9.250084,0.0,10.957499
107962,2018-09-29,SJ15/13,79.26,9.250084,0.0,10.957499
107963,2018-09-29,ID30/1,113.23,9.250084,0.0,10.957499
107964,2018-09-29,SN00/11,9.543,9.250084,0.0,10.957499
107965,2018-09-29,SK00/41,129.505,9.250084,0.0,10.957499
107966,2018-09-29,SU81/1,38.35,9.250084,0.0,10.957499
107967,2018-09-29,NH95/17,29.123,9.250084,0.0,10.957499
107968,2018-09-29,SY68/34,64.599,9.250084,0.0,10.957499
107969,2018-09-29,NO20/14,36.018,9.250084,0.0,10.957499
107970,2018-09-29,SU71/23,31.42,9.250084,0.0,10.957499
107971,2018-09-30,SN00/11,9.466,9.362584,1.3,16.465214
107972,2018-09-30,SY68/34,64.579,9.362584,1.3,16.465214
107973,2018-09-30,NH95/17,29.121,9.362584,1.3,16.465214
107974,2018-09-30,ID30/1,113.2,9.362584,1.3,16.465214
107975,2018-09-30,TF81/2A,44.186,9.362584,1.3,16.465214
107976,2018-09-30,SU71/23,31.38,9.362584,1.3,16.465214
107977,2018-09-30,NY63/2,130.214,9.362584,1.3,16.465214
107978,2018-09-30,SU81/1,38.27,9.362584,1.3,16.465214
107979,2018-09-30,SP00/62,100.11,9.362584,1.3,16.465214
107980,2018-09-30,TQ25/86,91.2,9.362584,1.3,16.465214
107981,2018-09-30,SU17/57,130.51,9.362584,1.3,16.465214
107982,2018-09-30,TL33/67,78.54,9.362584,1.3,16.465214
107983,2018-09-30,NO20/14,36.006,9.362584,1.3,16.465214
107984,2018-09-30,SU01/5B,70.111,9.362584,1.3,16.465214
107985,2018-09-30,SJ15/13,79.27,9.362584,1.3,16.465214
107986,2018-09-30,TF03/37,12.005,9.362584,1.3,16.465214
107987,2018-09-30,SK00/41,129.51,9.362584,1.3,16.465214
107988,2018-09-30,ST07/10,61.504,9.362584,1.3,16.465214
107989,2018-10-01,SN00/11,9.382,7.31675,3.4,9.2730465
107990,2018-10-01,SK00/41,129.506,7.31675,3.4,9.2730465
107991,2018-10-01,NH95/17,29.109,7.31675,3.4,9.2730465
107992,2018-10-01,SY68/34,64.56,7.31675,3.4,9.2730465
107993,2018-10-01,TR14/9,65.224,7.31675,3.4,9.2730465
107994,2018-10-01,TF81/2A,44.162,7.31675,3.4,9.2730465
107995,2018-10-01,ID30/1,113.17,7.31675,3.4,9.2730465
107996,2018-10-01,SU01/5B,70.071,7.31675,3.4,9.2730465
107997,2018-10-01,SJ15/13,79.25,7.31675,3.4,9.2730465
107998,2018-10-01,NO20/14,35.992,7.31675,3.4,9.2730465
107999,2018-10-01,SU71/23,31.34,7.31675,3.4,9.2730465
108000,2018-10-01,ST07/10,61.042,7.31675,3.4,9.2730465
108001,2018-10-01,NY63/2,130.171,7.31675,3.4,9.2730465
108002,2018-10-01,SU81/1,38.22,7.31675,3.4,9.2730465
108003,2018-10-02,TL33/4,78.99,11.268834,0.9,22.263306
108004,2018-10-02,SY68/34,64.541,11.268834,0.9,22.263306
108005,2018-10-02,TL33/67,78.23,11.268834,0.9,22.263306
108006,2018-10-02,SU81/1,38.14,11.268834,0.9,22.263306
108007,2018-10-02,SU17/57,130.46,11.268834,0.9,22.263306
108008,2018-10-02,SU01/5B,70.04,11.268834,0.9,22.263306
108009,2018-10-02,ST07/10,60.516,11.268834,0.9,22.263306
108010,2018-10-02,SN00/11,9.289,11.268834,0.9,22.263306
108011,2018-10-02,SK00/41,129.508,11.268834,0.9,22.263306
108012,2018-10-02,TR14/9,65.143,11.268834,0.9,22.263306
108013,2018-10-02,NO20/14,35.989,11.268834,0.9,22.263306
108014,2018-10-02,SJ15/13,79.26,11.268834,0.9,22.263306
108015,2018-10-02,TQ25/86,90.57,11.268834,0.9,22.263306
108016,2018-10-02,NY63/2,130.21,11.268834,0.9,22.263306
108017,2018-10-02,SP00/62,100.1,11.268834,0.9,22.263306
108018,2018-10-02,SU71/23,31.301,11.268834,0.9,22.263306
108019,2018-10-02,ID30/1,113.17,11.268834,0.9,22.263306
108020,2018-10-02,NH95/17,29.121,11.268834,0.9,22.263306
108021,2018-10-02,TF81/2A,44.144,11.268834,0.9,22.263306
108022,2018-10-03,SY68/34,64.522,11.673001,1.4000001,11.27272
108023,2018-10-03,NY63/2,130.161,11.673001,1.4000001,11.27272
108024,2018-10-03,SN00/11,9.193,11.673001,1.4000001,11.27272
108025,2018-10-03,SU81/1,38.09,11.673001,1.4000001,11.27272
108026,2018-10-03,NO20/14,35.967,11.673001,1.4000001,11.27272
108027,2018-10-03,SJ15/13,79.24,11.673001,1.4000001,11.27272
108028,2018-10-03,ST07/10,60.048,11.673001,1.4000001,11.27272
108029,2018-10-03,SU01/5B,70.015,11.673001,1.4000001,11.27272
108030,2018-10-03,TR14/9,65.044,11.673001,1.4000001,11.27272
108031,2018-10-03,NH95/17,29.117,11.673001,1.4000001,11.27272
108032,2018-10-03,SU71/23,31.286,11.673001,1.4000001,11.27272
108033,2018-10-03,ID30/1,113.16,11.673001,1.4000001,11.27272
108034,2018-10-03,SK00/41,129.5,11.673001,1.4000001,11.27272
108035,2018-10-03,TF81/2A,44.121,11.673001,1.4000001,11.27272
108036,2018-10-04,NY63/2,130.165,13.252166,4.7,11.109605
108037,2018-10-04,SN00/11,9.118,13.252166,4.7,11.109605
108038,2018-10-04,ID30/1,113.17,13.252166,4.7,11.109605
108039,2018-10-04,ST07/10,59.671,13.252166,4.7,11.109605
108040,2018-10-04,SK00/41,129.5,13.252166,4.7,11.109605
108041,2018-10-04,TR14/9,64.963,13.252166,4.7,11.109605
108042,2018-10-04,NO20/14,35.973,13.252166,4.7,11.109605
108043,2018-10-04,SU71/23,31.262,13.252166,4.7,11.109605
108044,2018-10-04,TF81/2A,44.105,13.252166,4.7,11.109605
108045,2018-10-04,SY68/34,64.503,13.252166,4.7,11.109605
108046,2018-10-04,NH95/17,29.121,13.252166,4.7,11.109605
108047,2018-10-04,SJ15/13,79.25,13.252166,4.7,11.109605
108048,2018-10-04,SU81/1,38.05,13.252166,4.7,11.109605
108049,2018-10-04,SU01/5B,70.001,13.252166,4.7,11.109605
108050,2018-10-05,SN00/11,9.036,9.414668,9.1,7.4234524
108051,2018-10-05,SU81/1,37.98,9.414668,9.1,7.4234524
108052,2018-10-05,NH95/17,29.18,9.414668,9.1,7.4234524
108053,2018-10-05,NY63/2,130.179,9.414668,9.1,7.4234524
108054,2018-10-05,TR14/9,64.901,9.414668,9.1,7.4234524
108055,2018-10-05,SK00/41,129.508,9.414668,9.1,7.4234524
108056,2018-10-05,TF81/2A,44.091,9.414668,9.1,7.4234524
108057,2018-10-05,SU71/23,31.239,9.414668,9.1,7.4234524
108058,2018-10-05,ID30/1,113.12,9.414668,9.1,7.4234524
108059,2018-10-05,SU01/5B,69.994,9.414668,9.1,7.4234524
108060,2018-10-05,SY68/34,64.484,9.414668,9.1,7.4234524
108061,2018-10-05,SJ15/13,79.27,9.414668,9.1,7.4234524
108062,2018-10-05,NO20/14,35.963,9.414668,9.1,7.4234524
108063,2018-10-05,ST07/10,59.295,9.414668,9.1,7.4234524
108064,2018-10-06,ST07/10,58.97,6.9250846,0.0,8.466314
108065,2018-10-06,ID30/1,113.1,6.9250846,0.0,8.466314
108066,2018-10-06,NH95/17,29.077,6.9250846,0.0,8.466314
108067,2018-10-06,SU81/1,37.94,6.9250846,0.0,8.466314
108068,2018-10-06,SJ15/13,79.26,6.9250846,0.0,8.466314
108069,2018-10-06,NO20/14,35.954,6.9250846,0.0,8.466314
108070,2018-10-06,SK00/41,129.51,6.9250846,0.0,8.466314
108071,2018-10-06,SN00/11,8.949,6.9250846,0.0,8.466314
108072,2018-10-06,NY63/2,130.194,6.9250846,0.0,8.466314
108073,2018-10-06,TF81/2A,44.066,6.9250846,0.0,8.466314
108074,2018-10-06,SU71/23,31.224,6.9250846,0.0,8.466314
108075,2018-10-06,SU01/5B,69.971,6.9250846,0.0,8.466314
108076,2018-10-06,SY68/34,64.465,6.9250846,0.0,8.466314
108077,2018-10-06,TR14/9,64.828,6.9250846,0.0,8.466314
108078,2018-10-07,SU81/1,37.87,8.333417,1.8000002,16.157745
108079,2018-10-07,SY68/34,64.448,8.333417,1.8000002,16.157745
108080,2018-10-07,TF81/2A,44.045,8.333417,1.8000002,16.157745
108081,2018-10-07,ST07/10,58.651,8.333417,1.8000002,16.157745
108082,2018-10-07,SN00/11,8.872,8.333417,1.8000002,16.157745
108083,2018-10-07,SJ15/13,79.24,8.333417,1.8000002,16.157745
108084,2018-10-07,ID30/1,113.13,8.333417,1.8000002,16.157745
108085,2018-10-07,NH95/17,29.116,8.333417,1.8000002,16.157745
108086,2018-10-07,SU71/23,31.2,8.333417,1.8000002,16.157745
108087,2018-10-07,SU01/5B,69.938,8.333417,1.8000002,16.157745
108088,2018-10-07,NY63/2,130.156,8.333417,1.8000002,16.157745
108089,2018-10-07,NO20/14,35.964,8.333417,1.8000002,16.157745
108090,2018-10-07,SK00/41,129.501,8.333417,1.8000002,16.157745
108091,2018-10-07,TR14/9,64.736,8.333417,1.8000002,16.157745
108092,2018-10-08,TF81/2A,44.027,13.248001,3.1000001,19.410135
108093,2018-10-08,SU71/23,31.177,13.248001,3.1000001,19.410135
108094,2018-10-08,NY63/2,130.178,13.248001,3.1000001,19.410135
108095,2018-10-08,SK00/41,129.5,13.248001,3.1000001,19.410135
108096,2018-10-08,SJ15/13,79.25,13.248001,3.1000001,19.410135
108097,2018-10-08,SU01/5B,69.922,13.248001,3.1000001,19.410135
108098,2018-10-08,SN00/11,8.803,13.248001,3.1000001,19.410135
108099,2018-10-08,TR14/9,64.652,13.248001,3.1000001,19.410135
108100,2018-10-08,NO20/14,35.965,13.248001,3.1000001,19.410135
108101,2018-10-08,SU81/1,37.78,13.248001,3.1000001,19.410135
108102,2018-10-08,ST07/10,58.427,13.248001,3.1000001,19.410135
108103,2018-10-08,ID30/1,113.2,13.248001,3.1000001,19.410135
108104,2018-10-08,NH95/17,29.116,13.248001,3.1000001,19.410135
108105,2018-10-08,SY68/34,64.431,13.248001,3.1000001,19.410135
108106,2018-10-09,SJ15/13,79.25,13.137584,0.4,21.826591
108107,2018-10-09,SY68/34,64.415,13.137584,0.4,21.826591
108108,2018-10-09,TQ25/86,90.04,13.137584,0.4,21.826591
108109,2018-10-09,TL33/67,77.99,13.137584,0.4,21.826591
108110,2018-10-09,SU71/23,31.162,13.137584,0.4,21.826591
108111,2018-10-09,SK00/41,129.5,13.137584,0.4,21.826591
108112,2018-10-09,NY63/2,130.171,13.137584,0.4,21.826591
108113,2018-10-09,TF81/2A,44.007,13.137584,0.4,21.826591
108114,2018-10-09,SN00/11,8.726,13.137584,0.4,21.826591
108115,2018-10-09,ID30/1,113.22,13.137584,0.4,21.826591
108116,2018-10-09,SP00/62,100.06,13.137584,0.4,21.826591
108117,2018-10-09,SU81/1,37.73,13.137584,0.4,21.826591
108118,2018-10-09,NH95/17,29.118,13.137584,0.4,21.826591
108119,2018-10-09,SU01/5B,69.898,13.137584,0.4,21.826591
108120,2018-10-09,SU17/57,130.27,13.137584,0.4,21.826591
108121,2018-10-09,TR14/9,64.575,13.137584,0.4,21.826591
108122,2018-10-09,ST07/10,58.144,13.137584,0.4,21.826591
108123,2018-10-10,SK00/41,129.506,14.5459175,0.0,15.486194
108124,2018-10-10,SU71/23,31.138,14.5459175,0.0,15.486194
108125,2018-10-10,ID30/1,113.21,14.5459175,0.0,15.486194
108126,2018-10-10,NH95/17,29.1,14.5459175,0.0,15.486194
108127,2018-10-10,SU01/5B,69.881,14.5459175,0.0,15.486194
108128,2018-10-10,TF81/2A,43.995,14.5459175,0.0,15.486194
108129,2018-10-10,SU81/1,37.71,14.5459175,0.0,15.486194
108130,2018-10-10,ST07/10,57.909,14.5459175,0.0,15.486194
108131,2018-10-10,SN00/11,8.655,14.5459175,0.0,15.486194
108132,2018-10-10,NY63/2,130.143,14.5459175,0.0,15.486194
108133,2018-10-10,TR14/9,64.515,14.5459175,0.0,15.486194
108134,2018-10-10,SJ15/13,79.25,14.5459175,0.0,15.486194
108135,2018-10-10,SY68/34,64.399,14.5459175,0.0,15.486194
108136,2018-10-11,TF81/2A,43.974,14.179249,5.4,18.354513
108137,2018-10-11,SU71/23,31.106,14.179249,5.4,18.354513
108138,2018-10-11,NH95/17,29.103,14.179249,5.4,18.354513
108139,2018-10-11,ID30/1,113.2,14.179249,5.4,18.354513
108140,2018-10-11,SN00/11,8.633,14.179249,5.4,18.354513
108141,2018-10-11,SK00/41,129.51,14.179249,5.4,18.354513
108142,2018-10-11,ST07/10,57.66,14.179249,5.4,18.354513
108143,2018-10-11,TR14/9,64.448,14.179249,5.4,18.354513
108144,2018-10-11,SU01/5B,69.859,14.179249,5.4,18.354513
108145,2018-10-11,SY68/34,64.382,14.179249,5.4,18.354513
108146,2018-10-11,SJ15/13,79.27,14.179249,5.4,18.354513
108147,2018-10-11,NY63/2,130.141,14.179249,5.4,18.354513
108148,2018-10-11,SU81/1,37.68,14.179249,5.4,18.354513
108149,2018-10-12,SJ15/13,79.27,13.933414,25.300001,27.409828
108150,2018-10-12,TR14/9,64.335,13.933414,25.300001,27.409828
108151,2018-10-12,ID30/1,113.26,13.933414,25.300001,27.409828
108152,2018-10-12,ST07/10,57.566,13.933414,25.300001,27.409828
108153,2018-10-12,SU01/5B,69.826,13.933414,25.300001,27.409828
108154,2018-10-12,SY68/34,64.365,13.933414,25.300001,27.409828
108155,2018-10-12,SU81/1,37.57,13.933414,25.300001,27.409828
108156,2018-10-12,NH95/17,29.12,13.933414,25.300001,27.409828
108157,2018-10-12,NY63/2,130.126,13.933414,25.300001,27.409828
108158,2018-10-12,SK00/41,129.51,13.933414,25.300001,27.409828
108159,2018-10-12,TL44/12,35.0,13.933414,25.300001,27.409828
108160,2018-10-12,SN00/11,8.811,13.933414,25.300001,27.409828
108161,2018-10-12,SU71/23,31.091,13.933414,25.300001,27.409828
108162,2018-10-12,TF81/2A,43.952,13.933414,25.300001,27.409828
108163,2018-10-13,SU81/1,37.52,15.806333,33.299995,22.555225
108164,2018-10-13,ST07/10,57.426,15.806333,33.299995,22.555225
108165,2018-10-13,SU71/23,31.059,15.806333,33.299995,22.555225
108166,2018-10-13,NY63/2,130.127,15.806333,33.299995,22.555225
108167,2018-10-13,TR14/9,64.296,15.806333,33.299995,22.555225
108168,2018-10-13,ID30/1,113.52,15.806333,33.299995,22.555225
108169,2018-10-13,SU01/5B,69.802,15.806333,33.299995,22.555225
108170,2018-10-13,SK00/41,129.51,15.806333,33.299995,22.555225
108171,2018-10-13,SJ15/13,79.27,15.806333,33.299995,22.555225
108172,2018-10-13,SN00/11,10.414,15.806333,33.299995,22.555225
108173,2018-10-13,NH95/17,29.105,15.806333,33.299995,22.555225
108174,2018-10-13,SY68/34,64.349,15.806333,33.299995,22.555225
108175,2018-10-13,TF81/2A,43.936,15.806333,33.299995,22.555225
108176,2018-10-14,TF81/2A,43.914,9.656335,1.1,6.817321
108177,2018-10-14,ID30/1,113.89,9.656335,1.1,6.817321
108178,2018-10-14,ST07/10,57.632,9.656335,1.1,6.817321
108179,2018-10-14,SU01/5B,69.78,9.656335,1.1,6.817321
108180,2018-10-14,NH95/17,29.146,9.656335,1.1,6.817321
108181,2018-10-14,NY63/2,130.217,9.656335,1.1,6.817321
108182,2018-10-14,SN00/11,12.199,9.656335,1.1,6.817321
108183,2018-10-14,SJ15/13,79.26,9.656335,1.1,6.817321
108184,2018-10-14,SU71/23,31.035,9.656335,1.1,6.817321
108185,2018-10-14,SU81/1,37.46,9.656335,1.1,6.817321
108186,2018-10-14,TR14/9,64.235,9.656335,1.1,6.817321
108187,2018-10-14,SK00/41,129.51,9.656335,1.1,6.817321
108188,2018-10-14,SY68/34,64.344,9.656335,1.1,6.817321
108189,2018-10-15,ST07/10,57.678,7.5125847,0.0,4.8457437
108190,2018-10-15,SJ15/13,79.26,7.5125847,0.0,4.8457437
108191,2018-10-15,SP00/62,100.13,7.5125847,0.0,4.8457437
108192,2018-10-15,TF81/2A,43.89,7.5125847,0.0,4.8457437
108193,2018-10-15,SU17/57,130.12,7.5125847,0.0,4.8457437
108194,2018-10-15,SY68/34,64.331,7.5125847,0.0,4.8457437
108195,2018-10-15,NH95/17,29.161,7.5125847,0.0,4.8457437
108196,2018-10-15,TL33/67,77.61,7.5125847,0.0,4.8457437
108197,2018-10-15,SU71/23,31.018,7.5125847,0.0,4.8457437
108198,2018-10-15,SK00/41,129.508,7.5125847,0.0,4.8457437
108199,2018-10-15,SU01/5B,69.752,7.5125847,0.0,4.8457437
108200,2018-10-15,TQ25/86,89.32,7.5125847,0.0,4.8457437
108201,2018-10-15,SN00/11,12.398,7.5125847,0.0,4.8457437
108202,2018-10-15,SU81/1,37.45,7.5125847,0.0,4.8457437
108203,2018-10-15,NY63/2,130.18,7.5125847,0.0,4.8457437
108204,2018-10-15,TR14/9,64.162,7.5125847,0.0,4.8457437
108205,2018-10-15,ID30/1,113.88,7.5125847,0.0,4.8457437
108206,2018-10-16,TR14/9,64.093,11.6813345,1.5000002,15.064376
108207,2018-10-16,TF81/2A,43.871,11.6813345,1.5000002,15.064376
108208,2018-10-16,SU81/1,37.37,11.6813345,1.5000002,15.064376
108209,2018-10-16,NH95/17,29.173,11.6813345,1.5000002,15.064376
108210,2018-10-16,TL33/4,78.33,11.6813345,1.5000002,15.064376
108211,2018-10-16,SU71/23,31.0,11.6813345,1.5000002,15.064376
108212,2018-10-16,SK00/41,129.5,11.6813345,1.5000002,15.064376
108213,2018-10-16,SU01/5B,69.725,11.6813345,1.5000002,15.064376
108214,2018-10-16,SY68/34,64.318,11.6813345,1.5000002,15.064376
108215,2018-10-16,NY63/2,130.185,11.6813345,1.5000002,15.064376
108216,2018-10-16,ID30/1,113.72,11.6813345,1.5000002,15.064376
108217,2018-10-16,SN00/11,12.255,11.6813345,1.5000002,15.064376
108218,2018-10-16,ST07/10,57.708,11.6813345,1.5000002,15.064376
108219,2018-10-16,SJ15/13,79.26,11.6813345,1.5000002,15.064376
108220,2018-10-17,SN00/11,12.075,10.02925,1.5000001,7.2980485
108221,2018-10-17,TR14/9,64.02,10.02925,1.5000001,7.2980485
108222,2018-10-17,SU01/5B,69.697,10.02925,1.5000001,7.2980485
108223,2018-10-17,TF81/2A,43.847,10.02925,1.5000001,7.2980485
108224,2018-10-17,NH95/17,29.155,10.02925,1.5000001,7.2980485
108225,2018-10-17,ID30/1,113.62,10.02925,1.5000001,7.2980485
108226,2018-10-17,SJ15/13,79.24,10.02925,1.5000001,7.2980485
108227,2018-10-17,SU81/1,37.29,10.02925,1.5000001,7.2980485
108228,2018-10-17,SY68/34,64.307,10.02925,1.5000001,7.2980485
108229,2018-10-17,ST07/10,57.66,10.02925,1.5000001,7.2980485
108230,2018-10-17,SU71/23,30.97,10.02925,1.5000001,7.2980485
108231,2018-10-17,NY63/2,130.188,10.02925,1.5000001,7.2980485
108232,2018-10-17,SK00/41,129.495,10.02925,1.5000001,7.2980485
108233,2018-10-18,TR14/9,63.952,6.614666,0.0,3.8912861
108234,2018-10-18,SK00/41,129.489,6.614666,0.0,3.8912861
108235,2018-10-18,SJ15/13,79.22,6.614666,0.0,3.8912861
108236,2018-10-18,SY68/34,64.295,6.614666,0.0,3.8912861
108237,2018-10-18,TF81/2A,43.827,6.614666,0.0,3.8912861
108238,2018-10-18,SU81/1,37.24,6.614666,0.0,3.8912861
108239,2018-10-18,SN00/11,11.913,6.614666,0.0,3.8912861
108240,2018-10-18,ST07/10,57.583,6.614666,0.0,3.8912861
108241,2018-10-18,ID30/1,113.6,6.614666,0.0,3.8912861
108242,2018-10-18,NY63/2,130.137,6.614666,0.0,3.8912861
108243,2018-10-18,SU01/5B,69.672,6.614666,0.0,3.8912861
108244,2018-10-18,NH95/17,29.14,6.614666,0.0,3.8912861
108245,2018-10-18,SU71/23,30.95,6.614666,0.0,3.8912861
108246,2018-10-19,SU01/5B,69.655,8.773,0.2,9.860449
108247,2018-10-19,SU81/1,37.21,8.773,0.2,9.860449
108248,2018-10-19,TF81/2A,43.809,8.773,0.2,9.860449
108249,2018-10-19,SN00/11,11.77,8.773,0.2,9.860449
108250,2018-10-19,SK00/41,129.48,8.773,0.2,9.860449
108251,2018-10-19,NH95/17,29.151,8.773,0.2,9.860449
108252,2018-10-19,SJ15/13,79.23,8.773,0.2,9.860449
108253,2018-10-19,TR14/9,63.87,8.773,0.2,9.860449
108254,2018-10-19,NY63/2,130.155,8.773,0.2,9.860449
108255,2018-10-19,ID30/1,113.53,8.773,0.2,9.860449
108256,2018-10-19,SY68/34,64.282,8.773,0.2,9.860449
108257,2018-10-19,ST07/10,57.569,8.773,0.2,9.860449
108258,2018-10-19,SU71/23,30.92,8.773,0.2,9.860449
108259,2018-10-20,NY63/2,130.148,12.435501,0.3,10.954379
108260,2018-10-20,SY68/34,64.268,12.435501,0.3,10.954379
108261,2018-10-20,SU01/5B,69.64,12.435501,0.3,10.954379
108262,2018-10-20,SJ15/13,79.22,12.435501,0.3,10.954379
108263,2018-10-20,SN00/11,11.64,12.435501,0.3,10.954379
108264,2018-10-20,NH95/17,29.152,12.435501,0.3,10.954379
108265,2018-10-20,SU81/1,37.15,12.435501,0.3,10.954379
108266,2018-10-20,TR14/9,63.804,12.435501,0.3,10.954379
108267,2018-10-20,ST07/10,57.473,12.435501,0.3,10.954379
108268,2018-10-20,TF81/2A,43.789,12.435501,0.3,10.954379
108269,2018-10-20,ID30/1,113.47,12.435501,0.3,10.954379
108270,2018-10-20,SK00/41,129.47,12.435501,0.3,10.954379
108271,2018-10-20,SU71/23,30.9,12.435501,0.3,10.954379
108272,2018-10-21,ST07/10,57.373,11.623,1.5000001,14.331785
108273,2018-10-21,NY63/2,130.151,11.623,1.5000001,14.331785
108274,2018-10-21,SU01/5B,69.629,11.623,1.5000001,14.331785
108275,2018-10-21,SK00/41,129.47,11.623,1.5000001,14.331785
108276,2018-10-21,SJ15/13,79.22,11.623,1.5000001,14.331785
108277,2018-10-21,ID30/1,113.44,11.623,1.5000001,14.331785
108278,2018-10-21,TR14/9,63.74,11.623,1.5000001,14.331785
108279,2018-10-21,SN00/11,11.516,11.623,1.5000001,14.331785
108280,2018-10-21,SY68/34,64.254,11.623,1.5000001,14.331785
108281,2018-10-21,SU81/1,37.09,11.623,1.5000001,14.331785
108282,2018-10-21,NH95/17,29.151,11.623,1.5000001,14.331785
108283,2018-10-21,SU71/23,30.87,11.623,1.5000001,14.331785
108284,2018-10-21,TF81/2A,43.769,11.623,1.5000001,14.331785
108285,2018-10-22,SY68/34,64.24,8.656333,0.2,14.941295
108286,2018-10-22,TV59/7C,1.36,8.656333,0.2,14.941295
108287,2018-10-22,SJ15/13,79.2,8.656333,0.2,14.941295
108288,2018-10-22,SN00/11,11.395,8.656333,0.2,14.941295
108289,2018-10-22,SU71/23,30.84,8.656333,0.2,14.941295
108290,2018-10-22,NY63/2,130.124,8.656333,0.2,14.941295
108291,2018-10-22,SK00/41,129.46,8.656333,0.2,14.941295
108292,2018-10-22,SU01/5B,69.615,8.656333,0.2,14.941295
108293,2018-10-22,NH95/17,29.147,8.656333,0.2,14.941295
108294,2018-10-22,ST07/10,57.278,8.656333,0.2,14.941295
108295,2018-10-22,TR14/9,63.656,8.656333,0.2,14.941295
108296,2018-10-22,TF81/2A,43.749,8.656333,0.2,14.941295
108297,2018-10-22,SU81/1,37.01,8.656333,0.2,14.941295
108298,2018-10-22,ID30/1,113.44,8.656333,0.2,14.941295
108299,2018-10-22,TL33/67,77.51,8.656333,0.2,14.941295
108300,2018-10-23,ID30/1,113.4,11.24175,0.4,21.26353
108301,2018-10-23,TR14/9,63.589,11.24175,0.4,21.26353
108302,2018-10-23,TQ25/86,88.85,11.24175,0.4,21.26353
108303,2018-10-23,TF81/2A,43.734,11.24175,0.4,21.26353
108304,2018-10-23,SU01/5B,69.62,11.24175,0.4,21.26353
108305,2018-10-23,SU17/57,129.91,11.24175,0.4,21.26353
108306,2018-10-23,SU81/1,36.98,11.24175,0.4,21.26353
108307,2018-10-23,SJ15/13,79.22,11.24175,0.4,21.26353
108308,2018-10-23,SK00/41,129.46,11.24175,0.4,21.26353
108309,2018-10-23,SY68/34,64.226,11.24175,0.4,21.26353
108310,2018-10-23,SN00/11,11.295,11.24175,0.4,21.26353
108311,2018-10-23,SP00/62,100.08,11.24175,0.4,21.26353
108312,2018-10-23,NY63/2,130.139,11.24175,0.4,21.26353
108313,2018-10-23,SU71/23,30.82,11.24175,0.4,21.26353
108314,2018-10-23,ST07/10,57.203,11.24175,0.4,21.26353
108315,2018-10-23,NH95/17,29.156,11.24175,0.4,21.26353
108316,2018-10-24,SJ15/13,79.22,10.931333,0.0,17.411238
108317,2018-10-24,TF81/2A,43.715,10.931333,0.0,17.411238
108318,2018-10-24,SE95/6,18.68,10.931333,0.0,17.411238
108319,2018-10-24,SU81/1,36.9,10.931333,0.0,17.411238
108320,2018-10-24,ST07/10,57.123,10.931333,0.0,17.411238
108321,2018-10-24,ID30/1,113.35,10.931333,0.0,17.411238
108322,2018-10-24,NY63/2,130.139,10.931333,0.0,17.411238
108323,2018-10-24,SK00/41,129.459,10.931333,0.0,17.411238
108324,2018-10-24,SE94/5,13.86,10.931333,0.0,17.411238
108325,2018-10-24,SY68/34,64.241,10.931333,0.0,17.411238
108326,2018-10-24,SU71/23,30.79,10.931333,0.0,17.411238
108327,2018-10-24,TR14/9,63.52,10.931333,0.0,17.411238
108328,2018-10-24,SN00/11,11.187,10.931333,0.0,17.411238
108329,2018-10-24,SU01/5B,69.621,10.931333,0.0,17.411238
108330,2018-10-24,NH95/17,29.148,10.931333,0.0,17.411238
108331,2018-10-25,TR14/9,63.465,10.831333,1.4000001,17.177382
108332,2018-10-25,SU71/23,30.77,10.831333,1.4000001,17.177382
108333,2018-10-25,SY68/34,64.239,10.831333,1.4000001,17.177382
108334,2018-10-25,SN00/11,11.089,10.831333,1.4000001,17.177382
108335,2018-10-25,ID30/1,113.33,10.831333,1.4000001,17.177382
108336,2018-10-25,SJ15/13,79.24,10.831333,1.4000001,17.177382
108337,2018-10-25,TF81/2A,43.702,10.831333,1.4000001,17.177382
108338,2018-10-25,SU81/1,36.9,10.831333,1.4000001,17.177382
108339,2018-10-25,NY63/2,130.141,10.831333,1.4000001,17.177382
108340,2018-10-25,ST07/10,57.045,10.831333,1.4000001,17.177382
108341,2018-10-25,NH95/17,29.151,10.831333,1.4000001,17.177382
108342,2018-10-25,SU01/5B,69.632,10.831333,1.4000001,17.177382
108343,2018-10-25,SK00/41,129.461,10.831333,1.4000001,17.177382
108344,2018-10-26,SU01/5B,69.64,6.095917,0.5,17.437235
108345,2018-10-26,SY68/34,64.226,6.095917,0.5,17.437235
108346,2018-10-26,SU81/1,36.88,6.095917,0.5,17.437235
108347,2018-10-26,ID30/1,113.3,6.095917,0.5,17.437235
108348,2018-10-26,SK00/41,129.47,6.095917,0.5,17.437235
108349,2018-10-26,SU71/23,30.74,6.095917,0.5,17.437235
108350,2018-10-26,SN00/11,10.987,6.095917,0.5,17.437235
108351,2018-10-26,TR14/9,63.41,6.095917,0.5,17.437235
108352,2018-10-26,ST07/10,57.004,6.095917,0.5,17.437235
108353,2018-10-26,TA10/63,13.95,6.095917,0.5,17.437235
108354,2018-10-26,SJ15/13,79.26,6.095917,0.5,17.437235
108355,2018-10-26,NH95/17,29.152,6.095917,0.5,17.437235
108356,2018-10-26,NY63/2,130.177,6.095917,0.5,17.437235
108357,2018-10-26,TF81/2A,43.685,6.095917,0.5,17.437235
108358,2018-10-27,SK00/41,129.467,3.6125832,0.2,16.313314
108359,2018-10-27,SU81/1,36.84,3.6125832,0.2,16.313314
108360,2018-10-27,SU01/5B,69.64,3.6125832,0.2,16.313314
108361,2018-10-27,TF81/2A,43.661,3.6125832,0.2,16.313314
108362,2018-10-27,NY63/2,130.133,3.6125832,0.2,16.313314
108363,2018-10-27,ID30/1,113.28,3.6125832,0.2,16.313314
108364,2018-10-27,SJ15/13,79.24,3.6125832,0.2,16.313314
108365,2018-10-27,SN00/11,10.902,3.6125832,0.2,16.313314
108366,2018-10-27,SU71/23,30.72,3.6125832,0.2,16.313314
108367,2018-10-27,NH95/17,29.145,3.6125832,0.2,16.313314
108368,2018-10-27,TR14/9,63.335,3.6125832,0.2,16.313314
108369,2018-10-27,SY68/34,64.211,3.6125832,0.2,16.313314
108370,2018-10-27,ST07/10,56.855,3.6125832,0.2,16.313314
108371,2018-10-28,NY63/2,130.097,4.1854997,0.1,10.753119
108372,2018-10-28,SY68/34,64.197,4.1854997,0.1,10.753119
108373,2018-10-28,SU01/5B,69.637,4.1854997,0.1,10.753119
108374,2018-10-28,ST07/10,56.734,4.1854997,0.1,10.753119
108375,2018-10-28,SU71/23,30.69,4.1854997,0.1,10.753119
108376,2018-10-28,SJ15/13,79.22,4.1854997,0.1,10.753119
108377,2018-10-28,SK00/41,129.461,4.1854997,0.1,10.753119
108378,2018-10-28,SU81/1,36.79,4.1854997,0.1,10.753119
108379,2018-10-28,TF81/2A,43.644,4.1854997,0.1,10.753119
108380,2018-10-28,ID30/1,113.25,4.1854997,0.1,10.753119
108381,2018-10-28,SN00/11,10.804,4.1854997,0.1,10.753119
108382,2018-10-28,NH95/17,29.142,4.1854997,0.1,10.753119
108383,2018-10-28,TR14/9,63.26,4.1854997,0.1,10.753119
108384,2018-10-29,ST07/10,56.645,1.6667501,0.1,6.286947
108385,2018-10-29,SU01/5B,69.415,1.6667501,0.1,6.286947
108386,2018-10-29,ID30/1,113.23,1.6667501,0.1,6.286947
108387,2018-10-29,NY63/2,130.122,1.6667501,0.1,6.286947
108388,2018-10-29,SJ15/13,79.25,1.6667501,0.1,6.286947
108389,2018-10-29,NH95/17,29.168,1.6667501,0.1,6.286947
108390,2018-10-29,SK00/41,129.459,1.6667501,0.1,6.286947
108391,2018-10-29,SU81/1,36.76,1.6667501,0.1,6.286947
108392,2018-10-29,TF81/2A,43.636,1.6667501,0.1,6.286947
108393,2018-10-29,SU71/23,30.66,1.6667501,0.1,6.286947
108394,2018-10-29,SY68/34,64.184,1.6667501,0.1,6.286947
108395,2018-10-29,TR14/9,63.22,1.6667501,0.1,6.286947
108396,2018-10-29,SN00/11,10.738,1.6667501,0.1,6.286947
108397,2018-10-30,TR14/9,63.144,3.1354997,0.1,6.388236
108398,2018-10-30,SY68/34,64.17,3.1354997,0.1,6.388236
108399,2018-10-30,SK00/41,129.476,3.1354997,0.1,6.388236
108400,2018-10-30,TF81/2A,43.613,3.1354997,0.1,6.388236
108401,2018-10-30,SU01/5B,69.455,3.1354997,0.1,6.388236
108402,2018-10-30,SJ15/13,79.27,3.1354997,0.1,6.388236
108403,2018-10-30,TL33/67,77.35,3.1354997,0.1,6.388236
108404,2018-10-30,NH95/17,29.185,3.1354997,0.1,6.388236
108405,2018-10-30,SU81/1,36.72,3.1354997,0.1,6.388236
108406,2018-10-30,SU71/23,30.64,3.1354997,0.1,6.388236
108407,2018-10-30,SU17/57,129.77,3.1354997,0.1,6.388236
108408,2018-10-30,TM15/112,25.09,3.1354997,0.1,6.388236
108409,2018-10-30,ID30/1,113.2,3.1354997,0.1,6.388236
108410,2018-10-30,ST07/10,56.495,3.1354997,0.1,6.388236
108411,2018-10-30,SP00/62,100.08,3.1354997,0.1,6.388236
108412,2018-10-30,NY63/2,130.169,3.1354997,0.1,6.388236
108413,2018-10-30,SN00/11,10.644,3.1354997,0.1,6.388236
108414,2018-10-30,TQ25/86,88.74,3.1354997,0.1,6.388236
108415,2018-10-30,SJ62/235,54.19,3.1354997,0.1,6.388236
108416,2018-10-31,SU71/23,30.61,4.76675,5.6,14.723176
108417,2018-10-31,TF81/2A,43.593,4.76675,5.6,14.723176
108418,2018-10-31,NY63/2,130.153,4.76675,5.6,14.723176
108419,2018-10-31,TL33/67,77.14,4.76675,5.6,14.723176
108420,2018-10-31,NH95/17,29.181,4.76675,5.6,14.723176
108421,2018-10-31,SK00/41,129.47,4.76675,5.6,14.723176
108422,2018-10-31,SJ15/13,79.24,4.76675,5.6,14.723176
108423,2018-10-31,ST07/10,56.378,4.76675,5.6,14.723176
108424,2018-10-31,TQ25/86,88.44,4.76675,5.6,14.723176
108425,2018-10-31,SY68/34,64.158,4.76675,5.6,14.723176
108426,2018-10-31,SU01/5B,69.448,4.76675,5.6,14.723176
108427,2018-10-31,SN00/11,10.549,4.76675,5.6,14.723176
108428,2018-10-31,SP00/62,100.07,4.76675,5.6,14.723176
108429,2018-10-31,ID30/1,113.22,4.76675,5.6,14.723176
108430,2018-10-31,TF03/37,11.119,4.76675,5.6,14.723176
108431,2018-10-31,TR14/9,63.096,4.76675,5.6,14.723176
108432,2018-10-31,SU17/57,129.74,4.76675,5.6,14.723176
108433,2018-10-31,SU81/1,36.7,4.76675,5.6,14.723176
108434,2018-11-01,NY63/2,130.098,5.825084,6.0999994,8.851823
108435,2018-11-01,ST07/10,56.346,5.825084,6.0999994,8.851823
108436,2018-11-01,TR14/9,63.031,5.825084,6.0999994,8.851823
108437,2018-11-01,ID30/1,113.19,5.825084,6.0999994,8.851823
108438,2018-11-01,TF81/2A,43.572,5.825084,6.0999994,8.851823
108439,2018-11-01,SU81/1,36.62,5.825084,6.0999994,8.851823
108440,2018-11-01,NH95/17,29.155,5.825084,6.0999994,8.851823
108441,2018-11-01,SJ15/13,79.23,5.825084,6.0999994,8.851823
108442,2018-11-01,SU71/23,30.58,5.825084,6.0999994,8.851823
108443,2018-11-01,SU01/5B,69.437,5.825084,6.0999994,8.851823
108444,2018-11-01,SY68/34,64.143,5.825084,6.0999994,8.851823
108445,2018-11-01,SK00/41,129.474,5.825084,6.0999994,8.851823
108446,2018-11-01,SN00/11,10.54,5.825084,6.0999994,8.851823
108447,2018-11-02,SY68/34,64.128,5.9979997,0.2,11.193787
108448,2018-11-02,SK00/41,129.458,5.9979997,0.2,11.193787
108449,2018-11-02,TF81/2A,43.545,5.9979997,0.2,11.193787
108450,2018-11-02,SU71/23,30.56,5.9979997,0.2,11.193787
108451,2018-11-02,ID30/1,113.18,5.9979997,0.2,11.193787
108452,2018-11-02,SU01/5B,69.414,5.9979997,0.2,11.193787
108453,2018-11-02,ST07/10,56.242,5.9979997,0.2,11.193787
108454,2018-11-02,SN00/11,10.427,5.9979997,0.2,11.193787
108455,2018-11-02,NH95/17,29.128,5.9979997,0.2,11.193787
108456,2018-11-02,SJ15/13,79.18,5.9979997,0.2,11.193787
108457,2018-11-02,SU81/1,36.54,5.9979997,0.2,11.193787
108458,2018-11-02,TL33/4,77.87,5.9979997,0.2,11.193787
108459,2018-11-02,TR14/9,62.941,5.9979997,0.2,11.193787
108460,2018-11-02,NY63/2,130.075,5.9979997,0.2,11.193787
108461,2018-11-03,ST07/10,56.12,10.289667,13.299998,27.29969
108462,2018-11-03,NY63/2,130.126,10.289667,13.299998,27.29969
108463,2018-11-03,SJ15/13,79.17,10.289667,13.299998,27.29969
108464,2018-11-03,SU81/1,36.48,10.289667,13.299998,27.29969
108465,2018-11-03,ID30/1,113.19,10.289667,13.299998,27.29969
108466,2018-11-03,TF81/2A,43.535,10.289667,13.299998,27.29969
108467,2018-11-03,SN00/11,10.314,10.289667,13.299998,27.29969
108468,2018-11-03,SU01/5B,69.423,10.289667,13.299998,27.29969
108469,2018-11-03,SY68/34,64.115,10.289667,13.299998,27.29969
108470,2018-11-03,TR14/9,62.876,10.289667,13.299998,27.29969
108471,2018-11-03,SU71/23,30.53,10.289667,13.299998,27.29969
108472,2018-11-03,NH95/17,29.167,10.289667,13.299998,27.29969
108473,2018-11-03,SK00/41,129.454,10.289667,13.299998,27.29969
108474,2018-11-04,ID30/1,113.28,11.133416,4.899999,16.502428
108475,2018-11-04,SY68/34,64.12,11.133416,4.899999,16.502428
108476,2018-11-04,SK00/41,129.456,11.133416,4.899999,16.502428
108477,2018-11-04,TF81/2A,43.519,11.133416,4.899999,16.502428
108478,2018-11-04,SU81/1,36.48,11.133416,4.899999,16.502428
108479,2018-11-04,NY63/2,130.119,11.133416,4.899999,16.502428
108480,2018-11-04,SU01/5B,69.436,11.133416,4.899999,16.502428
108481,2018-11-04,ST07/10,56.032,11.133416,4.899999,16.502428
108482,2018-11-04,SU71/23,30.51,11.133416,4.899999,16.502428
108483,2018-11-04,NH95/17,29.159,11.133416,4.899999,16.502428
108484,2018-11-04,SN00/11,10.332,11.133416,4.899999,16.502428
108485,2018-11-04,SJ15/13,79.21,11.133416,4.899999,16.502428
108486,2018-11-04,TR14/9,62.81,11.133416,4.899999,16.502428
108487,2018-11-05,SU01/5B,69.439,9.933417,0.1,15.334825
108488,2018-11-05,SU71/23,30.48,9.933417,0.1,15.334825
108489,2018-11-05,NH95/17,29.152,9.933417,0.1,15.334825
108490,2018-11-05,SK00/41,129.457,9.933417,0.1,15.334825
108491,2018-11-05,SJ15/13,79.21,9.933417,0.1,15.334825
108492,2018-11-05,SU81/1,36.4,9.933417,0.1,15.334825
108493,2018-11-05,SN00/11,10.491,9.933417,0.1,15.334825
108494,2018-11-05,ID30/1,113.42,9.933417,0.1,15.334825
108495,2018-11-05,NY63/2,130.129,9.933417,0.1,15.334825
108496,2018-11-05,SY68/34,64.109,9.933417,0.1,15.334825
108497,2018-11-05,TR14/9,62.747,9.933417,0.1,15.334825
108498,2018-11-05,ST07/10,56.12,9.933417,0.1,15.334825
108499,2018-11-05,TF81/2A,43.504,9.933417,0.1,15.334825
108500,2018-11-06,SJ15/13,79.22,11.675083,0.3,21.001644
108501,2018-11-06,SU17/57,129.61,11.675083,0.3,21.001644
108502,2018-11-06,TR14/9,62.705,11.675083,0.3,21.001644
108503,2018-11-06,TM15/112,25.06,11.675083,0.3,21.001644
108504,2018-11-06,SU71/23,30.46,11.675083,0.3,21.001644
108505,2018-11-06,NO20/14,35.857,11.675083,0.3,21.001644
108506,2018-11-06,ID30/1,113.82,11.675083,0.3,21.001644
108507,2018-11-06,TL33/67,76.76,11.675083,0.3,21.001644
108508,2018-11-06,SP00/62,100.06,11.675083,0.3,21.001644
108509,2018-11-06,SU81/1,36.37,11.675083,0.3,21.001644
108510,2018-11-06,NH95/17,29.166,11.675083,0.3,21.001644
108511,2018-11-06,SN00/11,10.662,11.675083,0.3,21.001644
108512,2018-11-06,TF81/2A,43.484,11.675083,0.3,21.001644
108513,2018-11-06,SK00/41,129.462,11.675083,0.3,21.001644
108514,2018-11-06,NY63/2,130.139,11.675083,0.3,21.001644
108515,2018-11-06,ST07/10,56.1,11.675083,0.3,21.001644
108516,2018-11-06,TQ25/86,88.28,11.675083,0.3,21.001644
108517,2018-11-06,SY68/34,64.1,11.675083,0.3,21.001644
108518,2018-11-06,SU01/5B,69.434,11.675083,0.3,21.001644
108519,2018-11-07,SU71/23,30.43,10.987584,7.0999994,19.983675
108520,2018-11-07,SK00/41,129.48,10.987584,7.0999994,19.983675
108521,2018-11-07,SU81/1,36.33,10.987584,7.0999994,19.983675
108522,2018-11-07,NH95/17,29.151,10.987584,7.0999994,19.983675
108523,2018-11-07,NO20/14,35.844,10.987584,7.0999994,19.983675
108524,2018-11-07,SJ15/13,79.23,10.987584,7.0999994,19.983675
108525,2018-11-07,ID30/1,114.76,10.987584,7.0999994,19.983675
108526,2018-11-07,SN00/11,11.013,10.987584,7.0999994,19.983675
108527,2018-11-07,SU01/5B,69.422,10.987584,7.0999994,19.983675
108528,2018-11-07,TR14/9,62.634,10.987584,7.0999994,19.983675
108529,2018-11-07,SY68/34,64.112,10.987584,7.0999994,19.983675
108530,2018-11-07,ST07/10,56.09,10.987584,7.0999994,19.983675
108531,2018-11-07,NY63/2,130.1,10.987584,7.0999994,19.983675
108532,2018-11-07,TF81/2A,43.463,10.987584,7.0999994,19.983675
108533,2018-11-08,TR14/9,62.565,8.268834,3.2,19.361748
108534,2018-11-08,SU81/1,36.32,8.268834,3.2,19.361748
108535,2018-11-08,ID30/1,115.3,8.268834,3.2,19.361748
108536,2018-11-08,TF81/2A,43.443,8.268834,3.2,19.361748
108537,2018-11-08,SU71/23,30.4,8.268834,3.2,19.361748
108538,2018-11-08,NY63/2,130.075,8.268834,3.2,19.361748
108539,2018-11-08,NH95/17,29.13,8.268834,3.2,19.361748
108540,2018-11-08,SK00/41,129.454,8.268834,3.2,19.361748
108541,2018-11-08,SJ15/13,79.18,8.268834,3.2,19.361748
108542,2018-11-08,SU01/5B,69.399,8.268834,3.2,19.361748
108543,2018-11-08,NO20/14,35.807,8.268834,3.2,19.361748
108544,2018-11-08,SN00/11,13.106,8.268834,3.2,19.361748
108545,2018-11-08,ST07/10,56.958,8.268834,3.2,19.361748
108546,2018-11-08,SY68/34,64.108,8.268834,3.2,19.361748
108547,2018-11-09,NY63/2,130.143,8.750083,8.9,27.72244
108548,2018-11-09,ID30/1,115.4,8.750083,8.9,27.72244
108549,2018-11-09,NO20/14,35.843,8.750083,8.9,27.72244
108550,2018-11-09,SN00/11,13.656,8.750083,8.9,27.72244
108551,2018-11-09,SU71/23,30.38,8.750083,8.9,27.72244
108552,2018-11-09,SY68/34,64.119,8.750083,8.9,27.72244
108553,2018-11-09,ST07/10,58.59,8.750083,8.9,27.72244
108554,2018-11-09,TR14/9,62.548,8.750083,8.9,27.72244
108555,2018-11-09,NH95/17,29.149,8.750083,8.9,27.72244
108556,2018-11-09,SU81/1,36.31,8.750083,8.9,27.72244
108557,2018-11-09,TF81/2A,43.438,8.750083,8.9,27.72244
108558,2018-11-09,SJ15/13,79.18,8.750083,8.9,27.72244
108559,2018-11-09,SU01/5B,69.409,8.750083,8.9,27.72244
108560,2018-11-09,SK00/41,129.451,8.750083,8.9,27.72244
108561,2018-11-10,TF81/2A,43.415,9.077168,6.3,18.753386
108562,2018-11-10,ST07/10,59.938,9.077168,6.3,18.753386
108563,2018-11-10,SN00/11,14.342,9.077168,6.3,18.753386
108564,2018-11-10,SY68/34,64.149,9.077168,6.3,18.753386
108565,2018-11-10,NY63/2,130.132,9.077168,6.3,18.753386
108566,2018-11-10,NO20/14,35.851,9.077168,6.3,18.753386
108567,2018-11-10,NH95/17,29.158,9.077168,6.3,18.753386
108568,2018-11-10,SU01/5B,69.42,9.077168,6.3,18.753386
108569,2018-11-10,SU81/1,36.24,9.077168,6.3,18.753386
108570,2018-11-10,TR14/9,62.54,9.077168,6.3,18.753386
108571,2018-11-10,ID30/1,115.96,9.077168,6.3,18.753386
108572,2018-11-10,SU71/23,30.35,9.077168,6.3,18.753386
108573,2018-11-10,SJ15/13,79.24,9.077168,6.3,18.753386
108574,2018-11-10,SK00/41,129.463,9.077168,6.3,18.753386
108575,2018-11-11,SU81/1,36.25,7.7605004,3.6999998,15.148666
108576,2018-11-11,TF81/2A,43.389,7.7605004,3.6999998,15.148666
108577,2018-11-11,NO20/14,35.839,7.7605004,3.6999998,15.148666
108578,2018-11-11,SY68/34,64.167,7.7605004,3.6999998,15.148666
108579,2018-11-11,NH95/17,29.132,7.7605004,3.6999998,15.148666
108580,2018-11-11,ID30/1,115.91,7.7605004,3.6999998,15.148666
108581,2018-11-11,TR14/9,62.49,7.7605004,3.6999998,15.148666
108582,2018-11-11,SU71/23,30.33,7.7605004,3.6999998,15.148666
108583,2018-11-11,NY63/2,130.101,7.7605004,3.6999998,15.148666
108584,2018-11-11,SU01/5B,69.413,7.7605004,3.6999998,15.148666
108585,2018-11-11,SJ15/13,79.22,7.7605004,3.6999998,15.148666
108586,2018-11-11,SN00/11,14.385,7.7605004,3.6999998,15.148666
108587,2018-11-11,SK00/41,129.465,7.7605004,3.6999998,15.148666
108588,2018-11-11,ST07/10,61.188,7.7605004,3.6999998,15.148666
108589,2018-11-12,TF81/2A,43.372,8.700084,1.3000001,19.537607
108590,2018-11-12,SN00/11,14.434,8.700084,1.3000001,19.537607
108591,2018-11-12,SY68/34,64.156,8.700084,1.3000001,19.537607
108592,2018-11-12,SU71/23,30.3,8.700084,1.3000001,19.537607
108593,2018-11-12,SK00/41,129.453,8.700084,1.3000001,19.537607
108594,2018-11-12,SU01/5B,69.407,8.700084,1.3000001,19.537607
108595,2018-11-12,SU81/1,36.22,8.700084,1.3000001,19.537607
108596,2018-11-12,ID30/1,115.67,8.700084,1.3000001,19.537607
108597,2018-11-12,NO20/14,35.842,8.700084,1.3000001,19.537607
108598,2018-11-12,NH95/17,29.117,8.700084,1.3000001,19.537607
108599,2018-11-12,NY63/2,130.096,8.700084,1.3000001,19.537607
108600,2018-11-12,ST07/10,62.566,8.700084,1.3000001,19.537607
108601,2018-11-12,TR14/9,62.451,8.700084,1.3000001,19.537607
108602,2018-11-12,SJ15/13,79.19,8.700084,1.3000001,19.537607
108603,2018-11-13,SN00/11,14.238,9.006334,3.3999996,16.807552
108604,2018-11-13,SJ15/13,79.19,9.006334,3.3999996,16.807552
108605,2018-11-13,TQ25/86,88.06,9.006334,3.3999996,16.807552
108606,2018-11-13,TF81/2A,43.347,9.006334,3.3999996,16.807552
108607,2018-11-13,NO20/14,35.85,9.006334,3.3999996,16.807552
108608,2018-11-13,SU01/5B,69.4,9.006334,3.3999996,16.807552
108609,2018-11-13,ID30/1,115.42,9.006334,3.3999996,16.807552
108610,2018-11-13,SY68/34,64.147,9.006334,3.3999996,16.807552
108611,2018-11-13,SK00/41,129.438,9.006334,3.3999996,16.807552
108612,2018-11-13,SU81/1,36.2,9.006334,3.3999996,16.807552
108613,2018-11-13,TR14/9,62.382,9.006334,3.3999996,16.807552
108614,2018-11-13,SP00/62,100.15,9.006334,3.3999996,16.807552
108615,2018-11-13,TL33/67,76.69,9.006334,3.3999996,16.807552
108616,2018-11-13,NY63/2,130.086,9.006334,3.3999996,16.807552
108617,2018-11-13,SU71/23,30.28,9.006334,3.3999996,16.807552
108618,2018-11-13,NH95/17,29.095,9.006334,3.3999996,16.807552
108619,2018-11-13,ST07/10,63.517,9.006334,3.3999996,16.807552
108620,2018-11-13,SU17/57,129.53,9.006334,3.3999996,16.807552
108621,2018-11-14,SU01/5B,69.42,10.810501,8.700001,22.355215
108622,2018-11-14,SY68/34,64.14,10.810501,8.700001,22.355215
108623,2018-11-14,ST07/10,63.826,10.810501,8.700001,22.355215
108624,2018-11-14,NO20/14,35.881,10.810501,8.700001,22.355215
108625,2018-11-14,SU81/1,36.13,10.810501,8.700001,22.355215
108626,2018-11-14,TF81/2A,43.331,10.810501,8.700001,22.355215
108627,2018-11-14,ID30/1,115.35,10.810501,8.700001,22.355215
108628,2018-11-14,SN00/11,13.994,10.810501,8.700001,22.355215
108629,2018-11-14,TR14/9,62.351,10.810501,8.700001,22.355215
108630,2018-11-14,SK00/41,129.431,10.810501,8.700001,22.355215
108631,2018-11-14,SJ15/13,79.17,10.810501,8.700001,22.355215
108632,2018-11-14,SU71/23,30.26,10.810501,8.700001,22.355215
108633,2018-11-14,NY63/2,130.104,10.810501,8.700001,22.355215
108634,2018-11-14,NH95/17,29.089,10.810501,8.700001,22.355215
108635,2018-11-15,NY63/2,130.094,9.325085,0.0,17.78395
108636,2018-11-15,ST07/10,63.84,9.325085,0.0,17.78395
108637,2018-11-15,SU81/1,36.16,9.325085,0.0,17.78395
108638,2018-11-15,SK00/41,129.422,9.325085,0.0,17.78395
108639,2018-11-15,SN00/11,13.793,9.325085,0.0,17.78395
108640,2018-11-15,SU01/5B,69.448,9.325085,0.0,17.78395
108641,2018-11-15,SJ15/13,79.19,9.325085,0.0,17.78395
108642,2018-11-15,SY68/34,64.134,9.325085,0.0,17.78395
108643,2018-11-15,NO20/14,35.893,9.325085,0.0,17.78395
108644,2018-11-15,SU71/23,30.24,9.325085,0.0,17.78395
108645,2018-11-15,TR14/9,62.329,9.325085,0.0,17.78395
108646,2018-11-15,NH95/17,29.057,9.325085,0.0,17.78395
108647,2018-11-15,TF81/2A,43.313,9.325085,0.0,17.78395
108648,2018-11-15,ID30/1,115.27,9.325085,0.0,17.78395
108649,2018-11-16,SK00/41,129.415,11.554252,0.0,13.868369
108650,2018-11-16,SU81/1,36.11,11.554252,0.0,13.868369
108651,2018-11-16,SU71/23,30.22,11.554252,0.0,13.868369
108652,2018-11-16,SN00/11,13.61,11.554252,0.0,13.868369
108653,2018-11-16,NY63/2,130.08,11.554252,0.0,13.868369
108654,2018-11-16,ID30/1,115.2,11.554252,0.0,13.868369
108655,2018-11-16,NO20/14,35.886,11.554252,0.0,13.868369
108656,2018-11-16,ST07/10,63.688,11.554252,0.0,13.868369
108657,2018-11-16,TL33/4,77.255,11.554252,0.0,13.868369
108658,2018-11-16,NH95/17,28.833,11.554252,0.0,13.868369
108659,2018-11-16,SU01/5B,69.478,11.554252,0.0,13.868369
108660,2018-11-16,SY68/34,64.129,11.554252,0.0,13.868369
108661,2018-11-16,TR14/9,62.298,11.554252,0.0,13.868369
108662,2018-11-16,TF81/2A,43.293,11.554252,0.0,13.868369
108663,2018-11-16,SJ15/13,79.19,11.554252,0.0,13.868369
108664,2018-11-17,ST07/10,63.482,8.156335,0.0,12.33752
108665,2018-11-17,TF81/2A,43.275,8.156335,0.0,12.33752
108666,2018-11-17,SK00/41,129.408,8.156335,0.0,12.33752
108667,2018-11-17,SU01/5B,69.52,8.156335,0.0,12.33752
108668,2018-11-17,SU71/23,30.2,8.156335,0.0,12.33752
108669,2018-11-17,SY68/34,64.126,8.156335,0.0,12.33752
108670,2018-11-17,SU81/1,36.04,8.156335,0.0,12.33752
108671,2018-11-17,TR14/9,62.248,8.156335,0.0,12.33752
108672,2018-11-17,ID30/1,115.11,8.156335,0.0,12.33752
108673,2018-11-17,NH95/17,28.776,8.156335,0.0,12.33752
108674,2018-11-17,NY63/2,130.078,8.156335,0.0,12.33752
108675,2018-11-17,NO20/14,35.892,8.156335,0.0,12.33752
108676,2018-11-17,SN00/11,13.457,8.156335,0.0,12.33752
108677,2018-11-17,SJ15/13,79.18,8.156335,0.0,12.33752
108678,2018-11-18,NH95/17,28.851,7.0500836,0.0,9.920445
108679,2018-11-18,TF81/2A,43.261,7.0500836,0.0,9.920445
108680,2018-11-18,NO20/14,35.899,7.0500836,0.0,9.920445
108681,2018-11-18,SU71/23,30.19,7.0500836,0.0,9.920445
108682,2018-11-18,SJ15/13,79.17,7.0500836,0.0,9.920445
108683,2018-11-18,ID30/1,114.97,7.0500836,0.0,9.920445
108684,2018-11-18,NY63/2,130.086,7.0500836,0.0,9.920445
108685,2018-11-18,SK00/41,129.398,7.0500836,0.0,9.920445
108686,2018-11-18,TR14/9,62.205,7.0500836,0.0,9.920445
108687,2018-11-18,SN00/11,13.335,7.0500836,0.0,9.920445
108688,2018-11-18,SU81/1,36.0,7.0500836,0.0,9.920445
108689,2018-11-18,SU01/5B,69.574,7.0500836,0.0,9.920445
108690,2018-11-18,SY68/34,64.124,7.0500836,0.0,9.920445
108691,2018-11-18,ST07/10,63.13,7.0500836,0.0,9.920445
108692,2018-11-19,SU81/1,35.96,6.956333,0.2,11.3082
108693,2018-11-19,NH95/17,29.044,6.956333,0.2,11.3082
108694,2018-11-19,ST07/10,62.732,6.956333,0.2,11.3082
108695,2018-11-19,TF81/2A,43.249,6.956333,0.2,11.3082
108696,2018-11-19,SY68/34,64.124,6.956333,0.2,11.3082
108697,2018-11-19,SK00/41,129.396,6.956333,0.2,11.3082
108698,2018-11-19,NY63/2,130.11,6.956333,0.2,11.3082
108699,2018-11-19,SN00/11,13.228,6.956333,0.2,11.3082
108700,2018-11-19,SU71/23,30.17,6.956333,0.2,11.3082
108701,2018-11-19,SJ15/13,79.18,6.956333,0.2,11.3082
108702,2018-11-19,SU01/5B,69.649,6.956333,0.2,11.3082
108703,2018-11-19,TR14/9,62.176,6.956333,0.2,11.3082
108704,2018-11-19,NO20/14,35.922,6.956333,0.2,11.3082
108705,2018-11-19,ID30/1,114.83,6.956333,0.2,11.3082
108706,2018-11-20,SU17/57,129.37,5.948,7.8000007,19.957922
108707,2018-11-20,SU71/23,30.15,5.948,7.8000007,19.957922
108708,2018-11-20,SN00/11,13.128,5.948,7.8000007,19.957922
108709,2018-11-20,NY63/2,130.151,5.948,7.8000007,19.957922
108710,2018-11-20,ID30/1,114.69,5.948,7.8000007,19.957922
108711,2018-11-20,SU81/1,35.95,5.948,7.8000007,19.957922
108712,2018-11-20,NH95/17,29.075,5.948,7.8000007,19.957922
108713,2018-11-20,TL33/67,76.39,5.948,7.8000007,19.957922
108714,2018-11-20,SY68/34,64.127,5.948,7.8000007,19.957922
108715,2018-11-20,SU01/5B,69.738,5.948,7.8000007,19.957922
108716,2018-11-20,ST07/10,62.404,5.948,7.8000007,19.957922
108717,2018-11-20,SK00/41,129.403,5.948,7.8000007,19.957922
108718,2018-11-20,TQ25/86,87.85,5.948,7.8000007,19.957922
108719,2018-11-20,SP00/62,100.27,5.948,7.8000007,19.957922
108720,2018-11-20,TR14/9,62.162,5.948,7.8000007,19.957922
108721,2018-11-20,NO20/14,35.941,5.948,7.8000007,19.957922
108722,2018-11-20,TF81/2A,43.238,5.948,7.8000007,19.957922
108723,2018-11-20,SJ15/13,79.2,5.948,7.8000007,19.957922
108724,2018-11-21,SJ15/13,79.23,4.264666,7.1,18.796846
108725,2018-11-21,SU81/1,35.93,4.264666,7.1,18.796846
108726,2018-11-21,SU01/5B,69.809,4.264666,7.1,18.796846
108727,2018-11-21,SY68/34,64.13,4.264666,7.1,18.796846
108728,2018-11-21,SN00/11,13.036,4.264666,7.1,18.796846
108729,2018-11-21,ID30/1,114.58,4.264666,7.1,18.796846
108730,2018-11-21,ST07/10,62.022,4.264666,7.1,18.796846
108731,2018-11-21,SU71/23,30.14,4.264666,7.1,18.796846
108732,2018-11-21,NH95/17,29.099,4.264666,7.1,18.796846
108733,2018-11-21,SK00/41,129.408,4.264666,7.1,18.796846
108734,2018-11-21,NY63/2,130.123,4.264666,7.1,18.796846
108735,2018-11-21,TR14/9,62.114,4.264666,7.1,18.796846
108736,2018-11-21,TF81/2A,43.213,4.264666,7.1,18.796846
108737,2018-11-21,NO20/14,35.952,4.264666,7.1,18.796846
108738,2018-11-22,SK00/41,129.398,3.5980003,0.0,5.8620076
108739,2018-11-22,SU81/1,35.92,3.5980003,0.0,5.8620076
108740,2018-11-22,NH95/17,29.088,3.5980003,0.0,5.8620076
108741,2018-11-22,SJ15/13,79.19,3.5980003,0.0,5.8620076
108742,2018-11-22,ID30/1,114.44,3.5980003,0.0,5.8620076
108743,2018-11-22,NO20/14,35.964,3.5980003,0.0,5.8620076
108744,2018-11-22,TF81/2A,43.197,3.5980003,0.0,5.8620076
108745,2018-11-22,SU01/5B,69.892,3.5980003,0.0,5.8620076
108746,2018-11-22,SE95/6,18.34,3.5980003,0.0,5.8620076
108747,2018-11-22,SE94/5,13.18,3.5980003,0.0,5.8620076
108748,2018-11-22,TR14/9,62.068,3.5980003,0.0,5.8620076
108749,2018-11-22,SN00/11,12.935,3.5980003,0.0,5.8620076
108750,2018-11-22,NY63/2,130.12,3.5980003,0.0,5.8620076
108751,2018-11-22,ST07/10,61.566,3.5980003,0.0,5.8620076
108752,2018-11-22,SY68/34,64.136,3.5980003,0.0,5.8620076
108753,2018-11-22,SU71/23,30.12,3.5980003,0.0,5.8620076
108754,2018-11-23,SJ15/13,79.19,5.4688325,0.0,7.281524
108755,2018-11-23,TR14/9,62.037,5.4688325,0.0,7.281524
108756,2018-11-23,SY68/34,64.151,5.4688325,0.0,7.281524
108757,2018-11-23,SU01/5B,69.985,5.4688325,0.0,7.281524
108758,2018-11-23,NO20/14,35.997,5.4688325,0.0,7.281524
108759,2018-11-23,SU81/1,35.85,5.4688325,0.0,7.281524
108760,2018-11-23,SK00/41,129.396,5.4688325,0.0,7.281524
108761,2018-11-23,NH95/17,29.098,5.4688325,0.0,7.281524
108762,2018-11-23,TF81/2A,43.184,5.4688325,0.0,7.281524
108763,2018-11-23,ID30/1,114.33,5.4688325,0.0,7.281524
108764,2018-11-23,SU71/23,30.11,5.4688325,0.0,7.281524
108765,2018-11-23,SN00/11,12.825,5.4688325,0.0,7.281524
108766,2018-11-23,NY63/2,130.128,5.4688325,0.0,7.281524
108767,2018-11-23,ST07/10,61.232,5.4688325,0.0,7.281524
108768,2018-11-24,NH95/17,29.096,5.8855,0.0,7.625424
108769,2018-11-24,NO20/14,36.015,5.8855,0.0,7.625424
108770,2018-11-24,ID30/1,114.24,5.8855,0.0,7.625424
108771,2018-11-24,SN00/11,12.722,5.8855,0.0,7.625424
108772,2018-11-24,TR14/9,62.013,5.8855,0.0,7.625424
108773,2018-11-24,NY63/2,130.119,5.8855,0.0,7.625424
108774,2018-11-24,SJ15/13,79.2,5.8855,0.0,7.625424
108775,2018-11-24,SU81/1,35.82,5.8855,0.0,7.625424
108776,2018-11-24,ST07/10,60.914,5.8855,0.0,7.625424
108777,2018-11-24,SY68/34,64.201,5.8855,0.0,7.625424
108778,2018-11-24,TF81/2A,43.166,5.8855,0.0,7.625424
108779,2018-11-24,SU01/5B,70.067,5.8855,0.0,7.625424
108780,2018-11-24,SK00/41,129.396,5.8855,0.0,7.625424
108781,2018-11-24,SU71/23,30.09,5.8855,0.0,7.625424
108782,2018-11-25,SU01/5B,70.146,5.1584163,0.4,9.514566
108783,2018-11-25,SU71/23,30.08,5.1584163,0.4,9.514566
108784,2018-11-25,SK00/41,129.393,5.1584163,0.4,9.514566
108785,2018-11-25,SJ15/13,79.19,5.1584163,0.4,9.514566
108786,2018-11-25,ID30/1,114.16,5.1584163,0.4,9.514566
108787,2018-11-25,SY68/34,64.214,5.1584163,0.4,9.514566
108788,2018-11-25,NO20/14,36.022,5.1584163,0.4,9.514566
108789,2018-11-25,TR14/9,62.001,5.1584163,0.4,9.514566
108790,2018-11-25,ST07/10,60.581,5.1584163,0.4,9.514566
108791,2018-11-25,SU81/1,35.83,5.1584163,0.4,9.514566
108792,2018-11-25,NY63/2,130.112,5.1584163,0.4,9.514566
108793,2018-11-25,TF81/2A,43.149,5.1584163,0.4,9.514566
108794,2018-11-25,NH95/17,29.089,5.1584163,0.4,9.514566
108795,2018-11-25,SN00/11,12.609,5.1584163,0.4,9.514566
108796,2018-11-26,ID30/1,114.08,3.8854992,0.0,6.208885
108797,2018-11-26,SJ15/13,79.18,3.8854992,0.0,6.208885
108798,2018-11-26,TF81/2A,43.131,3.8854992,0.0,6.208885
108799,2018-11-26,SU01/5B,70.222,3.8854992,0.0,6.208885
108800,2018-11-26,TV59/7C,1.44,3.8854992,0.0,6.208885
108801,2018-11-26,NH95/17,29.093,3.8854992,0.0,6.208885
108802,2018-11-26,NY63/2,130.108,3.8854992,0.0,6.208885
108803,2018-11-26,TR14/9,61.995,3.8854992,0.0,6.208885
108804,2018-11-26,SU81/1,35.82,3.8854992,0.0,6.208885
108805,2018-11-26,ST07/10,60.262,3.8854992,0.0,6.208885
108806,2018-11-26,SN00/11,12.493,3.8854992,0.0,6.208885
108807,2018-11-26,SY68/34,64.219,3.8854992,0.0,6.208885
108808,2018-11-26,SK00/41,129.389,3.8854992,0.0,6.208885
108809,2018-11-26,SU71/23,30.06,3.8854992,0.0,6.208885
108810,2018-11-26,NO20/14,36.042,3.8854992,0.0,6.208885
108811,2018-11-27,ID30/1,114.1,4.5396667,6.6,21.957233
108812,2018-11-27,SU17/57,129.28,4.5396667,6.6,21.957233
108813,2018-11-27,TQ25/86,87.81,4.5396667,6.6,21.957233
108814,2018-11-27,SU71/23,30.05,4.5396667,6.6,21.957233
108815,2018-11-27,NY63/2,130.152,4.5396667,6.6,21.957233
108816,2018-11-27,ST07/10,59.963,4.5396667,6.6,21.957233
108817,2018-11-27,TA10/63,12.93,4.5396667,6.6,21.957233
108818,2018-11-27,TL33/67,76.27,4.5396667,6.6,21.957233
108819,2018-11-27,NH95/17,29.106,4.5396667,6.6,21.957233
108820,2018-11-27,TF81/2A,43.124,4.5396667,6.6,21.957233
108821,2018-11-27,SN00/11,12.38,4.5396667,6.6,21.957233
108822,2018-11-27,TR14/9,61.926,4.5396667,6.6,21.957233
108823,2018-11-27,SJ15/13,79.17,4.5396667,6.6,21.957233
108824,2018-11-27,SU01/5B,70.322,4.5396667,6.6,21.957233
108825,2018-11-27,SU81/1,35.78,4.5396667,6.6,21.957233
108826,2018-11-27,NO20/14,36.082,4.5396667,6.6,21.957233
108827,2018-11-27,SK00/41,129.385,4.5396667,6.6,21.957233
108828,2018-11-27,SY68/34,64.297,4.5396667,6.6,21.957233
108829,2018-11-27,SP00/62,100.33,4.5396667,6.6,21.957233
108830,2018-11-28,TR14/9,61.919,9.533418,9.400001,26.663538
108831,2018-11-28,ST07/10,60.012,9.533418,9.400001,26.663538
108832,2018-11-28,SU81/1,35.79,9.533418,9.400001,26.663538
108833,2018-11-28,NH95/17,29.141,9.533418,9.400001,26.663538
108834,2018-11-28,NO20/14,36.122,9.533418,9.400001,26.663538
108835,2018-11-28,SU01/5B,70.448,9.533418,9.400001,26.663538
108836,2018-11-28,SJ15/13,79.21,9.533418,9.400001,26.663538
108837,2018-11-28,SK00/41,129.391,9.533418,9.400001,26.663538
108838,2018-11-28,SU71/23,30.04,9.533418,9.400001,26.663538
108839,2018-11-28,SN00/11,12.42,9.533418,9.400001,26.663538
108840,2018-11-28,NY63/2,130.192,9.533418,9.400001,26.663538
108841,2018-11-28,ID30/1,114.34,9.533418,9.400001,26.663538
108842,2018-11-28,SY68/34,64.407,9.533418,9.400001,26.663538
108843,2018-11-28,TF81/2A,43.124,9.533418,9.400001,26.663538
108844,2018-11-29,SN00/11,12.545,9.066751,13.800001,24.940317
108845,2018-11-29,ST07/10,60.551,9.066751,13.800001,24.940317
108846,2018-11-29,NY63/2,130.21,9.066751,13.800001,24.940317
108847,2018-11-29,TR14/9,61.908,9.066751,13.800001,24.940317
108848,2018-11-29,NO20/14,36.141,9.066751,13.800001,24.940317
108849,2018-11-29,SK00/41,129.39,9.066751,13.800001,24.940317
108850,2018-11-29,TF81/2A,43.124,9.066751,13.800001,24.940317
108851,2018-11-29,SJ15/13,79.22,9.066751,13.800001,24.940317
108852,2018-11-29,NH95/17,29.142,9.066751,13.800001,24.940317
108853,2018-11-29,ID30/1,114.66,9.066751,13.800001,24.940317
108854,2018-11-29,SU71/23,30.02,9.066751,13.800001,24.940317
108855,2018-11-29,SU81/1,35.75,9.066751,13.800001,24.940317
108856,2018-11-29,SU01/5B,70.63,9.066751,13.800001,24.940317
108857,2018-11-29,SY68/34,64.473,9.066751,13.800001,24.940317
108858,2018-11-30,SK00/41,129.386,6.393833,6.7999997,19.560352
108859,2018-11-30,NO20/14,36.156,6.393833,6.7999997,19.560352
108860,2018-11-30,TF03/37,10.632,6.393833,6.7999997,19.560352
108861,2018-11-30,TF81/2A,43.124,6.393833,6.7999997,19.560352
108862,2018-11-30,NH95/17,29.128,6.393833,6.7999997,19.560352
108863,2018-11-30,TR14/9,61.874,6.393833,6.7999997,19.560352
108864,2018-11-30,SU81/1,35.77,6.393833,6.7999997,19.560352
108865,2018-11-30,SY68/34,64.552,6.393833,6.7999997,19.560352
108866,2018-11-30,ST07/10,61.963,6.393833,6.7999997,19.560352
108867,2018-11-30,SJ15/13,79.23,6.393833,6.7999997,19.560352
108868,2018-11-30,SU01/5B,70.878,6.393833,6.7999997,19.560352
108869,2018-11-30,SU71/23,30.01,6.393833,6.7999997,19.560352
108870,2018-11-30,ID30/1,115.01,6.393833,6.7999997,19.560352
108871,2018-11-30,SN00/11,12.838,6.393833,6.7999997,19.560352
108872,2018-12-01,SN00/11,12.996,6.2500834,4.8999996,9.876856
108873,2018-12-01,SJ15/13,79.21,6.2500834,4.8999996,9.876856
108874,2018-12-01,SK00/41,129.387,6.2500834,4.8999996,9.876856
108875,2018-12-01,ID30/1,115.2,6.2500834,4.8999996,9.876856
108876,2018-12-01,SU81/1,35.81,6.2500834,4.8999996,9.876856
108877,2018-12-01,SU17/57,129.28,6.2500834,4.8999996,9.876856
108878,2018-12-01,ST07/10,65.6,6.2500834,4.8999996,9.876856
108879,2018-12-01,NH95/17,29.112,6.2500834,4.8999996,9.876856
108880,2018-12-01,NO20/14,36.171,6.2500834,4.8999996,9.876856
108881,2018-12-01,SU71/23,30.0,6.2500834,4.8999996,9.876856
108882,2018-12-01,TQ25/86,87.77,6.2500834,4.8999996,9.876856
108883,2018-12-01,TF81/2A,43.124,6.2500834,4.8999996,9.876856
108884,2018-12-01,SP00/62,100.64,6.2500834,4.8999996,9.876856
108885,2018-12-01,TR14/9,61.919,6.2500834,4.8999996,9.876856
108886,2018-12-01,SY68/34,64.755,6.2500834,4.8999996,9.876856
108887,2018-12-01,TL33/67,76.08,6.2500834,4.8999996,9.876856
108888,2018-12-01,SU01/5B,71.309,6.2500834,4.8999996,9.876856
108889,2018-12-01,NY63/2,130.192,6.2500834,4.8999996,9.876856
108890,2018-12-02,TR14/9,61.97,9.364667,7.3,12.123416
108891,2018-12-02,SU81/1,35.92,9.364667,7.3,12.123416
108892,2018-12-02,SN00/11,13.277,9.364667,7.3,12.123416
108893,2018-12-02,TF81/2A,43.124,9.364667,7.3,12.123416
108894,2018-12-02,NO20/14,36.201,9.364667,7.3,12.123416
108895,2018-12-02,SU71/23,29.99,9.364667,7.3,12.123416
108896,2018-12-02,ID30/1,115.42,9.364667,7.3,12.123416
108897,2018-12-02,ST07/10,69.34,9.364667,7.3,12.123416
108898,2018-12-02,SK00/41,129.39,9.364667,7.3,12.123416
108899,2018-12-02,SU01/5B,71.902,9.364667,7.3,12.123416
108900,2018-12-02,SJ15/13,79.26,9.364667,7.3,12.123416
108901,2018-12-02,SY68/34,64.966,9.364667,7.3,12.123416
108902,2018-12-02,NY63/2,130.241,9.364667,7.3,12.123416
108903,2018-12-02,NH95/17,29.118,9.364667,7.3,12.123416
108904,2018-12-03,ID30/1,115.63,5.277167,1.0,10.028883
108905,2018-12-03,SU81/1,36.33,5.277167,1.0,10.028883
108906,2018-12-03,SK00/41,129.385,5.277167,1.0,10.028883
108907,2018-12-03,ST07/10,72.468,5.277167,1.0,10.028883
108908,2018-12-03,NH95/17,29.096,5.277167,1.0,10.028883
108909,2018-12-03,SY68/34,65.174,5.277167,1.0,10.028883
108910,2018-12-03,SU01/5B,72.536,5.277167,1.0,10.028883
108911,2018-12-03,NO20/14,36.191,5.277167,1.0,10.028883
108912,2018-12-03,TF81/2A,43.124,5.277167,1.0,10.028883
108913,2018-12-03,TL44/12,34.77,5.277167,1.0,10.028883
108914,2018-12-03,SU71/23,29.98,5.277167,1.0,10.028883
108915,2018-12-03,SJ15/13,79.25,5.277167,1.0,10.028883
108916,2018-12-03,NY63/2,130.241,5.277167,1.0,10.028883
108917,2018-12-03,SN00/11,13.351,5.277167,1.0,10.028883
108918,2018-12-03,TR14/9,62.022,5.277167,1.0,10.028883
108919,2018-12-04,SK00/41,129.37,1.8500835,0.0,7.479158
108920,2018-12-04,TL33/67,75.93,1.8500835,0.0,7.479158
108921,2018-12-04,SP00/62,101.23,1.8500835,0.0,7.479158
108922,2018-12-04,NH95/17,29.072,1.8500835,0.0,7.479158
108923,2018-12-04,NY63/2,130.151,1.8500835,0.0,7.479158
108924,2018-12-04,TF81/2A,43.124,1.8500835,0.0,7.479158
108925,2018-12-04,SJ15/13,79.22,1.8500835,0.0,7.479158
108926,2018-12-04,SU17/57,129.28,1.8500835,0.0,7.479158
108927,2018-12-04,TQ25/86,87.73,1.8500835,0.0,7.479158
108928,2018-12-04,TL33/4,76.85,1.8500835,0.0,7.479158
108929,2018-12-04,SN00/11,13.265,1.8500835,0.0,7.479158
108930,2018-12-04,SU81/1,36.72,1.8500835,0.0,7.479158
108931,2018-12-04,SU71/23,29.97,1.8500835,0.0,7.479158
108932,2018-12-04,SU01/5B,73.303,1.8500835,0.0,7.479158
108933,2018-12-04,ST07/10,73.852,1.8500835,0.0,7.479158
108934,2018-12-04,ID30/1,115.71,1.8500835,0.0,7.479158
108935,2018-12-04,SY68/34,65.374,1.8500835,0.0,7.479158
108936,2018-12-04,TR14/9,62.086,1.8500835,0.0,7.479158
108937,2018-12-05,SU71/23,29.96,4.8355,9.6,13.95954
108938,2018-12-05,SU01/5B,74.165,4.8355,9.6,13.95954
108939,2018-12-05,SJ15/13,79.28,4.8355,9.6,13.95954
108940,2018-12-05,TR14/9,62.166,4.8355,9.6,13.95954
108941,2018-12-05,NH95/17,29.086,4.8355,9.6,13.95954
108942,2018-12-05,ST07/10,75.112,4.8355,9.6,13.95954
108943,2018-12-05,NY63/2,130.153,4.8355,9.6,13.95954
108944,2018-12-05,TF81/2A,43.124,4.8355,9.6,13.95954
108945,2018-12-05,SK00/41,129.37,4.8355,9.6,13.95954
108946,2018-12-05,SU81/1,36.91,4.8355,9.6,13.95954
108947,2018-12-05,ID30/1,115.75,4.8355,9.6,13.95954
108948,2018-12-05,SN00/11,13.681,4.8355,9.6,13.95954
108949,2018-12-05,SY68/34,65.641,4.8355,9.6,13.95954
108950,2018-12-06,SY68/34,65.833,9.123002,2.7999995,12.086886
108951,2018-12-06,NH95/17,29.1,9.123002,2.7999995,12.086886
108952,2018-12-06,SU71/23,29.97,9.123002,2.7999995,12.086886
108953,2018-12-06,SU81/1,37.14,9.123002,2.7999995,12.086886
108954,2018-12-06,SU01/5B,74.952,9.123002,2.7999995,12.086886
108955,2018-12-06,ST07/10,77.415,9.123002,2.7999995,12.086886
108956,2018-12-06,NY63/2,130.214,9.123002,2.7999995,12.086886
108957,2018-12-06,TR14/9,62.269,9.123002,2.7999995,12.086886
108958,2018-12-06,SJ15/13,79.3,9.123002,2.7999995,12.086886
108959,2018-12-06,SK00/41,129.364,9.123002,2.7999995,12.086886
108960,2018-12-06,ID30/1,115.81,9.123002,2.7999995,12.086886
108961,2018-12-06,SN00/11,13.974,9.123002,2.7999995,12.086886
108962,2018-12-06,TF81/2A,43.124,9.123002,2.7999995,12.086886
108963,2018-12-07,NY63/2,130.241,7.6959176,14.200002,22.986012
108964,2018-12-07,SY68/34,66.074,7.6959176,14.200002,22.986012
108965,2018-12-07,ST07/10,81.075,7.6959176,14.200002,22.986012
108966,2018-12-07,SN00/11,14.268,7.6959176,14.200002,22.986012
108967,2018-12-07,SU81/1,37.37,7.6959176,14.200002,22.986012
108968,2018-12-07,SJ15/13,79.34,7.6959176,14.200002,22.986012
108969,2018-12-07,TR14/9,62.384,7.6959176,14.200002,22.986012
108970,2018-12-07,NH95/17,29.126,7.6959176,14.200002,22.986012
108971,2018-12-07,ID30/1,115.89,7.6959176,14.200002,22.986012
108972,2018-12-07,SK00/41,129.37,7.6959176,14.200002,22.986012
108973,2018-12-07,TF81/2A,43.124,7.6959176,14.200002,22.986012
108974,2018-12-07,SU71/23,29.97,7.6959176,14.200002,22.986012
108975,2018-12-07,SU01/5B,75.643,7.6959176,14.200002,22.986012
108976,2018-12-08,SY68/34,66.317,7.2375846,6.7000003,25.716208
108977,2018-12-08,ST07/10,83.162,7.2375846,6.7000003,25.716208
108978,2018-12-08,SU71/23,30.1,7.2375846,6.7000003,25.716208
108979,2018-12-08,SN00/11,14.258,7.2375846,6.7000003,25.716208
108980,2018-12-08,TF81/2A,43.124,7.2375846,6.7000003,25.716208
108981,2018-12-08,SU01/5B,76.387,7.2375846,6.7000003,25.716208
108982,2018-12-08,SU81/1,38.31,7.2375846,6.7000003,25.716208
108983,2018-12-08,SK00/41,129.37,7.2375846,6.7000003,25.716208
108984,2018-12-08,SJ15/13,79.35,7.2375846,6.7000003,25.716208
108985,2018-12-08,NY63/2,130.288,7.2375846,6.7000003,25.716208
108986,2018-12-08,TR14/9,62.55,7.2375846,6.7000003,25.716208
108987,2018-12-08,ID30/1,115.99,7.2375846,6.7000003,25.716208
108988,2018-12-08,NH95/17,29.123,7.2375846,6.7000003,25.716208
108989,2018-12-09,NH95/17,29.087,4.6542497,0.9,13.329735
108990,2018-12-09,TR14/9,62.691,4.6542497,0.9,13.329735
108991,2018-12-09,ID30/1,116.31,4.6542497,0.9,13.329735
108992,2018-12-09,ST07/10,84.012,4.6542497,0.9,13.329735
108993,2018-12-09,NY63/2,130.282,4.6542497,0.9,13.329735
108994,2018-12-09,SN00/11,14.097,4.6542497,0.9,13.329735
108995,2018-12-09,SU01/5B,77.683,4.6542497,0.9,13.329735
108996,2018-12-09,TF81/2A,43.124,4.6542497,0.9,13.329735
108997,2018-12-09,SY68/34,66.571,4.6542497,0.9,13.329735
108998,2018-12-09,SK00/41,129.36,4.6542497,0.9,13.329735
108999,2018-12-09,SJ15/13,79.35,4.6542497,0.9,13.329735
109000,2018-12-09,SU71/23,30.84,4.6542497,0.9,13.329735
109001,2018-12-09,SU81/1,40.25,4.6542497,0.9,13.329735
109002,2018-12-10,SU01/5B,79.345,3.9167502,0.0,7.201312
109003,2018-12-10,TF81/2A,43.124,3.9167502,0.0,7.201312
109004,2018-12-10,SJ15/13,79.37,3.9167502,0.0,7.201312
109005,2018-12-10,NY63/2,130.177,3.9167502,0.0,7.201312
109006,2018-12-10,TR14/9,62.837,3.9167502,0.0,7.201312
109007,2018-12-10,ID30/1,116.5,3.9167502,0.0,7.201312
109008,2018-12-10,SK00/41,129.348,3.9167502,0.0,7.201312
109009,2018-12-10,SN00/11,13.929,3.9167502,0.0,7.201312
109010,2018-12-10,ST07/10,83.773,3.9167502,0.0,7.201312
109011,2018-12-10,NH95/17,29.08,3.9167502,0.0,7.201312
109012,2018-12-10,SY68/34,66.784,3.9167502,0.0,7.201312
109013,2018-12-10,SU81/1,41.22,3.9167502,0.0,7.201312
109014,2018-12-10,SU71/23,32.27,3.9167502,0.0,7.201312
109015,2018-12-11,SU01/5B,80.856,6.183417,0.0,13.812082
109016,2018-12-11,SY68/34,66.98,6.183417,0.0,13.812082
109017,2018-12-11,ID30/1,116.46,6.183417,0.0,13.812082
109018,2018-12-11,TL33/67,75.82,6.183417,0.0,13.812082
109019,2018-12-11,SK00/41,129.34,6.183417,0.0,13.812082
109020,2018-12-11,NH95/17,29.095,6.183417,0.0,13.812082
109021,2018-12-11,SU17/57,129.27,6.183417,0.0,13.812082
109022,2018-12-11,SJ15/13,79.41,6.183417,0.0,13.812082
109023,2018-12-11,TQ25/86,87.82,6.183417,0.0,13.812082
109024,2018-12-11,SP00/62,102.65,6.183417,0.0,13.812082
109025,2018-12-11,TR14/9,63.002,6.183417,0.0,13.812082
109026,2018-12-11,SN00/11,13.766,6.183417,0.0,13.812082
109027,2018-12-11,ST07/10,83.003,6.183417,0.0,13.812082
109028,2018-12-11,SU71/23,32.98,6.183417,0.0,13.812082
109029,2018-12-11,NY63/2,130.198,6.183417,0.0,13.812082
109030,2018-12-11,TF81/2A,42.894,6.183417,0.0,13.812082
109031,2018-12-11,SU81/1,41.66,6.183417,0.0,13.812082
109032,2018-12-12,SJ15/13,79.42,5.4250827,0.0,22.556612
109033,2018-12-12,SN00/11,13.629,5.4250827,0.0,22.556612
109034,2018-12-12,TF81/2A,42.883,5.4250827,0.0,22.556612
109035,2018-12-12,NY63/2,130.232,5.4250827,0.0,22.556612
109036,2018-12-12,SY68/34,67.16,5.4250827,0.0,22.556612
109037,2018-12-12,SK00/41,129.34,5.4250827,0.0,22.556612
109038,2018-12-12,SU71/23,33.41,5.4250827,0.0,22.556612
109039,2018-12-12,NH95/17,29.096,5.4250827,0.0,22.556612
109040,2018-12-12,ST07/10,82.128,5.4250827,0.0,22.556612
109041,2018-12-12,SU01/5B,82.029,5.4250827,0.0,22.556612
109042,2018-12-12,ID30/1,116.38,5.4250827,0.0,22.556612
109043,2018-12-12,TR14/9,63.182,5.4250827,0.0,22.556612
109044,2018-12-12,SU81/1,42.03,5.4250827,0.0,22.556612
109045,2018-12-13,ID30/1,116.3,3.0605001,0.0,25.378656
109046,2018-12-13,TF81/2A,42.866,3.0605001,0.0,25.378656
109047,2018-12-13,SJ15/13,79.42,3.0605001,0.0,25.378656
109048,2018-12-13,SN00/11,13.496,3.0605001,0.0,25.378656
109049,2018-12-13,SU71/23,33.79,3.0605001,0.0,25.378656
109050,2018-12-13,TR14/9,63.34,3.0605001,0.0,25.378656
109051,2018-12-13,TM15/112,25.05,3.0605001,0.0,25.378656
109052,2018-12-13,SU01/5B,82.975,3.0605001,0.0,25.378656
109053,2018-12-13,ST07/10,80.751,3.0605001,0.0,25.378656
109054,2018-12-13,NH95/17,29.089,3.0605001,0.0,25.378656
109055,2018-12-13,NY63/2,130.243,3.0605001,0.0,25.378656
109056,2018-12-13,SY68/34,67.299,3.0605001,0.0,25.378656
109057,2018-12-13,SK00/41,129.332,3.0605001,0.0,25.378656
109058,2018-12-13,SU81/1,42.33,3.0605001,0.0,25.378656
109059,2018-12-14,NY63/2,130.226,1.4292499,0.0,19.274538
109060,2018-12-14,TR14/9,63.502,1.4292499,0.0,19.274538
109061,2018-12-14,SK00/41,129.33,1.4292499,0.0,19.274538
109062,2018-12-14,SY68/34,67.425,1.4292499,0.0,19.274538
109063,2018-12-14,SU71/23,34.12,1.4292499,0.0,19.274538
109064,2018-12-14,NH95/17,29.095,1.4292499,0.0,19.274538
109065,2018-12-14,SJ15/13,79.39,1.4292499,0.0,19.274538
109066,2018-12-14,ST07/10,79.021,1.4292499,0.0,19.274538
109067,2018-12-14,TF81/2A,42.851,1.4292499,0.0,19.274538
109068,2018-12-14,SU01/5B,83.69,1.4292499,0.0,19.274538
109069,2018-12-14,ID30/1,116.17,1.4292499,0.0,19.274538
109070,2018-12-14,SN00/11,13.38,1.4292499,0.0,19.274538
109071,2018-12-14,SU81/1,42.53,1.4292499,0.0,19.274538
109072,2018-12-15,SY68/34,67.704,1.498,14.7,33.033356
109073,2018-12-15,SU01/5B,84.279,1.498,14.7,33.033356
109074,2018-12-15,NH95/17,29.124,1.498,14.7,33.033356
109075,2018-12-15,SU71/23,34.4,1.498,14.7,33.033356
109076,2018-12-15,TR14/9,63.675,1.498,14.7,33.033356
109077,2018-12-15,NY63/2,130.249,1.498,14.7,33.033356
109078,2018-12-15,SU81/1,42.74,1.498,14.7,33.033356
109079,2018-12-15,SN00/11,13.562,1.498,14.7,33.033356
109080,2018-12-15,TF81/2A,42.849,1.498,14.7,33.033356
109081,2018-12-15,ST07/10,78.551,1.498,14.7,33.033356
109082,2018-12-15,ID30/1,116.86,1.498,14.7,33.033356
109083,2018-12-15,SJ15/13,79.43,1.498,14.7,33.033356
109084,2018-12-15,SK00/41,129.334,1.498,14.7,33.033356
109085,2018-12-16,SN00/11,13.771,4.9938326,5.1,16.181976
109086,2018-12-16,SU81/1,43.01,4.9938326,5.1,16.181976
109087,2018-12-16,SY68/34,67.972,4.9938326,5.1,16.181976
109088,2018-12-16,SU01/5B,84.768,4.9938326,5.1,16.181976
109089,2018-12-16,TR14/9,63.815,4.9938326,5.1,16.181976
109090,2018-12-16,TF81/2A,42.831,4.9938326,5.1,16.181976
109091,2018-12-16,SJ15/13,79.42,4.9938326,5.1,16.181976
109092,2018-12-16,ID30/1,118.5,4.9938326,5.1,16.181976
109093,2018-12-16,SK00/41,129.335,4.9938326,5.1,16.181976
109094,2018-12-16,SU71/23,34.7,4.9938326,5.1,16.181976
109095,2018-12-16,NH95/17,29.114,4.9938326,5.1,16.181976
109096,2018-12-16,NY63/2,130.379,4.9938326,5.1,16.181976
109097,2018-12-16,ST07/10,79.617,4.9938326,5.1,16.181976
109098,2018-12-17,SU01/5B,85.066,5.243833,0.3,14.060154
109099,2018-12-17,TF81/2A,42.81,5.243833,0.3,14.060154
109100,2018-12-17,ID30/1,118.35,5.243833,0.3,14.060154
109101,2018-12-17,SU81/1,43.41,5.243833,0.3,14.060154
109102,2018-12-17,SU71/23,35.09,5.243833,0.3,14.060154
109103,2018-12-17,SY68/34,68.321,5.243833,0.3,14.060154
109104,2018-12-17,NH95/17,29.095,5.243833,0.3,14.060154
109105,2018-12-17,TR14/9,63.954,5.243833,0.3,14.060154
109106,2018-12-17,NY63/2,130.3,5.243833,0.3,14.060154
109107,2018-12-17,SJ15/13,79.38,5.243833,0.3,14.060154
109108,2018-12-17,SK00/41,129.33,5.243833,0.3,14.060154
109109,2018-12-17,TL33/4,76.4,5.243833,0.3,14.060154
109110,2018-12-17,SN00/11,13.745,5.243833,0.3,14.060154
109111,2018-12-17,ST07/10,79.931,5.243833,0.3,14.060154
109112,2018-12-18,SY68/34,68.708,8.556334,14.799999,27.112656
109113,2018-12-18,SK00/41,129.33,8.556334,14.799999,27.112656
109114,2018-12-18,SU81/1,44.48,8.556334,14.799999,27.112656
109115,2018-12-18,TQ25/86,88.14,8.556334,14.799999,27.112656
109116,2018-12-18,SU01/5B,85.431,8.556334,14.799999,27.112656
109117,2018-12-18,ID30/1,118.03,8.556334,14.799999,27.112656
109118,2018-12-18,SU71/23,36.1,8.556334,14.799999,27.112656
109119,2018-12-18,SJ15/13,79.41,8.556334,14.799999,27.112656
109120,2018-12-18,NH95/17,29.115,8.556334,14.799999,27.112656
109121,2018-12-18,SU17/57,129.28,8.556334,14.799999,27.112656
109122,2018-12-18,ST07/10,79.8,8.556334,14.799999,27.112656
109123,2018-12-18,NY63/2,130.306,8.556334,14.799999,27.112656
109124,2018-12-18,SN00/11,13.738,8.556334,14.799999,27.112656
109125,2018-12-18,TR14/9,64.112,8.556334,14.799999,27.112656
109126,2018-12-18,TL33/67,75.56,8.556334,14.799999,27.112656
109127,2018-12-18,TF81/2A,42.806,8.556334,14.799999,27.112656
109128,2018-12-18,SP00/62,102.64,8.556334,14.799999,27.112656
109129,2018-12-19,SN00/11,13.778,5.920916,1.2,17.299683
109130,2018-12-19,NH95/17,29.108,5.920916,1.2,17.299683
109131,2018-12-19,SK00/41,129.33,5.920916,1.2,17.299683
109132,2018-12-19,SU71/23,37.26,5.920916,1.2,17.299683
109133,2018-12-19,TF81/2A,42.791,5.920916,1.2,17.299683
109134,2018-12-19,NY63/2,130.355,5.920916,1.2,17.299683
109135,2018-12-19,SJ15/13,79.41,5.920916,1.2,17.299683
109136,2018-12-19,SY68/34,69.029,5.920916,1.2,17.299683
109137,2018-12-19,SU81/1,45.99,5.920916,1.2,17.299683
109138,2018-12-19,TV59/7C,1.84,5.920916,1.2,17.299683
109139,2018-12-19,TR14/9,64.275,5.920916,1.2,17.299683
109140,2018-12-19,ST07/10,80.297,5.920916,1.2,17.299683
109141,2018-12-19,SU01/5B,86.232,5.920916,1.2,17.299683
109142,2018-12-19,ID30/1,117.75,5.920916,1.2,17.299683
109143,2018-12-20,TF81/2A,42.777,5.987583,6.299999,12.054821
109144,2018-12-20,SJ15/13,79.43,5.987583,6.299999,12.054821
109145,2018-12-20,TA10/63,12.41,5.987583,6.299999,12.054821
109146,2018-12-20,TR14/9,64.476,5.987583,6.299999,12.054821
109147,2018-12-20,ID30/1,117.46,5.987583,6.299999,12.054821
109148,2018-12-20,SU71/23,38.36,5.987583,6.299999,12.054821
109149,2018-12-20,ST07/10,82.245,5.987583,6.299999,12.054821
109150,2018-12-20,SU01/5B,87.987,5.987583,6.299999,12.054821
109151,2018-12-20,NY63/2,130.367,5.987583,6.299999,12.054821
109152,2018-12-20,NH95/17,29.107,5.987583,6.299999,12.054821
109153,2018-12-20,SU81/1,47.39,5.987583,6.299999,12.054821
109154,2018-12-20,SY68/34,69.369,5.987583,6.299999,12.054821
109155,2018-12-20,SK00/41,129.33,5.987583,6.299999,12.054821
109156,2018-12-20,SN00/11,13.756,5.987583,6.299999,12.054821
109157,2018-12-21,SY68/34,69.714,6.0438333,9.099999,7.5565157
109158,2018-12-21,SU01/5B,90.378,6.0438333,9.099999,7.5565157
109159,2018-12-21,SE94/5,13.49,6.0438333,9.099999,7.5565157
109160,2018-12-21,NY63/2,130.367,6.0438333,9.099999,7.5565157
109161,2018-12-21,NH95/17,29.101,6.0438333,9.099999,7.5565157
109162,2018-12-21,SN00/11,13.701,6.0438333,9.099999,7.5565157
109163,2018-12-21,SK00/41,129.33,6.0438333,9.099999,7.5565157
109164,2018-12-21,ST07/10,84.745,6.0438333,9.099999,7.5565157
109165,2018-12-21,ID30/1,117.18,6.0438333,9.099999,7.5565157
109166,2018-12-21,SU81/1,49.38,6.0438333,9.099999,7.5565157
109167,2018-12-21,SU71/23,39.89,6.0438333,9.099999,7.5565157
109168,2018-12-21,SE95/6,20.27,6.0438333,9.099999,7.5565157
109169,2018-12-21,TR14/9,64.679,6.0438333,9.099999,7.5565157
109170,2018-12-21,TF81/2A,42.77,6.0438333,9.099999,7.5565157
109171,2018-12-21,SJ15/13,79.49,6.0438333,9.099999,7.5565157
109172,2018-12-22,SY68/34,69.994,6.3667493,1.9000001,11.669416
109173,2018-12-22,ST07/10,85.419,6.3667493,1.9000001,11.669416
109174,2018-12-22,TR14/9,64.909,6.3667493,1.9000001,11.669416
109175,2018-12-22,SK00/41,129.318,6.3667493,1.9000001,11.669416
109176,2018-12-22,NH95/17,29.04,6.3667493,1.9000001,11.669416
109177,2018-12-22,TF81/2A,42.753,6.3667493,1.9000001,11.669416
109178,2018-12-22,ID30/1,116.87,6.3667493,1.9000001,11.669416
109179,2018-12-22,SU71/23,41.39,6.3667493,1.9000001,11.669416
109180,2018-12-22,SU81/1,51.69,6.3667493,1.9000001,11.669416
109181,2018-12-22,SN00/11,13.621,6.3667493,1.9000001,11.669416
109182,2018-12-22,SU01/5B,92.284,6.3667493,1.9000001,11.669416
109183,2018-12-22,NY63/2,130.362,6.3667493,1.9000001,11.669416
109184,2018-12-22,SJ15/13,79.46,6.3667493,1.9000001,11.669416
109185,2018-12-23,SU71/23,42.89,5.233417,4.6999993,5.181252
109186,2018-12-23,NY63/2,130.319,5.233417,4.6999993,5.181252
109187,2018-12-23,SK00/41,129.31,5.233417,4.6999993,5.181252
109188,2018-12-23,SU01/5B,93.499,5.233417,4.6999993,5.181252
109189,2018-12-23,SY68/34,70.298,5.233417,4.6999993,5.181252
109190,2018-12-23,SJ15/13,79.46,5.233417,4.6999993,5.181252
109191,2018-12-23,SN00/11,13.548,5.233417,4.6999993,5.181252
109192,2018-12-23,NH95/17,29.053,5.233417,4.6999993,5.181252
109193,2018-12-23,ST07/10,85.375,5.233417,4.6999993,5.181252
109194,2018-12-23,TF81/2A,42.743,5.233417,4.6999993,5.181252
109195,2018-12-23,TR14/9,65.136,5.233417,4.6999993,5.181252
109196,2018-12-23,SU81/1,54.11,5.233417,4.6999993,5.181252
109197,2018-12-23,ID30/1,116.52,5.233417,4.6999993,5.181252
109198,2018-12-24,SY68/34,70.534,1.8209163,0.0,8.077052
109199,2018-12-24,ST07/10,85.385,1.8209163,0.0,8.077052
109200,2018-12-24,SU81/1,55.89,1.8209163,0.0,8.077052
109201,2018-12-24,TQ25/86,88.84,1.8209163,0.0,8.077052
109202,2018-12-24,SU17/57,129.63,1.8209163,0.0,8.077052
109203,2018-12-24,SN00/11,13.468,1.8209163,0.0,8.077052
109204,2018-12-24,NH95/17,29.044,1.8209163,0.0,8.077052
109205,2018-12-24,TL33/67,75.49,1.8209163,0.0,8.077052
109206,2018-12-24,SK00/41,129.298,1.8209163,0.0,8.077052
109207,2018-12-24,TF81/2A,42.73,1.8209163,0.0,8.077052
109208,2018-12-24,SU71/23,44.01,1.8209163,0.0,8.077052
109209,2018-12-24,SJ15/13,79.44,1.8209163,0.0,8.077052
109210,2018-12-24,TR14/9,65.389,1.8209163,0.0,8.077052
109211,2018-12-24,ID30/1,116.2,1.8209163,0.0,8.077052
109212,2018-12-24,SU01/5B,94.257,1.8209163,0.0,8.077052
109213,2018-12-24,SP00/62,102.93,1.8209163,0.0,8.077052
109214,2018-12-24,NY63/2,130.299,1.8209163,0.0,8.077052
109215,2018-12-25,SJ15/13,79.46,5.5438333,0.0,11.512683
109216,2018-12-25,SU01/5B,94.75,5.5438333,0.0,11.512683
109217,2018-12-25,ST07/10,84.986,5.5438333,0.0,11.512683
109218,2018-12-25,SU81/1,56.81,5.5438333,0.0,11.512683
109219,2018-12-25,ID30/1,115.97,5.5438333,0.0,11.512683
109220,2018-12-25,SY68/34,70.751,5.5438333,0.0,11.512683
109221,2018-12-25,TR14/9,65.665,5.5438333,0.0,11.512683
109222,2018-12-25,TF81/2A,42.725,5.5438333,0.0,11.512683
109223,2018-12-25,SK00/41,129.29,5.5438333,0.0,11.512683
109224,2018-12-25,SN00/11,13.413,5.5438333,0.0,11.512683
109225,2018-12-25,SU71/23,44.67,5.5438333,0.0,11.512683
109226,2018-12-25,NY63/2,130.306,5.5438333,0.0,11.512683
109227,2018-12-25,NH95/17,29.063,5.5438333,0.0,11.512683
109228,2018-12-26,TR14/9,65.953,8.927167,0.0,8.483961
109229,2018-12-26,TF81/2A,42.72,8.927167,0.0,8.483961
109230,2018-12-26,ST07/10,84.199,8.927167,0.0,8.483961
109231,2018-12-26,SK00/41,129.29,8.927167,0.0,8.483961
109232,2018-12-26,ID30/1,115.76,8.927167,0.0,8.483961
109233,2018-12-26,SJ15/13,79.47,8.927167,0.0,8.483961
109234,2018-12-26,SU71/23,45.15,8.927167,0.0,8.483961
109235,2018-12-26,SN00/11,13.369,8.927167,0.0,8.483961
109236,2018-12-26,SU81/1,57.32,8.927167,0.0,8.483961
109237,2018-12-26,NY63/2,130.341,8.927167,0.0,8.483961
109238,2018-12-26,SY68/34,70.909,8.927167,0.0,8.483961
109239,2018-12-26,SU01/5B,95.073,8.927167,0.0,8.483961
109240,2018-12-26,NH95/17,29.067,8.927167,0.0,8.483961
109241,2018-12-27,SJ15/13,79.47,7.1438346,0.0,4.690017
109242,2018-12-27,TR14/9,66.22,7.1438346,0.0,4.690017
109243,2018-12-27,ST07/10,83.254,7.1438346,0.0,4.690017
109244,2018-12-27,NY63/2,130.359,7.1438346,0.0,4.690017
109245,2018-12-27,SU71/23,45.56,7.1438346,0.0,4.690017
109246,2018-12-27,SY68/34,70.993,7.1438346,0.0,4.690017
109247,2018-12-27,SK00/41,129.285,7.1438346,0.0,4.690017
109248,2018-12-27,ID30/1,115.55,7.1438346,0.0,4.690017
109249,2018-12-27,SN00/11,13.311,7.1438346,0.0,4.690017
109250,2018-12-27,TF81/2A,42.714,7.1438346,0.0,4.690017
109251,2018-12-27,NH95/17,29.057,7.1438346,0.0,4.690017
109252,2018-12-27,SU01/5B,95.318,7.1438346,0.0,4.690017
109253,2018-12-27,SU81/1,57.69,7.1438346,0.0,4.690017
109254,2018-12-27,SJ62/235,54.2,7.1438346,0.0,4.690017
109255,2018-12-28,SY68/34,71.029,6.9105,0.3,8.834879
109256,2018-12-28,ID30/1,115.35,6.9105,0.3,8.834879
109257,2018-12-28,SK00/41,129.28,6.9105,0.3,8.834879
109258,2018-12-28,SJ15/13,79.45,6.9105,0.3,8.834879
109259,2018-12-28,SU71/23,45.93,6.9105,0.3,8.834879
109260,2018-12-28,NH95/17,29.061,6.9105,0.3,8.834879
109261,2018-12-28,TF81/2A,42.705,6.9105,0.3,8.834879
109262,2018-12-28,SU01/5B,95.481,6.9105,0.3,8.834879
109263,2018-12-28,NY63/2,130.362,6.9105,0.3,8.834879
109264,2018-12-28,SU81/1,57.96,6.9105,0.3,8.834879
109265,2018-12-28,TR14/9,66.461,6.9105,0.3,8.834879
109266,2018-12-28,ST07/10,82.056,6.9105,0.3,8.834879
109267,2018-12-28,SN00/11,13.239,6.9105,0.3,8.834879
109268,2018-12-29,ST07/10,80.476,8.127168,5.299999,17.242037
109269,2018-12-29,SK00/41,129.271,8.127168,5.299999,17.242037
109270,2018-12-29,NY63/2,130.361,8.127168,5.299999,17.242037
109271,2018-12-29,TR14/9,66.695,8.127168,5.299999,17.242037
109272,2018-12-29,SU01/5B,95.562,8.127168,5.299999,17.242037
109273,2018-12-29,SU71/23,46.22,8.127168,5.299999,17.242037
109274,2018-12-29,SN00/11,13.156,8.127168,5.299999,17.242037
109275,2018-12-29,SJ15/13,79.44,8.127168,5.299999,17.242037
109276,2018-12-29,SY68/34,71.022,8.127168,5.299999,17.242037
109277,2018-12-29,NH95/17,29.061,8.127168,5.299999,17.242037
109278,2018-12-29,SU81/1,58.1,8.127168,5.299999,17.242037
109279,2018-12-29,TF81/2A,42.704,8.127168,5.299999,17.242037
109280,2018-12-29,ID30/1,115.17,8.127168,5.299999,17.242037
109281,2018-12-30,SJ15/13,79.42,9.023,3.4999995,9.664718
109282,2018-12-30,SU71/23,46.47,9.023,3.4999995,9.664718
109283,2018-12-30,SU81/1,58.16,9.023,3.4999995,9.664718
109284,2018-12-30,NH95/17,29.053,9.023,3.4999995,9.664718
109285,2018-12-30,TF81/2A,42.695,9.023,3.4999995,9.664718
109286,2018-12-30,SN00/11,13.072,9.023,3.4999995,9.664718
109287,2018-12-30,NY63/2,130.344,9.023,3.4999995,9.664718
109288,2018-12-30,SK00/41,129.27,9.023,3.4999995,9.664718
109289,2018-12-30,ST07/10,78.768,9.023,3.4999995,9.664718
109290,2018-12-30,ID30/1,115.05,9.023,3.4999995,9.664718
109291,2018-12-30,SU01/5B,95.54,9.023,3.4999995,9.664718
109292,2018-12-30,SY68/34,70.992,9.023,3.4999995,9.664718
109293,2018-12-30,TR14/9,66.902,9.023,3.4999995,9.664718
109294,2018-12-31,SJ15/13,79.41,8.612585,0.0,13.479913
109295,2018-12-31,TQ25/86,89.59,8.612585,0.0,13.479913
109296,2018-12-31,NY63/2,130.359,8.612585,0.0,13.479913
109297,2018-12-31,SU17/57,130.63,8.612585,0.0,13.479913
109298,2018-12-31,NH95/17,29.06,8.612585,0.0,13.479913
109299,2018-12-31,SY68/34,70.959,8.612585,0.0,13.479913
109300,2018-12-31,SU81/1,58.13,8.612585,0.0,13.479913
109301,2018-12-31,ID30/1,114.92,8.612585,0.0,13.479913
109302,2018-12-31,TF81/2A,42.691,8.612585,0.0,13.479913
109303,2018-12-31,TF03/37,12.31,8.612585,0.0,13.479913
109304,2018-12-31,TL33/67,75.44,8.612585,0.0,13.479913
109305,2018-12-31,SP00/62,102.73,8.612585,0.0,13.479913
109306,2018-12-31,SU71/23,46.66,8.612585,0.0,13.479913
109307,2018-12-31,SU01/5B,95.456,8.612585,0.0,13.479913
109308,2018-12-31,TR14/9,67.108,8.612585,0.0,13.479913
109309,2018-12-31,SK00/41,129.261,8.612585,0.0,13.479913
109310,2018-12-31,ST07/10,77.296,8.612585,0.0,13.479913
109311,2018-12-31,SN00/11,12.999,8.612585,0.0,13.479913
109312,2019-01-01,NY63/2,130.379,5.314667,0.4,12.426777
109313,2019-01-01,SU71/23,46.83,5.314667,0.4,12.426777
109314,2019-01-01,SY68/34,70.911,5.314667,0.4,12.426777
109315,2019-01-01,TR14/9,67.254,5.314667,0.4,12.426777
109316,2019-01-01,SK00/41,129.258,5.314667,0.4,12.426777
109317,2019-01-01,TF81/2A,42.684,5.314667,0.4,12.426777
109318,2019-01-01,SN00/11,12.909,5.314667,0.4,12.426777
109319,2019-01-01,SU81/1,58.06,5.314667,0.4,12.426777
109320,2019-01-01,ST07/10,76.017,5.314667,0.4,12.426777
109321,2019-01-01,SJ15/13,79.4,5.314667,0.4,12.426777
109322,2019-01-01,SU01/5B,95.288,5.314667,0.4,12.426777
109323,2019-01-01,TL44/12,34.89,5.314667,0.4,12.426777
109324,2019-01-01,NH95/17,29.035,5.314667,0.4,12.426777
109325,2019-01-02,ST07/10,74.909,-0.024916619,0.0,4.088803
109326,2019-01-02,SK00/41,129.25,-0.024916619,0.0,4.088803
109327,2019-01-02,SU71/23,46.94,-0.024916619,0.0,4.088803
109328,2019-01-02,TR14/9,67.389,-0.024916619,0.0,4.088803
109329,2019-01-02,NY63/2,130.329,-0.024916619,0.0,4.088803
109330,2019-01-02,TL33/4,76.0,-0.024916619,0.0,4.088803
109331,2019-01-02,ID30/1,114.63,-0.024916619,0.0,4.088803
109332,2019-01-02,NH95/17,29.026,-0.024916619,0.0,4.088803
109333,2019-01-02,SJ15/13,79.37,-0.024916619,0.0,4.088803
109334,2019-01-02,SU81/1,57.93,-0.024916619,0.0,4.088803
109335,2019-01-02,TF81/2A,42.679,-0.024916619,0.0,4.088803
109336,2019-01-02,SY68/34,70.866,-0.024916619,0.0,4.088803
109337,2019-01-02,SU01/5B,95.067,-0.024916619,0.0,4.088803
109338,2019-01-02,SN00/11,12.808,-0.024916619,0.0,4.088803
109339,2019-01-03,SN00/11,12.713,1.0417501,0.0,7.4766254
109340,2019-01-03,SK00/41,129.25,1.0417501,0.0,7.4766254
109341,2019-01-03,ST07/10,73.88,1.0417501,0.0,7.4766254
109342,2019-01-03,SU01/5B,94.835,1.0417501,0.0,7.4766254
109343,2019-01-03,SU81/1,57.77,1.0417501,0.0,7.4766254
109344,2019-01-03,SU71/23,47.02,1.0417501,0.0,7.4766254
109345,2019-01-03,ID30/1,114.51,1.0417501,0.0,7.4766254
109346,2019-01-03,TR14/9,67.539,1.0417501,0.0,7.4766254
109347,2019-01-03,NY63/2,130.346,1.0417501,0.0,7.4766254
109348,2019-01-03,SJ15/13,79.37,1.0417501,0.0,7.4766254
109349,2019-01-03,TF81/2A,42.676,1.0417501,0.0,7.4766254
109350,2019-01-03,SY68/34,70.825,1.0417501,0.0,7.4766254
109351,2019-01-03,NH95/17,29.039,1.0417501,0.0,7.4766254
109352,2019-01-04,ST07/10,72.986,3.4563334,0.0,6.5405936
109353,2019-01-04,SJ15/13,79.37,3.4563334,0.0,6.5405936
109354,2019-01-04,SN00/11,12.618,3.4563334,0.0,6.5405936
109355,2019-01-04,SK00/41,129.243,3.4563334,0.0,6.5405936
109356,2019-01-04,SY68/34,70.783,3.4563334,0.0,6.5405936
109357,2019-01-04,NY63/2,130.357,3.4563334,0.0,6.5405936
109358,2019-01-04,SU01/5B,94.6,3.4563334,0.0,6.5405936
109359,2019-01-04,SU81/1,57.56,3.4563334,0.0,6.5405936
109360,2019-01-04,NH95/17,29.04,3.4563334,0.0,6.5405936
109361,2019-01-04,TF81/2A,42.673,3.4563334,0.0,6.5405936
109362,2019-01-04,SU71/23,47.08,3.4563334,0.0,6.5405936
109363,2019-01-04,ID30/1,114.44,3.4563334,0.0,6.5405936
109364,2019-01-04,TR14/9,67.693,3.4563334,0.0,6.5405936
109365,2019-01-05,SN00/11,12.527,3.1396666,0.0,5.4785113
109366,2019-01-05,NH95/17,29.043,3.1396666,0.0,5.4785113
109367,2019-01-05,TF81/2A,42.67,3.1396666,0.0,5.4785113
109368,2019-01-05,ST07/10,72.188,3.1396666,0.0,5.4785113
109369,2019-01-05,ID30/1,114.37,3.1396666,0.0,5.4785113
109370,2019-01-05,SU01/5B,94.364,3.1396666,0.0,5.4785113
109371,2019-01-05,SU71/23,47.12,3.1396666,0.0,5.4785113
109372,2019-01-05,NY63/2,130.366,3.1396666,0.0,5.4785113
109373,2019-01-05,SY68/34,70.743,3.1396666,0.0,5.4785113
109374,2019-01-05,SJ15/13,79.37,3.1396666,0.0,5.4785113
109375,2019-01-05,SK00/41,129.24,3.1396666,0.0,5.4785113
109376,2019-01-05,SU81/1,57.33,3.1396666,0.0,5.4785113
109377,2019-01-05,TR14/9,67.845,3.1396666,0.0,5.4785113
109378,2019-01-06,SU81/1,57.12,6.879251,1.5000001,4.846473
109379,2019-01-06,ST07/10,71.405,6.879251,1.5000001,4.846473
109380,2019-01-06,TR14/9,67.995,6.879251,1.5000001,4.846473
109381,2019-01-06,NY63/2,130.38,6.879251,1.5000001,4.846473
109382,2019-01-06,ID30/1,114.29,6.879251,1.5000001,4.846473
109383,2019-01-06,NH95/17,29.039,6.879251,1.5000001,4.846473
109384,2019-01-06,SU01/5B,94.123,6.879251,1.5000001,4.846473
109385,2019-01-06,SU71/23,47.15,6.879251,1.5000001,4.846473
109386,2019-01-06,SN00/11,12.429,6.879251,1.5000001,4.846473
109387,2019-01-06,SJ15/13,79.37,6.879251,1.5000001,4.846473
109388,2019-01-06,TF81/2A,42.667,6.879251,1.5000001,4.846473
109389,2019-01-06,SK00/41,129.24,6.879251,1.5000001,4.846473
109390,2019-01-06,SY68/34,70.704,6.879251,1.5000001,4.846473
109391,2019-01-07,SN00/11,12.344,8.604251,1.9000001,21.057867
109392,2019-01-07,SJ15/13,79.38,8.604251,1.9000001,21.057867
109393,2019-01-07,ID30/1,114.23,8.604251,1.9000001,21.057867
109394,2019-01-07,NY63/2,130.384,8.604251,1.9000001,21.057867
109395,2019-01-07,SK00/41,129.24,8.604251,1.9000001,21.057867
109396,2019-01-07,SY68/34,70.667,8.604251,1.9000001,21.057867
109397,2019-01-07,SU71/23,47.16,8.604251,1.9000001,21.057867
109398,2019-01-07,SU81/1,56.91,8.604251,1.9000001,21.057867
109399,2019-01-07,TR14/9,68.137,8.604251,1.9000001,21.057867
109400,2019-01-07,ST07/10,70.682,8.604251,1.9000001,21.057867
109401,2019-01-07,SU01/5B,93.892,8.604251,1.9000001,21.057867
109402,2019-01-07,TF81/2A,42.671,8.604251,1.9000001,21.057867
109403,2019-01-07,NH95/17,29.056,8.604251,1.9000001,21.057867
109404,2019-01-08,SP00/62,102.43,4.9959164,0.0,18.088614
109405,2019-01-08,TL33/67,75.32,4.9959164,0.0,18.088614
109406,2019-01-08,SJ15/13,79.37,4.9959164,0.0,18.088614
109407,2019-01-08,SN00/11,12.258,4.9959164,0.0,18.088614
109408,2019-01-08,ID30/1,114.17,4.9959164,0.0,18.088614
109409,2019-01-08,SU17/57,131.26,4.9959164,0.0,18.088614
109410,2019-01-08,TF81/2A,42.664,4.9959164,0.0,18.088614
109411,2019-01-08,SK00/41,129.24,4.9959164,0.0,18.088614
109412,2019-01-08,SU81/1,56.7,4.9959164,0.0,18.088614
109413,2019-01-08,TQ25/86,90.16,4.9959164,0.0,18.088614
109414,2019-01-08,SY68/34,70.624,4.9959164,0.0,18.088614
109415,2019-01-08,NY63/2,130.408,4.9959164,0.0,18.088614
109416,2019-01-08,NH95/17,29.039,4.9959164,0.0,18.088614
109417,2019-01-08,SU01/5B,93.663,4.9959164,0.0,18.088614
109418,2019-01-08,ST07/10,69.912,4.9959164,0.0,18.088614
109419,2019-01-08,SU71/23,47.17,4.9959164,0.0,18.088614
109420,2019-01-08,TR14/9,68.262,4.9959164,0.0,18.088614
109421,2019-01-09,TR14/9,68.367,1.3563334,0.0,5.443502
109422,2019-01-09,NY63/2,130.378,1.3563334,0.0,5.443502
109423,2019-01-09,SU71/23,47.15,1.3563334,0.0,5.443502
109424,2019-01-09,TF81/2A,42.658,1.3563334,0.0,5.443502
109425,2019-01-09,SU01/5B,93.417,1.3563334,0.0,5.443502
109426,2019-01-09,SN00/11,12.172,1.3563334,0.0,5.443502
109427,2019-01-09,SU81/1,56.47,1.3563334,0.0,5.443502
109428,2019-01-09,NH95/17,29.042,1.3563334,0.0,5.443502
109429,2019-01-09,ST07/10,69.124,1.3563334,0.0,5.443502
109430,2019-01-09,ID30/1,114.07,1.3563334,0.0,5.443502
109431,2019-01-09,SK00/41,129.238,1.3563334,0.0,5.443502
109432,2019-01-09,SJ15/13,79.35,1.3563334,0.0,5.443502
109433,2019-01-09,SY68/34,70.577,1.3563334,0.0,5.443502
109434,2019-01-10,ID30/1,113.95,4.3667502,0.0,5.656309
109435,2019-01-10,NH95/17,29.046,4.3667502,0.0,5.656309
109436,2019-01-10,SN00/11,12.09,4.3667502,0.0,5.656309
109437,2019-01-10,NY63/2,130.383,4.3667502,0.0,5.656309
109438,2019-01-10,SU81/1,56.26,4.3667502,0.0,5.656309
109439,2019-01-10,SY68/34,70.531,4.3667502,0.0,5.656309
109440,2019-01-10,TF81/2A,42.657,4.3667502,0.0,5.656309
109441,2019-01-10,SU01/5B,93.159,4.3667502,0.0,5.656309
109442,2019-01-10,SK00/41,129.23,4.3667502,0.0,5.656309
109443,2019-01-10,SU71/23,47.11,4.3667502,0.0,5.656309
109444,2019-01-10,ST07/10,68.345,4.3667502,0.0,5.656309
109445,2019-01-10,TR14/9,68.467,4.3667502,0.0,5.656309
109446,2019-01-10,SJ15/13,79.35,4.3667502,0.0,5.656309
109447,2019-01-11,SN00/11,12.008,5.4146667,0.1,9.220558
109448,2019-01-11,TR14/9,68.572,5.4146667,0.1,9.220558
109449,2019-01-11,SJ15/13,79.34,5.4146667,0.1,9.220558
109450,2019-01-11,NH95/17,29.048,5.4146667,0.1,9.220558
109451,2019-01-11,SK00/41,129.23,5.4146667,0.1,9.220558
109452,2019-01-11,TF81/2A,42.657,5.4146667,0.1,9.220558
109453,2019-01-11,ID30/1,113.89,5.4146667,0.1,9.220558
109454,2019-01-11,SU01/5B,92.895,5.4146667,0.1,9.220558
109455,2019-01-11,ST07/10,67.605,5.4146667,0.1,9.220558
109456,2019-01-11,SU81/1,56.03,5.4146667,0.1,9.220558
109457,2019-01-11,SU71/23,47.06,5.4146667,0.1,9.220558
109458,2019-01-11,NY63/2,130.385,5.4146667,0.1,9.220558
109459,2019-01-11,SY68/34,70.485,5.4146667,0.1,9.220558
109460,2019-01-12,SU81/1,55.78,8.206334,2.3,24.615782
109461,2019-01-12,NY63/2,130.41,8.206334,2.3,24.615782
109462,2019-01-12,TF81/2A,42.661,8.206334,2.3,24.615782
109463,2019-01-12,SN00/11,11.942,8.206334,2.3,24.615782
109464,2019-01-12,SU01/5B,92.649,8.206334,2.3,24.615782
109465,2019-01-12,NH95/17,29.068,8.206334,2.3,24.615782
109466,2019-01-12,SY68/34,70.447,8.206334,2.3,24.615782
109467,2019-01-12,SJ15/13,79.36,8.206334,2.3,24.615782
109468,2019-01-12,SU71/23,46.99,8.206334,2.3,24.615782
109469,2019-01-12,SK00/41,129.23,8.206334,2.3,24.615782
109470,2019-01-12,TR14/9,68.684,8.206334,2.3,24.615782
109471,2019-01-12,ST07/10,66.915,8.206334,2.3,24.615782
109472,2019-01-12,ID30/1,113.86,8.206334,2.3,24.615782
109473,2019-01-13,SJ15/13,79.37,8.052169,2.8,26.696104
109474,2019-01-13,TR14/9,68.752,8.052169,2.8,26.696104
109475,2019-01-13,TF81/2A,42.657,8.052169,2.8,26.696104
109476,2019-01-13,SU01/5B,92.416,8.052169,2.8,26.696104
109477,2019-01-13,SU81/1,55.54,8.052169,2.8,26.696104
109478,2019-01-13,SY68/34,70.405,8.052169,2.8,26.696104
109479,2019-01-13,ID30/1,113.84,8.052169,2.8,26.696104
109480,2019-01-13,NY63/2,130.43,8.052169,2.8,26.696104
109481,2019-01-13,NH95/17,29.07,8.052169,2.8,26.696104
109482,2019-01-13,SK00/41,129.24,8.052169,2.8,26.696104
109483,2019-01-13,SU71/23,46.95,8.052169,2.8,26.696104
109484,2019-01-13,ST07/10,66.277,8.052169,2.8,26.696104
109485,2019-01-13,SN00/11,11.879,8.052169,2.8,26.696104
109486,2019-01-14,SU81/1,55.34,5.9000835,0.2,14.733742
109487,2019-01-14,SU01/5B,92.15,5.9000835,0.2,14.733742
109488,2019-01-14,NH95/17,29.051,5.9000835,0.2,14.733742
109489,2019-01-14,SJ15/13,79.34,5.9000835,0.2,14.733742
109490,2019-01-14,SK00/41,129.231,5.9000835,0.2,14.733742
109491,2019-01-14,TR14/9,68.818,5.9000835,0.2,14.733742
109492,2019-01-14,SN00/11,11.8,5.9000835,0.2,14.733742
109493,2019-01-14,ST07/10,65.656,5.9000835,0.2,14.733742
109494,2019-01-14,ID30/1,113.81,5.9000835,0.2,14.733742
109495,2019-01-14,TF81/2A,42.65,5.9000835,0.2,14.733742
109496,2019-01-14,SY68/34,70.352,5.9000835,0.2,14.733742
109497,2019-01-14,SU71/23,46.88,5.9000835,0.2,14.733742
109498,2019-01-14,NY63/2,130.421,5.9000835,0.2,14.733742
109499,2019-01-15,TQ25/86,90.68,8.023,0.5,15.56077
109500,2019-01-15,SP00/62,102.08,8.023,0.5,15.56077
109501,2019-01-15,SU81/1,55.12,8.023,0.5,15.56077
109502,2019-01-15,SU01/5B,91.883,8.023,0.5,15.56077
109503,2019-01-15,TF81/2A,42.655,8.023,0.5,15.56077
109504,2019-01-15,SU71/23,46.78,8.023,0.5,15.56077
109505,2019-01-15,NH95/17,29.076,8.023,0.5,15.56077
109506,2019-01-15,TL33/67,75.33,8.023,0.5,15.56077
109507,2019-01-15,SU17/57,131.77,8.023,0.5,15.56077
109508,2019-01-15,SJ15/13,79.35,8.023,0.5,15.56077
109509,2019-01-15,SN00/11,11.736,8.023,0.5,15.56077
109510,2019-01-15,SK00/41,129.231,8.023,0.5,15.56077
109511,2019-01-15,SY68/34,70.31,8.023,0.5,15.56077
109512,2019-01-15,TR14/9,68.917,8.023,0.5,15.56077
109513,2019-01-15,ID30/1,113.77,8.023,0.5,15.56077
109514,2019-01-15,NY63/2,130.402,8.023,0.5,15.56077
109515,2019-01-15,ST07/10,65.111,8.023,0.5,15.56077
109516,2019-01-16,SK00/41,129.24,5.633417,4.7000003,16.98908
109517,2019-01-16,SY68/34,70.274,5.633417,4.7000003,16.98908
109518,2019-01-16,TF81/2A,42.654,5.633417,4.7000003,16.98908
109519,2019-01-16,SU81/1,54.86,5.633417,4.7000003,16.98908
109520,2019-01-16,SU71/23,46.69,5.633417,4.7000003,16.98908
109521,2019-01-16,SJ15/13,79.38,5.633417,4.7000003,16.98908
109522,2019-01-16,NY63/2,130.447,5.633417,4.7000003,16.98908
109523,2019-01-16,SN00/11,11.674,5.633417,4.7000003,16.98908
109524,2019-01-16,ST07/10,64.648,5.633417,4.7000003,16.98908
109525,2019-01-16,SU01/5B,91.656,5.633417,4.7000003,16.98908
109526,2019-01-16,NH95/17,29.094,5.633417,4.7000003,16.98908
109527,2019-01-16,ID30/1,113.75,5.633417,4.7000003,16.98908
109528,2019-01-16,TR14/9,68.967,5.633417,4.7000003,16.98908
109529,2019-01-17,ST07/10,64.176,0.2750833,0.5,11.954077
109530,2019-01-17,SY68/34,70.217,0.2750833,0.5,11.954077
109531,2019-01-17,SU71/23,46.62,0.2750833,0.5,11.954077
109532,2019-01-17,NY63/2,130.432,0.2750833,0.5,11.954077
109533,2019-01-17,TM15/112,24.94,0.2750833,0.5,11.954077
109534,2019-01-17,TF81/2A,42.641,0.2750833,0.5,11.954077
109535,2019-01-17,TR14/9,69.003,0.2750833,0.5,11.954077
109536,2019-01-17,SN00/11,11.57,0.2750833,0.5,11.954077
109537,2019-01-17,NH95/17,29.086,0.2750833,0.5,11.954077
109538,2019-01-17,SJ15/13,79.33,0.2750833,0.5,11.954077
109539,2019-01-17,ID30/1,113.7,0.2750833,0.5,11.954077
109540,2019-01-17,SU81/1,54.71,0.2750833,0.5,11.954077
109541,2019-01-17,SK00/41,129.235,0.2750833,0.5,11.954077
109542,2019-01-17,SU01/5B,91.391,0.2750833,0.5,11.954077
109543,2019-01-18,SU71/23,46.48,1.1209167,0.90000004,16.69868
109544,2019-01-18,SY68/34,70.179,1.1209167,0.90000004,16.69868
109545,2019-01-18,TR14/9,69.066,1.1209167,0.90000004,16.69868
109546,2019-01-18,TF81/2A,42.645,1.1209167,0.90000004,16.69868
109547,2019-01-18,SK00/41,129.23,1.1209167,0.90000004,16.69868
109548,2019-01-18,NY63/2,130.366,1.1209167,0.90000004,16.69868
109549,2019-01-18,ST07/10,63.851,1.1209167,0.90000004,16.69868
109550,2019-01-18,SN00/11,11.532,1.1209167,0.90000004,16.69868
109551,2019-01-18,NH95/17,29.09,1.1209167,0.90000004,16.69868
109552,2019-01-18,SU81/1,54.48,1.1209167,0.90000004,16.69868
109553,2019-01-18,SJ15/13,79.33,1.1209167,0.90000004,16.69868
109554,2019-01-18,SU01/5B,91.122,1.1209167,0.90000004,16.69868
109555,2019-01-18,ID30/1,113.72,1.1209167,0.90000004,16.69868
109556,2019-01-18,TL33/4,75.66,1.1209167,0.90000004,16.69868
109557,2019-01-19,ID30/1,113.85,2.8938334,0.3,12.513567
109558,2019-01-19,SK00/41,129.23,2.8938334,0.3,12.513567
109559,2019-01-19,SU01/5B,90.87,2.8938334,0.3,12.513567
109560,2019-01-19,SU71/23,46.37,2.8938334,0.3,12.513567
109561,2019-01-19,SY68/34,70.229,2.8938334,0.3,12.513567
109562,2019-01-19,TF81/2A,42.642,2.8938334,0.3,12.513567
109563,2019-01-19,NY63/2,130.405,2.8938334,0.3,12.513567
109564,2019-01-19,TR14/9,69.098,2.8938334,0.3,12.513567
109565,2019-01-19,ST07/10,63.675,2.8938334,0.3,12.513567
109566,2019-01-19,NH95/17,29.089,2.8938334,0.3,12.513567
109567,2019-01-19,SJ15/13,79.34,2.8938334,0.3,12.513567
109568,2019-01-19,SN00/11,11.518,2.8938334,0.3,12.513567
109569,2019-01-19,SU81/1,54.26,2.8938334,0.3,12.513567
109570,2019-01-20,SY68/34,70.194,3.11675,0.70000005,6.0855727
109571,2019-01-20,SU71/23,46.24,3.11675,0.70000005,6.0855727
109572,2019-01-20,SU01/5B,90.589,3.11675,0.70000005,6.0855727
109573,2019-01-20,SU81/1,54.03,3.11675,0.70000005,6.0855727
109574,2019-01-20,NY63/2,130.378,3.11675,0.70000005,6.0855727
109575,2019-01-20,ST07/10,63.567,3.11675,0.70000005,6.0855727
109576,2019-01-20,ID30/1,113.88,3.11675,0.70000005,6.0855727
109577,2019-01-20,TF81/2A,42.636,3.11675,0.70000005,6.0855727
109578,2019-01-20,TR14/9,69.132,3.11675,0.70000005,6.0855727
109579,2019-01-20,SN00/11,11.492,3.11675,0.70000005,6.0855727
109580,2019-01-20,SJ15/13,79.3,3.11675,0.70000005,6.0855727
109581,2019-01-20,NH95/17,29.074,3.11675,0.70000005,6.0855727
109582,2019-01-20,SK00/41,129.225,3.11675,0.70000005,6.0855727
109583,2019-01-21,ID30/1,113.83,0.98133343,6.2999997,13.363342
109584,2019-01-21,SK00/41,129.221,0.98133343,6.2999997,13.363342
109585,2019-01-21,SN00/11,11.513,0.98133343,6.2999997,13.363342
109586,2019-01-21,SY68/34,70.152,0.98133343,6.2999997,13.363342
109587,2019-01-21,ST07/10,63.621,0.98133343,6.2999997,13.363342
109588,2019-01-21,SU01/5B,90.318,0.98133343,6.2999997,13.363342
109589,2019-01-21,NH95/17,29.091,0.98133343,6.2999997,13.363342
109590,2019-01-21,SU81/1,53.79,0.98133343,6.2999997,13.363342
109591,2019-01-21,NY63/2,130.333,0.98133343,6.2999997,13.363342
109592,2019-01-21,TR14/9,69.205,0.98133343,6.2999997,13.363342
109593,2019-01-21,SJ15/13,79.3,0.98133343,6.2999997,13.363342
109594,2019-01-21,SU71/23,46.07,0.98133343,6.2999997,13.363342
109595,2019-01-21,TF81/2A,42.646,0.98133343,6.2999997,13.363342
109596,2019-01-22,SU01/5B,90.112,1.123,4.0999994,9.508981
109597,2019-01-22,TL33/67,75.18,1.123,4.0999994,9.508981
109598,2019-01-22,SU71/23,45.95,1.123,4.0999994,9.508981
109599,2019-01-22,SU17/57,131.98,1.123,4.0999994,9.508981
109600,2019-01-22,ST07/10,63.659,1.123,4.0999994,9.508981
109601,2019-01-22,SK00/41,129.23,1.123,4.0999994,9.508981
109602,2019-01-22,SU81/1,53.57,1.123,4.0999994,9.508981
109603,2019-01-22,NH95/17,29.106,1.123,4.0999994,9.508981
109604,2019-01-22,TF81/2A,42.648,1.123,4.0999994,9.508981
109605,2019-01-22,TQ25/86,90.97,1.123,4.0999994,9.508981
109606,2019-01-22,NY63/2,130.445,1.123,4.0999994,9.508981
109607,2019-01-22,SP00/62,101.84,1.123,4.0999994,9.508981
109608,2019-01-22,SN00/11,11.529,1.123,4.0999994,9.508981
109609,2019-01-22,SJ15/13,79.35,1.123,4.0999994,9.508981
109610,2019-01-22,ID30/1,113.9,1.123,4.0999994,9.508981
109611,2019-01-22,TR14/9,69.24,1.123,4.0999994,9.508981
109612,2019-01-22,SY68/34,70.12,1.123,4.0999994,9.508981
109613,2019-01-23,NY63/2,130.427,-1.2374166,0.3,5.355382
109614,2019-01-23,TF81/2A,42.634,-1.2374166,0.3,5.355382
109615,2019-01-23,SJ15/13,79.35,-1.2374166,0.3,5.355382
109616,2019-01-23,SE94/5,15.22,-1.2374166,0.3,5.355382
109617,2019-01-23,SU81/1,53.42,-1.2374166,0.3,5.355382
109618,2019-01-23,TR14/9,69.248,-1.2374166,0.3,5.355382
109619,2019-01-23,SU71/23,45.84,-1.2374166,0.3,5.355382
109620,2019-01-23,SE95/6,21.93,-1.2374166,0.3,5.355382
109621,2019-01-23,SY68/34,70.074,-1.2374166,0.3,5.355382
109622,2019-01-23,SU01/5B,89.891,-1.2374166,0.3,5.355382
109623,2019-01-23,ST07/10,63.533,-1.2374166,0.3,5.355382
109624,2019-01-23,ID30/1,113.9,-1.2374166,0.3,5.355382
109625,2019-01-23,SN00/11,11.503,-1.2374166,0.3,5.355382
109626,2019-01-23,SK00/41,129.23,-1.2374166,0.3,5.355382
109627,2019-01-23,NH95/17,29.097,-1.2374166,0.3,5.355382
109628,2019-01-24,SU01/5B,89.641,2.4105003,2.5,5.2896147
109629,2019-01-24,NH95/17,29.085,2.4105003,2.5,5.2896147
109630,2019-01-24,TR14/9,69.261,2.4105003,2.5,5.2896147
109631,2019-01-24,NY63/2,130.385,2.4105003,2.5,5.2896147
109632,2019-01-24,ST07/10,63.391,2.4105003,2.5,5.2896147
109633,2019-01-24,SN00/11,11.479,2.4105003,2.5,5.2896147
109634,2019-01-24,SJ15/13,79.34,2.4105003,2.5,5.2896147
109635,2019-01-24,TA10/63,12.23,2.4105003,2.5,5.2896147
109636,2019-01-24,TF81/2A,42.629,2.4105003,2.5,5.2896147
109637,2019-01-24,SY68/34,70.027,2.4105003,2.5,5.2896147
109638,2019-01-24,SU81/1,53.17,2.4105003,2.5,5.2896147
109639,2019-01-24,ID30/1,113.89,2.4105003,2.5,5.2896147
109640,2019-01-24,SU71/23,45.67,2.4105003,2.5,5.2896147
109641,2019-01-24,SK00/41,129.22,2.4105003,2.5,5.2896147
109642,2019-01-25,SU71/23,45.5,8.258418,2.0000002,19.124472
109643,2019-01-25,NH95/17,29.086,8.258418,2.0000002,19.124472
109644,2019-01-25,NY63/2,130.377,8.258418,2.0000002,19.124472
109645,2019-01-25,TF81/2A,42.628,8.258418,2.0000002,19.124472
109646,2019-01-25,TR14/9,69.317,8.258418,2.0000002,19.124472
109647,2019-01-25,SJ15/13,79.36,8.258418,2.0000002,19.124472
109648,2019-01-25,SU81/1,52.96,8.258418,2.0000002,19.124472
109649,2019-01-25,SU01/5B,89.401,8.258418,2.0000002,19.124472
109650,2019-01-25,SK00/41,129.212,8.258418,2.0000002,19.124472
109651,2019-01-25,ST07/10,63.24,8.258418,2.0000002,19.124472
109652,2019-01-25,SY68/34,69.984,8.258418,2.0000002,19.124472
109653,2019-01-25,SN00/11,11.453,8.258418,2.0000002,19.124472
109654,2019-01-25,ID30/1,113.98,8.258418,2.0000002,19.124472
109655,2019-01-26,SU81/1,52.73,7.5938344,10.6,16.600483
109656,2019-01-26,ST07/10,63.29,7.5938344,10.6,16.600483
109657,2019-01-26,ID30/1,114.09,7.5938344,10.6,16.600483
109658,2019-01-26,SU01/5B,89.221,7.5938344,10.6,16.600483
109659,2019-01-26,NH95/17,29.122,7.5938344,10.6,16.600483
109660,2019-01-26,SN00/11,11.477,7.5938344,10.6,16.600483
109661,2019-01-26,SU71/23,45.34,7.5938344,10.6,16.600483
109662,2019-01-26,TR14/9,69.351,7.5938344,10.6,16.600483
109663,2019-01-26,SJ15/13,79.44,7.5938344,10.6,16.600483
109664,2019-01-26,SK00/41,129.218,7.5938344,10.6,16.600483
109665,2019-01-26,SY68/34,69.958,7.5938344,10.6,16.600483
109666,2019-01-26,TF81/2A,42.645,7.5938344,10.6,16.600483
109667,2019-01-26,NY63/2,130.399,7.5938344,10.6,16.600483
109668,2019-01-27,SK00/41,129.229,2.898,0.2,26.145586
109669,2019-01-27,NY63/2,130.49,2.898,0.2,26.145586
109670,2019-01-27,ST07/10,63.391,2.898,0.2,26.145586
109671,2019-01-27,NH95/17,29.175,2.898,0.2,26.145586
109672,2019-01-27,TF81/2A,42.631,2.898,0.2,26.145586
109673,2019-01-27,SY68/34,69.918,2.898,0.2,26.145586
109674,2019-01-27,SU71/23,45.23,2.898,0.2,26.145586
109675,2019-01-27,SU01/5B,89.054,2.898,0.2,26.145586
109676,2019-01-27,ID30/1,114.27,2.898,0.2,26.145586
109677,2019-01-27,SN00/11,11.472,2.898,0.2,26.145586
109678,2019-01-27,TR14/9,69.331,2.898,0.2,26.145586
109679,2019-01-27,SU81/1,52.59,2.898,0.2,26.145586
109680,2019-01-27,SJ15/13,79.48,2.898,0.2,26.145586
109681,2019-01-28,SY68/34,69.881,-0.13324998,0.0,8.847105
109682,2019-01-28,ID30/1,114.41,-0.13324998,0.0,8.847105
109683,2019-01-28,ST07/10,63.573,-0.13324998,0.0,8.847105
109684,2019-01-28,SU71/23,45.05,-0.13324998,0.0,8.847105
109685,2019-01-28,TV59/7C,1.9,-0.13324998,0.0,8.847105
109686,2019-01-28,SK00/41,129.211,-0.13324998,0.0,8.847105
109687,2019-01-28,SN00/11,11.503,-0.13324998,0.0,8.847105
109688,2019-01-28,NH95/17,29.187,-0.13324998,0.0,8.847105
109689,2019-01-28,TF81/2A,42.622,-0.13324998,0.0,8.847105
109690,2019-01-28,SU01/5B,88.85,-0.13324998,0.0,8.847105
109691,2019-01-28,TR14/9,69.358,-0.13324998,0.0,8.847105
109692,2019-01-28,SU81/1,52.39,-0.13324998,0.0,8.847105
109693,2019-01-28,NY63/2,130.411,-0.13324998,0.0,8.847105
109694,2019-01-28,SJ15/13,79.5,-0.13324998,0.0,8.847105
109695,2019-01-28,SJ62/235,54.18,-0.13324998,0.0,8.847105
109696,2019-01-29,SK00/41,129.21,1.0646666,13.200002,9.772197
109697,2019-01-29,SU17/57,132.1,1.0646666,13.200002,9.772197
109698,2019-01-29,NY63/2,130.417,1.0646666,13.200002,9.772197
109699,2019-01-29,SP00/62,101.73,1.0646666,13.200002,9.772197
109700,2019-01-29,TR14/9,69.382,1.0646666,13.200002,9.772197
109701,2019-01-29,SN00/11,11.65,1.0646666,13.200002,9.772197
109702,2019-01-29,TL44/12,35.45,1.0646666,13.200002,9.772197
109703,2019-01-29,ST07/10,63.981,1.0646666,13.200002,9.772197
109704,2019-01-29,SY68/34,69.861,1.0646666,13.200002,9.772197
109705,2019-01-29,SU01/5B,88.686,1.0646666,13.200002,9.772197
109706,2019-01-29,ID30/1,114.51,1.0646666,13.200002,9.772197
109707,2019-01-29,TQ25/86,91.09,1.0646666,13.200002,9.772197
109708,2019-01-29,SU71/23,44.86,1.0646666,13.200002,9.772197
109709,2019-01-29,TL33/67,75.21,1.0646666,13.200002,9.772197
109710,2019-01-29,SJ15/13,79.53,1.0646666,13.200002,9.772197
109711,2019-01-29,TF81/2A,42.629,1.0646666,13.200002,9.772197
109712,2019-01-29,NH95/17,29.204,1.0646666,13.200002,9.772197
109713,2019-01-29,SU81/1,52.12,1.0646666,13.200002,9.772197
109714,2019-01-30,TF81/2A,42.62,-1.7290832,0.2,5.1153383
109715,2019-01-30,TR14/9,69.395,-1.7290832,0.2,5.1153383
109716,2019-01-30,SU01/5B,88.529,-1.7290832,0.2,5.1153383
109717,2019-01-30,SU81/1,51.97,-1.7290832,0.2,5.1153383
109718,2019-01-30,SU71/23,44.72,-1.7290832,0.2,5.1153383
109719,2019-01-30,ID30/1,114.53,-1.7290832,0.2,5.1153383
109720,2019-01-30,NY63/2,130.463,-1.7290832,0.2,5.1153383
109721,2019-01-30,SK00/41,129.21,-1.7290832,0.2,5.1153383
109722,2019-01-30,SN00/11,11.822,-1.7290832,0.2,5.1153383
109723,2019-01-30,SJ15/13,79.54,-1.7290832,0.2,5.1153383
109724,2019-01-30,NH95/17,29.208,-1.7290832,0.2,5.1153383
109725,2019-01-30,SY68/34,69.834,-1.7290832,0.2,5.1153383
109726,2019-01-30,ST07/10,64.357,-1.7290832,0.2,5.1153383
109727,2019-01-31,SU17/57,132.12,-2.2561667,0.0,9.534354
109728,2019-01-31,NH95/17,29.203,-2.2561667,0.0,9.534354
109729,2019-01-31,SJ15/13,79.55,-2.2561667,0.0,9.534354
109730,2019-01-31,TR14/9,69.414,-2.2561667,0.0,9.534354
109731,2019-01-31,TF03/37,13.197,-2.2561667,0.0,9.534354
109732,2019-01-31,TQ25/86,91.15,-2.2561667,0.0,9.534354
109733,2019-01-31,SU01/5B,88.403,-2.2561667,0.0,9.534354
109734,2019-01-31,SP00/62,101.77,-2.2561667,0.0,9.534354
109735,2019-01-31,TL33/67,75.01,-2.2561667,0.0,9.534354
109736,2019-01-31,TF81/2A,42.624,-2.2561667,0.0,9.534354
109737,2019-01-31,SK00/41,129.21,-2.2561667,0.0,9.534354
109738,2019-01-31,SU71/23,44.55,-2.2561667,0.0,9.534354
109739,2019-01-31,ST07/10,64.743,-2.2561667,0.0,9.534354
109740,2019-01-31,SY68/34,69.82,-2.2561667,0.0,9.534354
109741,2019-01-31,NY63/2,130.442,-2.2561667,0.0,9.534354
109742,2019-01-31,ID30/1,114.49,-2.2561667,0.0,9.534354
109743,2019-01-31,SU81/1,51.79,-2.2561667,0.0,9.534354
109744,2019-01-31,SN00/11,11.949,-2.2561667,0.0,9.534354
109745,2019-02-01,NY63/2,130.439,-0.9644999,0.0,8.656197
109746,2019-02-01,SN00/11,11.995,-0.9644999,0.0,8.656197
109747,2019-02-01,SU71/23,44.41,-0.9644999,0.0,8.656197
109748,2019-02-01,SK00/41,129.208,-0.9644999,0.0,8.656197
109749,2019-02-01,TF81/2A,42.615,-0.9644999,0.0,8.656197
109750,2019-02-01,ID30/1,114.45,-0.9644999,0.0,8.656197
109751,2019-02-01,SU01/5B,88.243,-0.9644999,0.0,8.656197
109752,2019-02-01,NH95/17,29.177,-0.9644999,0.0,8.656197
109753,2019-02-01,SY68/34,69.791,-0.9644999,0.0,8.656197
109754,2019-02-01,TR14/9,69.41,-0.9644999,0.0,8.656197
109755,2019-02-01,SU81/1,51.6,-0.9644999,0.0,8.656197
109756,2019-02-01,ST07/10,64.836,-0.9644999,0.0,8.656197
109757,2019-02-01,SJ15/13,79.492,-0.9644999,0.0,8.656197
109758,2019-02-02,ID30/1,114.39,-1.5186664,0.0,8.062346
109759,2019-02-02,TF81/2A,42.603,-1.5186664,0.0,8.062346
109760,2019-02-02,SK00/41,129.195,-1.5186664,0.0,8.062346
109761,2019-02-02,NH95/17,29.167,-1.5186664,0.0,8.062346
109762,2019-02-02,SU81/1,51.44,-1.5186664,0.0,8.062346
109763,2019-02-02,NY63/2,130.401,-1.5186664,0.0,8.062346
109764,2019-02-02,SU71/23,44.23,-1.5186664,0.0,8.062346
109765,2019-02-02,TR14/9,69.377,-1.5186664,0.0,8.062346
109766,2019-02-02,SN00/11,12.002,-1.5186664,0.0,8.062346
109767,2019-02-02,SY68/34,69.752,-1.5186664,0.0,8.062346
109768,2019-02-02,SU01/5B,88.045,-1.5186664,0.0,8.062346
109769,2019-02-02,ST07/10,64.654,-1.5186664,0.0,8.062346
109770,2019-02-02,SJ15/13,79.4259,-1.5186664,0.0,8.062346
109771,2019-02-03,NH95/17,29.179,1.1375834,5.1,11.9935465
109772,2019-02-03,SU71/23,44.01,1.1375834,5.1,11.9935465
109773,2019-02-03,SU81/1,51.15,1.1375834,5.1,11.9935465
109774,2019-02-03,SY68/34,69.724,1.1375834,5.1,11.9935465
109775,2019-02-03,NY63/2,130.351,1.1375834,5.1,11.9935465
109776,2019-02-03,SK00/41,129.185,1.1375834,5.1,11.9935465
109777,2019-02-03,TF81/2A,42.601,1.1375834,5.1,11.9935465
109778,2019-02-03,SN00/11,12.022,1.1375834,5.1,11.9935465
109779,2019-02-03,ID30/1,114.36,1.1375834,5.1,11.9935465
109780,2019-02-03,SU01/5B,87.846,1.1375834,5.1,11.9935465
109781,2019-02-03,TR14/9,69.388,1.1375834,5.1,11.9935465
109782,2019-02-03,SJ15/13,79.4281,1.1375834,5.1,11.9935465
109783,2019-02-03,ST07/10,64.624,1.1375834,5.1,11.9935465
109784,2019-02-04,SK00/41,129.18,4.6354995,8.2,15.350058
109785,2019-02-04,SY68/34,69.73,4.6354995,8.2,15.350058
109786,2019-02-04,SN00/11,12.116,4.6354995,8.2,15.350058
109787,2019-02-04,SU01/5B,87.688,4.6354995,8.2,15.350058
109788,2019-02-04,TL33/4,75.35,4.6354995,8.2,15.350058
109789,2019-02-04,TR14/9,69.398,4.6354995,8.2,15.350058
109790,2019-02-04,NH95/17,29.205,4.6354995,8.2,15.350058
109791,2019-02-04,ID30/1,114.46,4.6354995,8.2,15.350058
109792,2019-02-04,TF81/2A,42.598,4.6354995,8.2,15.350058
109793,2019-02-04,NY63/2,130.398,4.6354995,8.2,15.350058
109794,2019-02-04,SU71/23,43.82,4.6354995,8.2,15.350058
109795,2019-02-04,SU81/1,50.92,4.6354995,8.2,15.350058
109796,2019-02-04,ST07/10,68.785,4.6354995,8.2,15.350058
109797,2019-02-04,SJ15/13,79.4201,4.6354995,8.2,15.350058
109798,2019-02-05,TR14/9,69.43,4.2459164,6.7,16.252129
109799,2019-02-05,NH95/17,29.231,4.2459164,6.7,16.252129
109800,2019-02-05,SN00/11,12.2186,4.2459164,6.7,16.252129
109801,2019-02-05,SU81/1,50.73,4.2459164,6.7,16.252129
109802,2019-02-05,SU71/23,43.66,4.2459164,6.7,16.252129
109803,2019-02-05,TL33/67,74.92,4.2459164,6.7,16.252129
109804,2019-02-05,SU17/57,132.18,4.2459164,6.7,16.252129
109805,2019-02-05,SU01/5B,87.544,4.2459164,6.7,16.252129
109806,2019-02-05,TF81/2A,42.598,4.2459164,6.7,16.252129
109807,2019-02-05,TQ25/86,91.39,4.2459164,6.7,16.252129
109808,2019-02-05,SK00/41,129.17,4.2459164,6.7,16.252129
109809,2019-02-05,SP00/62,101.89,4.2459164,6.7,16.252129
109810,2019-02-05,ID30/1,114.52,4.2459164,6.7,16.252129
109811,2019-02-05,NY63/2,130.362,4.2459164,6.7,16.252129
109812,2019-02-05,SJ15/13,79.4365,4.2459164,6.7,16.252129
109813,2019-02-05,ST07/10,70.964,4.2459164,6.7,16.252129
109814,2019-02-06,SU01/5B,87.442,5.295917,0.2,13.688571
109815,2019-02-06,NY63/2,130.416,5.295917,0.2,13.688571
109816,2019-02-06,SY68/34,69.824,5.295917,0.2,13.688571
109817,2019-02-06,TR14/9,69.503,5.295917,0.2,13.688571
109818,2019-02-06,SK00/41,129.158,5.295917,0.2,13.688571
109819,2019-02-06,NH95/17,29.256,5.295917,0.2,13.688571
109820,2019-02-06,ID30/1,114.56,5.295917,0.2,13.688571
109821,2019-02-06,SU81/1,50.51,5.295917,0.2,13.688571
109822,2019-02-06,SU71/23,43.5,5.295917,0.2,13.688571
109823,2019-02-06,TF81/2A,42.605,5.295917,0.2,13.688571
109824,2019-02-06,SJ15/13,79.4799,5.295917,0.2,13.688571
109825,2019-02-06,SN00/11,12.3103,5.295917,0.2,13.688571
109826,2019-02-06,ST07/10,72.538,5.295917,0.2,13.688571
109827,2019-02-07,ID30/1,114.63,4.4084167,4.2,13.605976
109828,2019-02-07,TF81/2A,42.597,4.4084167,4.2,13.605976
109829,2019-02-07,SY68/34,69.824,4.4084167,4.2,13.605976
109830,2019-02-07,SU01/5B,87.39,4.4084167,4.2,13.605976
109831,2019-02-07,NY63/2,130.464,4.4084167,4.2,13.605976
109832,2019-02-07,SU71/23,43.4,4.4084167,4.2,13.605976
109833,2019-02-07,TR14/9,69.573,4.4084167,4.2,13.605976
109834,2019-02-07,SU81/1,50.52,4.4084167,4.2,13.605976
109835,2019-02-07,SK00/41,129.175,4.4084167,4.2,13.605976
109836,2019-02-07,NH95/17,29.282,4.4084167,4.2,13.605976
109837,2019-02-07,SJ15/13,79.52,4.4084167,4.2,13.605976
109838,2019-02-07,ST07/10,73.065,4.4084167,4.2,13.605976
109839,2019-02-07,SN00/11,12.3693,4.4084167,4.2,13.605976
109840,2019-02-08,TF81/2A,42.607,7.225084,24.000004,27.99478
109841,2019-02-08,SU01/5B,87.506,7.225084,24.000004,27.99478
109842,2019-02-08,SK00/41,129.179,7.225084,24.000004,27.99478
109843,2019-02-08,NH95/17,29.329,7.225084,24.000004,27.99478
109844,2019-02-08,NY63/2,130.442,7.225084,24.000004,27.99478
109845,2019-02-08,ID30/1,114.89,7.225084,24.000004,27.99478
109846,2019-02-08,SU71/23,43.33,7.225084,24.000004,27.99478
109847,2019-02-08,TR14/9,69.644,7.225084,24.000004,27.99478
109848,2019-02-08,SU81/1,50.8,7.225084,24.000004,27.99478
109849,2019-02-08,SY68/34,69.911,7.225084,24.000004,27.99478
109850,2019-02-08,SJ15/13,79.6256,7.225084,24.000004,27.99478
109851,2019-02-08,ST07/10,73.422,7.225084,24.000004,27.99478
109852,2019-02-08,SN00/11,12.4802,7.225084,24.000004,27.99478
109853,2019-02-09,NH95/17,29.323,5.5042496,11.9,25.053392
109854,2019-02-09,ID30/1,116.02,5.5042496,11.9,25.053392
109855,2019-02-09,SY68/34,70.108,5.5042496,11.9,25.053392
109856,2019-02-09,TR14/9,69.72,5.5042496,11.9,25.053392
109857,2019-02-09,SU81/1,51.87,5.5042496,11.9,25.053392
109858,2019-02-09,SU01/5B,87.896,5.5042496,11.9,25.053392
109859,2019-02-09,TF81/2A,42.599,5.5042496,11.9,25.053392
109860,2019-02-09,NY63/2,130.533,5.5042496,11.9,25.053392
109861,2019-02-09,SU71/23,43.69,5.5042496,11.9,25.053392
109862,2019-02-09,SK00/41,129.178,5.5042496,11.9,25.053392
109863,2019-02-09,SJ15/13,79.6428,5.5042496,11.9,25.053392
109864,2019-02-09,SN00/11,12.592,5.5042496,11.9,25.053392
109865,2019-02-09,ST07/10,73.962,5.5042496,11.9,25.053392
109866,2019-02-10,SY68/34,70.149,3.5625832,1.2000002,9.876242
109867,2019-02-10,NH95/17,29.288,3.5625832,1.2000002,9.876242
109868,2019-02-10,SU71/23,45.44,3.5625832,1.2000002,9.876242
109869,2019-02-10,TF81/2A,42.592,3.5625832,1.2000002,9.876242
109870,2019-02-10,NY63/2,130.509,3.5625832,1.2000002,9.876242
109871,2019-02-10,SU81/1,56.67,3.5625832,1.2000002,9.876242
109872,2019-02-10,SK00/41,129.174,3.5625832,1.2000002,9.876242
109873,2019-02-10,SU01/5B,88.973,3.5625832,1.2000002,9.876242
109874,2019-02-10,TR14/9,69.732,3.5625832,1.2000002,9.876242
109875,2019-02-10,ID30/1,116.36,3.5625832,1.2000002,9.876242
109876,2019-02-10,ST07/10,74.968,3.5625832,1.2000002,9.876242
109877,2019-02-10,SN00/11,12.6448,3.5625832,1.2000002,9.876242
109878,2019-02-10,SJ15/13,79.6106,3.5625832,1.2000002,9.876242
109879,2019-02-11,SU71/23,46.3,3.1750834,0.0,6.8341055
109880,2019-02-11,SY68/34,70.27,3.1750834,0.0,6.8341055
109881,2019-02-11,NY63/2,130.472,3.1750834,0.0,6.8341055
109882,2019-02-11,TR14/9,69.808,3.1750834,0.0,6.8341055
109883,2019-02-11,SU01/5B,90.353,3.1750834,0.0,6.8341055
109884,2019-02-11,SK00/41,129.158,3.1750834,0.0,6.8341055
109885,2019-02-11,TF81/2A,42.583,3.1750834,0.0,6.8341055
109886,2019-02-11,ID30/1,116.28,3.1750834,0.0,6.8341055
109887,2019-02-11,NH95/17,29.269,3.1750834,0.0,6.8341055
109888,2019-02-11,SU81/1,59.06,3.1750834,0.0,6.8341055
109889,2019-02-11,SJ15/13,79.5409,3.1750834,0.0,6.8341055
109890,2019-02-11,SN00/11,12.6387,3.1750834,0.0,6.8341055
109891,2019-02-11,ST07/10,75.526,3.1750834,0.0,6.8341055
109892,2019-02-12,ID30/1,116.23,7.0834174,0.70000005,13.729513
109893,2019-02-12,SK00/41,129.15,7.0834174,0.70000005,13.729513
109894,2019-02-12,NH95/17,29.298,7.0834174,0.70000005,13.729513
109895,2019-02-12,SU71/23,46.73,7.0834174,0.70000005,13.729513
109896,2019-02-12,NO20/14,36.922,7.0834174,0.70000005,13.729513
109897,2019-02-12,SP00/62,102.72,7.0834174,0.70000005,13.729513
109898,2019-02-12,TQ25/86,91.77,7.0834174,0.70000005,13.729513
109899,2019-02-12,SU81/1,60.24,7.0834174,0.70000005,13.729513
109900,2019-02-12,SY68/34,70.41,7.0834174,0.70000005,13.729513
109901,2019-02-12,SU17/57,133.15,7.0834174,0.70000005,13.729513
109902,2019-02-12,TR14/9,69.905,7.0834174,0.70000005,13.729513
109903,2019-02-12,TF81/2A,42.589,7.0834174,0.70000005,13.729513
109904,2019-02-12,SU01/5B,91.499,7.0834174,0.70000005,13.729513
109905,2019-02-12,TL33/67,75.09,7.0834174,0.70000005,13.729513
109906,2019-02-12,NY63/2,130.43,7.0834174,0.70000005,13.729513
109907,2019-02-12,ST07/10,75.35,7.0834174,0.70000005,13.729513
109908,2019-02-12,SN00/11,12.6229,7.0834174,0.70000005,13.729513
109909,2019-02-12,SJ15/13,79.5382,7.0834174,0.70000005,13.729513
109910,2019-02-13,SK00/41,129.14,8.131333,0.5,16.155193
109911,2019-02-13,NO20/14,36.941,8.131333,0.5,16.155193
109912,2019-02-13,SY68/34,70.549,8.131333,0.5,16.155193
109913,2019-02-13,SU81/1,60.99,8.131333,0.5,16.155193
109914,2019-02-13,TR14/9,70.012,8.131333,0.5,16.155193
109915,2019-02-13,TF81/2A,42.593,8.131333,0.5,16.155193
109916,2019-02-13,SU01/5B,92.354,8.131333,0.5,16.155193
109917,2019-02-13,ID30/1,116.28,8.131333,0.5,16.155193
109918,2019-02-13,SU71/23,47.07,8.131333,0.5,16.155193
109919,2019-02-13,NY63/2,130.469,8.131333,0.5,16.155193
109920,2019-02-13,NH95/17,29.301,8.131333,0.5,16.155193
109921,2019-02-13,ST07/10,74.768,8.131333,0.5,16.155193
109922,2019-02-13,SJ15/13,79.5391,8.131333,0.5,16.155193
109923,2019-02-13,SN00/11,12.5886,8.131333,0.5,16.155193
109924,2019-02-14,NH95/17,29.298,7.129249,0.0,12.58273
109925,2019-02-14,SY68/34,70.655,7.129249,0.0,12.58273
109926,2019-02-14,SU81/1,61.57,7.129249,0.0,12.58273
109927,2019-02-14,SK00/41,129.132,7.129249,0.0,12.58273
109928,2019-02-14,SU71/23,47.42,7.129249,0.0,12.58273
109929,2019-02-14,TF81/2A,42.6,7.129249,0.0,12.58273
109930,2019-02-14,SU01/5B,93.031,7.129249,0.0,12.58273
109931,2019-02-14,ID30/1,115.05,7.129249,0.0,12.58273
109932,2019-02-14,TR14/9,70.144,7.129249,0.0,12.58273
109933,2019-02-14,NO20/14,36.95,7.129249,0.0,12.58273
109934,2019-02-14,NY63/2,130.483,7.129249,0.0,12.58273
109935,2019-02-14,ST07/10,74.041,7.129249,0.0,12.58273
109936,2019-02-14,SN00/11,12.5392,7.129249,0.0,12.58273
109937,2019-02-14,SJ15/13,79.5394,7.129249,0.0,12.58273
109938,2019-02-15,NY63/2,130.498,6.8230014,0.0,15.892271
109939,2019-02-15,SY68/34,70.728,6.8230014,0.0,15.892271
109940,2019-02-15,SU01/5B,93.584,6.8230014,0.0,15.892271
109941,2019-02-15,SK00/41,129.13,6.8230014,0.0,15.892271
109942,2019-02-15,NH95/17,29.312,6.8230014,0.0,15.892271
109943,2019-02-15,SU71/23,47.73,6.8230014,0.0,15.892271
109944,2019-02-15,ID30/1,115.88,6.8230014,0.0,15.892271
109945,2019-02-15,TF81/2A,42.611,6.8230014,0.0,15.892271
109946,2019-02-15,SU81/1,61.97,6.8230014,0.0,15.892271
109947,2019-02-15,TR14/9,70.282,6.8230014,0.0,15.892271
109948,2019-02-15,NO20/14,36.986,6.8230014,0.0,15.892271
109949,2019-02-15,SJ15/13,79.5537,6.8230014,0.0,15.892271
109950,2019-02-15,SN00/11,12.4813,6.8230014,0.0,15.892271
109951,2019-02-15,ST07/10,73.259,6.8230014,0.0,15.892271
109952,2019-02-16,NO20/14,37.011,9.123,1.0,17.771662
109953,2019-02-16,SY68/34,70.767,9.123,1.0,17.771662
109954,2019-02-16,ID30/1,115.71,9.123,1.0,17.771662
109955,2019-02-16,TF81/2A,42.617,9.123,1.0,17.771662
109956,2019-02-16,SU71/23,48.01,9.123,1.0,17.771662
109957,2019-02-16,SU81/1,62.27,9.123,1.0,17.771662
109958,2019-02-16,SU01/5B,93.983,9.123,1.0,17.771662
109959,2019-02-16,TR14/9,70.43,9.123,1.0,17.771662
109960,2019-02-16,NY63/2,130.536,9.123,1.0,17.771662
109961,2019-02-16,SK00/41,129.13,9.123,1.0,17.771662
109962,2019-02-16,NH95/17,29.311,9.123,1.0,17.771662
109963,2019-02-16,ST07/10,72.402,9.123,1.0,17.771662
109964,2019-02-16,SN00/11,12.4199,9.123,1.0,17.771662
109965,2019-02-16,SJ15/13,79.5558,9.123,1.0,17.771662
109966,2019-02-17,NO20/14,37.033,8.931334,0.2,24.33523
109967,2019-02-17,ID30/1,115.54,8.931334,0.2,24.33523
109968,2019-02-17,TF81/2A,42.625,8.931334,0.2,24.33523
109969,2019-02-17,SK00/41,129.13,8.931334,0.2,24.33523
109970,2019-02-17,NH95/17,29.323,8.931334,0.2,24.33523
109971,2019-02-17,SU01/5B,94.235,8.931334,0.2,24.33523
109972,2019-02-17,TR14/9,70.568,8.931334,0.2,24.33523
109973,2019-02-17,SY68/34,70.779,8.931334,0.2,24.33523
109974,2019-02-17,NY63/2,130.537,8.931334,0.2,24.33523
109975,2019-02-17,SU81/1,62.45,8.931334,0.2,24.33523
109976,2019-02-17,SU71/23,48.25,8.931334,0.2,24.33523
109977,2019-02-17,ST07/10,71.605,8.931334,0.2,24.33523
109978,2019-02-17,SJ15/13,79.5574,8.931334,0.2,24.33523
109979,2019-02-17,SN00/11,12.3577,8.931334,0.2,24.33523
109980,2019-02-18,TF81/2A,42.631,7.162584,2.1000001,22.843897
109981,2019-02-18,TM15/112,24.87,7.162584,2.1000001,22.843897
109982,2019-02-18,NH95/17,29.316,7.162584,2.1000001,22.843897
109983,2019-02-18,ID30/1,115.36,7.162584,2.1000001,22.843897
109984,2019-02-18,NO20/14,37.032,7.162584,2.1000001,22.843897
109985,2019-02-18,SU01/5B,94.325,7.162584,2.1000001,22.843897
109986,2019-02-18,SK00/41,129.13,7.162584,2.1000001,22.843897
109987,2019-02-18,SY68/34,70.786,7.162584,2.1000001,22.843897
109988,2019-02-18,TR14/9,70.695,7.162584,2.1000001,22.843897
109989,2019-02-18,SU71/23,48.46,7.162584,2.1000001,22.843897
109990,2019-02-18,NY63/2,130.539,7.162584,2.1000001,22.843897
109991,2019-02-18,SU81/1,62.53,7.162584,2.1000001,22.843897
109992,2019-02-18,ST07/10,70.901,7.162584,2.1000001,22.843897
109993,2019-02-18,SJ15/13,79.531,7.162584,2.1000001,22.843897
109994,2019-02-18,SN00/11,12.2803,7.162584,2.1000001,22.843897
109995,2019-02-19,NH95/17,29.29,6.606333,4.4,14.927961
109996,2019-02-19,TQ25/86,92.27,6.606333,4.4,14.927961
109997,2019-02-19,TL33/4,75.21,6.606333,4.4,14.927961
109998,2019-02-19,TV59/7C,2.3,6.606333,4.4,14.927961
109999,2019-02-19,SU17/57,134.98,6.606333,4.4,14.927961
110000,2019-02-19,NY63/2,130.527,6.606333,4.4,14.927961
110001,2019-02-19,TR14/9,70.808,6.606333,4.4,14.927961
110002,2019-02-19,SU81/1,62.46,6.606333,4.4,14.927961
110003,2019-02-19,SP00/62,102.67,6.606333,4.4,14.927961
110004,2019-02-19,TF81/2A,42.632,6.606333,4.4,14.927961
110005,2019-02-19,TL33/67,75.11,6.606333,4.4,14.927961
110006,2019-02-19,SU71/23,48.61,6.606333,4.4,14.927961
110007,2019-02-19,ID30/1,115.2,6.606333,4.4,14.927961
110008,2019-02-19,SU01/5B,94.297,6.606333,4.4,14.927961
110009,2019-02-19,SK00/41,129.122,6.606333,4.4,14.927961
110010,2019-02-19,SY68/34,70.751,6.606333,4.4,14.927961
110011,2019-02-19,NO20/14,37.005,6.606333,4.4,14.927961
110012,2019-02-19,SN00/11,12.2051,6.606333,4.4,14.927961
110013,2019-02-19,SJ15/13,79.5119,6.606333,4.4,14.927961
110014,2019-02-19,ST07/10,70.161,6.606333,4.4,14.927961
110015,2019-02-20,SU71/23,48.71,8.487583,6.6,19.15259
110016,2019-02-20,SU01/5B,94.209,8.487583,6.6,19.15259
110017,2019-02-20,NH95/17,29.3,8.487583,6.6,19.15259
110018,2019-02-20,NO20/14,37.02,8.487583,6.6,19.15259
110019,2019-02-20,ID30/1,115.16,8.487583,6.6,19.15259
110020,2019-02-20,TF81/2A,42.635,8.487583,6.6,19.15259
110021,2019-02-20,SY68/34,70.71,8.487583,6.6,19.15259
110022,2019-02-20,SK00/41,129.119,8.487583,6.6,19.15259
110023,2019-02-20,SU81/1,62.37,8.487583,6.6,19.15259
110024,2019-02-20,TR14/9,70.899,8.487583,6.6,19.15259
110025,2019-02-20,NY63/2,130.523,8.487583,6.6,19.15259
110026,2019-02-20,SJ15/13,79.4914,8.487583,6.6,19.15259
110027,2019-02-20,ST07/10,69.38,8.487583,6.6,19.15259
110028,2019-02-20,SN00/11,12.1344,8.487583,6.6,19.15259
110029,2019-02-21,NH95/17,29.277,9.685501,0.3,11.786449
110030,2019-02-21,NY63/2,130.503,9.685501,0.3,11.786449
110031,2019-02-21,SU01/5B,94.051,9.685501,0.3,11.786449
110032,2019-02-21,SE95/6,22.82,9.685501,0.3,11.786449
110033,2019-02-21,ID30/1,115.08,9.685501,0.3,11.786449
110034,2019-02-21,TF81/2A,42.633,9.685501,0.3,11.786449
110035,2019-02-21,SU71/23,48.78,9.685501,0.3,11.786449
110036,2019-02-21,SK00/41,129.11,9.685501,0.3,11.786449
110037,2019-02-21,TR14/9,70.987,9.685501,0.3,11.786449
110038,2019-02-21,SY68/34,70.659,9.685501,0.3,11.786449
110039,2019-02-21,NO20/14,36.987,9.685501,0.3,11.786449
110040,2019-02-21,SE94/5,16.0,9.685501,0.3,11.786449
110041,2019-02-21,SU81/1,62.2,9.685501,0.3,11.786449
110042,2019-02-21,ST07/10,68.586,9.685501,0.3,11.786449
110043,2019-02-21,SJ15/13,79.4495,9.685501,0.3,11.786449
110044,2019-02-21,SN00/11,12.051,9.685501,0.3,11.786449
110045,2019-02-22,SY68/34,70.61,10.206334,0.0,16.091837
110046,2019-02-22,TF81/2A,42.637,10.206334,0.0,16.091837
110047,2019-02-22,SU71/23,48.79,10.206334,0.0,16.091837
110048,2019-02-22,SU81/1,61.95,10.206334,0.0,16.091837
110049,2019-02-22,NH95/17,29.261,10.206334,0.0,16.091837
110050,2019-02-22,TR14/9,71.077,10.206334,0.0,16.091837
110051,2019-02-22,SU01/5B,93.861,10.206334,0.0,16.091837
110052,2019-02-22,SK00/41,129.102,10.206334,0.0,16.091837
110053,2019-02-22,NO20/14,36.973,10.206334,0.0,16.091837
110054,2019-02-22,NY63/2,130.465,10.206334,0.0,16.091837
110055,2019-02-22,SJ15/13,79.4331,10.206334,0.0,16.091837
110056,2019-02-22,ST07/10,67.885,10.206334,0.0,16.091837
110057,2019-02-22,SN00/11,11.9825,10.206334,0.0,16.091837
110058,2019-02-23,TF81/2A,42.644,10.427167,0.1,16.212013
110059,2019-02-23,SY68/34,70.563,10.427167,0.1,16.212013
110060,2019-02-23,SU01/5B,93.688,10.427167,0.1,16.212013
110061,2019-02-23,SU71/23,48.79,10.427167,0.1,16.212013
110062,2019-02-23,NH95/17,29.262,10.427167,0.1,16.212013
110063,2019-02-23,SU81/1,61.65,10.427167,0.1,16.212013
110064,2019-02-23,SK00/41,129.1,10.427167,0.1,16.212013
110065,2019-02-23,NY63/2,130.477,10.427167,0.1,16.212013
110066,2019-02-23,NO20/14,37.004,10.427167,0.1,16.212013
110067,2019-02-23,TR14/9,71.171,10.427167,0.1,16.212013
110068,2019-02-23,ST07/10,67.149,10.427167,0.1,16.212013
110069,2019-02-23,SN00/11,11.9182,10.427167,0.1,16.212013
110070,2019-02-23,SJ15/13,79.4266,10.427167,0.1,16.212013
110071,2019-02-24,TR14/9,71.246,9.495917,0.0,11.131489
110072,2019-02-24,SU81/1,61.4,9.495917,0.0,11.131489
110073,2019-02-24,SK00/41,129.09,9.495917,0.0,11.131489
110074,2019-02-24,SU01/5B,93.508,9.495917,0.0,11.131489
110075,2019-02-24,SY68/34,70.513,9.495917,0.0,11.131489
110076,2019-02-24,TF81/2A,42.645,9.495917,0.0,11.131489
110077,2019-02-24,NY63/2,130.473,9.495917,0.0,11.131489
110078,2019-02-24,NO20/14,36.994,9.495917,0.0,11.131489
110079,2019-02-24,NH95/17,29.251,9.495917,0.0,11.131489
110080,2019-02-24,SU71/23,48.78,9.495917,0.0,11.131489
110081,2019-02-24,SN00/11,11.8449,9.495917,0.0,11.131489
110082,2019-02-24,SJ15/13,79.4159,9.495917,0.0,11.131489
110083,2019-02-24,ST07/10,66.415,9.495917,0.0,11.131489
110084,2019-02-25,NY63/2,130.48,9.531333,0.0,11.593344
110085,2019-02-25,SK00/41,129.09,9.531333,0.0,11.593344
110086,2019-02-25,NH95/17,29.255,9.531333,0.0,11.593344
110087,2019-02-25,SU01/5B,93.323,9.531333,0.0,11.593344
110088,2019-02-25,NO20/14,37.011,9.531333,0.0,11.593344
110089,2019-02-25,SU71/23,48.75,9.531333,0.0,11.593344
110090,2019-02-25,SU81/1,61.08,9.531333,0.0,11.593344
110091,2019-02-25,TR14/9,71.329,9.531333,0.0,11.593344
110092,2019-02-25,SY68/34,70.466,9.531333,0.0,11.593344
110093,2019-02-25,TF81/2A,42.652,9.531333,0.0,11.593344
110094,2019-02-25,ST07/10,65.737,9.531333,0.0,11.593344
110095,2019-02-25,SN00/11,11.7661,9.531333,0.0,11.593344
110096,2019-02-25,SJ15/13,79.4162,9.531333,0.0,11.593344
110097,2019-02-26,SU17/57,135.86,9.102166,0.0,10.009448
110098,2019-02-26,NO20/14,37.028,9.102166,0.0,10.009448
110099,2019-02-26,NY63/2,130.491,9.102166,0.0,10.009448
110100,2019-02-26,TL33/67,75.18,9.102166,0.0,10.009448
110101,2019-02-26,SU81/1,60.73,9.102166,0.0,10.009448
110102,2019-02-26,TQ25/86,92.5,9.102166,0.0,10.009448
110103,2019-02-26,NH95/17,29.252,9.102166,0.0,10.009448
110104,2019-02-26,TR14/9,71.424,9.102166,0.0,10.009448
110105,2019-02-26,SU01/5B,93.145,9.102166,0.0,10.009448
110106,2019-02-26,SP00/62,102.39,9.102166,0.0,10.009448
110107,2019-02-26,SY68/34,70.423,9.102166,0.0,10.009448
110108,2019-02-26,SU71/23,48.7,9.102166,0.0,10.009448
110109,2019-02-26,TF81/2A,42.659,9.102166,0.0,10.009448
110110,2019-02-26,SK00/41,129.09,9.102166,0.0,10.009448
110111,2019-02-26,SJ15/13,79.4275,9.102166,0.0,10.009448
110112,2019-02-26,SN00/11,11.6897,9.102166,0.0,10.009448
110113,2019-02-26,ST07/10,65.111,9.102166,0.0,10.009448
110114,2019-02-27,NO20/14,37.056,7.5730004,0.0,7.687678
110115,2019-02-27,NH95/17,29.201,7.5730004,0.0,7.687678
110116,2019-02-27,NY63/2,130.516,7.5730004,0.0,7.687678
110117,2019-02-27,SU71/23,48.66,7.5730004,0.0,7.687678
110118,2019-02-27,TF81/2A,42.671,7.5730004,0.0,7.687678
110119,2019-02-27,SY68/34,70.384,7.5730004,0.0,7.687678
110120,2019-02-27,TA10/63,11.99,7.5730004,0.0,7.687678
110121,2019-02-27,SU01/5B,92.981,7.5730004,0.0,7.687678
110122,2019-02-27,SU81/1,60.44,7.5730004,0.0,7.687678
110123,2019-02-27,TR14/9,72.516,7.5730004,0.0,7.687678
110124,2019-02-27,SK00/41,129.09,7.5730004,0.0,7.687678
110125,2019-02-27,ST07/10,64.53,7.5730004,0.0,7.687678
110126,2019-02-27,SN00/11,11.6144,7.5730004,0.0,7.687678
110127,2019-02-27,SJ15/13,79.4478,7.5730004,0.0,7.687678
110128,2019-02-28,TL33/67,75.19,6.408418,0.8000001,5.0719657
110129,2019-02-28,TQ25/86,92.86,6.408418,0.8000001,5.0719657
110130,2019-02-28,TL33/4,74.97,6.408418,0.8000001,5.0719657
110131,2019-02-28,SU17/57,136.03,6.408418,0.8000001,5.0719657
110132,2019-02-28,TF81/2A,42.677,6.408418,0.8000001,5.0719657
110133,2019-02-28,TF03/37,14.01,6.408418,0.8000001,5.0719657
110134,2019-02-28,SK00/41,129.09,6.408418,0.8000001,5.0719657
110135,2019-02-28,SY68/34,70.348,6.408418,0.8000001,5.0719657
110136,2019-02-28,ST07/10,64.039,6.408418,0.8000001,5.0719657
110137,2019-02-28,SE95/6,22.923,6.408418,0.8000001,5.0719657
110138,2019-02-28,SU81/1,60.18,6.408418,0.8000001,5.0719657
110139,2019-02-28,SN00/11,11.535,6.408418,0.8000001,5.0719657
110140,2019-02-28,NO20/14,37.064,6.408418,0.8000001,5.0719657
110141,2019-02-28,SJ15/13,79.451,6.408418,0.8000001,5.0719657
110142,2019-02-28,NH95/17,29.26,6.408418,0.8000001,5.0719657
110143,2019-02-28,TR14/9,71.587,6.408418,0.8000001,5.0719657
110144,2019-02-28,SU01/5B,92.816,6.408418,0.8000001,5.0719657
110145,2019-02-28,SE94/5,16.122,6.408418,0.8000001,5.0719657
110146,2019-02-28,NY63/2,130.539,6.408418,0.8000001,5.0719657
110147,2019-02-28,SP00/62,102.26,6.408418,0.8000001,5.0719657
110148,2019-02-28,SU71/23,48.61,6.408418,0.8000001,5.0719657
110149,2019-03-01,NH95/17,29.26,7.537583,0.3,7.779301
110150,2019-03-01,ID30/1,114.2785,7.537583,0.3,7.779301
110151,2019-03-01,NY63/2,130.53,7.537583,0.3,7.779301
110152,2019-03-01,SU71/23,48.55,7.537583,0.3,7.779301
110153,2019-03-01,SY68/34,70.31,7.537583,0.3,7.779301
110154,2019-03-01,SU01/5B,92.617,7.537583,0.3,7.779301
110155,2019-03-01,TR14/9,71.66,7.537583,0.3,7.779301
110156,2019-03-01,SK00/41,129.09,7.537583,0.3,7.779301
110157,2019-03-01,NO20/14,37.06,7.537583,0.3,7.779301
110158,2019-03-01,SU81/1,59.93,7.537583,0.3,7.779301
110159,2019-03-01,TF81/2A,42.682,7.537583,0.3,7.779301
110160,2019-03-01,SN00/11,11.4613,7.537583,0.3,7.779301
110161,2019-03-01,SJ15/13,79.4497,7.537583,0.3,7.779301
110162,2019-03-01,ST07/10,63.561,7.537583,0.3,7.779301
110163,2019-03-02,NY63/2,130.548,8.2125845,9.700001,20.766521
110164,2019-03-02,ID30/1,114.2592,8.2125845,9.700001,20.766521
110165,2019-03-02,SU71/23,48.47,8.2125845,9.700001,20.766521
110166,2019-03-02,SY68/34,70.281,8.2125845,9.700001,20.766521
110167,2019-03-02,TF81/2A,42.695,8.2125845,9.700001,20.766521
110168,2019-03-02,SU01/5B,92.429,8.2125845,9.700001,20.766521
110169,2019-03-02,SK00/41,129.093,8.2125845,9.700001,20.766521
110170,2019-03-02,TR14/9,71.759,8.2125845,9.700001,20.766521
110171,2019-03-02,SU81/1,59.61,8.2125845,9.700001,20.766521
110172,2019-03-02,NO20/14,37.111,8.2125845,9.700001,20.766521
110173,2019-03-02,NH95/17,29.296,8.2125845,9.700001,20.766521
110174,2019-03-02,SN00/11,11.4091,8.2125845,9.700001,20.766521
110175,2019-03-02,SJ15/13,79.4758,8.2125845,9.700001,20.766521
110176,2019-03-02,ST07/10,63.232,8.2125845,9.700001,20.766521
110177,2019-03-03,SK00/41,129.102,5.875084,19.0,18.153904
110178,2019-03-03,TR14/9,71.842,5.875084,19.0,18.153904
110179,2019-03-03,NO20/14,37.13,5.875084,19.0,18.153904
110180,2019-03-03,SU01/5B,92.265,5.875084,19.0,18.153904
110181,2019-03-03,NY63/2,130.588,5.875084,19.0,18.153904
110182,2019-03-03,SU81/1,59.31,5.875084,19.0,18.153904
110183,2019-03-03,SY68/34,70.277,5.875084,19.0,18.153904
110184,2019-03-03,SU71/23,48.39,5.875084,19.0,18.153904
110185,2019-03-03,ID30/1,114.2442,5.875084,19.0,18.153904
110186,2019-03-03,ST07/10,65.775,5.875084,19.0,18.153904
110187,2019-03-03,TF81/2A,42.71,5.875084,19.0,18.153904
110188,2019-03-03,NH95/17,29.314,5.875084,19.0,18.153904
110189,2019-03-03,SJ15/13,79.5085,5.875084,19.0,18.153904
110190,2019-03-03,SN00/11,11.4169,5.875084,19.0,18.153904
110191,2019-03-04,ST07/10,62.936,4.358416,8.199999,17.966736
110192,2019-03-04,ID30/1,114.2033,4.358416,8.199999,17.966736
110193,2019-03-04,NY63/2,130.644,4.358416,8.199999,17.966736
110194,2019-03-04,NH95/17,29.305,4.358416,8.199999,17.966736
110195,2019-03-04,TF81/2A,42.699,4.358416,8.199999,17.966736
110196,2019-03-04,SU01/5B,92.07,4.358416,8.199999,17.966736
110197,2019-03-04,SY68/34,70.266,4.358416,8.199999,17.966736
110198,2019-03-04,SU81/1,59.06,4.358416,8.199999,17.966736
110199,2019-03-04,NO20/14,37.111,4.358416,8.199999,17.966736
110200,2019-03-04,SU71/23,48.34,4.358416,8.199999,17.966736
110201,2019-03-04,TR14/9,71.878,4.358416,8.199999,17.966736
110202,2019-03-04,SK00/41,129.103,4.358416,8.199999,17.966736
110203,2019-03-04,SN00/11,11.3991,4.358416,8.199999,17.966736
110204,2019-03-04,SJ15/13,79.4782,4.358416,8.199999,17.966736
110205,2019-03-05,SK00/41,129.099,5.037583,6.8999996,14.446831
110206,2019-03-05,NH95/17,29.287,5.037583,6.8999996,14.446831
110207,2019-03-05,SY68/34,70.239,5.037583,6.8999996,14.446831
110208,2019-03-05,TF81/2A,42.706,5.037583,6.8999996,14.446831
110209,2019-03-05,TR14/9,71.948,5.037583,6.8999996,14.446831
110210,2019-03-05,SN00/11,11.471,5.037583,6.8999996,14.446831
110211,2019-03-05,NO20/14,37.071,5.037583,6.8999996,14.446831
110212,2019-03-05,SU01/5B,91.826,5.037583,6.8999996,14.446831
110213,2019-03-05,TQ25/86,93.43,5.037583,6.8999996,14.446831
110214,2019-03-05,SU81/1,58.8,5.037583,6.8999996,14.446831
110215,2019-03-05,ID30/1,114.2021,5.037583,6.8999996,14.446831
110216,2019-03-05,NY63/2,130.556,5.037583,6.8999996,14.446831
110217,2019-03-05,SU17/57,136.22,5.037583,6.8999996,14.446831
110218,2019-03-05,SU71/23,48.24,5.037583,6.8999996,14.446831
110219,2019-03-05,SJ15/13,79.47,5.037583,6.8999996,14.446831
110220,2019-03-05,ST07/10,62.915,5.037583,6.8999996,14.446831
110221,2019-03-05,TL33/67,75.25,5.037583,6.8999996,14.446831
110222,2019-03-05,SP00/62,102.07,5.037583,6.8999996,14.446831
110223,2019-03-06,NY63/2,130.571,7.9855003,19.900003,17.235079
110224,2019-03-06,NO20/14,37.118,7.9855003,19.900003,17.235079
110225,2019-03-06,SN00/11,11.777,7.9855003,19.900003,17.235079
110226,2019-03-06,TR14/9,71.985,7.9855003,19.900003,17.235079
110227,2019-03-06,SU81/1,58.56,7.9855003,19.900003,17.235079
110228,2019-03-06,ST07/10,63.895,7.9855003,19.900003,17.235079
110229,2019-03-06,NH95/17,29.319,7.9855003,19.900003,17.235079
110230,2019-03-06,SK00/41,129.103,7.9855003,19.900003,17.235079
110231,2019-03-06,SU71/23,48.13,7.9855003,19.900003,17.235079
110232,2019-03-06,TF81/2A,42.722,7.9855003,19.900003,17.235079
110233,2019-03-06,ID30/1,115.7117,7.9855003,19.900003,17.235079
110234,2019-03-06,SJ15/13,79.51,7.9855003,19.900003,17.235079
110235,2019-03-06,SU01/5B,91.642,7.9855003,19.900003,17.235079
110236,2019-03-06,SY68/34,70.24,7.9855003,19.900003,17.235079
110237,2019-03-07,SU81/1,58.33,5.3479996,3.6,15.877884
110238,2019-03-07,SU71/23,48.05,5.3479996,3.6,15.877884
110239,2019-03-07,NO20/14,37.157,5.3479996,3.6,15.877884
110240,2019-03-07,ST07/10,65.541,5.3479996,3.6,15.877884
110241,2019-03-07,SN00/11,11.963,5.3479996,3.6,15.877884
110242,2019-03-07,SY68/34,70.197,5.3479996,3.6,15.877884
110243,2019-03-07,NH95/17,29.349,5.3479996,3.6,15.877884
110244,2019-03-07,TR14/9,71.982,5.3479996,3.6,15.877884
110245,2019-03-07,SJ15/13,79.48,5.3479996,3.6,15.877884
110246,2019-03-07,ID30/1,116.3308,5.3479996,3.6,15.877884
110247,2019-03-07,SU01/5B,91.413,5.3479996,3.6,15.877884
110248,2019-03-07,NY63/2,130.648,5.3479996,3.6,15.877884
110249,2019-03-07,SK00/41,129.099,5.3479996,3.6,15.877884
110250,2019-03-07,TF81/2A,42.711,5.3479996,3.6,15.877884
110251,2019-03-08,TR14/9,72.012,3.4625833,8.099999,16.222225
110252,2019-03-08,NH95/17,29.267,3.4625833,8.099999,16.222225
110253,2019-03-08,SU81/1,58.04,3.4625833,8.099999,16.222225
110254,2019-03-08,SK00/41,129.098,3.4625833,8.099999,16.222225
110255,2019-03-08,SU71/23,47.9,3.4625833,8.099999,16.222225
110256,2019-03-08,ID30/1,116.4942,3.4625833,8.099999,16.222225
110257,2019-03-08,SN00/11,12.029,3.4625833,8.099999,16.222225
110258,2019-03-08,NO20/14,37.153,3.4625833,8.099999,16.222225
110259,2019-03-08,TF81/2A,42.717,3.4625833,8.099999,16.222225
110260,2019-03-08,ST07/10,66.86,3.4625833,8.099999,16.222225
110261,2019-03-08,SY68/34,70.153,3.4625833,8.099999,16.222225
110262,2019-03-08,SU01/5B,91.141,3.4625833,8.099999,16.222225
110263,2019-03-08,NY63/2,130.542,3.4625833,8.099999,16.222225
110264,2019-03-08,SJ15/13,79.46,3.4625833,8.099999,16.222225
110265,2019-03-09,ID30/1,116.5654,3.7917497,7.7999997,16.264631
110266,2019-03-09,ST07/10,67.831,3.7917497,7.7999997,16.264631
110267,2019-03-09,NY63/2,130.601,3.7917497,7.7999997,16.264631
110268,2019-03-09,SJ15/13,79.49,3.7917497,7.7999997,16.264631
110269,2019-03-09,NH95/17,29.312,3.7917497,7.7999997,16.264631
110270,2019-03-09,TR14/9,72.051,3.7917497,7.7999997,16.264631
110271,2019-03-09,SU81/1,57.76,3.7917497,7.7999997,16.264631
110272,2019-03-09,SK00/41,129.091,3.7917497,7.7999997,16.264631
110273,2019-03-09,SU71/23,47.8,3.7917497,7.7999997,16.264631
110274,2019-03-09,SN00/11,12.04,3.7917497,7.7999997,16.264631
110275,2019-03-09,TF81/2A,42.715,3.7917497,7.7999997,16.264631
110276,2019-03-09,SY68/34,70.122,3.7917497,7.7999997,16.264631
110277,2019-03-09,NO20/14,37.178,3.7917497,7.7999997,16.264631
110278,2019-03-09,SU01/5B,90.907,3.7917497,7.7999997,16.264631
110279,2019-03-10,NH95/17,29.324,2.5688334,10.600002,16.355711
110280,2019-03-10,SK00/41,129.09,2.5688334,10.600002,16.355711
110281,2019-03-10,SU01/5B,90.736,2.5688334,10.600002,16.355711
110282,2019-03-10,NO20/14,37.195,2.5688334,10.600002,16.355711
110283,2019-03-10,ST07/10,69.773,2.5688334,10.600002,16.355711
110284,2019-03-10,SY68/34,70.096,2.5688334,10.600002,16.355711
110285,2019-03-10,ID30/1,116.7371,2.5688334,10.600002,16.355711
110286,2019-03-10,TR14/9,72.05,2.5688334,10.600002,16.355711
110287,2019-03-10,SN00/11,12.065,2.5688334,10.600002,16.355711
110288,2019-03-10,NY63/2,130.61,2.5688334,10.600002,16.355711
110289,2019-03-10,SU71/23,47.75,2.5688334,10.600002,16.355711
110290,2019-03-10,SU81/1,57.6,2.5688334,10.600002,16.355711
110291,2019-03-10,SJ15/13,79.52,2.5688334,10.600002,16.355711
110292,2019-03-10,TF81/2A,42.723,2.5688334,10.600002,16.355711
110293,2019-03-11,SK00/41,129.08,4.2375836,6.1,21.937212
110294,2019-03-11,SN00/11,12.114,4.2375836,6.1,21.937212
110295,2019-03-11,ST07/10,70.797,4.2375836,6.1,21.937212
110296,2019-03-11,ID30/1,116.7533,4.2375836,6.1,21.937212
110297,2019-03-11,NO20/14,37.166,4.2375836,6.1,21.937212
110298,2019-03-11,SU71/23,47.73,4.2375836,6.1,21.937212
110299,2019-03-11,SJ15/13,79.52,4.2375836,6.1,21.937212
110300,2019-03-11,SY68/34,70.074,4.2375836,6.1,21.937212
110301,2019-03-11,NY63/2,130.627,4.2375836,6.1,21.937212
110302,2019-03-11,NH95/17,29.318,4.2375836,6.1,21.937212
110303,2019-03-11,TF81/2A,42.723,4.2375836,6.1,21.937212
110304,2019-03-11,SU81/1,57.45,4.2375836,6.1,21.937212
110305,2019-03-11,SU01/5B,90.589,4.2375836,6.1,21.937212
110306,2019-03-11,TR14/9,72.12,4.2375836,6.1,21.937212
110307,2019-03-12,NH95/17,29.377,5.7104993,24.499998,25.691498
110308,2019-03-12,SP00/62,102.38,5.7104993,24.499998,25.691498
110309,2019-03-12,ST07/10,71.344,5.7104993,24.499998,25.691498
110310,2019-03-12,SK00/41,129.09,5.7104993,24.499998,25.691498
110311,2019-03-12,TQ25/86,93.9,5.7104993,24.499998,25.691498
110312,2019-03-12,TL33/67,75.11,5.7104993,24.499998,25.691498
110313,2019-03-12,SU81/1,57.35,5.7104993,24.499998,25.691498
110314,2019-03-12,ID30/1,116.7883,5.7104993,24.499998,25.691498
110315,2019-03-12,NO20/14,37.283,5.7104993,24.499998,25.691498
110316,2019-03-12,TF81/2A,42.743,5.7104993,24.499998,25.691498
110317,2019-03-12,SU17/57,136.16,5.7104993,24.499998,25.691498
110318,2019-03-12,SU01/5B,90.587,5.7104993,24.499998,25.691498
110319,2019-03-12,TR14/9,72.132,5.7104993,24.499998,25.691498
110320,2019-03-12,SY68/34,70.089,5.7104993,24.499998,25.691498
110321,2019-03-12,SJ15/13,79.61,5.7104993,24.499998,25.691498
110322,2019-03-12,SU71/23,47.72,5.7104993,24.499998,25.691498
110323,2019-03-12,SN00/11,12.255,5.7104993,24.499998,25.691498
110324,2019-03-12,NY63/2,130.682,5.7104993,24.499998,25.691498
110325,2019-03-13,NO20/14,37.288,6.5480003,7.6,30.418694
110326,2019-03-13,SY68/34,70.086,6.5480003,7.6,30.418694
110327,2019-03-13,SN00/11,12.377,6.5480003,7.6,30.418694
110328,2019-03-13,NY63/2,130.793,6.5480003,7.6,30.418694
110329,2019-03-13,ST07/10,71.868,6.5480003,7.6,30.418694
110330,2019-03-13,TR14/9,72.145,6.5480003,7.6,30.418694
110331,2019-03-13,ID30/1,117.0458,6.5480003,7.6,30.418694
110332,2019-03-13,SU01/5B,90.66,6.5480003,7.6,30.418694
110333,2019-03-13,SU71/23,47.8,6.5480003,7.6,30.418694
110334,2019-03-13,TF81/2A,42.738,6.5480003,7.6,30.418694
110335,2019-03-13,SJ15/13,79.63,6.5480003,7.6,30.418694
110336,2019-03-13,NH95/17,29.356,6.5480003,7.6,30.418694
110337,2019-03-13,SK00/41,129.084,6.5480003,7.6,30.418694
110338,2019-03-13,SU81/1,57.44,6.5480003,7.6,30.418694
110339,2019-03-14,SU81/1,57.57,7.1792502,16.100002,23.9245
110340,2019-03-14,SN00/11,12.432,7.1792502,16.100002,23.9245
110341,2019-03-14,SJ15/13,79.65,7.1792502,16.100002,23.9245
110342,2019-03-14,SY68/34,70.078,7.1792502,16.100002,23.9245
110343,2019-03-14,ID30/1,118.3167,7.1792502,16.100002,23.9245
110344,2019-03-14,NH95/17,29.37,7.1792502,16.100002,23.9245
110345,2019-03-14,SU71/23,47.87,7.1792502,16.100002,23.9245
110346,2019-03-14,ST07/10,74.501,7.1792502,16.100002,23.9245
110347,2019-03-14,NO20/14,37.312,7.1792502,16.100002,23.9245
110348,2019-03-14,TR14/9,72.154,7.1792502,16.100002,23.9245
110349,2019-03-14,SK00/41,129.081,7.1792502,16.100002,23.9245
110350,2019-03-14,SU01/5B,90.991,7.1792502,16.100002,23.9245
110351,2019-03-14,NY63/2,130.728,7.1792502,16.100002,23.9245
110352,2019-03-14,TF81/2A,42.748,7.1792502,16.100002,23.9245
110353,2019-03-15,NY63/2,130.757,6.393833,10.5,23.484379
110354,2019-03-15,ID30/1,118.6021,6.393833,10.5,23.484379
110355,2019-03-15,SJ15/13,79.65,6.393833,10.5,23.484379
110356,2019-03-15,TF81/2A,42.755,6.393833,10.5,23.484379
110357,2019-03-15,SN00/11,12.418,6.393833,10.5,23.484379
110358,2019-03-15,SU81/1,57.77,6.393833,10.5,23.484379
110359,2019-03-15,SK00/41,129.08,6.393833,10.5,23.484379
110360,2019-03-15,NH95/17,29.381,6.393833,10.5,23.484379
110361,2019-03-15,SU71/23,48.01,6.393833,10.5,23.484379
110362,2019-03-15,TR14/9,72.175,6.393833,10.5,23.484379
110363,2019-03-15,SU01/5B,91.661,6.393833,10.5,23.484379
110364,2019-03-15,SY68/34,70.073,6.393833,10.5,23.484379
110365,2019-03-15,NO20/14,37.304,6.393833,10.5,23.484379
110366,2019-03-15,ST07/10,76.138,6.393833,10.5,23.484379
110367,2019-03-16,TR14/9,72.178,6.1105003,20.5,20.234222
110368,2019-03-16,ST07/10,78.058,6.1105003,20.5,20.234222
110369,2019-03-16,SU01/5B,92.573,6.1105003,20.5,20.234222
110370,2019-03-16,SY68/34,70.085,6.1105003,20.5,20.234222
110371,2019-03-16,SU81/1,58.04,6.1105003,20.5,20.234222
110372,2019-03-16,SJ15/13,79.72,6.1105003,20.5,20.234222
110373,2019-03-16,SN00/11,12.424,6.1105003,20.5,20.234222
110374,2019-03-16,TF81/2A,42.775,6.1105003,20.5,20.234222
110375,2019-03-16,NO20/14,37.34,6.1105003,20.5,20.234222
110376,2019-03-16,SK00/41,129.08,6.1105003,20.5,20.234222
110377,2019-03-16,NH95/17,29.402,6.1105003,20.5,20.234222
110378,2019-03-16,NY63/2,130.743,6.1105003,20.5,20.234222
110379,2019-03-16,ID30/1,118.8783,6.1105003,20.5,20.234222
110380,2019-03-16,SU71/23,48.19,6.1105003,20.5,20.234222
110381,2019-03-17,SY68/34,70.09,4.1563334,0.70000005,18.223318
110382,2019-03-17,SK00/41,129.072,4.1563334,0.70000005,18.223318
110383,2019-03-17,SU81/1,58.4,4.1563334,0.70000005,18.223318
110384,2019-03-17,SU01/5B,93.337,4.1563334,0.70000005,18.223318
110385,2019-03-17,NH95/17,29.405,4.1563334,0.70000005,18.223318
110386,2019-03-17,ST07/10,79.379,4.1563334,0.70000005,18.223318
110387,2019-03-17,SJ15/13,79.78,4.1563334,0.70000005,18.223318
110388,2019-03-17,TR14/9,72.155,4.1563334,0.70000005,18.223318
110389,2019-03-17,SN00/11,12.432,4.1563334,0.70000005,18.223318
110390,2019-03-17,NY63/2,130.848,4.1563334,0.70000005,18.223318
110391,2019-03-17,SU71/23,48.41,4.1563334,0.70000005,18.223318
110392,2019-03-17,TF81/2A,42.771,4.1563334,0.70000005,18.223318
110393,2019-03-17,ID30/1,118.9904,4.1563334,0.70000005,18.223318
110394,2019-03-17,NO20/14,37.338,4.1563334,0.70000005,18.223318
110395,2019-03-18,SU81/1,58.68,4.6209164,0.6,7.5564013
110396,2019-03-18,SY68/34,70.092,4.6209164,0.6,7.5564013
110397,2019-03-18,NY63/2,130.78,4.6209164,0.6,7.5564013
110398,2019-03-18,NO20/14,37.303,4.6209164,0.6,7.5564013
110399,2019-03-18,NH95/17,29.396,4.6209164,0.6,7.5564013
110400,2019-03-18,SN00/11,12.431,4.6209164,0.6,7.5564013
110401,2019-03-18,SU71/23,48.55,4.6209164,0.6,7.5564013
110402,2019-03-18,SJ15/13,79.74,4.6209164,0.6,7.5564013
110403,2019-03-18,SU01/5B,93.737,4.6209164,0.6,7.5564013
110404,2019-03-18,SE95/6,23.25,4.6209164,0.6,7.5564013
110405,2019-03-18,ST07/10,79.401,4.6209164,0.6,7.5564013
110406,2019-03-18,ID30/1,118.7904,4.6209164,0.6,7.5564013
110407,2019-03-18,SK00/41,129.062,4.6209164,0.6,7.5564013
110408,2019-03-18,TV59/7C,2.46,4.6209164,0.6,7.5564013
110409,2019-03-18,TF81/2A,42.775,4.6209164,0.6,7.5564013
110410,2019-03-18,TR14/9,72.141,4.6209164,0.6,7.5564013
110411,2019-03-18,SE94/5,16.57,4.6209164,0.6,7.5564013
110412,2019-03-19,ID30/1,118.4346,7.8084164,0.4,9.273466
110413,2019-03-19,NO20/14,37.322,7.8084164,0.4,9.273466
110414,2019-03-19,NY63/2,130.776,7.8084164,0.4,9.273466
110415,2019-03-19,SP00/62,102.63,7.8084164,0.4,9.273466
110416,2019-03-19,SK00/41,129.052,7.8084164,0.4,9.273466
110417,2019-03-19,SY68/34,70.091,7.8084164,0.4,9.273466
110418,2019-03-19,SN00/11,12.406,7.8084164,0.4,9.273466
110419,2019-03-19,TQ25/86,94.28,7.8084164,0.4,9.273466
110420,2019-03-19,TL33/4,74.84,7.8084164,0.4,9.273466
110421,2019-03-19,SU71/23,48.65,7.8084164,0.4,9.273466
110422,2019-03-19,SU01/5B,93.92,7.8084164,0.4,9.273466
110423,2019-03-19,TL33/67,75.19,7.8084164,0.4,9.273466
110424,2019-03-19,NH95/17,29.403,7.8084164,0.4,9.273466
110425,2019-03-19,SJ15/13,79.71,7.8084164,0.4,9.273466
110426,2019-03-19,SU17/57,136.3,7.8084164,0.4,9.273466
110427,2019-03-19,ST07/10,78.582,7.8084164,0.4,9.273466
110428,2019-03-19,TF81/2A,42.785,7.8084164,0.4,9.273466
110429,2019-03-19,TR14/9,72.131,7.8084164,0.4,9.273466
110430,2019-03-19,SU81/1,58.81,7.8084164,0.4,9.273466
110431,2019-03-20,SJ15/13,79.68,9.954251,0.1,11.477911
110432,2019-03-20,ID30/1,118.005,9.954251,0.1,11.477911
110433,2019-03-20,TM15/112,24.92,9.954251,0.1,11.477911
110434,2019-03-20,NO20/14,37.328,9.954251,0.1,11.477911
110435,2019-03-20,TR14/9,72.123,9.954251,0.1,11.477911
110436,2019-03-20,NY63/2,130.784,9.954251,0.1,11.477911
110437,2019-03-20,SU71/23,48.73,9.954251,0.1,11.477911
110438,2019-03-20,SN00/11,12.371,9.954251,0.1,11.477911
110439,2019-03-20,TF81/2A,42.792,9.954251,0.1,11.477911
110440,2019-03-20,SY68/34,70.09,9.954251,0.1,11.477911
110441,2019-03-20,SU81/1,58.92,9.954251,0.1,11.477911
110442,2019-03-20,ST07/10,77.625,9.954251,0.1,11.477911
110443,2019-03-20,SK00/41,129.05,9.954251,0.1,11.477911
110444,2019-03-20,SU01/5B,93.991,9.954251,0.1,11.477911
110445,2019-03-20,NH95/17,29.392,9.954251,0.1,11.477911
110446,2019-03-20,SJ62/235,54.22,9.954251,0.1,11.477911
110447,2019-03-21,TF81/2A,42.803,10.912585,0.0,10.585283
110448,2019-03-21,SK00/41,129.04,10.912585,0.0,10.585283
110449,2019-03-21,SN00/11,12.336,10.912585,0.0,10.585283
110450,2019-03-21,SU71/23,48.79,10.912585,0.0,10.585283
110451,2019-03-21,SJ15/13,79.66,10.912585,0.0,10.585283
110452,2019-03-21,SY68/34,70.091,10.912585,0.0,10.585283
110453,2019-03-21,NH95/17,29.396,10.912585,0.0,10.585283
110454,2019-03-21,SU01/5B,94.025,10.912585,0.0,10.585283
110455,2019-03-21,NO20/14,37.336,10.912585,0.0,10.585283
110456,2019-03-21,SU81/1,58.98,10.912585,0.0,10.585283
110457,2019-03-21,ST07/10,76.635,10.912585,0.0,10.585283
110458,2019-03-21,TR14/9,72.129,10.912585,0.0,10.585283
110459,2019-03-21,NY63/2,130.798,10.912585,0.0,10.585283
110460,2019-03-21,ID30/1,117.5804,10.912585,0.0,10.585283
110461,2019-03-22,TR14/9,72.139,9.0146675,3.3000002,17.40125
110462,2019-03-22,SU01/5B,94.068,9.0146675,3.3000002,17.40125
110463,2019-03-22,NO20/14,37.378,9.0146675,3.3000002,17.40125
110464,2019-03-22,SU81/1,58.96,9.0146675,3.3000002,17.40125
110465,2019-03-22,TF81/2A,42.814,9.0146675,3.3000002,17.40125
110466,2019-03-22,SN00/11,12.293,9.0146675,3.3000002,17.40125
110467,2019-03-22,NH95/17,29.421,9.0146675,3.3000002,17.40125
110468,2019-03-22,SY68/34,70.091,9.0146675,3.3000002,17.40125
110469,2019-03-22,SJ15/13,79.67,9.0146675,3.3000002,17.40125
110470,2019-03-22,SU71/23,48.85,9.0146675,3.3000002,17.40125
110471,2019-03-22,SK00/41,129.04,9.0146675,3.3000002,17.40125
110472,2019-03-22,ID30/1,117.1988,9.0146675,3.3000002,17.40125
110473,2019-03-22,NY63/2,130.823,9.0146675,3.3000002,17.40125
110474,2019-03-22,ST07/10,75.494,9.0146675,3.3000002,17.40125
110475,2019-03-23,NY63/2,130.831,5.6771665,0.1,11.595045
110476,2019-03-23,SU81/1,58.98,5.6771665,0.1,11.595045
110477,2019-03-23,NO20/14,37.345,5.6771665,0.1,11.595045
110478,2019-03-23,ID30/1,116.8471,5.6771665,0.1,11.595045
110479,2019-03-23,SU01/5B,94.093,5.6771665,0.1,11.595045
110480,2019-03-23,SJ15/13,79.63,5.6771665,0.1,11.595045
110481,2019-03-23,SN00/11,12.232,5.6771665,0.1,11.595045
110482,2019-03-23,NH95/17,29.395,5.6771665,0.1,11.595045
110483,2019-03-23,TR14/9,72.131,5.6771665,0.1,11.595045
110484,2019-03-23,SY68/34,70.086,5.6771665,0.1,11.595045
110485,2019-03-23,ST07/10,74.46,5.6771665,0.1,11.595045
110486,2019-03-23,SK00/41,129.035,5.6771665,0.1,11.595045
110487,2019-03-23,TF81/2A,42.818,5.6771665,0.1,11.595045
110488,2019-03-23,SU71/23,48.9,5.6771665,0.1,11.595045
110489,2019-03-24,SK00/41,129.03,5.7500834,1.5999999,19.61519
110490,2019-03-24,SN00/11,12.175,5.7500834,1.5999999,19.61519
110491,2019-03-24,NH95/17,29.41,5.7500834,1.5999999,19.61519
110492,2019-03-24,SU71/23,48.93,5.7500834,1.5999999,19.61519
110493,2019-03-24,SU01/5B,94.113,5.7500834,1.5999999,19.61519
110494,2019-03-24,TR14/9,72.14,5.7500834,1.5999999,19.61519
110495,2019-03-24,NY63/2,130.82,5.7500834,1.5999999,19.61519
110496,2019-03-24,SJ15/13,79.63,5.7500834,1.5999999,19.61519
110497,2019-03-24,SU81/1,58.95,5.7500834,1.5999999,19.61519
110498,2019-03-24,ID30/1,116.4588,5.7500834,1.5999999,19.61519
110499,2019-03-24,SY68/34,70.078,5.7500834,1.5999999,19.61519
110500,2019-03-24,ST07/10,73.456,5.7500834,1.5999999,19.61519
110501,2019-03-24,NO20/14,37.374,5.7500834,1.5999999,19.61519
110502,2019-03-24,TF81/2A,42.832,5.7500834,1.5999999,19.61519
110503,2019-03-25,SU81/1,58.88,6.0292497,0.0,11.984604
110504,2019-03-25,NH95/17,29.389,6.0292497,0.0,11.984604
110505,2019-03-25,ID30/1,116.1333,6.0292497,0.0,11.984604
110506,2019-03-25,NO20/14,37.349,6.0292497,0.0,11.984604
110507,2019-03-25,SY68/34,70.064,6.0292497,0.0,11.984604
110508,2019-03-25,TR14/9,72.132,6.0292497,0.0,11.984604
110509,2019-03-25,NY63/2,130.85,6.0292497,0.0,11.984604
110510,2019-03-25,ST07/10,72.501,6.0292497,0.0,11.984604
110511,2019-03-25,TF81/2A,42.836,6.0292497,0.0,11.984604
110512,2019-03-25,SU71/23,48.95,6.0292497,0.0,11.984604
110513,2019-03-25,SK00/41,129.03,6.0292497,0.0,11.984604
110514,2019-03-25,SU01/5B,94.093,6.0292497,0.0,11.984604
110515,2019-03-25,SJ15/13,79.61,6.0292497,0.0,11.984604
110516,2019-03-25,SN00/11,12.114,6.0292497,0.0,11.984604
110517,2019-03-26,NY63/2,130.822,7.0979996,0.0,11.953551
110518,2019-03-26,TF81/2A,42.842,7.0979996,0.0,11.953551
110519,2019-03-26,NO20/14,37.361,7.0979996,0.0,11.953551
110520,2019-03-26,ST07/10,71.67,7.0979996,0.0,11.953551
110521,2019-03-26,TL33/67,75.26,7.0979996,0.0,11.953551
110522,2019-03-26,TQ25/86,94.59,7.0979996,0.0,11.953551
110523,2019-03-26,ID30/1,115.8775,7.0979996,0.0,11.953551
110524,2019-03-26,NH95/17,29.39,7.0979996,0.0,11.953551
110525,2019-03-26,SU81/1,58.81,7.0979996,0.0,11.953551
110526,2019-03-26,SP00/62,102.48,7.0979996,0.0,11.953551
110527,2019-03-26,TR14/9,72.14,7.0979996,0.0,11.953551
110528,2019-03-26,SN00/11,12.051,7.0979996,0.0,11.953551
110529,2019-03-26,SU71/23,48.94,7.0979996,0.0,11.953551
110530,2019-03-26,SJ15/13,79.6,7.0979996,0.0,11.953551
110531,2019-03-26,SU01/5B,94.036,7.0979996,0.0,11.953551
110532,2019-03-26,SU17/57,136.46,7.0979996,0.0,11.953551
110533,2019-03-26,SY68/34,70.049,7.0979996,0.0,11.953551
110534,2019-03-26,SK00/41,129.027,7.0979996,0.0,11.953551
110535,2019-03-27,NY63/2,130.832,8.237583,0.2,10.577248
110536,2019-03-27,ST07/10,70.88,8.237583,0.2,10.577248
110537,2019-03-27,TR14/9,72.126,8.237583,0.2,10.577248
110538,2019-03-27,SJ15/13,79.59,8.237583,0.2,10.577248
110539,2019-03-27,SU71/23,48.93,8.237583,0.2,10.577248
110540,2019-03-27,NO20/14,37.36,8.237583,0.2,10.577248
110541,2019-03-27,SU01/5B,93.946,8.237583,0.2,10.577248
110542,2019-03-27,SN00/11,11.989,8.237583,0.2,10.577248
110543,2019-03-27,TF81/2A,42.847,8.237583,0.2,10.577248
110544,2019-03-27,SY68/34,70.033,8.237583,0.2,10.577248
110545,2019-03-27,ID30/1,115.6442,8.237583,0.2,10.577248
110546,2019-03-27,SK00/41,129.02,8.237583,0.2,10.577248
110547,2019-03-27,NH95/17,29.383,8.237583,0.2,10.577248
110548,2019-03-27,SU81/1,58.69,8.237583,0.2,10.577248
110549,2019-03-28,SU01/5B,93.837,7.579251,0.0,9.571943
110550,2019-03-28,SU81/1,58.57,7.579251,0.0,9.571943
110551,2019-03-28,SJ15/13,79.58,7.579251,0.0,9.571943
110552,2019-03-28,ST07/10,70.123,7.579251,0.0,9.571943
110553,2019-03-28,ID30/1,115.4233,7.579251,0.0,9.571943
110554,2019-03-28,SY68/34,70.019,7.579251,0.0,9.571943
110555,2019-03-28,TF81/2A,42.857,7.579251,0.0,9.571943
110556,2019-03-28,SU71/23,48.89,7.579251,0.0,9.571943
110557,2019-03-28,NY63/2,130.826,7.579251,0.0,9.571943
110558,2019-03-28,SK00/41,129.02,7.579251,0.0,9.571943
110559,2019-03-28,SN00/11,11.936,7.579251,0.0,9.571943
110560,2019-03-28,NH95/17,29.386,7.579251,0.0,9.571943
110561,2019-03-28,TR14/9,72.135,7.579251,0.0,9.571943
110562,2019-03-28,NO20/14,37.364,7.579251,0.0,9.571943
110563,2019-03-29,ST07/10,69.342,6.9105,0.0,11.056709
110564,2019-03-29,ID30/1,115.2379,6.9105,0.0,11.056709
110565,2019-03-29,TR14/9,72.155,6.9105,0.0,11.056709
110566,2019-03-29,SJ15/13,79.6,6.9105,0.0,11.056709
110567,2019-03-29,SY68/34,70.006,6.9105,0.0,11.056709
110568,2019-03-29,SN00/11,11.889,6.9105,0.0,11.056709
110569,2019-03-29,NY63/2,130.847,6.9105,0.0,11.056709
110570,2019-03-29,NH95/17,29.394,6.9105,0.0,11.056709
110571,2019-03-29,SU81/1,58.42,6.9105,0.0,11.056709
110572,2019-03-29,SU01/5B,93.738,6.9105,0.0,11.056709
110573,2019-03-29,SK00/41,129.02,6.9105,0.0,11.056709
110574,2019-03-29,SU71/23,48.84,6.9105,0.0,11.056709
110575,2019-03-29,TF81/2A,42.87,6.9105,0.0,11.056709
110576,2019-03-29,NO20/14,37.393,6.9105,0.0,11.056709
110577,2019-03-30,TF81/2A,42.875,6.712583,1.0,9.239979
110578,2019-03-30,SY68/34,69.99,6.712583,1.0,9.239979
110579,2019-03-30,SE94/5,16.963,6.712583,1.0,9.239979
110580,2019-03-30,NY63/2,130.878,6.712583,1.0,9.239979
110581,2019-03-30,NO20/14,37.395,6.712583,1.0,9.239979
110582,2019-03-30,SK00/41,129.02,6.712583,1.0,9.239979
110583,2019-03-30,ID30/1,115.0579,6.712583,1.0,9.239979
110584,2019-03-30,SJ15/13,79.6,6.712583,1.0,9.239979
110585,2019-03-30,NH95/17,29.383,6.712583,1.0,9.239979
110586,2019-03-30,SN00/11,11.825,6.712583,1.0,9.239979
110587,2019-03-30,TR14/9,72.16,6.712583,1.0,9.239979
110588,2019-03-30,SU81/1,58.3,6.712583,1.0,9.239979
110589,2019-03-30,SU01/5B,93.627,6.712583,1.0,9.239979
110590,2019-03-30,SU71/23,48.82,6.712583,1.0,9.239979
110591,2019-03-30,ST07/10,68.568,6.712583,1.0,9.239979
110592,2019-03-31,SN00/11,11.747,6.0855002,0.0,9.161394
110593,2019-03-31,SY68/34,69.969,6.0855002,0.0,9.161394
110594,2019-03-31,TL33/67,75.4,6.0855002,0.0,9.161394
110595,2019-03-31,ST07/10,67.82,6.0855002,0.0,9.161394
110596,2019-03-31,SE95/6,24.47,6.0855002,0.0,9.161394
110597,2019-03-31,NO20/14,37.361,6.0855002,0.0,9.161394
110598,2019-03-31,SP00/62,102.27,6.0855002,0.0,9.161394
110599,2019-03-31,SJ15/13,79.58,6.0855002,0.0,9.161394
110600,2019-03-31,TR14/9,72.17,6.0855002,0.0,9.161394
110601,2019-03-31,NH95/17,29.363,6.0855002,0.0,9.161394
110602,2019-03-31,SU17/57,136.45,6.0855002,0.0,9.161394
110603,2019-03-31,SU71/23,48.76,6.0855002,0.0,9.161394
110604,2019-03-31,SU01/5B,93.467,6.0855002,0.0,9.161394
110605,2019-03-31,TQ25/86,94.652,6.0855002,0.0,9.161394
110606,2019-03-31,SU81/1,58.19,6.0855002,0.0,9.161394
110607,2019-03-31,TL33/4,74.765,6.0855002,0.0,9.161394
110608,2019-03-31,TF81/2A,42.882,6.0855002,0.0,9.161394
110609,2019-03-31,SK00/41,129.02,6.0855002,0.0,9.161394
110610,2019-03-31,ID30/1,114.9067,6.0855002,0.0,9.161394
110611,2019-03-31,NY63/2,130.857,6.0855002,0.0,9.161394
110612,2019-03-31,TF03/37,14.921,6.0855002,0.0,9.161394
110613,2019-04-01,ST07/10,67.1,5.558417,3.9,15.692915
110614,2019-04-01,SJ15/13,79.607,5.558417,3.9,15.692915
110615,2019-04-01,SN00/11,11.684,5.558417,3.9,15.692915
110616,2019-04-01,SU81/1,58.0,5.558417,3.9,15.692915
110617,2019-04-01,TR14/9,72.202,5.558417,3.9,15.692915
110618,2019-04-01,SY68/34,69.95,5.558417,3.9,15.692915
110619,2019-04-01,NH95/17,29.38,5.558417,3.9,15.692915
110620,2019-04-01,SU01/5B,93.308,5.558417,3.9,15.692915
110621,2019-04-01,TF81/2A,42.902,5.558417,3.9,15.692915
110622,2019-04-01,SU71/23,48.68,5.558417,3.9,15.692915
110623,2019-04-01,NY63/2,130.851,5.558417,3.9,15.692915
110624,2019-04-01,ID30/1,114.77,5.558417,3.9,15.692915
110625,2019-04-01,NO20/14,37.404,5.558417,3.9,15.692915
110626,2019-04-01,SK00/41,129.021,5.558417,3.9,15.692915
110627,2019-04-01,TL44/12,35.472,5.558417,3.9,15.692915
110628,2019-04-01,SU17/57,136.365,5.558417,3.9,15.692915
110629,2019-04-01,TQ25/86,94.717,5.558417,3.9,15.692915
110630,2019-04-01,SP00/62,102.177,5.558417,3.9,15.692915
110631,2019-04-02,SK00/41,129.03,4.862583,9.4000025,9.871201
110632,2019-04-02,NH95/17,29.39,4.862583,9.4000025,9.871201
110633,2019-04-02,NO20/14,37.454,4.862583,9.4000025,9.871201
110634,2019-04-02,TL33/67,75.32,4.862583,9.4000025,9.871201
110635,2019-04-02,SU01/5B,93.172,4.862583,9.4000025,9.871201
110636,2019-04-02,SU81/1,57.86,4.862583,9.4000025,9.871201
110637,2019-04-02,TF81/2A,42.914,4.862583,9.4000025,9.871201
110638,2019-04-02,ST07/10,66.401,4.862583,9.4000025,9.871201
110639,2019-04-02,TA10/63,12.02,4.862583,9.4000025,9.871201
110640,2019-04-02,ID30/1,114.65,4.862583,9.4000025,9.871201
110641,2019-04-02,NY63/2,130.937,4.862583,9.4000025,9.871201
110642,2019-04-02,SY68/34,69.937,4.862583,9.4000025,9.871201
110643,2019-04-02,SN00/11,11.621,4.862583,9.4000025,9.871201
110644,2019-04-02,SJ15/13,79.632,4.862583,9.4000025,9.871201
110645,2019-04-02,TR14/9,72.217,4.862583,9.4000025,9.871201
110646,2019-04-02,SU71/23,48.62,4.862583,9.4000025,9.871201
110647,2019-04-02,SU17/57,136.371,4.862583,9.4000025,9.871201
110648,2019-04-02,TL44/12,35.491,4.862583,9.4000025,9.871201
110649,2019-04-02,TQ25/86,94.775,4.862583,9.4000025,9.871201
110650,2019-04-02,SP00/62,102.141,4.862583,9.4000025,9.871201
110651,2019-04-03,SN00/11,11.563,2.6896667,8.5,11.00648
110652,2019-04-03,SU01/5B,93.013,2.6896667,8.5,11.00648
110653,2019-04-03,SY68/34,69.916,2.6896667,8.5,11.00648
110654,2019-04-03,TF81/2A,42.922,2.6896667,8.5,11.00648
110655,2019-04-03,NO20/14,37.44,2.6896667,8.5,11.00648
110656,2019-04-03,ST07/10,65.765,2.6896667,8.5,11.00648
110657,2019-04-03,NY63/2,130.948,2.6896667,8.5,11.00648
110658,2019-04-03,TR14/9,72.236,2.6896667,8.5,11.00648
110659,2019-04-03,SJ15/13,79.65,2.6896667,8.5,11.00648
110660,2019-04-03,SU71/23,48.56,2.6896667,8.5,11.00648
110661,2019-04-03,NH95/17,29.417,2.6896667,8.5,11.00648
110662,2019-04-03,SK00/41,129.036,2.6896667,8.5,11.00648
110663,2019-04-03,SU81/1,57.76,2.6896667,8.5,11.00648
110664,2019-04-03,ID30/1,114.56,2.6896667,8.5,11.00648
110665,2019-04-03,SP00/62,102.128,2.6896667,8.5,11.00648
110666,2019-04-03,TL44/12,35.505,2.6896667,8.5,11.00648
110667,2019-04-03,SU17/57,136.437,2.6896667,8.5,11.00648
110668,2019-04-03,TQ25/86,94.823,2.6896667,8.5,11.00648
110669,2019-04-04,ID30/1,114.54,4.806333,1.5000001,17.58151
110670,2019-04-04,TF81/2A,42.927,4.806333,1.5000001,17.58151
110671,2019-04-04,NO20/14,37.417,4.806333,1.5000001,17.58151
110672,2019-04-04,SY68/34,69.913,4.806333,1.5000001,17.58151
110673,2019-04-04,NY63/2,130.965,4.806333,1.5000001,17.58151
110674,2019-04-04,NH95/17,29.496,4.806333,1.5000001,17.58151
110675,2019-04-04,SJ15/13,79.685,4.806333,1.5000001,17.58151
110676,2019-04-04,SU81/1,57.57,4.806333,1.5000001,17.58151
110677,2019-04-04,SU01/5B,92.829,4.806333,1.5000001,17.58151
110678,2019-04-04,SN00/11,11.504,4.806333,1.5000001,17.58151
110679,2019-04-04,SK00/41,129.04,4.806333,1.5000001,17.58151
110680,2019-04-04,TR14/9,72.227,4.806333,1.5000001,17.58151
110681,2019-04-04,SU71/23,48.47,4.806333,1.5000001,17.58151
110682,2019-04-04,ST07/10,65.375,4.806333,1.5000001,17.58151
110683,2019-04-04,TL44/12,35.514,4.806333,1.5000001,17.58151
110684,2019-04-04,SU17/57,136.516,4.806333,1.5000001,17.58151
110685,2019-04-04,SP00/62,102.117,4.806333,1.5000001,17.58151
110686,2019-04-04,TQ25/86,94.862,4.806333,1.5000001,17.58151
110687,2019-04-05,SY68/34,69.905,7.664667,0.4,19.724209
110688,2019-04-05,TR14/9,72.223,7.664667,0.4,19.724209
110689,2019-04-05,SJ15/13,79.747,7.664667,0.4,19.724209
110690,2019-04-05,NH95/17,29.511,7.664667,0.4,19.724209
110691,2019-04-05,NY63/2,130.946,7.664667,0.4,19.724209
110692,2019-04-05,ID30/1,114.56,7.664667,0.4,19.724209
110693,2019-04-05,SN00/11,11.417,7.664667,0.4,19.724209
110694,2019-04-05,TF81/2A,42.93,7.664667,0.4,19.724209
110695,2019-04-05,SU01/5B,92.585,7.664667,0.4,19.724209
110696,2019-04-05,NO20/14,37.377,7.664667,0.4,19.724209
110697,2019-04-05,SU71/23,48.36,7.664667,0.4,19.724209
110698,2019-04-05,SU81/1,57.42,7.664667,0.4,19.724209
110699,2019-04-05,SK00/41,129.038,7.664667,0.4,19.724209
110700,2019-04-05,ST07/10,65.09,7.664667,0.4,19.724209
110701,2019-04-05,TQ25/86,94.905,7.664667,0.4,19.724209
110702,2019-04-05,TL44/12,35.519,7.664667,0.4,19.724209
110703,2019-04-05,SU17/57,136.55,7.664667,0.4,19.724209
110704,2019-04-05,SP00/62,102.106,7.664667,0.4,19.724209
110705,2019-04-06,NO20/14,37.368,7.473,0.3,6.508211
110706,2019-04-06,SJ15/13,79.758,7.473,0.3,6.508211
110707,2019-04-06,TF81/2A,42.935,7.473,0.3,6.508211
110708,2019-04-06,NH95/17,29.506,7.473,0.3,6.508211
110709,2019-04-06,SY68/34,69.892,7.473,0.3,6.508211
110710,2019-04-06,SK00/41,129.03,7.473,0.3,6.508211
110711,2019-04-06,ID30/1,114.57,7.473,0.3,6.508211
110712,2019-04-06,SN00/11,11.336,7.473,0.3,6.508211
110713,2019-04-06,SU01/5B,92.319,7.473,0.3,6.508211
110714,2019-04-06,TR14/9,72.214,7.473,0.3,6.508211
110715,2019-04-06,SU71/23,48.21,7.473,0.3,6.508211
110716,2019-04-06,ST07/10,64.695,7.473,0.3,6.508211
110717,2019-04-06,SU81/1,57.22,7.473,0.3,6.508211
110718,2019-04-06,NY63/2,130.899,7.473,0.3,6.508211
110719,2019-04-06,SP00/62,102.068,7.473,0.3,6.508211
110720,2019-04-06,SU17/57,136.557,7.473,0.3,6.508211
110721,2019-04-06,TQ25/86,94.943,7.473,0.3,6.508211
110722,2019-04-06,TL44/12,35.522,7.473,0.3,6.508211
110723,2019-04-07,SU71/23,48.06,9.318833,0.0,9.483566
110724,2019-04-07,NH95/17,29.499,9.318833,0.0,9.483566
110725,2019-04-07,SU01/5B,92.041,9.318833,0.0,9.483566
110726,2019-04-07,NO20/14,37.366,9.318833,0.0,9.483566
110727,2019-04-07,NY63/2,130.899,9.318833,0.0,9.483566
110728,2019-04-07,ID30/1,114.51,9.318833,0.0,9.483566
110729,2019-04-07,ST07/10,64.27,9.318833,0.0,9.483566
110730,2019-04-07,SY68/34,69.857,9.318833,0.0,9.483566
110731,2019-04-07,SJ15/13,79.737,9.318833,0.0,9.483566
110732,2019-04-07,SU81/1,56.96,9.318833,0.0,9.483566
110733,2019-04-07,SK00/41,129.028,9.318833,0.0,9.483566
110734,2019-04-07,SN00/11,11.25,9.318833,0.0,9.483566
110735,2019-04-07,TR14/9,72.214,9.318833,0.0,9.483566
110736,2019-04-07,TF81/2A,42.942,9.318833,0.0,9.483566
110737,2019-04-07,TL44/12,35.524,9.318833,0.0,9.483566
110738,2019-04-07,SU17/57,136.55,9.318833,0.0,9.483566
110739,2019-04-07,SP00/62,102.03,9.318833,0.0,9.483566
110740,2019-04-07,TQ25/86,94.979,9.318833,0.0,9.483566
110741,2019-04-08,SJ15/13,79.712,8.995917,0.0,14.591902
110742,2019-04-08,SU01/5B,91.762,8.995917,0.0,14.591902
110743,2019-04-08,NO20/14,37.36,8.995917,0.0,14.591902
110744,2019-04-08,NH95/17,29.494,8.995917,0.0,14.591902
110745,2019-04-08,ID30/1,114.43,8.995917,0.0,14.591902
110746,2019-04-08,SY68/34,69.814,8.995917,0.0,14.591902
110747,2019-04-08,TF81/2A,42.944,8.995917,0.0,14.591902
110748,2019-04-08,SN00/11,11.166,8.995917,0.0,14.591902
110749,2019-04-08,NY63/2,130.891,8.995917,0.0,14.591902
110750,2019-04-08,ST07/10,63.862,8.995917,0.0,14.591902
110751,2019-04-08,SU71/23,47.9,8.995917,0.0,14.591902
110752,2019-04-08,TR14/9,72.185,8.995917,0.0,14.591902
110753,2019-04-08,SK00/41,129.02,8.995917,0.0,14.591902
110754,2019-04-08,SU81/1,56.72,8.995917,0.0,14.591902
110755,2019-04-08,TL44/12,35.525,8.995917,0.0,14.591902
110756,2019-04-08,TQ25/86,95.011,8.995917,0.0,14.591902
110757,2019-04-08,SU17/57,136.531,8.995917,0.0,14.591902
110758,2019-04-08,SP00/62,101.994,8.995917,0.0,14.591902
110759,2019-04-09,NH95/17,29.482,7.0042496,0.0,12.930772
110760,2019-04-09,NY63/2,130.877,7.0042496,0.0,12.930772
110761,2019-04-09,ID30/1,114.36,7.0042496,0.0,12.930772
110762,2019-04-09,SJ15/13,79.678,7.0042496,0.0,12.930772
110763,2019-04-09,TR14/9,72.16,7.0042496,0.0,12.930772
110764,2019-04-09,ST07/10,63.474,7.0042496,0.0,12.930772
110765,2019-04-09,SY68/34,69.767,7.0042496,0.0,12.930772
110766,2019-04-09,SN00/11,11.079,7.0042496,0.0,12.930772
110767,2019-04-09,NO20/14,37.357,7.0042496,0.0,12.930772
110768,2019-04-09,SK00/41,129.014,7.0042496,0.0,12.930772
110769,2019-04-09,TF81/2A,42.949,7.0042496,0.0,12.930772
110770,2019-04-09,SU71/23,47.74,7.0042496,0.0,12.930772
110771,2019-04-09,TL33/67,75.37,7.0042496,0.0,12.930772
110772,2019-04-09,SU81/1,56.46,7.0042496,0.0,12.930772
110773,2019-04-09,SU01/5B,91.495,7.0042496,0.0,12.930772
110774,2019-04-09,TQ25/86,95.034,7.0042496,0.0,12.930772
110775,2019-04-09,TL44/12,35.526,7.0042496,0.0,12.930772
110776,2019-04-09,SU17/57,136.515,7.0042496,0.0,12.930772
110777,2019-04-09,SP00/62,101.961,7.0042496,0.0,12.930772
110778,2019-04-10,ID30/1,114.27,5.1959167,0.0,7.5344777
110779,2019-04-10,SY68/34,69.718,5.1959167,0.0,7.5344777
110780,2019-04-10,NY63/2,130.856,5.1959167,0.0,7.5344777
110781,2019-04-10,SK00/41,129.01,5.1959167,0.0,7.5344777
110782,2019-04-10,SU71/23,47.57,5.1959167,0.0,7.5344777
110783,2019-04-10,NH95/17,29.47,5.1959167,0.0,7.5344777
110784,2019-04-10,TR14/9,72.136,5.1959167,0.0,7.5344777
110785,2019-04-10,TF81/2A,42.951,5.1959167,0.0,7.5344777
110786,2019-04-10,NO20/14,37.359,5.1959167,0.0,7.5344777
110787,2019-04-10,SN00/11,10.993,5.1959167,0.0,7.5344777
110788,2019-04-10,SJ15/13,79.649,5.1959167,0.0,7.5344777
110789,2019-04-10,SU01/5B,91.231,5.1959167,0.0,7.5344777
110790,2019-04-10,ST07/10,63.099,5.1959167,0.0,7.5344777
110791,2019-04-10,SU81/1,56.23,5.1959167,0.0,7.5344777
110792,2019-04-10,SU17/57,136.49,5.1959167,0.0,7.5344777
110793,2019-04-10,TQ25/86,95.06,5.1959167,0.0,7.5344777
110794,2019-04-10,SP00/62,101.923,5.1959167,0.0,7.5344777
110795,2019-04-10,TL44/12,35.522,5.1959167,0.0,7.5344777
110796,2019-04-11,SK00/41,129.004,5.2375836,0.0,8.672866
110797,2019-04-11,SU81/1,55.96,5.2375836,0.0,8.672866
110798,2019-04-11,NO20/14,37.361,5.2375836,0.0,8.672866
110799,2019-04-11,ST07/10,62.76,5.2375836,0.0,8.672866
110800,2019-04-11,SU01/5B,90.969,5.2375836,0.0,8.672866
110801,2019-04-11,NH95/17,29.46,5.2375836,0.0,8.672866
110802,2019-04-11,SJ15/13,79.633,5.2375836,0.0,8.672866
110803,2019-04-11,ID30/1,114.2,5.2375836,0.0,8.672866
110804,2019-04-11,TF81/2A,42.952,5.2375836,0.0,8.672866
110805,2019-04-11,NY63/2,130.85,5.2375836,0.0,8.672866
110806,2019-04-11,SU71/23,47.38,5.2375836,0.0,8.672866
110807,2019-04-11,TR14/9,72.117,5.2375836,0.0,8.672866
110808,2019-04-11,SY68/34,69.667,5.2375836,0.0,8.672866
110809,2019-04-11,SN00/11,10.912,5.2375836,0.0,8.672866
110810,2019-04-11,TQ25/86,95.089,5.2375836,0.0,8.672866
110811,2019-04-11,SP00/62,101.888,5.2375836,0.0,8.672866
110812,2019-04-11,SU17/57,136.461,5.2375836,0.0,8.672866
110813,2019-04-11,TL44/12,35.518,5.2375836,0.0,8.672866
110814,2019-04-12,TR14/9,72.088,5.131333,0.0,12.245506
110815,2019-04-12,NY63/2,130.848,5.131333,0.0,12.245506
110816,2019-04-12,SU81/1,55.7,5.131333,0.0,12.245506
110817,2019-04-12,NO20/14,37.356,5.131333,0.0,12.245506
110818,2019-04-12,SU71/23,47.2,5.131333,0.0,12.245506
110819,2019-04-12,SN00/11,10.831,5.131333,0.0,12.245506
110820,2019-04-12,SK00/41,129.0,5.131333,0.0,12.245506
110821,2019-04-12,SJ15/13,79.625,5.131333,0.0,12.245506
110822,2019-04-12,SY68/34,69.617,5.131333,0.0,12.245506
110823,2019-04-12,ID30/1,114.15,5.131333,0.0,12.245506
110824,2019-04-12,ST07/10,62.443,5.131333,0.0,12.245506
110825,2019-04-12,NH95/17,29.46,5.131333,0.0,12.245506
110826,2019-04-12,TF81/2A,42.96,5.131333,0.0,12.245506
110827,2019-04-12,SU01/5B,90.73,5.131333,0.0,12.245506
110828,2019-04-12,TQ25/86,95.115,5.131333,0.0,12.245506
110829,2019-04-12,TL44/12,35.516,5.131333,0.0,12.245506
110830,2019-04-12,SP00/62,101.848,5.131333,0.0,12.245506
110831,2019-04-12,SU17/57,136.432,5.131333,0.0,12.245506
110832,2019-04-13,NO20/14,37.357,3.7667503,0.0,13.686992
110833,2019-04-13,SU01/5B,90.506,3.7667503,0.0,13.686992
110834,2019-04-13,SU71/23,47.02,3.7667503,0.0,13.686992
110835,2019-04-13,SJ15/13,79.622,3.7667503,0.0,13.686992
110836,2019-04-13,TR14/9,72.06,3.7667503,0.0,13.686992
110837,2019-04-13,SN00/11,10.753,3.7667503,0.0,13.686992
110838,2019-04-13,SU81/1,55.47,3.7667503,0.0,13.686992
110839,2019-04-13,NY63/2,130.845,3.7667503,0.0,13.686992
110840,2019-04-13,TF81/2A,42.964,3.7667503,0.0,13.686992
110841,2019-04-13,ID30/1,114.09,3.7667503,0.0,13.686992
110842,2019-04-13,NH95/17,29.454,3.7667503,0.0,13.686992
110843,2019-04-13,ST07/10,62.141,3.7667503,0.0,13.686992
110844,2019-04-13,SY68/34,69.567,3.7667503,0.0,13.686992
110845,2019-04-13,SK00/41,129.0,3.7667503,0.0,13.686992
110846,2019-04-13,SP00/62,101.811,3.7667503,0.0,13.686992
110847,2019-04-13,SU17/57,136.388,3.7667503,0.0,13.686992
110848,2019-04-13,TL44/12,35.513,3.7667503,0.0,13.686992
110849,2019-04-13,TQ25/86,95.143,3.7667503,0.0,13.686992
110850,2019-04-14,NY63/2,130.859,4.5834165,0.0,14.930892
110851,2019-04-14,NH95/17,29.45,4.5834165,0.0,14.930892
110852,2019-04-14,ID30/1,114.03,4.5834165,0.0,14.930892
110853,2019-04-14,TF81/2A,42.971,4.5834165,0.0,14.930892
110854,2019-04-14,TR14/9,72.048,4.5834165,0.0,14.930892
110855,2019-04-14,SU01/5B,90.298,4.5834165,0.0,14.930892
110856,2019-04-14,SU81/1,55.23,4.5834165,0.0,14.930892
110857,2019-04-14,ST07/10,61.843,4.5834165,0.0,14.930892
110858,2019-04-14,NO20/14,37.366,4.5834165,0.0,14.930892
110859,2019-04-14,SK00/41,128.995,4.5834165,0.0,14.930892
110860,2019-04-14,SY68/34,69.518,4.5834165,0.0,14.930892
110861,2019-04-14,SJ15/13,79.624,4.5834165,0.0,14.930892
110862,2019-04-14,SN00/11,10.675,4.5834165,0.0,14.930892
110863,2019-04-14,SU71/23,46.84,4.5834165,0.0,14.930892
110864,2019-04-14,TQ25/86,95.179,4.5834165,0.0,14.930892
110865,2019-04-14,SP00/62,101.777,4.5834165,0.0,14.930892
110866,2019-04-14,TL44/12,35.511,4.5834165,0.0,14.930892
110867,2019-04-14,SU17/57,136.335,4.5834165,0.0,14.930892
110868,2019-04-15,SU81/1,54.97,6.579252,0.0,23.04775
110869,2019-04-15,SK00/41,128.998,6.579252,0.0,23.04775
110870,2019-04-15,SY68/34,69.472,6.579252,0.0,23.04775
110871,2019-04-15,SJ15/13,79.639,6.579252,0.0,23.04775
110872,2019-04-15,SU01/5B,90.107,6.579252,0.0,23.04775
110873,2019-04-15,SU71/23,46.66,6.579252,0.0,23.04775
110874,2019-04-15,NH95/17,29.453,6.579252,0.0,23.04775
110875,2019-04-15,NY63/2,130.863,6.579252,0.0,23.04775
110876,2019-04-15,TR14/9,72.038,6.579252,0.0,23.04775
110877,2019-04-15,SN00/11,10.618,6.579252,0.0,23.04775
110878,2019-04-15,NO20/14,37.39,6.579252,0.0,23.04775
110879,2019-04-15,TL33/4,74.77,6.579252,0.0,23.04775
110880,2019-04-15,TF81/2A,42.982,6.579252,0.0,23.04775
110881,2019-04-15,ID30/1,114.01,6.579252,0.0,23.04775
110882,2019-04-15,ST07/10,61.575,6.579252,0.0,23.04775
110883,2019-04-15,TL44/12,35.514,6.579252,0.0,23.04775
110884,2019-04-15,SU17/57,136.249,6.579252,0.0,23.04775
110885,2019-04-15,SP00/62,101.743,6.579252,0.0,23.04775
110886,2019-04-15,TQ25/86,95.202,6.579252,0.0,23.04775
110887,2019-04-16,TF81/2A,42.985,9.431334,0.3,13.758015
110888,2019-04-16,SU81/1,54.72,9.431334,0.3,13.758015
110889,2019-04-16,ST07/10,61.339,9.431334,0.3,13.758015
110890,2019-04-16,ID30/1,113.97,9.431334,0.3,13.758015
110891,2019-04-16,SY68/34,69.424,9.431334,0.3,13.758015
110892,2019-04-16,SK00/41,128.998,9.431334,0.3,13.758015
110893,2019-04-16,SU01/5B,89.916,9.431334,0.3,13.758015
110894,2019-04-16,NH95/17,29.446,9.431334,0.3,13.758015
110895,2019-04-16,TL33/67,75.43,9.431334,0.3,13.758015
110896,2019-04-16,NY63/2,130.895,9.431334,0.3,13.758015
110897,2019-04-16,SN00/11,10.549,9.431334,0.3,13.758015
110898,2019-04-16,NO20/14,37.393,9.431334,0.3,13.758015
110899,2019-04-16,TR14/9,72.008,9.431334,0.3,13.758015
110900,2019-04-16,SU71/23,46.5,9.431334,0.3,13.758015
110901,2019-04-16,SJ15/13,79.619,9.431334,0.3,13.758015
110902,2019-04-16,TQ25/86,95.219,9.431334,0.3,13.758015
110903,2019-04-16,TL44/12,35.511,9.431334,0.3,13.758015
110904,2019-04-16,SP00/62,101.704,9.431334,0.3,13.758015
110905,2019-04-16,SU17/57,136.253,9.431334,0.3,13.758015
110906,2019-04-17,SU01/5B,89.706,10.293834,0.1,10.164424
110907,2019-04-17,NO20/14,37.365,10.293834,0.1,10.164424
110908,2019-04-17,TR14/9,71.972,10.293834,0.1,10.164424
110909,2019-04-17,NH95/17,29.42,10.293834,0.1,10.164424
110910,2019-04-17,ST07/10,61.036,10.293834,0.1,10.164424
110911,2019-04-17,SK00/41,128.99,10.293834,0.1,10.164424
110912,2019-04-17,SJ15/13,79.596,10.293834,0.1,10.164424
110913,2019-04-17,SU71/23,46.32,10.293834,0.1,10.164424
110914,2019-04-17,SU81/1,54.51,10.293834,0.1,10.164424
110915,2019-04-17,NY63/2,130.867,10.293834,0.1,10.164424
110916,2019-04-17,SN00/11,10.467,10.293834,0.1,10.164424
110917,2019-04-17,TF81/2A,42.985,10.293834,0.1,10.164424
110918,2019-04-17,SY68/34,69.376,10.293834,0.1,10.164424
110919,2019-04-17,ID30/1,113.94,10.293834,0.1,10.164424
110920,2019-04-17,TQ25/86,95.233,10.293834,0.1,10.164424
110921,2019-04-17,TL44/12,35.51,10.293834,0.1,10.164424
110922,2019-04-17,SP00/62,101.666,10.293834,0.1,10.164424
110923,2019-04-17,SU17/57,136.242,10.293834,0.1,10.164424
110924,2019-04-18,ID30/1,113.91,11.902165,0.0,11.711933
110925,2019-04-18,SK00/41,128.99,11.902165,0.0,11.711933
110926,2019-04-18,TR14/9,71.931,11.902165,0.0,11.711933
110927,2019-04-18,NH95/17,29.424,11.902165,0.0,11.711933
110928,2019-04-18,NY63/2,130.846,11.902165,0.0,11.711933
110929,2019-04-18,SU01/5B,89.491,11.902165,0.0,11.711933
110930,2019-04-18,SY68/34,69.329,11.902165,0.0,11.711933
110931,2019-04-18,ST07/10,60.758,11.902165,0.0,11.711933
110932,2019-04-18,TF81/2A,42.987,11.902165,0.0,11.711933
110933,2019-04-18,NO20/14,37.346,11.902165,0.0,11.711933
110934,2019-04-18,SU71/23,46.13,11.902165,0.0,11.711933
110935,2019-04-18,SJ15/13,79.573,11.902165,0.0,11.711933
110936,2019-04-18,SN00/11,10.38,11.902165,0.0,11.711933
110937,2019-04-18,SU81/1,54.28,11.902165,0.0,11.711933
110938,2019-04-18,TQ25/86,95.242,11.902165,0.0,11.711933
110939,2019-04-18,TL44/12,35.502,11.902165,0.0,11.711933
110940,2019-04-18,SP00/62,101.627,11.902165,0.0,11.711933
110941,2019-04-18,SU17/57,136.226,11.902165,0.0,11.711933
110942,2019-04-19,SU81/1,54.0,14.439667,0.0,11.077716
110943,2019-04-19,SK00/41,128.988,14.439667,0.0,11.077716
110944,2019-04-19,SJ15/13,79.522,14.439667,0.0,11.077716
110945,2019-04-19,SU71/23,45.93,14.439667,0.0,11.077716
110946,2019-04-19,TF81/2A,42.989,14.439667,0.0,11.077716
110947,2019-04-19,SY68/34,69.28,14.439667,0.0,11.077716
110948,2019-04-19,NY63/2,130.828,14.439667,0.0,11.077716
110949,2019-04-19,NH95/17,29.379,14.439667,0.0,11.077716
110950,2019-04-19,ST07/10,60.502,14.439667,0.0,11.077716
110951,2019-04-19,NO20/14,37.347,14.439667,0.0,11.077716
110952,2019-04-19,ID30/1,113.87,14.439667,0.0,11.077716
110953,2019-04-19,TR14/9,71.885,14.439667,0.0,11.077716
110954,2019-04-19,SU01/5B,89.274,14.439667,0.0,11.077716
110955,2019-04-19,SN00/11,10.288,14.439667,0.0,11.077716
110956,2019-04-19,TL44/12,35.501,14.439667,0.0,11.077716
110957,2019-04-19,TQ25/86,95.261,14.439667,0.0,11.077716
110958,2019-04-19,SU17/57,136.202,14.439667,0.0,11.077716
110959,2019-04-19,SP00/62,101.586,14.439667,0.0,11.077716
110960,2019-04-20,SY68/34,69.234,15.352168,0.0,8.6675415
110961,2019-04-20,SU71/23,45.73,15.352168,0.0,8.6675415
110962,2019-04-20,SJ15/13,79.56,15.352168,0.0,8.6675415
110963,2019-04-20,NY63/2,130.822,15.352168,0.0,8.6675415
110964,2019-04-20,SK00/41,128.982,15.352168,0.0,8.6675415
110965,2019-04-20,SU81/1,53.77,15.352168,0.0,8.6675415
110966,2019-04-20,TF81/2A,42.995,15.352168,0.0,8.6675415
110967,2019-04-20,NH95/17,29.393,15.352168,0.0,8.6675415
110968,2019-04-20,SN00/11,10.213,15.352168,0.0,8.6675415
110969,2019-04-20,NO20/14,37.364,15.352168,0.0,8.6675415
110970,2019-04-20,TR14/9,71.867,15.352168,0.0,8.6675415
110971,2019-04-20,SU01/5B,89.07,15.352168,0.0,8.6675415
110972,2019-04-20,ID30/1,113.84,15.352168,0.0,8.6675415
110973,2019-04-20,ST07/10,60.291,15.352168,0.0,8.6675415
110974,2019-04-20,SU17/57,136.128,15.352168,0.0,8.6675415
110975,2019-04-20,TQ25/86,95.293,15.352168,0.0,8.6675415
110976,2019-04-20,SP00/62,101.553,15.352168,0.0,8.6675415
110977,2019-04-20,TL44/12,35.501,15.352168,0.0,8.6675415
110978,2019-04-21,TR14/9,71.859,14.6500845,0.0,12.794921
110979,2019-04-21,SU01/5B,88.902,14.6500845,0.0,12.794921
110980,2019-04-21,SU71/23,45.54,14.6500845,0.0,12.794921
110981,2019-04-21,ST07/10,60.108,14.6500845,0.0,12.794921
110982,2019-04-21,NY63/2,130.848,14.6500845,0.0,12.794921
110983,2019-04-21,ID30/1,113.81,14.6500845,0.0,12.794921
110984,2019-04-21,NO20/14,37.411,14.6500845,0.0,12.794921
110985,2019-04-21,SN00/11,10.158,14.6500845,0.0,12.794921
110986,2019-04-21,NH95/17,29.423,14.6500845,0.0,12.794921
110987,2019-04-21,TF81/2A,43.008,14.6500845,0.0,12.794921
110988,2019-04-21,SU81/1,53.53,14.6500845,0.0,12.794921
110989,2019-04-21,SK00/41,128.988,14.6500845,0.0,12.794921
110990,2019-04-21,SY68/34,69.192,14.6500845,0.0,12.794921
110991,2019-04-21,SJ15/13,79.597,14.6500845,0.0,12.794921
110992,2019-04-21,SP00/62,101.522,14.6500845,0.0,12.794921
110993,2019-04-21,SU17/57,136.003,14.6500845,0.0,12.794921
110994,2019-04-21,TQ25/86,95.328,14.6500845,0.0,12.794921
110995,2019-04-21,TL44/12,35.504,14.6500845,0.0,12.794921
110996,2019-04-22,SY68/34,69.152,14.7334175,0.0,14.554459
110997,2019-04-22,ST07/10,59.917,14.7334175,0.0,14.554459
110998,2019-04-22,NY63/2,130.9,14.7334175,0.0,14.554459
110999,2019-04-22,NO20/14,37.428,14.7334175,0.0,14.554459
111000,2019-04-22,NH95/17,29.418,14.7334175,0.0,14.554459
111001,2019-04-22,SN00/11,10.097,14.7334175,0.0,14.554459
111002,2019-04-22,TF81/2A,43.017,14.7334175,0.0,14.554459
111003,2019-04-22,SK00/41,128.994,14.7334175,0.0,14.554459
111004,2019-04-22,SJ15/13,79.623,14.7334175,0.0,14.554459
111005,2019-04-22,TR14/9,71.836,14.7334175,0.0,14.554459
111006,2019-04-22,SU71/23,45.37,14.7334175,0.0,14.554459
111007,2019-04-22,SU01/5B,88.765,14.7334175,0.0,14.554459
111008,2019-04-22,ID30/1,113.77,14.7334175,0.0,14.554459
111009,2019-04-22,SU81/1,53.34,14.7334175,0.0,14.554459
111010,2019-04-22,TL44/12,35.513,14.7334175,0.0,14.554459
111011,2019-04-22,SP00/62,101.492,14.7334175,0.0,14.554459
111012,2019-04-22,TQ25/86,95.351,14.7334175,0.0,14.554459
111013,2019-04-22,SU17/57,136.01,14.7334175,0.0,14.554459
111014,2019-04-23,TL33/67,75.25,14.387584,0.0,13.775829
111015,2019-04-23,TR14/9,71.813,14.387584,0.0,13.775829
111016,2019-04-23,TM15/112,24.99,14.387584,0.0,13.775829
111017,2019-04-23,SU71/23,45.21,14.387584,0.0,13.775829
111018,2019-04-23,NH95/17,29.433,14.387584,0.0,13.775829
111019,2019-04-23,SJ15/13,79.626,14.387584,0.0,13.775829
111020,2019-04-23,ID30/1,113.74,14.387584,0.0,13.775829
111021,2019-04-23,SU81/1,53.13,14.387584,0.0,13.775829
111022,2019-04-23,SN00/11,10.026,14.387584,0.0,13.775829
111023,2019-04-23,SU01/5B,88.632,14.387584,0.0,13.775829
111024,2019-04-23,SK00/41,129.001,14.387584,0.0,13.775829
111025,2019-04-23,SY68/34,69.112,14.387584,0.0,13.775829
111026,2019-04-23,ST07/10,59.737,14.387584,0.0,13.775829
111027,2019-04-23,NO20/14,37.419,14.387584,0.0,13.775829
111028,2019-04-23,TF81/2A,43.024,14.387584,0.0,13.775829
111029,2019-04-23,NY63/2,130.913,14.387584,0.0,13.775829
111030,2019-04-23,SP00/62,101.459,14.387584,0.0,13.775829
111031,2019-04-23,TL44/12,35.52,14.387584,0.0,13.775829
111032,2019-04-23,TQ25/86,95.363,14.387584,0.0,13.775829
111033,2019-04-23,SU17/57,135.971,14.387584,0.0,13.775829
111034,2019-04-23,SJ62/235,54.16,14.387584,0.0,13.775829
111035,2019-04-24,NO20/14,37.422,12.65425,0.4,14.0752125
111036,2019-04-24,SJ15/13,79.625,12.65425,0.4,14.0752125
111037,2019-04-24,SN00/11,9.989,12.65425,0.4,14.0752125
111038,2019-04-24,TR14/9,71.772,12.65425,0.4,14.0752125
111039,2019-04-24,NY63/2,130.914,12.65425,0.4,14.0752125
111040,2019-04-24,TF81/2A,43.023,12.65425,0.4,14.0752125
111041,2019-04-24,TV59/7C,1.62,12.65425,0.4,14.0752125
111042,2019-04-24,SK00/41,129.01,12.65425,0.4,14.0752125
111043,2019-04-24,SU01/5B,88.488,12.65425,0.4,14.0752125
111044,2019-04-24,SY68/34,69.082,12.65425,0.4,14.0752125
111045,2019-04-24,SU81/1,52.92,12.65425,0.4,14.0752125
111046,2019-04-24,SU71/23,45.04,12.65425,0.4,14.0752125
111047,2019-04-24,NH95/17,29.411,12.65425,0.4,14.0752125
111048,2019-04-24,ID30/1,113.71,12.65425,0.4,14.0752125
111049,2019-04-24,ST07/10,59.752,12.65425,0.4,14.0752125
111050,2019-04-24,SP00/62,101.426,12.65425,0.4,14.0752125
111051,2019-04-24,TL44/12,35.521,12.65425,0.4,14.0752125
111052,2019-04-24,SU17/57,135.933,12.65425,0.4,14.0752125
111053,2019-04-24,TQ25/86,95.364,12.65425,0.4,14.0752125
111054,2019-04-25,NO20/14,37.401,10.177168,2.0,15.810752
111055,2019-04-25,SU81/1,52.75,10.177168,2.0,15.810752
111056,2019-04-25,SY68/34,69.034,10.177168,2.0,15.810752
111057,2019-04-25,TF81/2A,43.016,10.177168,2.0,15.810752
111058,2019-04-25,SU01/5B,88.311,10.177168,2.0,15.810752
111059,2019-04-25,TR14/9,71.712,10.177168,2.0,15.810752
111060,2019-04-25,SN00/11,9.959,10.177168,2.0,15.810752
111061,2019-04-25,ST07/10,59.729,10.177168,2.0,15.810752
111062,2019-04-25,SK00/41,129.008,10.177168,2.0,15.810752
111063,2019-04-25,ID30/1,113.7,10.177168,2.0,15.810752
111064,2019-04-25,NY63/2,130.902,10.177168,2.0,15.810752
111065,2019-04-25,SJ15/13,79.594,10.177168,2.0,15.810752
111066,2019-04-25,SU71/23,44.86,10.177168,2.0,15.810752
111067,2019-04-25,NH95/17,29.415,10.177168,2.0,15.810752
111068,2019-04-25,TQ25/86,95.362,10.177168,2.0,15.810752
111069,2019-04-25,SU17/57,135.894,10.177168,2.0,15.810752
111070,2019-04-25,SP00/62,101.397,10.177168,2.0,15.810752
111071,2019-04-25,TL44/12,35.517,10.177168,2.0,15.810752
111072,2019-04-26,SU71/23,44.65,8.777167,6.6000004,21.231853
111073,2019-04-26,ID30/1,113.68,8.777167,6.6000004,21.231853
111074,2019-04-26,NY63/2,130.865,8.777167,6.6000004,21.231853
111075,2019-04-26,TR14/9,71.673,8.777167,6.6000004,21.231853
111076,2019-04-26,SU01/5B,88.11,8.777167,6.6000004,21.231853
111077,2019-04-26,SK00/41,129.0,8.777167,6.6000004,21.231853
111078,2019-04-26,SU81/1,52.51,8.777167,6.6000004,21.231853
111079,2019-04-26,NH95/17,29.396,8.777167,6.6000004,21.231853
111080,2019-04-26,ST07/10,59.651,8.777167,6.6000004,21.231853
111081,2019-04-26,SJ15/13,79.581,8.777167,6.6000004,21.231853
111082,2019-04-26,SY68/34,68.987,8.777167,6.6000004,21.231853
111083,2019-04-26,SN00/11,9.936,8.777167,6.6000004,21.231853
111084,2019-04-26,TF81/2A,43.021,8.777167,6.6000004,21.231853
111085,2019-04-26,NO20/14,37.38,8.777167,6.6000004,21.231853
111086,2019-04-26,SP00/62,101.37,8.777167,6.6000004,21.231853
111087,2019-04-26,SU17/57,135.851,8.777167,6.6000004,21.231853
111088,2019-04-26,TQ25/86,95.356,8.777167,6.6000004,21.231853
111089,2019-04-26,TL44/12,35.515,8.777167,6.6000004,21.231853
111090,2019-04-27,SU71/23,44.45,7.337583,13.400001,15.802209
111091,2019-04-27,NY63/2,130.882,7.337583,13.400001,15.802209
111092,2019-04-27,TR14/9,71.615,7.337583,13.400001,15.802209
111093,2019-04-27,NO20/14,37.375,7.337583,13.400001,15.802209
111094,2019-04-27,SU01/5B,87.911,7.337583,13.400001,15.802209
111095,2019-04-27,SY68/34,68.94,7.337583,13.400001,15.802209
111096,2019-04-27,ID30/1,113.79,7.337583,13.400001,15.802209
111097,2019-04-27,SJ15/13,79.543,7.337583,13.400001,15.802209
111098,2019-04-27,SK00/41,128.996,7.337583,13.400001,15.802209
111099,2019-04-27,ST07/10,59.601,7.337583,13.400001,15.802209
111100,2019-04-27,SN00/11,9.886,7.337583,13.400001,15.802209
111101,2019-04-27,NH95/17,29.384,7.337583,13.400001,15.802209
111102,2019-04-27,TF81/2A,43.016,7.337583,13.400001,15.802209
111103,2019-04-27,SU81/1,52.27,7.337583,13.400001,15.802209
111104,2019-04-27,SU17/57,135.815,7.337583,13.400001,15.802209
111105,2019-04-27,SP00/62,101.338,7.337583,13.400001,15.802209
111106,2019-04-27,TL44/12,35.504,7.337583,13.400001,15.802209
111107,2019-04-27,TQ25/86,95.344,7.337583,13.400001,15.802209
111108,2019-04-28,ID30/1,113.98,8.858417,0.0,6.857851
111109,2019-04-28,SK00/41,128.989,8.858417,0.0,6.857851
111110,2019-04-28,SN00/11,9.829,8.858417,0.0,6.857851
111111,2019-04-28,ST07/10,59.47,8.858417,0.0,6.857851
111112,2019-04-28,TR14/9,71.56,8.858417,0.0,6.857851
111113,2019-04-28,TF81/2A,43.006,8.858417,0.0,6.857851
111114,2019-04-28,NH95/17,29.359,8.858417,0.0,6.857851
111115,2019-04-28,NY63/2,130.805,8.858417,0.0,6.857851
111116,2019-04-28,SJ15/13,79.52,8.858417,0.0,6.857851
111117,2019-04-28,SU01/5B,87.703,8.858417,0.0,6.857851
111118,2019-04-28,NO20/14,37.32,8.858417,0.0,6.857851
111119,2019-04-28,SY68/34,68.892,8.858417,0.0,6.857851
111120,2019-04-28,SU81/1,52.01,8.858417,0.0,6.857851
111121,2019-04-28,SU71/23,44.25,8.858417,0.0,6.857851
111122,2019-04-28,SU17/57,135.778,8.858417,0.0,6.857851
111123,2019-04-28,TQ25/86,95.335,8.858417,0.0,6.857851
111124,2019-04-28,SP00/62,101.303,8.858417,0.0,6.857851
111125,2019-04-28,TL44/12,35.486,8.858417,0.0,6.857851
111126,2019-04-29,SU71/23,44.05,10.173,0.0,9.094004
111127,2019-04-29,TF81/2A,43.006,10.173,0.0,9.094004
111128,2019-04-29,SK00/41,128.979,10.173,0.0,9.094004
111129,2019-04-29,NO20/14,37.316,10.173,0.0,9.094004
111130,2019-04-29,SN00/11,9.775,10.173,0.0,9.094004
111131,2019-04-29,NH95/17,29.346,10.173,0.0,9.094004
111132,2019-04-29,SJ15/13,79.513,10.173,0.0,9.094004
111133,2019-04-29,SU01/5B,87.505,10.173,0.0,9.094004
111134,2019-04-29,NY63/2,130.766,10.173,0.0,9.094004
111135,2019-04-29,SY68/34,68.846,10.173,0.0,9.094004
111136,2019-04-29,ST07/10,59.338,10.173,0.0,9.094004
111137,2019-04-29,SU81/1,51.79,10.173,0.0,9.094004
111138,2019-04-29,TR14/9,71.501,10.173,0.0,9.094004
111139,2019-04-29,TQ25/86,95.33,10.173,0.0,9.094004
111140,2019-04-29,SP00/62,101.274,10.173,0.0,9.094004
111141,2019-04-29,TL44/12,35.471,10.173,0.0,9.094004
111142,2019-04-29,SU17/57,135.714,10.173,0.0,9.094004
111143,2019-04-30,ID30/1,113.86,11.2646675,0.0,8.847093
111144,2019-04-30,TR14/9,71.458,11.2646675,0.0,8.847093
111145,2019-04-30,NY63/2,130.774,11.2646675,0.0,8.847093
111146,2019-04-30,SU81/1,51.56,11.2646675,0.0,8.847093
111147,2019-04-30,NH95/17,29.353,11.2646675,0.0,8.847093
111148,2019-04-30,TF81/2A,43.011,11.2646675,0.0,8.847093
111149,2019-04-30,SU01/5B,87.325,11.2646675,0.0,8.847093
111150,2019-04-30,SE94/5,17.53,11.2646675,0.0,8.847093
111151,2019-04-30,TA10/63,12.33,11.2646675,0.0,8.847093
111152,2019-04-30,ST07/10,59.2,11.2646675,0.0,8.847093
111153,2019-04-30,SN00/11,9.727,11.2646675,0.0,8.847093
111154,2019-04-30,SJ15/13,79.52,11.2646675,0.0,8.847093
111155,2019-04-30,SU71/23,43.85,11.2646675,0.0,8.847093
111156,2019-04-30,NO20/14,37.342,11.2646675,0.0,8.847093
111157,2019-04-30,SY68/34,68.806,11.2646675,0.0,8.847093
111158,2019-04-30,TL33/67,75.29,11.2646675,0.0,8.847093
111159,2019-04-30,SE95/6,22.29,11.2646675,0.0,8.847093
111160,2019-04-30,TF03/37,14.012,11.2646675,0.0,8.847093
111161,2019-04-30,SU17/57,135.631,11.2646675,0.0,8.847093
111162,2019-04-30,SP00/62,101.246,11.2646675,0.0,8.847093
111163,2019-04-30,TL44/12,35.445,11.2646675,0.0,8.847093
111164,2019-05-01,TF81/2A,43.016,10.348001,3.9999998,5.548824
111165,2019-05-01,SN00/11,9.673,10.348001,3.9999998,5.548824
111166,2019-05-01,SU81/1,51.34,10.348001,3.9999998,5.548824
111167,2019-05-01,SY68/34,68.759,10.348001,3.9999998,5.548824
111168,2019-05-01,NO20/14,37.366,10.348001,3.9999998,5.548824
111169,2019-05-01,SU71/23,43.66,10.348001,3.9999998,5.548824
111170,2019-05-01,NH95/17,29.36,10.348001,3.9999998,5.548824
111171,2019-05-01,SU01/5B,87.169,10.348001,3.9999998,5.548824
111172,2019-05-01,ID30/1,113.814,10.348001,3.9999998,5.548824
111173,2019-05-01,TR14/9,71.423,10.348001,3.9999998,5.548824
111174,2019-05-01,TL33/67,75.26,10.348001,3.9999998,5.548824
111175,2019-05-01,TL33/4,74.65,10.348001,3.9999998,5.548824
111176,2019-05-01,ST07/10,59.065,10.348001,3.9999998,5.548824
111177,2019-05-01,SE94/5,17.548,10.348001,3.9999998,5.548824
111178,2019-05-01,SU17/57,135.531,10.348001,3.9999998,5.548824
111179,2019-05-01,SK00/41,128.977,10.348001,3.9999998,5.548824
111180,2019-05-01,TF03/37,13.979,10.348001,3.9999998,5.548824
111181,2019-05-01,NY63/2,130.815,10.348001,3.9999998,5.548824
111182,2019-05-01,SP00/62,101.216,10.348001,3.9999998,5.548824
111183,2019-05-01,TL44/12,35.44,10.348001,3.9999998,5.548824
111184,2019-05-01,SE95/6,22.186,10.348001,3.9999998,5.548824
111185,2019-05-01,TQ25/86,95.321,10.348001,3.9999998,5.548824
111186,2019-05-02,ST07/10,58.923,9.200084,6.1000004,9.930803
111187,2019-05-02,SU01/5B,87.015,9.200084,6.1000004,9.930803
111188,2019-05-02,NH95/17,29.356,9.200084,6.1000004,9.930803
111189,2019-05-02,SU71/23,43.511,9.200084,6.1000004,9.930803
111190,2019-05-02,ID30/1,113.7767,9.200084,6.1000004,9.930803
111191,2019-05-02,TR14/9,71.375,9.200084,6.1000004,9.930803
111192,2019-05-02,NO20/14,37.351,9.200084,6.1000004,9.930803
111193,2019-05-02,SY68/34,68.715,9.200084,6.1000004,9.930803
111194,2019-05-02,SN00/11,9.612,9.200084,6.1000004,9.930803
111195,2019-05-02,TF03/37,13.951,9.200084,6.1000004,9.930803
111196,2019-05-02,SU81/1,50.928,9.200084,6.1000004,9.930803
111197,2019-05-02,NY63/2,130.814,9.200084,6.1000004,9.930803
111198,2019-05-02,TL44/12,35.431,9.200084,6.1000004,9.930803
111199,2019-05-02,SP00/62,101.188,9.200084,6.1000004,9.930803
111200,2019-05-02,SU17/57,135.454,9.200084,6.1000004,9.930803
111201,2019-05-02,TF81/2A,43.014,9.200084,6.1000004,9.930803
111202,2019-05-02,SK00/41,128.976,9.200084,6.1000004,9.930803
111203,2019-05-02,TQ25/86,95.304,9.200084,6.1000004,9.930803
111204,2019-05-02,SE95/6,22.103,9.200084,6.1000004,9.930803
111205,2019-05-02,SE94/5,17.547,9.200084,6.1000004,9.930803
111206,2019-05-03,SN00/11,9.541,6.3438344,1.4000001,8.812829
111207,2019-05-03,ST07/10,58.788,6.3438344,1.4000001,8.812829
111208,2019-05-03,SJ15/13,79.53,6.3438344,1.4000001,8.812829
111209,2019-05-03,SU01/5B,86.858,6.3438344,1.4000001,8.812829
111210,2019-05-03,SY68/34,68.67,6.3438344,1.4000001,8.812829
111211,2019-05-03,NH95/17,29.355,6.3438344,1.4000001,8.812829
111212,2019-05-03,SU71/23,43.142,6.3438344,1.4000001,8.812829
111213,2019-05-03,NO20/14,37.325,6.3438344,1.4000001,8.812829
111214,2019-05-03,ID30/1,113.7296,6.3438344,1.4000001,8.812829
111215,2019-05-03,TR14/9,71.328,6.3438344,1.4000001,8.812829
111216,2019-05-03,TL44/12,35.42,6.3438344,1.4000001,8.812829
111217,2019-05-03,SU17/57,135.402,6.3438344,1.4000001,8.812829
111218,2019-05-03,SE95/6,22.019,6.3438344,1.4000001,8.812829
111219,2019-05-03,TQ25/86,95.275,6.3438344,1.4000001,8.812829
111220,2019-05-03,SK00/41,128.974,6.3438344,1.4000001,8.812829
111221,2019-05-03,TF03/37,13.929,6.3438344,1.4000001,8.812829
111222,2019-05-03,TF81/2A,43.004,6.3438344,1.4000001,8.812829
111223,2019-05-03,SU81/1,50.717,6.3438344,1.4000001,8.812829
111224,2019-05-03,NY63/2,130.794,6.3438344,1.4000001,8.812829
111225,2019-05-03,SE94/5,17.536,6.3438344,1.4000001,8.812829
111226,2019-05-03,SP00/62,101.161,6.3438344,1.4000001,8.812829
111227,2019-05-04,SU01/5B,86.686,5.600083,0.8,14.934246
111228,2019-05-04,SJ15/13,79.509,5.600083,0.8,14.934246
111229,2019-05-04,NO20/14,37.29,5.600083,0.8,14.934246
111230,2019-05-04,ST07/10,58.632,5.600083,0.8,14.934246
111231,2019-05-04,NH95/17,29.343,5.600083,0.8,14.934246
111232,2019-05-04,SY68/34,68.623,5.600083,0.8,14.934246
111233,2019-05-04,ID30/1,113.6879,5.600083,0.8,14.934246
111234,2019-05-04,TR14/9,71.26,5.600083,0.8,14.934246
111235,2019-05-04,SN00/11,9.457,5.600083,0.8,14.934246
111236,2019-05-04,SP00/62,101.132,5.600083,0.8,14.934246
111237,2019-05-04,TQ25/86,95.252,5.600083,0.8,14.934246
111238,2019-05-04,SU17/57,135.427,5.600083,0.8,14.934246
111239,2019-05-04,NY63/2,130.756,5.600083,0.8,14.934246
111240,2019-05-04,SK00/41,128.969,5.600083,0.8,14.934246
111241,2019-05-04,SU81/1,50.49,5.600083,0.8,14.934246
111242,2019-05-04,SE95/6,21.94,5.600083,0.8,14.934246
111243,2019-05-04,TF81/2A,43.002,5.600083,0.8,14.934246
111244,2019-05-04,TF03/37,13.875,5.600083,0.8,14.934246
111245,2019-05-04,SE94/5,17.489,5.600083,0.8,14.934246
111246,2019-05-04,TL44/12,35.404,5.600083,0.8,14.934246
111247,2019-05-05,NO20/14,37.291,6.7396665,0.0,8.679448
111248,2019-05-05,ID30/1,113.6529,6.7396665,0.0,8.679448
111249,2019-05-05,SU01/5B,86.502,6.7396665,0.0,8.679448
111250,2019-05-05,NH95/17,29.34,6.7396665,0.0,8.679448
111251,2019-05-05,ST07/10,58.512,6.7396665,0.0,8.679448
111252,2019-05-05,SN00/11,9.385,6.7396665,0.0,8.679448
111253,2019-05-05,SJ15/13,79.498,6.7396665,0.0,8.679448
111254,2019-05-05,TR14/9,71.2,6.7396665,0.0,8.679448
111255,2019-05-05,SY68/34,68.577,6.7396665,0.0,8.679448
111256,2019-05-05,SK00/41,128.965,6.7396665,0.0,8.679448
111257,2019-05-05,NY63/2,130.772,6.7396665,0.0,8.679448
111258,2019-05-05,SU81/1,50.268,6.7396665,0.0,8.679448
111259,2019-05-05,SP00/62,101.105,6.7396665,0.0,8.679448
111260,2019-05-05,TL44/12,35.389,6.7396665,0.0,8.679448
111261,2019-05-05,SU17/57,135.372,6.7396665,0.0,8.679448
111262,2019-05-05,TQ25/86,95.232,6.7396665,0.0,8.679448
111263,2019-05-05,TF81/2A,43.003,6.7396665,0.0,8.679448
111264,2019-05-05,TF03/37,13.891,6.7396665,0.0,8.679448
111265,2019-05-05,SE94/5,17.478,6.7396665,0.0,8.679448
111266,2019-05-05,SE95/6,21.872,6.7396665,0.0,8.679448
111267,2019-05-06,SY68/34,68.534,5.400083,7.1,8.414691
111268,2019-05-06,ST07/10,58.393,5.400083,7.1,8.414691
111269,2019-05-06,NO20/14,37.301,5.400083,7.1,8.414691
111270,2019-05-06,SU01/5B,86.333,5.400083,7.1,8.414691
111271,2019-05-06,NH95/17,29.341,5.400083,7.1,8.414691
111272,2019-05-06,SN00/11,9.319,5.400083,7.1,8.414691
111273,2019-05-06,SJ15/13,79.512,5.400083,7.1,8.414691
111274,2019-05-06,TR14/9,71.163,5.400083,7.1,8.414691
111275,2019-05-06,ID30/1,113.6433,5.400083,7.1,8.414691
111276,2019-05-06,TL44/12,35.379,5.400083,7.1,8.414691
111277,2019-05-06,TF03/37,13.893,5.400083,7.1,8.414691
111278,2019-05-06,NY63/2,130.788,5.400083,7.1,8.414691
111279,2019-05-06,SK00/41,128.963,5.400083,7.1,8.414691
111280,2019-05-06,SE95/6,21.807,5.400083,7.1,8.414691
111281,2019-05-06,SE94/5,17.475,5.400083,7.1,8.414691
111282,2019-05-06,TQ25/86,95.222,5.400083,7.1,8.414691
111283,2019-05-06,SU17/57,135.275,5.400083,7.1,8.414691
111284,2019-05-06,TF81/2A,43.01,5.400083,7.1,8.414691
111285,2019-05-06,SU81/1,50.067,5.400083,7.1,8.414691
111286,2019-05-06,SP00/62,101.079,5.400083,7.1,8.414691
111287,2019-05-07,TL33/67,75.11,6.377167,2.6999998,8.356561
111288,2019-05-07,ST07/10,58.311,6.377167,2.6999998,8.356561
111289,2019-05-07,TR14/9,71.139,6.377167,2.6999998,8.356561
111290,2019-05-07,SJ15/13,79.538,6.377167,2.6999998,8.356561
111291,2019-05-07,NH95/17,29.344,6.377167,2.6999998,8.356561
111292,2019-05-07,SU01/5B,86.185,6.377167,2.6999998,8.356561
111293,2019-05-07,NO20/14,37.313,6.377167,2.6999998,8.356561
111294,2019-05-07,SN00/11,9.28,6.377167,2.6999998,8.356561
111295,2019-05-07,ID30/1,113.6417,6.377167,2.6999998,8.356561
111296,2019-05-07,SY68/34,68.498,6.377167,2.6999998,8.356561
111297,2019-05-07,SE94/5,17.508,6.377167,2.6999998,8.356561
111298,2019-05-07,SU81/1,49.886,6.377167,2.6999998,8.356561
111299,2019-05-07,SK00/41,128.968,6.377167,2.6999998,8.356561
111300,2019-05-07,SU17/57,135.16,6.377167,2.6999998,8.356561
111301,2019-05-07,SE95/6,21.758,6.377167,2.6999998,8.356561
111302,2019-05-07,TQ25/86,95.222,6.377167,2.6999998,8.356561
111303,2019-05-07,SP00/62,101.055,6.377167,2.6999998,8.356561
111304,2019-05-07,TF03/37,13.877,6.377167,2.6999998,8.356561
111305,2019-05-07,TF81/2A,43.019,6.377167,2.6999998,8.356561
111306,2019-05-07,TL44/12,35.375,6.377167,2.6999998,8.356561
111307,2019-05-07,NY63/2,130.83,6.377167,2.6999998,8.356561
111308,2019-05-08,ID30/1,113.6381,7.323,4.7000003,17.560827
111309,2019-05-08,SY68/34,68.466,7.323,4.7000003,17.560827
111310,2019-05-08,SU01/5B,86.067,7.323,4.7000003,17.560827
111311,2019-05-08,SJ15/13,79.593,7.323,4.7000003,17.560827
111312,2019-05-08,TR14/9,71.104,7.323,4.7000003,17.560827
111313,2019-05-08,NH95/17,29.349,7.323,4.7000003,17.560827
111314,2019-05-08,NO20/14,37.343,7.323,4.7000003,17.560827
111315,2019-05-08,SN00/11,9.297,7.323,4.7000003,17.560827
111316,2019-05-08,ST07/10,58.589,7.323,4.7000003,17.560827
111317,2019-05-08,TF03/37,13.872,7.323,4.7000003,17.560827
111318,2019-05-08,TF81/2A,43.003,7.323,4.7000003,17.560827
111319,2019-05-08,SE95/6,21.712,7.323,4.7000003,17.560827
111320,2019-05-08,NY63/2,130.861,7.323,4.7000003,17.560827
111321,2019-05-08,SE94/5,17.523,7.323,4.7000003,17.560827
111322,2019-05-08,TQ25/86,95.192,7.323,4.7000003,17.560827
111323,2019-05-08,TL44/12,35.368,7.323,4.7000003,17.560827
111324,2019-05-08,SU81/1,49.728,7.323,4.7000003,17.560827
111325,2019-05-08,SP00/62,101.039,7.323,4.7000003,17.560827
111326,2019-05-08,SK00/41,128.979,7.323,4.7000003,17.560827
111327,2019-05-08,SU17/57,135.161,7.323,4.7000003,17.560827
111328,2019-05-09,SY68/34,68.42,6.698,1.6,13.239586
111329,2019-05-09,TR14/9,71.05,6.698,1.6,13.239586
111330,2019-05-09,SU71/23,42.148,6.698,1.6,13.239586
111331,2019-05-09,SJ15/13,79.56,6.698,1.6,13.239586
111332,2019-05-09,NO20/14,37.318,6.698,1.6,13.239586
111333,2019-05-09,SU01/5B,85.914,6.698,1.6,13.239586
111334,2019-05-09,ST07/10,58.693,6.698,1.6,13.239586
111335,2019-05-09,NH95/17,29.333,6.698,1.6,13.239586
111336,2019-05-09,SN00/11,9.223,6.698,1.6,13.239586
111337,2019-05-09,TF03/37,13.79,6.698,1.6,13.239586
111338,2019-05-09,NY63/2,130.796,6.698,1.6,13.239586
111339,2019-05-09,TL44/12,35.357,6.698,1.6,13.239586
111340,2019-05-09,SE95/6,21.651,6.698,1.6,13.239586
111341,2019-05-09,SP00/62,101.012,6.698,1.6,13.239586
111342,2019-05-09,TF81/2A,42.991,6.698,1.6,13.239586
111343,2019-05-09,SK00/41,128.979,6.698,1.6,13.239586
111344,2019-05-09,SE94/5,17.503,6.698,1.6,13.239586
111345,2019-05-09,SU81/1,49.542,6.698,1.6,13.239586
111346,2019-05-09,TQ25/86,95.159,6.698,1.6,13.239586
111347,2019-05-09,SU17/57,135.145,6.698,1.6,13.239586
111348,2019-05-10,SY68/34,68.376,7.181334,0.4,7.774735
111349,2019-05-10,TR14/9,70.966,7.181334,0.4,7.774735
111350,2019-05-10,SU01/5B,85.726,7.181334,0.4,7.774735
111351,2019-05-10,SN00/11,9.159,7.181334,0.4,7.774735
111352,2019-05-10,NO20/14,37.285,7.181334,0.4,7.774735
111353,2019-05-10,NH95/17,29.32,7.181334,0.4,7.774735
111354,2019-05-10,SJ15/13,79.519,7.181334,0.4,7.774735
111355,2019-05-10,ST07/10,58.641,7.181334,0.4,7.774735
111356,2019-05-10,TF03/37,13.747,7.181334,0.4,7.774735
111357,2019-05-10,NY63/2,130.757,7.181334,0.4,7.774735
111358,2019-05-10,SE95/6,21.603,7.181334,0.4,7.774735
111359,2019-05-10,SP00/62,100.99,7.181334,0.4,7.774735
111360,2019-05-10,SK00/41,128.973,7.181334,0.4,7.774735
111361,2019-05-10,TF81/2A,42.972,7.181334,0.4,7.774735
111362,2019-05-10,TL44/12,35.34,7.181334,0.4,7.774735
111363,2019-05-10,SU81/1,49.34,7.181334,0.4,7.774735
111364,2019-05-10,SE94/5,17.473,7.181334,0.4,7.774735
111365,2019-05-10,SU17/57,135.122,7.181334,0.4,7.774735
111366,2019-05-10,TQ25/86,95.114,7.181334,0.4,7.774735
111367,2019-05-11,SU01/5B,85.515,7.9542503,1.1000001,7.309642
111368,2019-05-11,SJ15/13,79.469,7.9542503,1.1000001,7.309642
111369,2019-05-11,SY68/34,68.328,7.9542503,1.1000001,7.309642
111370,2019-05-11,TR14/9,70.89,7.9542503,1.1000001,7.309642
111371,2019-05-11,NH95/17,29.296,7.9542503,1.1000001,7.309642
111372,2019-05-11,SN00/11,9.079,7.9542503,1.1000001,7.309642
111373,2019-05-11,ST07/10,58.508,7.9542503,1.1000001,7.309642
111374,2019-05-11,SE95/6,21.532,7.9542503,1.1000001,7.309642
111375,2019-05-11,SE94/5,17.406,7.9542503,1.1000001,7.309642
111376,2019-05-11,SU17/57,135.075,7.9542503,1.1000001,7.309642
111377,2019-05-11,NY63/2,130.694,7.9542503,1.1000001,7.309642
111378,2019-05-11,SU81/1,49.121,7.9542503,1.1000001,7.309642
111379,2019-05-11,TL44/12,35.309,7.9542503,1.1000001,7.309642
111380,2019-05-11,TQ25/86,95.075,7.9542503,1.1000001,7.309642
111381,2019-05-11,SP00/62,100.962,7.9542503,1.1000001,7.309642
111382,2019-05-11,SK00/41,128.962,7.9542503,1.1000001,7.309642
111383,2019-05-11,TF03/37,13.654,7.9542503,1.1000001,7.309642
111384,2019-05-11,TF81/2A,42.959,7.9542503,1.1000001,7.309642
111385,2019-05-12,NH95/17,29.274,9.191751,0.0,5.215422
111386,2019-05-12,SJ15/13,79.43,9.191751,0.0,5.215422
111387,2019-05-12,ST07/10,58.386,9.191751,0.0,5.215422
111388,2019-05-12,SY68/34,68.28,9.191751,0.0,5.215422
111389,2019-05-12,SN00/11,9.018,9.191751,0.0,5.215422
111390,2019-05-12,SU01/5B,85.294,9.191751,0.0,5.215422
111391,2019-05-12,TR14/9,70.812,9.191751,0.0,5.215422
111392,2019-05-12,SU17/57,135.018,9.191751,0.0,5.215422
111393,2019-05-12,NY63/2,130.672,9.191751,0.0,5.215422
111394,2019-05-12,TF03/37,13.601,9.191751,0.0,5.215422
111395,2019-05-12,SU81/1,48.907,9.191751,0.0,5.215422
111396,2019-05-12,TL44/12,35.287,9.191751,0.0,5.215422
111397,2019-05-12,SE95/6,21.467,9.191751,0.0,5.215422
111398,2019-05-12,SE94/5,17.352,9.191751,0.0,5.215422
111399,2019-05-12,TF81/2A,42.955,9.191751,0.0,5.215422
111400,2019-05-12,TQ25/86,95.044,9.191751,0.0,5.215422
111401,2019-05-12,SP00/62,100.938,9.191751,0.0,5.215422
111402,2019-05-12,SK00/41,128.958,9.191751,0.0,5.215422
111403,2019-05-13,SY68/34,68.235,11.535501,0.0,7.5791717
111404,2019-05-13,SU01/5B,85.086,11.535501,0.0,7.5791717
111405,2019-05-13,ST07/10,58.273,11.535501,0.0,7.5791717
111406,2019-05-13,TR14/9,70.752,11.535501,0.0,7.5791717
111407,2019-05-13,NH95/17,29.265,11.535501,0.0,7.5791717
111408,2019-05-13,SN00/11,8.965,11.535501,0.0,7.5791717
111409,2019-05-13,SJ15/13,79.43,11.535501,0.0,7.5791717
111410,2019-05-13,SE95/6,21.415,11.535501,0.0,7.5791717
111411,2019-05-13,SE94/5,17.326,11.535501,0.0,7.5791717
111412,2019-05-13,TF81/2A,42.956,11.535501,0.0,7.5791717
111413,2019-05-13,SU81/1,48.706,11.535501,0.0,7.5791717
111414,2019-05-13,TQ25/86,95.022,11.535501,0.0,7.5791717
111415,2019-05-13,SK00/41,128.949,11.535501,0.0,7.5791717
111416,2019-05-13,TF03/37,13.565,11.535501,0.0,7.5791717
111417,2019-05-13,NY63/2,130.681,11.535501,0.0,7.5791717
111418,2019-05-13,SU17/57,134.942,11.535501,0.0,7.5791717
111419,2019-05-13,SP00/62,100.915,11.535501,0.0,7.5791717
111420,2019-05-13,TL44/12,35.265,11.535501,0.0,7.5791717
111421,2019-05-14,SU01/5B,84.899,13.997998,0.0,7.2989206
111422,2019-05-14,SN00/11,8.917,13.997998,0.0,7.2989206
111423,2019-05-14,NH95/17,29.249,13.997998,0.0,7.2989206
111424,2019-05-14,SJ15/13,79.45,13.997998,0.0,7.2989206
111425,2019-05-14,TR14/9,70.698,13.997998,0.0,7.2989206
111426,2019-05-14,SY68/34,68.192,13.997998,0.0,7.2989206
111427,2019-05-14,TL33/67,75.06,13.997998,0.0,7.2989206
111428,2019-05-14,ST07/10,58.163,13.997998,0.0,7.2989206
111429,2019-05-14,TF81/2A,42.954,13.997998,0.0,7.2989206
111430,2019-05-14,SU81/1,48.53,13.997998,0.0,7.2989206
111431,2019-05-14,SK00/41,128.948,13.997998,0.0,7.2989206
111432,2019-05-14,NY63/2,130.713,13.997998,0.0,7.2989206
111433,2019-05-14,SP00/62,100.892,13.997998,0.0,7.2989206
111434,2019-05-14,SU17/57,134.822,13.997998,0.0,7.2989206
111435,2019-05-14,TL44/12,35.248,13.997998,0.0,7.2989206
111436,2019-05-14,SE94/5,17.312,13.997998,0.0,7.2989206
111437,2019-05-14,TQ25/86,94.999,13.997998,0.0,7.2989206
111438,2019-05-14,TF03/37,13.53,13.997998,0.0,7.2989206
111439,2019-05-14,SE95/6,21.364,13.997998,0.0,7.2989206
111440,2019-05-15,SU01/5B,84.726,15.210499,0.4,6.588279
111441,2019-05-15,SY68/34,68.148,15.210499,0.4,6.588279
111442,2019-05-15,NH95/17,29.254,15.210499,0.4,6.588279
111443,2019-05-15,TR14/9,70.646,15.210499,0.4,6.588279
111444,2019-05-15,SN00/11,8.863,15.210499,0.4,6.588279
111445,2019-05-15,ST07/10,58.044,15.210499,0.4,6.588279
111446,2019-05-15,SE95/6,21.309,15.210499,0.4,6.588279
111447,2019-05-15,TQ25/86,94.975,15.210499,0.4,6.588279
111448,2019-05-15,NY63/2,130.732,15.210499,0.4,6.588279
111449,2019-05-15,SU17/57,134.643,15.210499,0.4,6.588279
111450,2019-05-15,TF03/37,13.494,15.210499,0.4,6.588279
111451,2019-05-15,SK00/41,128.95,15.210499,0.4,6.588279
111452,2019-05-15,TL44/12,35.235,15.210499,0.4,6.588279
111453,2019-05-15,TF81/2A,42.955,15.210499,0.4,6.588279
111454,2019-05-15,SP00/62,100.867,15.210499,0.4,6.588279
111455,2019-05-15,SU81/1,48.357,15.210499,0.4,6.588279
111456,2019-05-15,SE94/5,17.296,15.210499,0.4,6.588279
111457,2019-05-16,SY68/34,68.105,11.670918,0.0,14.112105
111458,2019-05-16,NH95/17,29.264,11.670918,0.0,14.112105
111459,2019-05-16,TL33/4,74.54,11.670918,0.0,14.112105
111460,2019-05-16,SN00/11,8.811,11.670918,0.0,14.112105
111461,2019-05-16,TR14/9,70.594,11.670918,0.0,14.112105
111462,2019-05-16,SK00/41,128.954,11.670918,0.0,14.112105
111463,2019-05-16,SJ15/13,79.48,11.670918,0.0,14.112105
111464,2019-05-16,ST07/10,57.932,11.670918,0.0,14.112105
111465,2019-05-16,SU01/5B,84.566,11.670918,0.0,14.112105
111466,2019-05-16,SU81/1,48.194,11.670918,0.0,14.112105
111467,2019-05-16,SE95/6,21.262,11.670918,0.0,14.112105
111468,2019-05-16,NY63/2,130.744,11.670918,0.0,14.112105
111469,2019-05-16,TL44/12,35.224,11.670918,0.0,14.112105
111470,2019-05-16,SE94/5,17.282,11.670918,0.0,14.112105
111471,2019-05-16,SU17/57,134.511,11.670918,0.0,14.112105
111472,2019-05-16,TF81/2A,42.955,11.670918,0.0,14.112105
111473,2019-05-16,TQ25/86,94.95,11.670918,0.0,14.112105
111474,2019-05-16,TF03/37,13.456,11.670918,0.0,14.112105
111475,2019-05-16,SP00/62,100.839,11.670918,0.0,14.112105
111476,2019-05-17,SY68/34,68.062,12.179252,0.5,12.028705
111477,2019-05-17,SJ15/13,79.502,12.179252,0.5,12.028705
111478,2019-05-17,SU01/5B,84.409,12.179252,0.5,12.028705
111479,2019-05-17,SN00/11,8.76,12.179252,0.5,12.028705
111480,2019-05-17,NH95/17,29.264,12.179252,0.5,12.028705
111481,2019-05-17,ST07/10,57.817,12.179252,0.5,12.028705
111482,2019-05-17,TR14/9,70.537,12.179252,0.5,12.028705
111483,2019-05-17,SE94/5,17.271,12.179252,0.5,12.028705
111484,2019-05-17,TL44/12,35.208,12.179252,0.5,12.028705
111485,2019-05-17,SE95/6,21.219,12.179252,0.5,12.028705
111486,2019-05-17,TQ25/86,94.914,12.179252,0.5,12.028705
111487,2019-05-17,TF03/37,13.426,12.179252,0.5,12.028705
111488,2019-05-17,NY63/2,130.76,12.179252,0.5,12.028705
111489,2019-05-17,SU17/57,134.471,12.179252,0.5,12.028705
111490,2019-05-17,SP00/62,100.83,12.179252,0.5,12.028705
111491,2019-05-17,SK00/41,128.951,12.179252,0.5,12.028705
111492,2019-05-17,SU81/1,48.038,12.179252,0.5,12.028705
111493,2019-05-17,TF81/2A,42.946,12.179252,0.5,12.028705
111494,2019-05-18,NH95/17,29.27,11.187585,0.70000005,4.5071087
111495,2019-05-18,SJ15/13,79.505,11.187585,0.70000005,4.5071087
111496,2019-05-18,SN00/11,8.697,11.187585,0.70000005,4.5071087
111497,2019-05-18,SY68/34,68.018,11.187585,0.70000005,4.5071087
111498,2019-05-18,TR14/9,70.481,11.187585,0.70000005,4.5071087
111499,2019-05-18,SU01/5B,84.242,11.187585,0.70000005,4.5071087
111500,2019-05-18,ST07/10,57.69,11.187585,0.70000005,4.5071087
111501,2019-05-18,SE95/6,21.174,11.187585,0.70000005,4.5071087
111502,2019-05-18,TF81/2A,42.937,11.187585,0.70000005,4.5071087
111503,2019-05-18,SU81/1,47.87,11.187585,0.70000005,4.5071087
111504,2019-05-18,SE94/5,17.276,11.187585,0.70000005,4.5071087
111505,2019-05-18,TQ25/86,94.873,11.187585,0.70000005,4.5071087
111506,2019-05-18,NY63/2,130.752,11.187585,0.70000005,4.5071087
111507,2019-05-18,SP00/62,100.817,11.187585,0.70000005,4.5071087
111508,2019-05-18,SK00/41,128.961,11.187585,0.70000005,4.5071087
111509,2019-05-18,TL44/12,35.195,11.187585,0.70000005,4.5071087
111510,2019-05-18,SU17/57,134.444,11.187585,0.70000005,4.5071087
111511,2019-05-18,TF03/37,13.38,11.187585,0.70000005,4.5071087
111512,2019-05-19,ST07/10,57.565,11.19175,0.5,8.316757
111513,2019-05-19,SJ15/13,79.484,11.19175,0.5,8.316757
111514,2019-05-19,TR14/9,70.414,11.19175,0.5,8.316757
111515,2019-05-19,SN00/11,8.632,11.19175,0.5,8.316757
111516,2019-05-19,SY68/34,67.974,11.19175,0.5,8.316757
111517,2019-05-19,NH95/17,29.262,11.19175,0.5,8.316757
111518,2019-05-19,SU01/5B,84.061,11.19175,0.5,8.316757
111519,2019-05-19,TF81/2A,42.926,11.19175,0.5,8.316757
111520,2019-05-19,SU17/57,134.417,11.19175,0.5,8.316757
111521,2019-05-19,SU81/1,47.695,11.19175,0.5,8.316757
111522,2019-05-19,SE94/5,17.25,11.19175,0.5,8.316757
111523,2019-05-19,SE95/6,21.126,11.19175,0.5,8.316757
111524,2019-05-19,SK00/41,128.954,11.19175,0.5,8.316757
111525,2019-05-19,TF03/37,13.36,11.19175,0.5,8.316757
111526,2019-05-19,TL44/12,35.18,11.19175,0.5,8.316757
111527,2019-05-19,NY63/2,130.724,11.19175,0.5,8.316757
111528,2019-05-19,SP00/62,100.797,11.19175,0.5,8.316757
111529,2019-05-19,TQ25/86,94.827,11.19175,0.5,8.316757
111530,2019-05-20,TV59/7C,1.6,11.902168,0.0,8.683228
111531,2019-05-20,SJ15/13,79.464,11.902168,0.0,8.683228
111532,2019-05-20,SN00/11,8.573,11.902168,0.0,8.683228
111533,2019-05-20,TR14/9,70.34,11.902168,0.0,8.683228
111534,2019-05-20,SU01/5B,83.865,11.902168,0.0,8.683228
111535,2019-05-20,SY68/34,67.93,11.902168,0.0,8.683228
111536,2019-05-20,ST07/10,57.458,11.902168,0.0,8.683228
111537,2019-05-20,NH95/17,29.257,11.902168,0.0,8.683228
111538,2019-05-20,SE95/6,21.076,11.902168,0.0,8.683228
111539,2019-05-20,SU81/1,47.522,11.902168,0.0,8.683228
111540,2019-05-20,SU17/57,134.401,11.902168,0.0,8.683228
111541,2019-05-20,SK00/41,128.954,11.902168,0.0,8.683228
111542,2019-05-20,TQ25/86,94.775,11.902168,0.0,8.683228
111543,2019-05-20,SE94/5,17.249,11.902168,0.0,8.683228
111544,2019-05-20,TF03/37,13.29,11.902168,0.0,8.683228
111545,2019-05-20,TL44/12,35.16,11.902168,0.0,8.683228
111546,2019-05-20,TF81/2A,42.915,11.902168,0.0,8.683228
111547,2019-05-20,SP00/62,100.774,11.902168,0.0,8.683228
111548,2019-05-20,SJ62/235,54.12,11.902168,0.0,8.683228
111549,2019-05-21,ST07/10,57.336,10.839667,0.0,11.132902
111550,2019-05-21,SU01/5B,83.664,10.839667,0.0,11.132902
111551,2019-05-21,SY68/34,67.884,10.839667,0.0,11.132902
111552,2019-05-21,NH95/17,29.283,10.839667,0.0,11.132902
111553,2019-05-21,SN00/11,8.516,10.839667,0.0,11.132902
111554,2019-05-21,TL33/67,75.0,10.839667,0.0,11.132902
111555,2019-05-21,TR14/9,70.26,10.839667,0.0,11.132902
111556,2019-05-21,SJ15/13,79.44,10.839667,0.0,11.132902
111557,2019-05-21,NO20/14,37.243,10.839667,0.0,11.132902
111558,2019-05-21,TF81/2A,42.908,10.839667,0.0,11.132902
111559,2019-05-21,SK00/41,128.951,10.839667,0.0,11.132902
111560,2019-05-21,SE95/6,21.024,10.839667,0.0,11.132902
111561,2019-05-21,TQ25/86,94.723,10.839667,0.0,11.132902
111562,2019-05-21,TF03/37,13.214,10.839667,0.0,11.132902
111563,2019-05-21,SU17/57,134.386,10.839667,0.0,11.132902
111564,2019-05-21,SE94/5,17.221,10.839667,0.0,11.132902
111565,2019-05-21,SP00/62,100.753,10.839667,0.0,11.132902
111566,2019-05-21,TL44/12,35.136,10.839667,0.0,11.132902
111567,2019-05-21,SU81/1,47.338,10.839667,0.0,11.132902
111568,2019-05-22,SJ15/13,79.44,10.36675,0.0,10.200242
111569,2019-05-22,TR14/9,70.186,10.36675,0.0,10.200242
111570,2019-05-22,ST07/10,57.225,10.36675,0.0,10.200242
111571,2019-05-22,NH95/17,29.314,10.36675,0.0,10.200242
111572,2019-05-22,SU01/5B,83.471,10.36675,0.0,10.200242
111573,2019-05-22,SY68/34,67.84,10.36675,0.0,10.200242
111574,2019-05-22,SN00/11,8.471,10.36675,0.0,10.200242
111575,2019-05-22,NO20/14,37.26,10.36675,0.0,10.200242
111576,2019-05-22,SU17/57,134.319,10.36675,0.0,10.200242
111577,2019-05-22,SP00/62,100.734,10.36675,0.0,10.200242
111578,2019-05-22,TQ25/86,94.674,10.36675,0.0,10.200242
111579,2019-05-22,SE95/6,20.98,10.36675,0.0,10.200242
111580,2019-05-22,SE94/5,17.194,10.36675,0.0,10.200242
111581,2019-05-22,TF03/37,13.174,10.36675,0.0,10.200242
111582,2019-05-22,SK00/41,128.947,10.36675,0.0,10.200242
111583,2019-05-22,SU81/1,47.168,10.36675,0.0,10.200242
111584,2019-05-22,TL44/12,35.117,10.36675,0.0,10.200242
111585,2019-05-22,TF81/2A,42.897,10.36675,0.0,10.200242
111586,2019-05-23,NO20/14,37.262,11.491752,0.0,12.40274
111587,2019-05-23,TR14/9,70.129,11.491752,0.0,12.40274
111588,2019-05-23,TM15/112,24.91,11.491752,0.0,12.40274
111589,2019-05-23,SN00/11,8.429,11.491752,0.0,12.40274
111590,2019-05-23,SY68/34,67.797,11.491752,0.0,12.40274
111591,2019-05-23,ST07/10,57.108,11.491752,0.0,12.40274
111592,2019-05-23,NH95/17,29.338,11.491752,0.0,12.40274
111593,2019-05-23,SU01/5B,83.286,11.491752,0.0,12.40274
111594,2019-05-23,SJ15/13,79.448,11.491752,0.0,12.40274
111595,2019-05-23,TQ25/86,94.616,11.491752,0.0,12.40274
111596,2019-05-23,SK00/41,128.946,11.491752,0.0,12.40274
111597,2019-05-23,TF81/2A,42.891,11.491752,0.0,12.40274
111598,2019-05-23,SP00/62,100.714,11.491752,0.0,12.40274
111599,2019-05-23,SU17/57,134.239,11.491752,0.0,12.40274
111600,2019-05-23,SE94/5,17.168,11.491752,0.0,12.40274
111601,2019-05-23,TF03/37,13.161,11.491752,0.0,12.40274
111602,2019-05-23,SU81/1,47.001,11.491752,0.0,12.40274
111603,2019-05-23,SE95/6,20.936,11.491752,0.0,12.40274
111604,2019-05-23,TL44/12,35.095,11.491752,0.0,12.40274
111605,2019-05-24,SJ15/13,79.437,11.664666,0.0,13.047146
111606,2019-05-24,NO20/14,37.235,11.664666,0.0,13.047146
111607,2019-05-24,ST07/10,57.007,11.664666,0.0,13.047146
111608,2019-05-24,TR14/9,70.053,11.664666,0.0,13.047146
111609,2019-05-24,NH95/17,29.314,11.664666,0.0,13.047146
111610,2019-05-24,SU01/5B,83.099,11.664666,0.0,13.047146
111611,2019-05-24,SY68/34,67.753,11.664666,0.0,13.047146
111612,2019-05-24,SN00/11,8.39,11.664666,0.0,13.047146
111613,2019-05-24,SK00/41,128.943,11.664666,0.0,13.047146
111614,2019-05-24,SE95/6,20.889,11.664666,0.0,13.047146
111615,2019-05-24,SU17/57,134.202,11.664666,0.0,13.047146
111616,2019-05-24,TF03/37,13.04,11.664666,0.0,13.047146
111617,2019-05-24,TQ25/86,94.562,11.664666,0.0,13.047146
111618,2019-05-24,SU81/1,46.828,11.664666,0.0,13.047146
111619,2019-05-24,SE94/5,17.138,11.664666,0.0,13.047146
111620,2019-05-24,TL44/12,35.076,11.664666,0.0,13.047146
111621,2019-05-24,SP00/62,100.692,11.664666,0.0,13.047146
111622,2019-05-24,TF81/2A,42.884,11.664666,0.0,13.047146
111623,2019-05-24,NY63/2,130.661,11.664666,0.0,13.047146
111624,2019-05-25,SJ15/13,79.434,11.731332,4.2999997,8.193657
111625,2019-05-25,SY68/34,67.71,11.731332,4.2999997,8.193657
111626,2019-05-25,SK00/41,128.941,11.731332,4.2999997,8.193657
111627,2019-05-25,NH95/17,29.314,11.731332,4.2999997,8.193657
111628,2019-05-25,TR14/9,69.985,11.731332,4.2999997,8.193657
111629,2019-05-25,ST07/10,56.904,11.731332,4.2999997,8.193657
111630,2019-05-25,SN00/11,8.346,11.731332,4.2999997,8.193657
111631,2019-05-25,NO20/14,37.233,11.731332,4.2999997,8.193657
111632,2019-05-25,SU01/5B,82.912,11.731332,4.2999997,8.193657
111633,2019-05-25,SU17/57,134.138,11.731332,4.2999997,8.193657
111634,2019-05-25,SP00/62,100.672,11.731332,4.2999997,8.193657
111635,2019-05-25,TF81/2A,42.879,11.731332,4.2999997,8.193657
111636,2019-05-25,SE94/5,17.086,11.731332,4.2999997,8.193657
111637,2019-05-25,SU81/1,46.665,11.731332,4.2999997,8.193657
111638,2019-05-25,TL44/12,35.054,11.731332,4.2999997,8.193657
111639,2019-05-25,TF03/37,13.01,11.731332,4.2999997,8.193657
111640,2019-05-25,SE95/6,20.852,11.731332,4.2999997,8.193657
111641,2019-05-25,TQ25/86,94.512,11.731332,4.2999997,8.193657
111642,2019-05-25,NY63/2,130.684,11.731332,4.2999997,8.193657
111643,2019-05-26,TR14/9,69.919,13.541748,15.099999,18.072748
111644,2019-05-26,SU01/5B,82.739,13.541748,15.099999,18.072748
111645,2019-05-26,SJ15/13,79.448,13.541748,15.099999,18.072748
111646,2019-05-26,SK00/41,128.942,13.541748,15.099999,18.072748
111647,2019-05-26,SN00/11,8.317,13.541748,15.099999,18.072748
111648,2019-05-26,NH95/17,29.354,13.541748,15.099999,18.072748
111649,2019-05-26,SY68/34,67.666,13.541748,15.099999,18.072748
111650,2019-05-26,NO20/14,37.278,13.541748,15.099999,18.072748
111651,2019-05-26,ST07/10,56.825,13.541748,15.099999,18.072748
111652,2019-05-26,TF03/37,13.008,13.541748,15.099999,18.072748
111653,2019-05-26,TL44/12,35.032,13.541748,15.099999,18.072748
111654,2019-05-26,TF81/2A,42.871,13.541748,15.099999,18.072748
111655,2019-05-26,SU81/1,46.509,13.541748,15.099999,18.072748
111656,2019-05-26,TQ25/86,94.461,13.541748,15.099999,18.072748
111657,2019-05-26,SE95/6,20.809,13.541748,15.099999,18.072748
111658,2019-05-26,SU17/57,134.035,13.541748,15.099999,18.072748
111659,2019-05-26,SP00/62,100.655,13.541748,15.099999,18.072748
111660,2019-05-26,SE94/5,17.068,13.541748,15.099999,18.072748
111661,2019-05-26,NY63/2,130.706,13.541748,15.099999,18.072748
111662,2019-05-27,NO20/14,37.26,10.608418,4.2999997,13.787586
111663,2019-05-27,NH95/17,29.375,10.608418,4.2999997,13.787586
111664,2019-05-27,SU01/5B,82.568,10.608418,4.2999997,13.787586
111665,2019-05-27,TR14/9,69.865,10.608418,4.2999997,13.787586
111666,2019-05-27,ST07/10,56.723,10.608418,4.2999997,13.787586
111667,2019-05-27,SN00/11,8.274,10.608418,4.2999997,13.787586
111668,2019-05-27,SJ15/13,79.45,10.608418,4.2999997,13.787586
111669,2019-05-27,SY68/34,67.623,10.608418,4.2999997,13.787586
111670,2019-05-27,NY63/2,130.687,10.608418,4.2999997,13.787586
111671,2019-05-27,SP00/62,100.636,10.608418,4.2999997,13.787586
111672,2019-05-27,SE94/5,17.063,10.608418,4.2999997,13.787586
111673,2019-05-27,TQ25/86,94.402,10.608418,4.2999997,13.787586
111674,2019-05-27,TF81/2A,42.856,10.608418,4.2999997,13.787586
111675,2019-05-27,SK00/41,128.942,10.608418,4.2999997,13.787586
111676,2019-05-27,SU81/1,46.349,10.608418,4.2999997,13.787586
111677,2019-05-27,TL44/12,35.009,10.608418,4.2999997,13.787586
111678,2019-05-27,TF03/37,12.999,10.608418,4.2999997,13.787586
111679,2019-05-27,SU17/57,133.958,10.608418,4.2999997,13.787586
111680,2019-05-27,SE95/6,20.762,10.608418,4.2999997,13.787586
111681,2019-05-28,SY68/34,67.58,10.002168,2.6999996,5.8210015
111682,2019-05-28,SJ15/13,79.43,10.002168,2.6999996,5.8210015
111683,2019-05-28,TL33/67,74.91,10.002168,2.6999996,5.8210015
111684,2019-05-28,NO20/14,37.224,10.002168,2.6999996,5.8210015
111685,2019-05-28,NH95/17,29.375,10.002168,2.6999996,5.8210015
111686,2019-05-28,TR14/9,69.786,10.002168,2.6999996,5.8210015
111687,2019-05-28,SU01/5B,82.39,10.002168,2.6999996,5.8210015
111688,2019-05-28,TA10/63,12.38,10.002168,2.6999996,5.8210015
111689,2019-05-28,SN00/11,8.228,10.002168,2.6999996,5.8210015
111690,2019-05-28,ST07/10,56.612,10.002168,2.6999996,5.8210015
111691,2019-05-28,SE94/5,17.115,10.002168,2.6999996,5.8210015
111692,2019-05-28,TF03/37,12.909,10.002168,2.6999996,5.8210015
111693,2019-05-28,TQ25/86,94.35,10.002168,2.6999996,5.8210015
111694,2019-05-28,SK00/41,128.94,10.002168,2.6999996,5.8210015
111695,2019-05-28,SU17/57,133.964,10.002168,2.6999996,5.8210015
111696,2019-05-28,TL44/12,34.981,10.002168,2.6999996,5.8210015
111697,2019-05-28,SU81/1,46.183,10.002168,2.6999996,5.8210015
111698,2019-05-28,TF81/2A,42.847,10.002168,2.6999996,5.8210015
111699,2019-05-28,SE95/6,20.719,10.002168,2.6999996,5.8210015
111700,2019-05-28,SP00/62,100.618,10.002168,2.6999996,5.8210015
111701,2019-05-28,NY63/2,130.643,10.002168,2.6999996,5.8210015
111702,2019-05-29,SU01/5B,82.208,9.798001,6.7,13.4572735
111703,2019-05-29,TR14/9,69.717,9.798001,6.7,13.4572735
111704,2019-05-29,NO20/14,37.225,9.798001,6.7,13.4572735
111705,2019-05-29,SJ15/13,79.42,9.798001,6.7,13.4572735
111706,2019-05-29,NH95/17,29.377,9.798001,6.7,13.4572735
111707,2019-05-29,SN00/11,8.215,9.798001,6.7,13.4572735
111708,2019-05-29,ST07/10,56.546,9.798001,6.7,13.4572735
111709,2019-05-29,SY68/34,67.538,9.798001,6.7,13.4572735
111710,2019-05-29,SE94/5,16.971,9.798001,6.7,13.4572735
111711,2019-05-29,NY63/2,130.662,9.798001,6.7,13.4572735
111712,2019-05-29,TF81/2A,42.835,9.798001,6.7,13.4572735
111713,2019-05-29,SP00/62,100.604,9.798001,6.7,13.4572735
111714,2019-05-29,SU17/57,133.928,9.798001,6.7,13.4572735
111715,2019-05-29,SU81/1,46.024,9.798001,6.7,13.4572735
111716,2019-05-29,SK00/41,128.936,9.798001,6.7,13.4572735
111717,2019-05-29,TQ25/86,94.302,9.798001,6.7,13.4572735
111718,2019-05-29,TL44/12,34.95,9.798001,6.7,13.4572735
111719,2019-05-29,TF03/37,12.849,9.798001,6.7,13.4572735
111720,2019-05-29,SE95/6,20.7,9.798001,6.7,13.4572735
111721,2019-05-30,SY68/34,67.495,14.964665,13.500001,15.067517
111722,2019-05-30,SJ15/13,79.408,14.964665,13.500001,15.067517
111723,2019-05-30,SN00/11,8.175,14.964665,13.500001,15.067517
111724,2019-05-30,TR14/9,69.637,14.964665,13.500001,15.067517
111725,2019-05-30,SU01/5B,82.021,14.964665,13.500001,15.067517
111726,2019-05-30,ST07/10,56.459,14.964665,13.500001,15.067517
111727,2019-05-30,NO20/14,37.165,14.964665,13.500001,15.067517
111728,2019-05-30,NH95/17,29.369,14.964665,13.500001,15.067517
111729,2019-05-30,SK00/41,128.94,14.964665,13.500001,15.067517
111730,2019-05-30,SE95/6,20.664,14.964665,13.500001,15.067517
111731,2019-05-30,SU81/1,45.862,14.964665,13.500001,15.067517
111732,2019-05-30,TF03/37,12.779,14.964665,13.500001,15.067517
111733,2019-05-30,TQ25/86,94.14,14.964665,13.500001,15.067517
111734,2019-05-30,TL44/12,34.925,14.964665,13.500001,15.067517
111735,2019-05-30,SE94/5,16.959,14.964665,13.500001,15.067517
111736,2019-05-30,NY63/2,130.628,14.964665,13.500001,15.067517
111737,2019-05-30,SP00/62,100.585,14.964665,13.500001,15.067517
111738,2019-05-30,SU17/57,133.908,14.964665,13.500001,15.067517
111739,2019-05-30,TF81/2A,42.825,14.964665,13.500001,15.067517
111740,2019-05-31,TF81/2A,42.82,13.893833,7.1999993,16.362675
111741,2019-05-31,SU01/5B,81.858,13.893833,7.1999993,16.362675
111742,2019-05-31,SP00/62,100.57,13.893833,7.1999993,16.362675
111743,2019-05-31,SU17/57,133.82,13.893833,7.1999993,16.362675
111744,2019-05-31,NO20/14,37.125,13.893833,7.1999993,16.362675
111745,2019-05-31,TL33/67,74.9,13.893833,7.1999993,16.362675
111746,2019-05-31,NH95/17,29.387,13.893833,7.1999993,16.362675
111747,2019-05-31,SJ15/13,79.399,13.893833,7.1999993,16.362675
111748,2019-05-31,ST07/10,56.38,13.893833,7.1999993,16.362675
111749,2019-05-31,TR14/9,69.561,13.893833,7.1999993,16.362675
111750,2019-05-31,SY68/34,67.457,13.893833,7.1999993,16.362675
111751,2019-05-31,SE95/6,20.628,13.893833,7.1999993,16.362675
111752,2019-05-31,SE94/5,16.934,13.893833,7.1999993,16.362675
111753,2019-05-31,NY63/2,130.627,13.893833,7.1999993,16.362675
111754,2019-05-31,SU81/1,45.712,13.893833,7.1999993,16.362675
111755,2019-05-31,TL44/12,34.92,13.893833,7.1999993,16.362675
111756,2019-05-31,TF03/37,12.697,13.893833,7.1999993,16.362675
111757,2019-06-01,NY63/2,130.646,13.8688345,0.70000005,11.553666
111758,2019-06-01,TR14/9,69.503,13.8688345,0.70000005,11.553666
111759,2019-06-01,NH95/17,29.408,13.8688345,0.70000005,11.553666
111760,2019-06-01,SJ15/13,79.4072,13.8688345,0.70000005,11.553666
111761,2019-06-01,TF81/2A,42.813,13.8688345,0.70000005,11.553666
111762,2019-06-01,SN00/11,8.118,13.8688345,0.70000005,11.553666
111763,2019-06-01,ST07/10,56.303,13.8688345,0.70000005,11.553666
111764,2019-06-01,SU81/1,45.573,13.8688345,0.70000005,11.553666
111765,2019-06-01,SK00/41,128.93,13.8688345,0.70000005,11.553666
111766,2019-06-01,NO20/14,37.1,13.8688345,0.70000005,11.553666
111767,2019-06-01,SU01/5B,81.667,13.8688345,0.70000005,11.553666
111768,2019-06-01,TF03/37,12.673,13.8688345,0.70000005,11.553666
111769,2019-06-01,SY68/34,67.411,13.8688345,0.70000005,11.553666
111770,2019-06-02,SU81/1,45.438,15.200084,4.7999997,21.77185
111771,2019-06-02,NO20/14,37.122,15.200084,4.7999997,21.77185
111772,2019-06-02,TF81/2A,42.801,15.200084,4.7999997,21.77185
111773,2019-06-02,TF03/37,12.667,15.200084,4.7999997,21.77185
111774,2019-06-02,NY63/2,130.674,15.200084,4.7999997,21.77185
111775,2019-06-02,NH95/17,29.435,15.200084,4.7999997,21.77185
111776,2019-06-02,ST07/10,56.2,15.200084,4.7999997,21.77185
111777,2019-06-02,SU01/5B,81.502,15.200084,4.7999997,21.77185
111778,2019-06-02,SY68/34,67.371,15.200084,4.7999997,21.77185
111779,2019-06-02,SJ15/13,79.4356,15.200084,4.7999997,21.77185
111780,2019-06-02,TR14/9,69.44,15.200084,4.7999997,21.77185
111781,2019-06-02,SN00/11,8.103,15.200084,4.7999997,21.77185
111782,2019-06-02,SK00/41,128.935,15.200084,4.7999997,21.77185
111783,2019-06-03,TL44/12,34.28,11.925086,1.1,19.902727
111784,2019-06-03,SK00/41,128.934,11.925086,1.1,19.902727
111785,2019-06-03,TF81/2A,42.796,11.925086,1.1,19.902727
111786,2019-06-03,SU81/1,45.292,11.925086,1.1,19.902727
111787,2019-06-03,NH95/17,29.435,11.925086,1.1,19.902727
111788,2019-06-03,SY68/34,67.329,11.925086,1.1,19.902727
111789,2019-06-03,SU01/5B,81.327,11.925086,1.1,19.902727
111790,2019-06-03,SJ15/13,79.4125,11.925086,1.1,19.902727
111791,2019-06-03,ID30/1,113.62,11.925086,1.1,19.902727
111792,2019-06-03,TR14/9,69.371,11.925086,1.1,19.902727
111793,2019-06-03,NY63/2,130.631,11.925086,1.1,19.902727
111794,2019-06-03,TF03/37,12.585,11.925086,1.1,19.902727
111795,2019-06-03,TL33/4,74.4,11.925086,1.1,19.902727
111796,2019-06-03,ST07/10,56.12,11.925086,1.1,19.902727
111797,2019-06-03,NO20/14,37.08,11.925086,1.1,19.902727
111798,2019-06-03,SN00/11,8.0755,11.925086,1.1,19.902727
111799,2019-06-04,SK00/41,128.937,12.050083,14.7,12.062703
111800,2019-06-04,SU01/5B,81.162,12.050083,14.7,12.062703
111801,2019-06-04,ST07/10,56.05,12.050083,14.7,12.062703
111802,2019-06-04,NH95/17,29.404,12.050083,14.7,12.062703
111803,2019-06-04,TF81/2A,42.782,12.050083,14.7,12.062703
111804,2019-06-04,TQ25/86,93.91,12.050083,14.7,12.062703
111805,2019-06-04,NO20/14,37.033,12.050083,14.7,12.062703
111806,2019-06-04,SJ15/13,79.4278,12.050083,14.7,12.062703
111807,2019-06-04,SU17/57,133.53,12.050083,14.7,12.062703
111808,2019-06-04,ID30/1,113.65,12.050083,14.7,12.062703
111809,2019-06-04,TL33/67,74.79,12.050083,14.7,12.062703
111810,2019-06-04,SN00/11,8.103,12.050083,14.7,12.062703
111811,2019-06-04,TR14/9,69.31,12.050083,14.7,12.062703
111812,2019-06-04,TF03/37,12.573,12.050083,14.7,12.062703
111813,2019-06-04,SY68/34,67.289,12.050083,14.7,12.062703
111814,2019-06-04,SU81/1,45.162,12.050083,14.7,12.062703
111815,2019-06-04,SP00/62,100.53,12.050083,14.7,12.062703
111816,2019-06-04,NY63/2,130.652,12.050083,14.7,12.062703
111817,2019-06-05,ST07/10,55.947,11.773,1.3000001,16.859867
111818,2019-06-05,SJ15/13,79.418,11.773,1.3000001,16.859867
111819,2019-06-05,TR14/9,69.228,11.773,1.3000001,16.859867
111820,2019-06-05,ID30/1,114.11,11.773,1.3000001,16.859867
111821,2019-06-05,NH95/17,29.405,11.773,1.3000001,16.859867
111822,2019-06-05,SU81/1,45.021,11.773,1.3000001,16.859867
111823,2019-06-05,SU01/5B,80.99,11.773,1.3000001,16.859867
111824,2019-06-05,NY63/2,130.625,11.773,1.3000001,16.859867
111825,2019-06-05,SY68/34,67.246,11.773,1.3000001,16.859867
111826,2019-06-05,TF81/2A,42.77,11.773,1.3000001,16.859867
111827,2019-06-05,SK00/41,128.937,11.773,1.3000001,16.859867
111828,2019-06-05,NO20/14,37.024,11.773,1.3000001,16.859867
111829,2019-06-05,SN00/11,8.0686,11.773,1.3000001,16.859867
111830,2019-06-05,TF03/37,12.512,11.773,1.3000001,16.859867
111831,2019-06-06,SJ15/13,79.395,11.422999,0.7,12.0776615
111832,2019-06-06,SK00/41,128.935,11.422999,0.7,12.0776615
111833,2019-06-06,SN00/11,8.0455,11.422999,0.7,12.0776615
111834,2019-06-06,NH95/17,29.441,11.422999,0.7,12.0776615
111835,2019-06-06,TF81/2A,42.766,11.422999,0.7,12.0776615
111836,2019-06-06,ID30/1,114.31,11.422999,0.7,12.0776615
111837,2019-06-06,SU01/5B,80.811,11.422999,0.7,12.0776615
111838,2019-06-06,NO20/14,36.995,11.422999,0.7,12.0776615
111839,2019-06-06,ST07/10,55.859,11.422999,0.7,12.0776615
111840,2019-06-06,SY68/34,67.204,11.422999,0.7,12.0776615
111841,2019-06-06,NY63/2,130.598,11.422999,0.7,12.0776615
111842,2019-06-06,SU81/1,44.886,11.422999,0.7,12.0776615
111843,2019-06-06,TR14/9,69.161,11.422999,0.7,12.0776615
111844,2019-06-06,TF03/37,12.452,11.422999,0.7,12.0776615
111845,2019-06-07,TR14/9,69.09,12.260499,10.5,11.777906
111846,2019-06-07,ID30/1,114.25,12.260499,10.5,11.777906
111847,2019-06-07,NO20/14,36.968,12.260499,10.5,11.777906
111848,2019-06-07,SN00/11,8.088,12.260499,10.5,11.777906
111849,2019-06-07,SK00/41,128.937,12.260499,10.5,11.777906
111850,2019-06-07,SJ15/13,79.406,12.260499,10.5,11.777906
111851,2019-06-07,NH95/17,29.477,12.260499,10.5,11.777906
111852,2019-06-07,TF81/2A,42.744,12.260499,10.5,11.777906
111853,2019-06-07,ST07/10,56.017,12.260499,10.5,11.777906
111854,2019-06-07,SU01/5B,80.645,12.260499,10.5,11.777906
111855,2019-06-07,SU81/1,44.768,12.260499,10.5,11.777906
111856,2019-06-07,NY63/2,130.619,12.260499,10.5,11.777906
111857,2019-06-07,TF03/37,12.408,12.260499,10.5,11.777906
111858,2019-06-07,SY68/34,67.172,12.260499,10.5,11.777906
111859,2019-06-08,TF03/37,12.314,10.977166,15.500002,15.228025
111860,2019-06-08,TR14/9,69.001,10.977166,15.500002,15.228025
111861,2019-06-08,TF81/2A,42.733,10.977166,15.500002,15.228025
111862,2019-06-08,SJ15/13,79.422,10.977166,15.500002,15.228025
111863,2019-06-08,NO20/14,36.955,10.977166,15.500002,15.228025
111864,2019-06-08,NY63/2,130.589,10.977166,15.500002,15.228025
111865,2019-06-08,SK00/41,128.934,10.977166,15.500002,15.228025
111866,2019-06-08,NH95/17,29.474,10.977166,15.500002,15.228025
111867,2019-06-08,SU81/1,44.619,10.977166,15.500002,15.228025
111868,2019-06-08,SU01/5B,80.453,10.977166,15.500002,15.228025
111869,2019-06-08,SY68/34,67.133,10.977166,15.500002,15.228025
111870,2019-06-08,ST07/10,56.014,10.977166,15.500002,15.228025
111871,2019-06-08,SN00/11,8.091,10.977166,15.500002,15.228025
111872,2019-06-08,ID30/1,114.17,10.977166,15.500002,15.228025
111873,2019-06-09,SU01/5B,80.263,11.414668,0.8000001,10.091187
111874,2019-06-09,SN00/11,8.076,11.414668,0.8000001,10.091187
111875,2019-06-09,SK00/41,128.929,11.414668,0.8000001,10.091187
111876,2019-06-09,NH95/17,29.455,11.414668,0.8000001,10.091187
111877,2019-06-09,TF03/37,12.295,11.414668,0.8000001,10.091187
111878,2019-06-09,SJ15/13,79.423,11.414668,0.8000001,10.091187
111879,2019-06-09,ID30/1,114.1,11.414668,0.8000001,10.091187
111880,2019-06-09,TR14/9,68.943,11.414668,0.8000001,10.091187
111881,2019-06-09,NY63/2,130.567,11.414668,0.8000001,10.091187
111882,2019-06-09,SU81/1,44.484,11.414668,0.8000001,10.091187
111883,2019-06-09,NO20/14,36.917,11.414668,0.8000001,10.091187
111884,2019-06-09,ST07/10,55.936,11.414668,0.8000001,10.091187
111885,2019-06-09,TF81/2A,42.728,11.414668,0.8000001,10.091187
111886,2019-06-09,SY68/34,67.093,11.414668,0.8000001,10.091187
111887,2019-06-10,NO20/14,36.901,11.725083,0.5,8.40101
111888,2019-06-10,TF03/37,12.307,11.725083,0.5,8.40101
111889,2019-06-10,ST07/10,55.847,11.725083,0.5,8.40101
111890,2019-06-10,SN00/11,8.073,11.725083,0.5,8.40101
111891,2019-06-10,TR14/9,68.882,11.725083,0.5,8.40101
111892,2019-06-10,SY68/34,67.059,11.725083,0.5,8.40101
111893,2019-06-10,NH95/17,29.443,11.725083,0.5,8.40101
111894,2019-06-10,SU81/1,44.366,11.725083,0.5,8.40101
111895,2019-06-10,ID30/1,114.03,11.725083,0.5,8.40101
111896,2019-06-10,TF81/2A,42.723,11.725083,0.5,8.40101
111897,2019-06-10,SK00/41,128.928,11.725083,0.5,8.40101
111898,2019-06-10,NY63/2,130.561,11.725083,0.5,8.40101
111899,2019-06-10,SJ15/13,79.441,11.725083,0.5,8.40101
111900,2019-06-10,SU01/5B,80.092,11.725083,0.5,8.40101
111901,2019-06-11,TQ25/86,93.88,10.643833,1.3000001,19.485563
111902,2019-06-11,SU81/1,44.241,10.643833,1.3000001,19.485563
111903,2019-06-11,SJ15/13,79.481,10.643833,1.3000001,19.485563
111904,2019-06-11,SY68/34,67.028,10.643833,1.3000001,19.485563
111905,2019-06-11,TL33/67,74.65,10.643833,1.3000001,19.485563
111906,2019-06-11,SN00/11,8.106,10.643833,1.3000001,19.485563
111907,2019-06-11,SU01/5B,79.927,10.643833,1.3000001,19.485563
111908,2019-06-11,TF03/37,12.371,10.643833,1.3000001,19.485563
111909,2019-06-11,SK00/41,128.929,10.643833,1.3000001,19.485563
111910,2019-06-11,TR14/9,68.802,10.643833,1.3000001,19.485563
111911,2019-06-11,SU17/57,133.22,10.643833,1.3000001,19.485563
111912,2019-06-11,ID30/1,113.97,10.643833,1.3000001,19.485563
111913,2019-06-11,ST07/10,55.779,10.643833,1.3000001,19.485563
111914,2019-06-11,NY63/2,130.565,10.643833,1.3000001,19.485563
111915,2019-06-11,TF81/2A,42.714,10.643833,1.3000001,19.485563
111916,2019-06-11,NO20/14,36.888,10.643833,1.3000001,19.485563
111917,2019-06-11,NH95/17,29.432,10.643833,1.3000001,19.485563
111918,2019-06-11,SP00/62,100.47,10.643833,1.3000001,19.485563
111919,2019-06-12,NY63/2,130.599,11.302167,15.799998,19.708017
111920,2019-06-12,SU01/5B,79.768,11.302167,15.799998,19.708017
111921,2019-06-12,SK00/41,128.932,11.302167,15.799998,19.708017
111922,2019-06-12,SN00/11,8.191,11.302167,15.799998,19.708017
111923,2019-06-12,TF03/37,12.506,11.302167,15.799998,19.708017
111924,2019-06-12,SU81/1,44.145,11.302167,15.799998,19.708017
111925,2019-06-12,NH95/17,29.439,11.302167,15.799998,19.708017
111926,2019-06-12,TR14/9,68.748,11.302167,15.799998,19.708017
111927,2019-06-12,ID30/1,113.94,11.302167,15.799998,19.708017
111928,2019-06-12,TF81/2A,42.705,11.302167,15.799998,19.708017
111929,2019-06-12,NO20/14,36.892,11.302167,15.799998,19.708017
111930,2019-06-12,ST07/10,55.698,11.302167,15.799998,19.708017
111931,2019-06-12,SY68/34,66.993,11.302167,15.799998,19.708017
111932,2019-06-12,SJ15/13,79.747,11.302167,15.799998,19.708017
111933,2019-06-13,SJ15/13,79.948,9.889668,17.4,12.449307
111934,2019-06-13,TF81/2A,42.694,9.889668,17.4,12.449307
111935,2019-06-13,SK00/41,128.936,9.889668,17.4,12.449307
111936,2019-06-13,TF03/37,12.691,9.889668,17.4,12.449307
111937,2019-06-13,SU81/1,44.033,9.889668,17.4,12.449307
111938,2019-06-13,NY63/2,130.61,9.889668,17.4,12.449307
111939,2019-06-13,SY68/34,66.961,9.889668,17.4,12.449307
111940,2019-06-13,ID30/1,113.94,9.889668,17.4,12.449307
111941,2019-06-13,SU01/5B,79.608,9.889668,17.4,12.449307
111942,2019-06-13,ST07/10,56.047,9.889668,17.4,12.449307
111943,2019-06-13,NO20/14,36.906,9.889668,17.4,12.449307
111944,2019-06-13,TR14/9,68.679,9.889668,17.4,12.449307
111945,2019-06-13,NH95/17,29.487,9.889668,17.4,12.449307
111946,2019-06-13,SN00/11,8.227,9.889668,17.4,12.449307
111947,2019-06-14,SY68/34,66.923,10.714668,2.4999995,10.235353
111948,2019-06-14,ST07/10,56.439,10.714668,2.4999995,10.235353
111949,2019-06-14,NO20/14,36.873,10.714668,2.4999995,10.235353
111950,2019-06-14,SU81/1,43.911,10.714668,2.4999995,10.235353
111951,2019-06-14,TF81/2A,42.686,10.714668,2.4999995,10.235353
111952,2019-06-14,NY63/2,130.576,10.714668,2.4999995,10.235353
111953,2019-06-14,SN00/11,8.279,10.714668,2.4999995,10.235353
111954,2019-06-14,TR14/9,68.604,10.714668,2.4999995,10.235353
111955,2019-06-14,ID30/1,113.91,10.714668,2.4999995,10.235353
111956,2019-06-14,TF03/37,12.947,10.714668,2.4999995,10.235353
111957,2019-06-14,SJ15/13,79.987,10.714668,2.4999995,10.235353
111958,2019-06-14,SU01/5B,79.447,10.714668,2.4999995,10.235353
111959,2019-06-14,SK00/41,128.908,10.714668,2.4999995,10.235353
111960,2019-06-14,NH95/17,29.5,10.714668,2.4999995,10.235353
111961,2019-06-14,TQ25/86,93.67,10.714668,2.4999995,10.235353
111962,2019-06-15,SJ15/13,79.956,11.675083,2.8999999,12.472033
111963,2019-06-15,NY63/2,130.561,11.675083,2.8999999,12.472033
111964,2019-06-15,ID30/1,113.95,11.675083,2.8999999,12.472033
111965,2019-06-15,SU81/1,43.784,11.675083,2.8999999,12.472033
111966,2019-06-15,TF03/37,13.244,11.675083,2.8999999,12.472033
111967,2019-06-15,NO20/14,36.838,11.675083,2.8999999,12.472033
111968,2019-06-15,TR14/9,68.525,11.675083,2.8999999,12.472033
111969,2019-06-15,SN00/11,8.311,11.675083,2.8999999,12.472033
111970,2019-06-15,ST07/10,56.632,11.675083,2.8999999,12.472033
111971,2019-06-15,NH95/17,29.486,11.675083,2.8999999,12.472033
111972,2019-06-15,TF81/2A,42.677,11.675083,2.8999999,12.472033
111973,2019-06-15,SK00/41,128.938,11.675083,2.8999999,12.472033
111974,2019-06-15,SY68/34,66.887,11.675083,2.8999999,12.472033
111975,2019-06-15,SU01/5B,79.295,11.675083,2.8999999,12.472033
111976,2019-06-16,NY63/2,130.555,11.748,6.1000004,17.013998
111977,2019-06-16,NH95/17,29.485,11.748,6.1000004,17.013998
111978,2019-06-16,TF81/2A,42.671,11.748,6.1000004,17.013998
111979,2019-06-16,SJ15/13,79.906,11.748,6.1000004,17.013998
111980,2019-06-16,NO20/14,36.822,11.748,6.1000004,17.013998
111981,2019-06-16,SU01/5B,79.148,11.748,6.1000004,17.013998
111982,2019-06-16,ID30/1,114.08,11.748,6.1000004,17.013998
111983,2019-06-16,SK00/41,128.925,11.748,6.1000004,17.013998
111984,2019-06-16,SY68/34,66.85,11.748,6.1000004,17.013998
111985,2019-06-16,TR14/9,68.436,11.748,6.1000004,17.013998
111986,2019-06-16,SN00/11,8.316,11.748,6.1000004,17.013998
111987,2019-06-16,TF03/37,13.533,11.748,6.1000004,17.013998
111988,2019-06-16,SU81/1,43.658,11.748,6.1000004,17.013998
111989,2019-06-16,ST07/10,56.703,11.748,6.1000004,17.013998
111990,2019-06-17,NY63/2,130.544,13.300082,1.4000001,18.453482
111991,2019-06-17,ST07/10,56.696,13.300082,1.4000001,18.453482
111992,2019-06-17,SY68/34,66.813,13.300082,1.4000001,18.453482
111993,2019-06-17,NO20/14,36.804,13.300082,1.4000001,18.453482
111994,2019-06-17,SK00/41,128.926,13.300082,1.4000001,18.453482
111995,2019-06-17,SN00/11,8.3125,13.300082,1.4000001,18.453482
111996,2019-06-17,NH95/17,29.479,13.300082,1.4000001,18.453482
111997,2019-06-17,TV59/7C,1.39,13.300082,1.4000001,18.453482
111998,2019-06-17,TF03/37,13.827,13.300082,1.4000001,18.453482
111999,2019-06-17,SJ15/13,79.865,13.300082,1.4000001,18.453482
112000,2019-06-17,SU01/5B,79.01,13.300082,1.4000001,18.453482
112001,2019-06-17,TF81/2A,42.699,13.300082,1.4000001,18.453482
112002,2019-06-17,ID30/1,114.18,13.300082,1.4000001,18.453482
112003,2019-06-17,SU81/1,43.536,13.300082,1.4000001,18.453482
112004,2019-06-17,TR14/9,68.361,13.300082,1.4000001,18.453482
112005,2019-06-18,SK00/41,128.925,13.722999,1.2,11.725992
112006,2019-06-18,SY68/34,66.777,13.722999,1.2,11.725992
112007,2019-06-18,ID30/1,114.17,13.722999,1.2,11.725992
112008,2019-06-18,TF03/37,14.09,13.722999,1.2,11.725992
112009,2019-06-18,SU81/1,43.43,13.722999,1.2,11.725992
112010,2019-06-18,ST07/10,56.634,13.722999,1.2,11.725992
112011,2019-06-18,NH95/17,29.461,13.722999,1.2,11.725992
112012,2019-06-18,NO20/14,36.782,13.722999,1.2,11.725992
112013,2019-06-18,SN00/11,8.297,13.722999,1.2,11.725992
112014,2019-06-18,SU01/5B,78.887,13.722999,1.2,11.725992
112015,2019-06-18,SJ15/13,79.845,13.722999,1.2,11.725992
112016,2019-06-18,TF81/2A,42.663,13.722999,1.2,11.725992
112017,2019-06-18,NY63/2,130.545,13.722999,1.2,11.725992
112018,2019-06-18,TL33/4,74.255,13.722999,1.2,11.725992
112019,2019-06-18,TL33/67,74.52,13.722999,1.2,11.725992
112020,2019-06-18,SU17/57,132.99,13.722999,1.2,11.725992
112021,2019-06-18,SP00/62,100.78,13.722999,1.2,11.725992
112022,2019-06-18,TR14/9,68.303,13.722999,1.2,11.725992
112023,2019-06-19,SN00/11,8.271,13.752167,2.3,6.881252
112024,2019-06-19,ID30/1,114.15,13.752167,2.3,6.881252
112025,2019-06-19,TF03/37,14.329,13.752167,2.3,6.881252
112026,2019-06-19,ST07/10,56.522,13.752167,2.3,6.881252
112027,2019-06-19,TF81/2A,42.652,13.752167,2.3,6.881252
112028,2019-06-19,SY68/34,66.74,13.752167,2.3,6.881252
112029,2019-06-19,SU81/1,43.314,13.752167,2.3,6.881252
112030,2019-06-19,NO20/14,36.776,13.752167,2.3,6.881252
112031,2019-06-19,SJ15/13,79.912,13.752167,2.3,6.881252
112032,2019-06-19,NY63/2,130.548,13.752167,2.3,6.881252
112033,2019-06-19,TR14/9,68.235,13.752167,2.3,6.881252
112034,2019-06-19,SK00/41,128.928,13.752167,2.3,6.881252
112035,2019-06-19,SU01/5B,78.769,13.752167,2.3,6.881252
112036,2019-06-19,NH95/17,29.457,13.752167,2.3,6.881252
112037,2019-06-20,TF81/2A,42.37,11.864667,0.9000001,13.22388
112038,2019-06-20,SU81/1,43.188,11.864667,0.9000001,13.22388
112039,2019-06-20,NY63/2,130.517,11.864667,0.9000001,13.22388
112040,2019-06-20,SK00/41,128.928,11.864667,0.9000001,13.22388
112041,2019-06-20,TR14/9,68.157,11.864667,0.9000001,13.22388
112042,2019-06-20,SY68/34,66.702,11.864667,0.9000001,13.22388
112043,2019-06-20,NH95/17,29.454,11.864667,0.9000001,13.22388
112044,2019-06-20,TF03/37,14.506,11.864667,0.9000001,13.22388
112045,2019-06-20,SJ15/13,79.933,11.864667,0.9000001,13.22388
112046,2019-06-20,ID30/1,114.13,11.864667,0.9000001,13.22388
112047,2019-06-20,ST07/10,56.391,11.864667,0.9000001,13.22388
112048,2019-06-20,SN00/11,8.232,11.864667,0.9000001,13.22388
112049,2019-06-20,SU01/5B,78.645,11.864667,0.9000001,13.22388
112050,2019-06-20,NO20/14,36.756,11.864667,0.9000001,13.22388
112051,2019-06-21,TF03/37,14.68,11.668835,2.0000002,10.582724
112052,2019-06-21,SY68/34,66.664,11.668835,2.0000002,10.582724
112053,2019-06-21,ST07/10,56.272,11.668835,2.0000002,10.582724
112054,2019-06-21,SU01/5B,78.517,11.668835,2.0000002,10.582724
112055,2019-06-21,SK00/41,128.925,11.668835,2.0000002,10.582724
112056,2019-06-21,TR14/9,68.069,11.668835,2.0000002,10.582724
112057,2019-06-21,SN00/11,8.193,11.668835,2.0000002,10.582724
112058,2019-06-21,ID30/1,114.11,11.668835,2.0000002,10.582724
112059,2019-06-21,SJ15/13,79.886,11.668835,2.0000002,10.582724
112060,2019-06-21,NH95/17,29.425,11.668835,2.0000002,10.582724
112061,2019-06-21,SU81/1,43.057,11.668835,2.0000002,10.582724
112062,2019-06-21,NY63/2,130.48,11.668835,2.0000002,10.582724
112063,2019-06-21,NO20/14,36.706,11.668835,2.0000002,10.582724
112064,2019-06-22,TR14/9,67.989,13.695918,0.1,7.8380265
112065,2019-06-22,NY63/2,130.486,13.695918,0.1,7.8380265
112066,2019-06-22,TF03/37,14.884,13.695918,0.1,7.8380265
112067,2019-06-22,ID30/1,114.09,13.695918,0.1,7.8380265
112068,2019-06-22,ST07/10,56.167,13.695918,0.1,7.8380265
112069,2019-06-22,NO20/14,36.691,13.695918,0.1,7.8380265
112070,2019-06-22,NH95/17,29.413,13.695918,0.1,7.8380265
112071,2019-06-22,SU81/1,42.94,13.695918,0.1,7.8380265
112072,2019-06-22,SK00/41,128.92,13.695918,0.1,7.8380265
112073,2019-06-22,SU01/5B,78.394,13.695918,0.1,7.8380265
112074,2019-06-22,SJ15/13,79.86,13.695918,0.1,7.8380265
112075,2019-06-22,SY68/34,66.627,13.695918,0.1,7.8380265
112076,2019-06-22,SN00/11,8.157,13.695918,0.1,7.8380265
112077,2019-06-23,ID30/1,114.05,15.506333,0.3,13.053853
112078,2019-06-23,TR14/9,67.927,15.506333,0.3,13.053853
112079,2019-06-23,NH95/17,29.406,15.506333,0.3,13.053853
112080,2019-06-23,NO20/14,36.689,15.506333,0.3,13.053853
112081,2019-06-23,NY63/2,130.492,15.506333,0.3,13.053853
112082,2019-06-23,SU01/5B,78.278,15.506333,0.3,13.053853
112083,2019-06-23,TF03/37,15.077,15.506333,0.3,13.053853
112084,2019-06-23,ST07/10,56.062,15.506333,0.3,13.053853
112085,2019-06-23,SN00/11,8.144,15.506333,0.3,13.053853
112086,2019-06-23,SK00/41,128.92,15.506333,0.3,13.053853
112087,2019-06-23,SY68/34,66.591,15.506333,0.3,13.053853
112088,2019-06-23,SU81/1,42.83,15.506333,0.3,13.053853
112089,2019-06-23,SJ15/13,79.871,15.506333,0.3,13.053853
112090,2019-06-24,ID30/1,114.02,17.352165,10.599999,4.3927436
112091,2019-06-24,NH95/17,29.413,17.352165,10.599999,4.3927436
112092,2019-06-24,SU81/1,42.71,17.352165,10.599999,4.3927436
112093,2019-06-24,TR14/9,67.857,17.352165,10.599999,4.3927436
112094,2019-06-24,SK00/41,128.92,17.352165,10.599999,4.3927436
112095,2019-06-24,NO20/14,36.697,17.352165,10.599999,4.3927436
112096,2019-06-24,TF03/37,15.208,17.352165,10.599999,4.3927436
112097,2019-06-24,SU01/5B,78.155,17.352165,10.599999,4.3927436
112098,2019-06-24,SY68/34,66.555,17.352165,10.599999,4.3927436
112099,2019-06-24,SJ15/13,79.889,17.352165,10.599999,4.3927436
112100,2019-06-24,NY63/2,130.493,17.352165,10.599999,4.3927436
112101,2019-06-24,SN00/11,8.119,17.352165,10.599999,4.3927436
112102,2019-06-24,ST07/10,55.937,17.352165,10.599999,4.3927436
112103,2019-06-25,TR14/9,67.78,15.447999,0.2,11.10862
112104,2019-06-25,TM15/112,24.91,15.447999,0.2,11.10862
112105,2019-06-25,ID30/1,113.97,15.447999,0.2,11.10862
112106,2019-06-25,TL33/67,74.42,15.447999,0.2,11.10862
112107,2019-06-25,NY63/2,130.457,15.447999,0.2,11.10862
112108,2019-06-25,SU01/5B,78.025,15.447999,0.2,11.10862
112109,2019-06-25,SU17/57,132.67,15.447999,0.2,11.10862
112110,2019-06-25,TF03/37,15.317,15.447999,0.2,11.10862
112111,2019-06-25,SU81/1,42.59,15.447999,0.2,11.10862
112112,2019-06-25,SP00/62,100.84,15.447999,0.2,11.10862
112113,2019-06-25,SJ15/13,79.818,15.447999,0.2,11.10862
112114,2019-06-25,SY68/34,66.519,15.447999,0.2,11.10862
112115,2019-06-25,NO20/14,36.677,15.447999,0.2,11.10862
112116,2019-06-25,SK00/41,128.93,15.447999,0.2,11.10862
112117,2019-06-25,SN00/11,8.093,15.447999,0.2,11.10862
112118,2019-06-25,NH95/17,29.404,15.447999,0.2,11.10862
112119,2019-06-25,ST07/10,55.844,15.447999,0.2,11.10862
112120,2019-06-25,TQ25/86,93.45,15.447999,0.2,11.10862
112121,2019-06-26,SY68/34,66.483,14.839665,0.0,6.0384707
112122,2019-06-26,NO20/14,36.65,14.839665,0.0,6.0384707
112123,2019-06-26,SK00/41,128.908,14.839665,0.0,6.0384707
112124,2019-06-26,NH95/17,29.395,14.839665,0.0,6.0384707
112125,2019-06-26,TR14/9,67.692,14.839665,0.0,6.0384707
112126,2019-06-26,ID30/1,113.94,14.839665,0.0,6.0384707
112127,2019-06-26,SN00/11,8.068,14.839665,0.0,6.0384707
112128,2019-06-26,ST07/10,55.725,14.839665,0.0,6.0384707
112129,2019-06-26,SJ15/13,79.786,14.839665,0.0,6.0384707
112130,2019-06-26,NY63/2,130.436,14.839665,0.0,6.0384707
112131,2019-06-26,TF03/37,15.39,14.839665,0.0,6.0384707
112132,2019-06-26,SU01/5B,77.888,14.839665,0.0,6.0384707
112133,2019-06-26,SU81/1,42.472,14.839665,0.0,6.0384707
112134,2019-06-27,SU81/1,42.358,16.4105,0.0,6.1513767
112135,2019-06-27,SK00/41,128.9,16.4105,0.0,6.1513767
112136,2019-06-27,ST07/10,55.617,16.4105,0.0,6.1513767
112137,2019-06-27,TR14/9,67.61,16.4105,0.0,6.1513767
112138,2019-06-27,SJ15/13,79.814,16.4105,0.0,6.1513767
112139,2019-06-27,SE94/5,15.96,16.4105,0.0,6.1513767
112140,2019-06-27,TF03/37,15.474,16.4105,0.0,6.1513767
112141,2019-06-27,SU01/5B,77.756,16.4105,0.0,6.1513767
112142,2019-06-27,SY68/34,66.446,16.4105,0.0,6.1513767
112143,2019-06-27,NH95/17,29.389,16.4105,0.0,6.1513767
112144,2019-06-27,NY63/2,130.477,16.4105,0.0,6.1513767
112145,2019-06-27,ID30/1,113.9,16.4105,0.0,6.1513767
112146,2019-06-27,SN00/11,8.039,16.4105,0.0,6.1513767
112147,2019-06-27,NO20/14,36.651,16.4105,0.0,6.1513767
112148,2019-06-27,SE95/6,19.92,16.4105,0.0,6.1513767
112149,2019-06-28,SU81/1,42.258,17.137583,0.0,13.2421055
112150,2019-06-28,TF03/37,15.568,17.137583,0.0,13.2421055
112151,2019-06-28,NO20/14,36.66,17.137583,0.0,13.2421055
112152,2019-06-28,NH95/17,29.399,17.137583,0.0,13.2421055
112153,2019-06-28,ID30/1,113.89,17.137583,0.0,13.2421055
112154,2019-06-28,SU01/5B,77.628,17.137583,0.0,13.2421055
112155,2019-06-28,NY63/2,130.474,17.137583,0.0,13.2421055
112156,2019-06-28,TR14/9,67.544,17.137583,0.0,13.2421055
112157,2019-06-28,SN00/11,8.006,17.137583,0.0,13.2421055
112158,2019-06-28,SJ15/13,79.825,17.137583,0.0,13.2421055
112159,2019-06-28,SY68/34,66.411,17.137583,0.0,13.2421055
112160,2019-06-28,SK00/41,128.903,17.137583,0.0,13.2421055
112161,2019-06-28,ST07/10,55.507,17.137583,0.0,13.2421055
112162,2019-06-29,SK00/41,128.909,19.314665,8.900001,11.583366
112163,2019-06-29,SU81/1,42.16,19.314665,8.900001,11.583366
112164,2019-06-29,SY68/34,66.376,19.314665,8.900001,11.583366
112165,2019-06-29,SJ15/13,79.883,19.314665,8.900001,11.583366
112166,2019-06-29,SN00/11,7.92,19.314665,8.900001,11.583366
112167,2019-06-29,TR14/9,67.487,19.314665,8.900001,11.583366
112168,2019-06-29,ST07/10,55.392,19.314665,8.900001,11.583366
112169,2019-06-29,NY63/2,130.5,19.314665,8.900001,11.583366
112170,2019-06-29,TF03/37,15.631,19.314665,8.900001,11.583366
112171,2019-06-29,NH95/17,29.407,19.314665,8.900001,11.583366
112172,2019-06-29,NO20/14,36.667,19.314665,8.900001,11.583366
112173,2019-06-29,ID30/1,113.88,19.314665,8.900001,11.583366
112174,2019-06-29,SU01/5B,77.503,19.314665,8.900001,11.583366
112175,2019-06-30,ID30/1,113.84,15.700082,3.3000002,18.35064
112176,2019-06-30,NO20/14,36.662,15.700082,3.3000002,18.35064
112177,2019-06-30,SU01/5B,77.365,15.700082,3.3000002,18.35064
112178,2019-06-30,SK00/41,128.912,15.700082,3.3000002,18.35064
112179,2019-06-30,SN00/11,7.929,15.700082,3.3000002,18.35064
112180,2019-06-30,TL33/67,74.25,15.700082,3.3000002,18.35064
112181,2019-06-30,SU81/1,42.054,15.700082,3.3000002,18.35064
112182,2019-06-30,SJ15/13,80.004,15.700082,3.3000002,18.35064
112183,2019-06-30,SU17/57,132.4,15.700082,3.3000002,18.35064
112184,2019-06-30,NH95/17,29.416,15.700082,3.3000002,18.35064
112185,2019-06-30,NY63/2,130.472,15.700082,3.3000002,18.35064
112186,2019-06-30,SP00/62,101.52,15.700082,3.3000002,18.35064
112187,2019-06-30,TF03/37,15.618,15.700082,3.3000002,18.35064
112188,2019-06-30,TR14/9,67.409,15.700082,3.3000002,18.35064
112189,2019-06-30,TQ25/86,92.97,15.700082,3.3000002,18.35064
112190,2019-06-30,ST07/10,55.273,15.700082,3.3000002,18.35064
112191,2019-06-30,SY68/34,66.343,15.700082,3.3000002,18.35064
112192,2019-07-01,ST07/10,55.153,14.100083,1.8000002,19.987652
112193,2019-07-01,SN00/11,7.887,14.100083,1.8000002,19.987652
112194,2019-07-01,TR14/9,67.329,14.100083,1.8000002,19.987652
112195,2019-07-01,NY63/2,130.423,14.100083,1.8000002,19.987652
112196,2019-07-01,SU01/5B,77.221,14.100083,1.8000002,19.987652
112197,2019-07-01,SY68/34,66.303,14.100083,1.8000002,19.987652
112198,2019-07-01,SJ15/13,80.247,14.100083,1.8000002,19.987652
112199,2019-07-01,TL33/4,74.07,14.100083,1.8000002,19.987652
112200,2019-07-01,NH95/17,29.39,14.100083,1.8000002,19.987652
112201,2019-07-01,NO20/14,36.622,14.100083,1.8000002,19.987652
112202,2019-07-01,SK00/41,128.91,14.100083,1.8000002,19.987652
112203,2019-07-01,ID30/1,113.83,14.100083,1.8000002,19.987652
112204,2019-07-01,SU81/1,41.94,14.100083,1.8000002,19.987652
112205,2019-07-02,SU81/1,41.838,13.393834,0.70000005,13.780392
112206,2019-07-02,ID30/1,113.79,13.393834,0.70000005,13.780392
112207,2019-07-02,NY63/2,130.409,13.393834,0.70000005,13.780392
112208,2019-07-02,NH95/17,29.377,13.393834,0.70000005,13.780392
112209,2019-07-02,SN00/11,7.847,13.393834,0.70000005,13.780392
112210,2019-07-02,ST07/10,55.049,13.393834,0.70000005,13.780392
112211,2019-07-02,TR14/9,67.252,13.393834,0.70000005,13.780392
112212,2019-07-02,SY68/34,66.266,13.393834,0.70000005,13.780392
112213,2019-07-02,SJ15/13,80.431,13.393834,0.70000005,13.780392
112214,2019-07-02,NO20/14,36.591,13.393834,0.70000005,13.780392
112215,2019-07-02,SU01/5B,77.077,13.393834,0.70000005,13.780392
112216,2019-07-02,SK00/41,128.91,13.393834,0.70000005,13.780392
112217,2019-07-03,TR14/9,67.16,13.735499,0.0,7.0627956
112218,2019-07-03,SY68/34,66.23,13.735499,0.0,7.0627956
112219,2019-07-03,ID30/1,113.77,13.735499,0.0,7.0627956
112220,2019-07-03,SJ15/13,80.266,13.735499,0.0,7.0627956
112221,2019-07-03,SN00/11,7.812,13.735499,0.0,7.0627956
112222,2019-07-03,NH95/17,29.406,13.735499,0.0,7.0627956
112223,2019-07-03,SK00/41,128.91,13.735499,0.0,7.0627956
112224,2019-07-03,NY63/2,130.407,13.735499,0.0,7.0627956
112225,2019-07-03,SU01/5B,76.934,13.735499,0.0,7.0627956
112226,2019-07-03,NO20/14,36.575,13.735499,0.0,7.0627956
112227,2019-07-03,SU81/1,41.734,13.735499,0.0,7.0627956
112228,2019-07-03,ST07/10,54.944,13.735499,0.0,7.0627956
112229,2019-07-04,SU81/1,41.461,14.056333,0.0,11.896624
112230,2019-07-04,ID30/1,113.74,14.056333,0.0,11.896624
112231,2019-07-04,ST07/10,54.842,14.056333,0.0,11.896624
112232,2019-07-04,SN00/11,7.782,14.056333,0.0,11.896624
112233,2019-07-04,TR14/9,67.082,14.056333,0.0,11.896624
112234,2019-07-04,NY63/2,130.423,14.056333,0.0,11.896624
112235,2019-07-04,SY68/34,66.194,14.056333,0.0,11.896624
112236,2019-07-04,NH95/17,29.313,14.056333,0.0,11.896624
112237,2019-07-04,NO20/14,36.581,14.056333,0.0,11.896624
112238,2019-07-04,SK00/41,128.91,14.056333,0.0,11.896624
112239,2019-07-04,SU01/5B,76.793,14.056333,0.0,11.896624
112240,2019-07-04,SJ15/13,80.109,14.056333,0.0,11.896624
112241,2019-07-05,ST07/10,54.739,15.2105,0.5,12.991444
112242,2019-07-05,NO20/14,36.579,15.2105,0.5,12.991444
112243,2019-07-05,ID30/1,113.7,15.2105,0.5,12.991444
112244,2019-07-05,TR14/9,67.018,15.2105,0.5,12.991444
112245,2019-07-05,SJ15/13,79.827,15.2105,0.5,12.991444
112246,2019-07-05,SK00/41,128.91,15.2105,0.5,12.991444
112247,2019-07-05,SN00/11,7.749,15.2105,0.5,12.991444
112248,2019-07-05,NH95/17,29.37,15.2105,0.5,12.991444
112249,2019-07-05,NY63/2,130.441,15.2105,0.5,12.991444
112250,2019-07-05,SU81/1,41.551,15.2105,0.5,12.991444
112251,2019-07-05,TL44/12,33.74,15.2105,0.5,12.991444
112252,2019-07-05,SY68/34,66.16,15.2105,0.5,12.991444
112253,2019-07-05,SU01/5B,76.66,15.2105,0.5,12.991444
112254,2019-07-06,SU01/5B,76.526,15.429249,0.6,11.296159
112255,2019-07-06,SU81/1,41.459,15.429249,0.6,11.296159
112256,2019-07-06,ID30/1,113.67,15.429249,0.6,11.296159
112257,2019-07-06,SJ15/13,79.852,15.429249,0.6,11.296159
112258,2019-07-06,NO20/14,36.565,15.429249,0.6,11.296159
112259,2019-07-06,NY63/2,130.426,15.429249,0.6,11.296159
112260,2019-07-06,SN00/11,7.717,15.429249,0.6,11.296159
112261,2019-07-06,SK00/41,128.912,15.429249,0.6,11.296159
112262,2019-07-06,SY68/34,66.127,15.429249,0.6,11.296159
112263,2019-07-06,NH95/17,29.362,15.429249,0.6,11.296159
112264,2019-07-06,TR14/9,66.958,15.429249,0.6,11.296159
112265,2019-07-06,ST07/10,54.619,15.429249,0.6,11.296159
112266,2019-07-07,TR14/9,66.876,14.348,0.2,7.1147747
112267,2019-07-07,SU01/5B,76.382,14.348,0.2,7.1147747
112268,2019-07-07,NO20/14,36.544,14.348,0.2,7.1147747
112269,2019-07-07,NY63/2,130.394,14.348,0.2,7.1147747
112270,2019-07-07,SJ15/13,79.745,14.348,0.2,7.1147747
112271,2019-07-07,SY68/34,66.092,14.348,0.2,7.1147747
112272,2019-07-07,NH95/17,29.346,14.348,0.2,7.1147747
112273,2019-07-07,ID30/1,113.63,14.348,0.2,7.1147747
112274,2019-07-07,SU81/1,41.359,14.348,0.2,7.1147747
112275,2019-07-07,ST07/10,54.501,14.348,0.2,7.1147747
112276,2019-07-07,SN00/11,7.692,14.348,0.2,7.1147747
112277,2019-07-07,SK00/41,128.912,14.348,0.2,7.1147747
112278,2019-07-08,ST07/10,54.394,13.862584,0.0,6.5915904
112279,2019-07-08,TR14/9,66.793,13.862584,0.0,6.5915904
112280,2019-07-08,NH95/17,29.342,13.862584,0.0,6.5915904
112281,2019-07-08,SU01/5B,76.236,13.862584,0.0,6.5915904
112282,2019-07-08,SK00/41,128.91,13.862584,0.0,6.5915904
112283,2019-07-08,SN00/11,7.66,13.862584,0.0,6.5915904
112284,2019-07-08,NO20/14,36.536,13.862584,0.0,6.5915904
112285,2019-07-08,SU81/1,41.254,13.862584,0.0,6.5915904
112286,2019-07-08,ID30/1,113.6,13.862584,0.0,6.5915904
112287,2019-07-08,SY68/34,66.058,13.862584,0.0,6.5915904
112288,2019-07-08,SJ15/13,79.696,13.862584,0.0,6.5915904
112289,2019-07-08,NY63/2,130.386,13.862584,0.0,6.5915904
112290,2019-07-09,SY68/34,66.023,14.831332,7.3,7.0390244
112291,2019-07-09,SP00/62,101.33,14.831332,7.3,7.0390244
112292,2019-07-09,SN00/11,7.629,14.831332,7.3,7.0390244
112293,2019-07-09,SU17/57,132.1,14.831332,7.3,7.0390244
112294,2019-07-09,SK00/41,128.91,14.831332,7.3,7.0390244
112295,2019-07-09,TL33/67,74.13,14.831332,7.3,7.0390244
112296,2019-07-09,NO20/14,36.547,14.831332,7.3,7.0390244
112297,2019-07-09,NH95/17,29.349,14.831332,7.3,7.0390244
112298,2019-07-09,SJ15/13,79.678,14.831332,7.3,7.0390244
112299,2019-07-09,TQ25/86,92.5,14.831332,7.3,7.0390244
112300,2019-07-09,TR14/9,66.707,14.831332,7.3,7.0390244
112301,2019-07-09,NY63/2,130.396,14.831332,7.3,7.0390244
112302,2019-07-09,SU81/1,41.155,14.831332,7.3,7.0390244
112303,2019-07-09,ST07/10,54.292,14.831332,7.3,7.0390244
112304,2019-07-09,SU01/5B,76.093,14.831332,7.3,7.0390244
112305,2019-07-09,ID30/1,113.59,14.831332,7.3,7.0390244
112306,2019-07-10,SJ15/13,79.684,16.370916,3.1000001,9.76355
112307,2019-07-10,NH95/17,29.355,16.370916,3.1000001,9.76355
112308,2019-07-10,SN00/11,7.605,16.370916,3.1000001,9.76355
112309,2019-07-10,SJ62/235,54.149,16.370916,3.1000001,9.76355
112310,2019-07-10,NO20/14,36.554,16.370916,3.1000001,9.76355
112311,2019-07-10,SK00/41,128.917,16.370916,3.1000001,9.76355
112312,2019-07-10,SU81/1,41.074,16.370916,3.1000001,9.76355
112313,2019-07-10,SU01/5B,75.956,16.370916,3.1000001,9.76355
112314,2019-07-10,ID30/1,113.57,16.370916,3.1000001,9.76355
112315,2019-07-10,ST07/10,54.195,16.370916,3.1000001,9.76355
112316,2019-07-10,SY68/34,65.99,16.370916,3.1000001,9.76355
112317,2019-07-10,TR14/9,66.635,16.370916,3.1000001,9.76355
112318,2019-07-10,NY63/2,130.405,16.370916,3.1000001,9.76355
112319,2019-07-11,ID30/1,113.56,16.425083,6.9999995,9.98551
112320,2019-07-11,NH95/17,29.373,16.425083,6.9999995,9.98551
112321,2019-07-11,NY63/2,130.4,16.425083,6.9999995,9.98551
112322,2019-07-11,ST07/10,54.085,16.425083,6.9999995,9.98551
112323,2019-07-11,SY68/34,65.958,16.425083,6.9999995,9.98551
112324,2019-07-11,SK00/41,128.92,16.425083,6.9999995,9.98551
112325,2019-07-11,SJ15/13,79.692,16.425083,6.9999995,9.98551
112326,2019-07-11,SU01/5B,75.82,16.425083,6.9999995,9.98551
112327,2019-07-11,SN00/11,7.577,16.425083,6.9999995,9.98551
112328,2019-07-11,SU81/1,40.991,16.425083,6.9999995,9.98551
112329,2019-07-11,TR14/9,66.58,16.425083,6.9999995,9.98551
112330,2019-07-11,SJ62/235,54.147,16.425083,6.9999995,9.98551
112331,2019-07-11,NO20/14,36.553,16.425083,6.9999995,9.98551
112332,2019-07-12,SU01/5B,75.677,16.752165,0.8000001,12.852666
112333,2019-07-12,NO20/14,36.517,16.752165,0.8000001,12.852666
112334,2019-07-12,SK00/41,128.92,16.752165,0.8000001,12.852666
112335,2019-07-12,SU81/1,40.889,16.752165,0.8000001,12.852666
112336,2019-07-12,NH95/17,29.374,16.752165,0.8000001,12.852666
112337,2019-07-12,SJ62/235,54.136,16.752165,0.8000001,12.852666
112338,2019-07-12,ID30/1,113.55,16.752165,0.8000001,12.852666
112339,2019-07-12,SJ15/13,79.667,16.752165,0.8000001,12.852666
112340,2019-07-12,SY68/34,65.925,16.752165,0.8000001,12.852666
112341,2019-07-12,TR14/9,66.506,16.752165,0.8000001,12.852666
112342,2019-07-12,NY63/2,130.36,16.752165,0.8000001,12.852666
112343,2019-07-12,ST07/10,53.961,16.752165,0.8000001,12.852666
112344,2019-07-12,SN00/11,7.553,16.752165,0.8000001,12.852666
112345,2019-07-13,NH95/17,29.372,16.187582,2.0000002,9.570501
112346,2019-07-13,SJ15/13,79.641,16.187582,2.0000002,9.570501
112347,2019-07-13,TR14/9,66.428,16.187582,2.0000002,9.570501
112348,2019-07-13,SJ62/235,54.128,16.187582,2.0000002,9.570501
112349,2019-07-13,NO20/14,36.5,16.187582,2.0000002,9.570501
112350,2019-07-13,SU81/1,40.786,16.187582,2.0000002,9.570501
112351,2019-07-13,NY63/2,130.343,16.187582,2.0000002,9.570501
112352,2019-07-13,SU01/5B,75.53,16.187582,2.0000002,9.570501
112353,2019-07-13,SN00/11,7.53,16.187582,2.0000002,9.570501
112354,2019-07-13,ID30/1,113.52,16.187582,2.0000002,9.570501
112355,2019-07-13,SK00/41,128.917,16.187582,2.0000002,9.570501
112356,2019-07-13,SY68/34,65.892,16.187582,2.0000002,9.570501
112357,2019-07-13,ST07/10,53.863,16.187582,2.0000002,9.570501
112358,2019-07-14,TR14/9,66.347,16.441751,0.1,3.8856268
112359,2019-07-14,NO20/14,36.503,16.441751,0.1,3.8856268
112360,2019-07-14,NH95/17,29.366,16.441751,0.1,3.8856268
112361,2019-07-14,ST07/10,53.761,16.441751,0.1,3.8856268
112362,2019-07-14,ID30/1,113.5,16.441751,0.1,3.8856268
112363,2019-07-14,SN00/11,7.513,16.441751,0.1,3.8856268
112364,2019-07-14,SJ15/13,79.637,16.441751,0.1,3.8856268
112365,2019-07-14,SY68/34,65.86,16.441751,0.1,3.8856268
112366,2019-07-14,SJ62/235,54.122,16.441751,0.1,3.8856268
112367,2019-07-14,NY63/2,130.343,16.441751,0.1,3.8856268
112368,2019-07-14,SK00/41,128.915,16.441751,0.1,3.8856268
112369,2019-07-14,SU01/5B,75.388,16.441751,0.1,3.8856268
112370,2019-07-14,SU81/1,40.696,16.441751,0.1,3.8856268
112371,2019-07-15,ID30/1,113.49,16.337582,0.2,5.3537335
112372,2019-07-15,NO20/14,36.51,16.337582,0.2,5.3537335
112373,2019-07-15,TL33/4,73.825,16.337582,0.2,5.3537335
112374,2019-07-15,SJ15/13,79.643,16.337582,0.2,5.3537335
112375,2019-07-15,TR14/9,66.26,16.337582,0.2,5.3537335
112376,2019-07-15,SU01/5B,75.253,16.337582,0.2,5.3537335
112377,2019-07-15,SU81/1,40.606,16.337582,0.2,5.3537335
112378,2019-07-15,ST07/10,53.661,16.337582,0.2,5.3537335
112379,2019-07-15,SY68/34,65.827,16.337582,0.2,5.3537335
112380,2019-07-15,SK00/41,128.915,16.337582,0.2,5.3537335
112381,2019-07-15,TL33/67,73.99,16.337582,0.2,5.3537335
112382,2019-07-15,SJ62/235,54.119,16.337582,0.2,5.3537335
112383,2019-07-15,NY63/2,130.354,16.337582,0.2,5.3537335
112384,2019-07-15,SN00/11,7.49,16.337582,0.2,5.3537335
112385,2019-07-15,NH95/17,29.361,16.337582,0.2,5.3537335
112386,2019-07-16,ST07/10,53.56,17.1355,0.4,9.329824
112387,2019-07-16,TQ25/86,92.04,17.1355,0.4,9.329824
112388,2019-07-16,NY63/2,130.357,17.1355,0.4,9.329824
112389,2019-07-16,SY68/34,65.797,17.1355,0.4,9.329824
112390,2019-07-16,SU17/57,131.83,17.1355,0.4,9.329824
112391,2019-07-16,ID30/1,113.47,17.1355,0.4,9.329824
112392,2019-07-16,NO20/14,36.496,17.1355,0.4,9.329824
112393,2019-07-16,SU01/5B,75.121,17.1355,0.4,9.329824
112394,2019-07-16,NH95/17,29.352,17.1355,0.4,9.329824
112395,2019-07-16,SU81/1,40.523,17.1355,0.4,9.329824
112396,2019-07-16,SJ62/235,54.113,17.1355,0.4,9.329824
112397,2019-07-16,SK00/41,128.917,17.1355,0.4,9.329824
112398,2019-07-16,SN00/11,7.469,17.1355,0.4,9.329824
112399,2019-07-16,TR14/9,66.187,17.1355,0.4,9.329824
112400,2019-07-16,SP00/62,101.09,17.1355,0.4,9.329824
112401,2019-07-17,NO20/14,36.482,15.637582,2.4,15.391095
112402,2019-07-17,NY63/2,130.375,15.637582,2.4,15.391095
112403,2019-07-17,SU81/1,40.438,15.637582,2.4,15.391095
112404,2019-07-17,SY68/34,65.767,15.637582,2.4,15.391095
112405,2019-07-17,SK00/41,128.921,15.637582,2.4,15.391095
112406,2019-07-17,ID30/1,113.47,15.637582,2.4,15.391095
112407,2019-07-17,TR14/9,66.128,15.637582,2.4,15.391095
112408,2019-07-17,SU01/5B,74.994,15.637582,2.4,15.391095
112409,2019-07-17,SJ62/235,54.112,15.637582,2.4,15.391095
112410,2019-07-17,NH95/17,29.361,15.637582,2.4,15.391095
112411,2019-07-17,SN00/11,7.452,15.637582,2.4,15.391095
112412,2019-07-17,ST07/10,53.46,15.637582,2.4,15.391095
112413,2019-07-18,NY63/2,130.357,15.05425,3.8000002,12.008359
112414,2019-07-18,TM15/112,24.78,15.05425,3.8000002,12.008359
112415,2019-07-18,TR14/9,66.048,15.05425,3.8000002,12.008359
112416,2019-07-18,SY68/34,65.738,15.05425,3.8000002,12.008359
112417,2019-07-18,SU81/1,40.345,15.05425,3.8000002,12.008359
112418,2019-07-18,SN00/11,7.44,15.05425,3.8000002,12.008359
112419,2019-07-18,SU01/5B,74.866,15.05425,3.8000002,12.008359
112420,2019-07-18,ID30/1,113.48,15.05425,3.8000002,12.008359
112421,2019-07-18,SJ62/235,54.105,15.05425,3.8000002,12.008359
112422,2019-07-18,SK00/41,128.925,15.05425,3.8000002,12.008359
112423,2019-07-18,ST07/10,53.349,15.05425,3.8000002,12.008359
112424,2019-07-18,NH95/17,29.364,15.05425,3.8000002,12.008359
112425,2019-07-18,NO20/14,36.48,15.05425,3.8000002,12.008359
112426,2019-07-19,SU01/5B,74.74,15.698001,7.8,15.653486
112427,2019-07-19,TR14/9,65.994,15.698001,7.8,15.653486
112428,2019-07-19,SY68/34,65.713,15.698001,7.8,15.653486
112429,2019-07-19,SJ62/235,54.105,15.698001,7.8,15.653486
112430,2019-07-19,ST07/10,53.837,15.698001,7.8,15.653486
112431,2019-07-19,NH95/17,29.335,15.698001,7.8,15.653486
112432,2019-07-19,NO20/14,36.456,15.698001,7.8,15.653486
112433,2019-07-19,SN00/11,7.46,15.698001,7.8,15.653486
112434,2019-07-19,SK00/41,128.929,15.698001,7.8,15.653486
112435,2019-07-19,SU81/1,40.264,15.698001,7.8,15.653486
112436,2019-07-19,NY63/2,130.367,15.698001,7.8,15.653486
112437,2019-07-19,ID30/1,113.47,15.698001,7.8,15.653486
112438,2019-07-20,SN00/11,7.442,16.083414,9.6,16.06279
112439,2019-07-20,SK00/41,128.93,16.083414,9.6,16.06279
112440,2019-07-20,SU81/1,40.181,16.083414,9.6,16.06279
112441,2019-07-20,SY68/34,65.686,16.083414,9.6,16.06279
112442,2019-07-20,TR14/9,65.925,16.083414,9.6,16.06279
112443,2019-07-20,ST07/10,53.982,16.083414,9.6,16.06279
112444,2019-07-20,SU01/5B,74.61,16.083414,9.6,16.06279
112445,2019-07-20,NY63/2,130.34,16.083414,9.6,16.06279
112446,2019-07-20,ID30/1,113.48,16.083414,9.6,16.06279
112447,2019-07-20,NH95/17,29.321,16.083414,9.6,16.06279
112448,2019-07-20,NO20/14,36.45,16.083414,9.6,16.06279
112449,2019-07-21,SN00/11,7.431,15.670918,13.8,16.976593
112450,2019-07-21,SU01/5B,74.47,15.670918,13.8,16.976593
112451,2019-07-21,SK00/41,128.927,15.670918,13.8,16.976593
112452,2019-07-21,NY63/2,130.325,15.670918,13.8,16.976593
112453,2019-07-21,ST07/10,53.846,15.670918,13.8,16.976593
112454,2019-07-21,SJ62/235,54.059,15.670918,13.8,16.976593
112455,2019-07-21,SU81/1,40.089,15.670918,13.8,16.976593
112456,2019-07-21,SY68/34,65.658,15.670918,13.8,16.976593
112457,2019-07-21,NH95/17,29.308,15.670918,13.8,16.976593
112458,2019-07-21,ID30/1,113.49,15.670918,13.8,16.976593
112459,2019-07-21,TR14/9,65.843,15.670918,13.8,16.976593
112460,2019-07-21,NO20/14,36.423,15.670918,13.8,16.976593
112461,2019-07-22,NY63/2,130.312,18.652166,5.6999993,19.833838
112462,2019-07-22,SN00/11,7.417,18.652166,5.6999993,19.833838
112463,2019-07-22,ST07/10,53.719,18.652166,5.6999993,19.833838
112464,2019-07-22,SU01/5B,74.342,18.652166,5.6999993,19.833838
112465,2019-07-22,SJ62/235,54.063,18.652166,5.6999993,19.833838
112466,2019-07-22,SK00/41,128.924,18.652166,5.6999993,19.833838
112467,2019-07-22,NH95/17,29.304,18.652166,5.6999993,19.833838
112468,2019-07-22,SU81/1,40.006,18.652166,5.6999993,19.833838
112469,2019-07-22,TR14/9,65.755,18.652166,5.6999993,19.833838
112470,2019-07-22,ID30/1,113.74,18.652166,5.6999993,19.833838
112471,2019-07-22,SY68/34,65.631,18.652166,5.6999993,19.833838
112472,2019-07-22,NO20/14,36.434,18.652166,5.6999993,19.833838
112473,2019-07-23,SJ15/13,79.622,21.029251,0.1,14.049693
112474,2019-07-23,ID30/1,113.72,21.029251,0.1,14.049693
112475,2019-07-23,SU81/1,39.926,21.029251,0.1,14.049693
112476,2019-07-23,SN00/11,7.402,21.029251,0.1,14.049693
112477,2019-07-23,SK00/41,128.925,21.029251,0.1,14.049693
112478,2019-07-23,TL33/67,73.81,21.029251,0.1,14.049693
112479,2019-07-23,TA10/63,13.13,21.029251,0.1,14.049693
112480,2019-07-23,TQ25/86,91.56,21.029251,0.1,14.049693
112481,2019-07-23,SU17/57,131.59,21.029251,0.1,14.049693
112482,2019-07-23,SY68/34,65.604,21.029251,0.1,14.049693
112483,2019-07-23,NO20/14,36.445,21.029251,0.1,14.049693
112484,2019-07-23,TR14/9,65.699,21.029251,0.1,14.049693
112485,2019-07-23,NH95/17,29.303,21.029251,0.1,14.049693
112486,2019-07-23,SJ62/235,54.07,21.029251,0.1,14.049693
112487,2019-07-23,SP00/62,100.8,21.029251,0.1,14.049693
112488,2019-07-23,SU01/5B,74.226,21.029251,0.1,14.049693
112489,2019-07-23,NY63/2,130.326,21.029251,0.1,14.049693
112490,2019-07-23,ST07/10,53.582,21.029251,0.1,14.049693
112491,2019-07-24,SK00/41,128.928,20.300085,6.7,14.76575
112492,2019-07-24,ID30/1,113.6,20.300085,6.7,14.76575
112493,2019-07-24,SJ62/235,54.068,20.300085,6.7,14.76575
112494,2019-07-24,TR14/9,65.615,20.300085,6.7,14.76575
112495,2019-07-24,NO20/14,36.469,20.300085,6.7,14.76575
112496,2019-07-24,SJ15/13,79.636,20.300085,6.7,14.76575
112497,2019-07-24,SN00/11,7.384,20.300085,6.7,14.76575
112498,2019-07-24,SU01/5B,74.107,20.300085,6.7,14.76575
112499,2019-07-24,NH95/17,29.305,20.300085,6.7,14.76575
112500,2019-07-24,ST07/10,53.439,20.300085,6.7,14.76575
112501,2019-07-24,SU81/1,39.843,20.300085,6.7,14.76575
112502,2019-07-24,NY63/2,130.324,20.300085,6.7,14.76575
112503,2019-07-24,SY68/34,65.577,20.300085,6.7,14.76575
112504,2019-07-25,SU01/5B,73.991,23.272997,1.9000001,14.516858
112505,2019-07-25,SN00/11,7.368,23.272997,1.9000001,14.516858
112506,2019-07-25,ID30/1,113.53,23.272997,1.9000001,14.516858
112507,2019-07-25,ST07/10,53.309,23.272997,1.9000001,14.516858
112508,2019-07-25,NY63/2,130.322,23.272997,1.9000001,14.516858
112509,2019-07-25,SJ62/235,54.069,23.272997,1.9000001,14.516858
112510,2019-07-25,NH95/17,29.296,23.272997,1.9000001,14.516858
112511,2019-07-25,TV59/7C,1.46,23.272997,1.9000001,14.516858
112512,2019-07-25,SJ15/13,79.637,23.272997,1.9000001,14.516858
112513,2019-07-25,SE94/5,14.973,23.272997,1.9000001,14.516858
112514,2019-07-25,SE95/6,19.33,23.272997,1.9000001,14.516858
112515,2019-07-25,SU81/1,39.761,23.272997,1.9000001,14.516858
112516,2019-07-25,SK00/41,128.93,23.272997,1.9000001,14.516858
112517,2019-07-25,SY68/34,65.549,23.272997,1.9000001,14.516858
112518,2019-07-25,TR14/9,65.54,23.272997,1.9000001,14.516858
112519,2019-07-25,NO20/14,36.463,23.272997,1.9000001,14.516858
112520,2019-07-26,TR14/9,65.468,19.952166,2.0,8.984752
112521,2019-07-26,ID30/1,113.49,19.952166,2.0,8.984752
112522,2019-07-26,ST07/10,53.298,19.952166,2.0,8.984752
112523,2019-07-26,SY68/34,65.522,19.952166,2.0,8.984752
112524,2019-07-26,NY63/2,130.31,19.952166,2.0,8.984752
112525,2019-07-26,NH95/17,29.293,19.952166,2.0,8.984752
112526,2019-07-26,SU01/5B,73.875,19.952166,2.0,8.984752
112527,2019-07-26,SN00/11,7.348,19.952166,2.0,8.984752
112528,2019-07-26,NO20/14,36.451,19.952166,2.0,8.984752
112529,2019-07-26,SJ62/235,54.065,19.952166,2.0,8.984752
112530,2019-07-26,SJ15/13,79.626,19.952166,2.0,8.984752
112531,2019-07-26,SK00/41,128.932,19.952166,2.0,8.984752
112532,2019-07-26,SU81/1,39.681,19.952166,2.0,8.984752
112533,2019-07-27,SK00/41,128.935,16.220913,18.300001,10.636507
112534,2019-07-27,NY63/2,130.356,16.220913,18.300001,10.636507
112535,2019-07-27,TR14/9,65.414,16.220913,18.300001,10.636507
112536,2019-07-27,NH95/17,29.296,16.220913,18.300001,10.636507
112537,2019-07-27,SY68/34,65.497,16.220913,18.300001,10.636507
112538,2019-07-27,SU81/1,39.603,16.220913,18.300001,10.636507
112539,2019-07-27,ST07/10,53.145,16.220913,18.300001,10.636507
112540,2019-07-27,SJ15/13,79.652,16.220913,18.300001,10.636507
112541,2019-07-27,NO20/14,36.44,16.220913,18.300001,10.636507
112542,2019-07-27,SU01/5B,73.766,16.220913,18.300001,10.636507
112543,2019-07-27,SJ62/235,54.065,16.220913,18.300001,10.636507
112544,2019-07-27,ID30/1,113.45,16.220913,18.300001,10.636507
112545,2019-07-27,SN00/11,7.332,16.220913,18.300001,10.636507
112546,2019-07-28,SN00/11,7.317,19.089668,3.7999997,7.6724744
112547,2019-07-28,TR14/9,65.333,19.089668,3.7999997,7.6724744
112548,2019-07-28,SU01/5B,73.656,19.089668,3.7999997,7.6724744
112549,2019-07-28,SY68/34,65.47,19.089668,3.7999997,7.6724744
112550,2019-07-28,NH95/17,29.299,19.089668,3.7999997,7.6724744
112551,2019-07-28,ST07/10,53.001,19.089668,3.7999997,7.6724744
112552,2019-07-28,NO20/14,36.439,19.089668,3.7999997,7.6724744
112553,2019-07-28,SK00/41,128.937,19.089668,3.7999997,7.6724744
112554,2019-07-28,SJ15/13,79.63,19.089668,3.7999997,7.6724744
112555,2019-07-28,ID30/1,113.45,19.089668,3.7999997,7.6724744
112556,2019-07-28,NY63/2,130.374,19.089668,3.7999997,7.6724744
112557,2019-07-28,SJ62/235,54.066,19.089668,3.7999997,7.6724744
112558,2019-07-28,SU81/1,39.514,19.089668,3.7999997,7.6724744
112559,2019-07-29,SJ15/13,79.624,17.202168,2.3,7.214134
112560,2019-07-29,NH95/17,29.296,17.202168,2.3,7.214134
112561,2019-07-29,SU81/1,39.437,17.202168,2.3,7.214134
112562,2019-07-29,SY68/34,65.443,17.202168,2.3,7.214134
112563,2019-07-29,ID30/1,113.55,17.202168,2.3,7.214134
112564,2019-07-29,TR14/9,65.26,17.202168,2.3,7.214134
112565,2019-07-29,NY63/2,130.348,17.202168,2.3,7.214134
112566,2019-07-29,ST07/10,52.879,17.202168,2.3,7.214134
112567,2019-07-29,SJ62/235,54.073,17.202168,2.3,7.214134
112568,2019-07-29,NO20/14,36.427,17.202168,2.3,7.214134
112569,2019-07-29,SN00/11,7.31,17.202168,2.3,7.214134
112570,2019-07-29,SU01/5B,73.548,17.202168,2.3,7.214134
112571,2019-07-29,SK00/41,128.938,17.202168,2.3,7.214134
112572,2019-07-30,ID30/1,113.55,17.72925,5.3,9.441918
112573,2019-07-30,SJ62/235,54.08,17.72925,5.3,9.441918
112574,2019-07-30,TR14/9,65.203,17.72925,5.3,9.441918
112575,2019-07-30,SP00/62,100.71,17.72925,5.3,9.441918
112576,2019-07-30,SK00/41,128.943,17.72925,5.3,9.441918
112577,2019-07-30,SU01/5B,73.447,17.72925,5.3,9.441918
112578,2019-07-30,SN00/11,7.341,17.72925,5.3,9.441918
112579,2019-07-30,NY63/2,130.35,17.72925,5.3,9.441918
112580,2019-07-30,SJ15/13,79.626,17.72925,5.3,9.441918
112581,2019-07-30,SY68/34,65.42,17.72925,5.3,9.441918
112582,2019-07-30,NO20/14,36.407,17.72925,5.3,9.441918
112583,2019-07-30,ST07/10,52.824,17.72925,5.3,9.441918
112584,2019-07-30,TQ25/86,91.42,17.72925,5.3,9.441918
112585,2019-07-30,SU17/57,131.27,17.72925,5.3,9.441918
112586,2019-07-30,NH95/17,29.283,17.72925,5.3,9.441918
112587,2019-07-30,SU81/1,39.365,17.72925,5.3,9.441918
112588,2019-07-31,NH95/17,29.274,17.004251,10.2,11.163991
112589,2019-07-31,SU81/1,39.282,17.004251,10.2,11.163991
112590,2019-07-31,SU17/57,131.35,17.004251,10.2,11.163991
112591,2019-07-31,SJ15/13,79.599,17.004251,10.2,11.163991
112592,2019-07-31,TL33/67,73.73,17.004251,10.2,11.163991
112593,2019-07-31,SN00/11,7.323,17.004251,10.2,11.163991
112594,2019-07-31,SY68/34,65.397,17.004251,10.2,11.163991
112595,2019-07-31,ID30/1,113.5,17.004251,10.2,11.163991
112596,2019-07-31,TF03/37,14.418,17.004251,10.2,11.163991
112597,2019-07-31,SU01/5B,73.334,17.004251,10.2,11.163991
112598,2019-07-31,SK00/41,128.938,17.004251,10.2,11.163991
112599,2019-07-31,NY63/2,130.321,17.004251,10.2,11.163991
112600,2019-07-31,TR14/9,65.122,17.004251,10.2,11.163991
112601,2019-07-31,NO20/14,36.387,17.004251,10.2,11.163991
112602,2019-07-31,SJ62/235,54.075,17.004251,10.2,11.163991
112603,2019-07-31,ST07/10,52.697,17.004251,10.2,11.163991
112604,2019-07-31,TQ25/86,91.03,17.004251,10.2,11.163991
112605,2019-07-31,SP00/62,100.7,17.004251,10.2,11.163991
112606,2019-08-01,TR14/9,65.048,17.256334,2.1000001,8.671654
112607,2019-08-01,SY68/34,65.37,17.256334,2.1000001,8.671654
112608,2019-08-01,SJ15/13,79.574,17.256334,2.1000001,8.671654
112609,2019-08-01,TL44/12,33.62,17.256334,2.1000001,8.671654
112610,2019-08-01,ID30/1,113.47,17.256334,2.1000001,8.671654
112611,2019-08-01,NO20/14,36.365,17.256334,2.1000001,8.671654
112612,2019-08-01,SU81/1,39.225,17.256334,2.1000001,8.671654
112613,2019-08-01,SJ62/235,54.076,17.256334,2.1000001,8.671654
112614,2019-08-01,SK00/41,128.936,17.256334,2.1000001,8.671654
112615,2019-08-01,SU01/5B,73.225,17.256334,2.1000001,8.671654
112616,2019-08-01,ST07/10,52.576,17.256334,2.1000001,8.671654
112617,2019-08-01,NH95/17,29.264,17.256334,2.1000001,8.671654
112618,2019-08-01,NY63/2,130.3,17.256334,2.1000001,8.671654
112619,2019-08-01,SN00/11,7.306,17.256334,2.1000001,8.671654
112620,2019-08-01,TL33/4,73.47,17.256334,2.1000001,8.671654
112621,2019-08-02,NO20/14,36.37,17.023,2.3,5.389704
112622,2019-08-02,NY63/2,130.298,17.023,2.3,5.389704
112623,2019-08-02,SU01/5B,73.121,17.023,2.3,5.389704
112624,2019-08-02,ST07/10,52.453,17.023,2.3,5.389704
112625,2019-08-02,SK00/41,128.932,17.023,2.3,5.389704
112626,2019-08-02,NH95/17,29.259,17.023,2.3,5.389704
112627,2019-08-02,SU81/1,39.165,17.023,2.3,5.389704
112628,2019-08-02,SY68/34,65.345,17.023,2.3,5.389704
112629,2019-08-02,SJ15/13,79.57,17.023,2.3,5.389704
112630,2019-08-02,TR14/9,64.957,17.023,2.3,5.389704
112631,2019-08-02,SN00/11,7.293,17.023,2.3,5.389704
112632,2019-08-02,ID30/1,113.42,17.023,2.3,5.389704
112633,2019-08-02,SJ62/235,54.079,17.023,2.3,5.389704
112634,2019-08-03,SK00/41,128.931,18.275084,0.6,7.1660843
112635,2019-08-03,NO20/14,36.372,18.275084,0.6,7.1660843
112636,2019-08-03,SJ15/13,79.58,18.275084,0.6,7.1660843
112637,2019-08-03,SU01/5B,73.02,18.275084,0.6,7.1660843
112638,2019-08-03,ID30/1,113.41,18.275084,0.6,7.1660843
112639,2019-08-03,SU81/1,39.099,18.275084,0.6,7.1660843
112640,2019-08-03,SY68/34,65.322,18.275084,0.6,7.1660843
112641,2019-08-03,TR14/9,64.875,18.275084,0.6,7.1660843
112642,2019-08-03,SJ62/235,54.083,18.275084,0.6,7.1660843
112643,2019-08-03,NH95/17,29.256,18.275084,0.6,7.1660843
112644,2019-08-03,ST07/10,52.336,18.275084,0.6,7.1660843
112645,2019-08-03,NY63/2,130.313,18.275084,0.6,7.1660843
112646,2019-08-03,SN00/11,7.28,18.275084,0.6,7.1660843
112647,2019-08-04,NO20/14,36.383,18.12925,6.1000004,12.128093
112648,2019-08-04,NY63/2,130.332,18.12925,6.1000004,12.128093
112649,2019-08-04,SU81/1,39.031,18.12925,6.1000004,12.128093
112650,2019-08-04,ST07/10,52.248,18.12925,6.1000004,12.128093
112651,2019-08-04,NH95/17,29.272,18.12925,6.1000004,12.128093
112652,2019-08-04,SJ15/13,79.603,18.12925,6.1000004,12.128093
112653,2019-08-04,TR14/9,64.805,18.12925,6.1000004,12.128093
112654,2019-08-04,SK00/41,128.935,18.12925,6.1000004,12.128093
112655,2019-08-04,SU01/5B,72.926,18.12925,6.1000004,12.128093
112656,2019-08-04,SY68/34,65.298,18.12925,6.1000004,12.128093
112657,2019-08-04,SN00/11,7.296,18.12925,6.1000004,12.128093
112658,2019-08-04,ID30/1,113.41,18.12925,6.1000004,12.128093
112659,2019-08-04,SJ62/235,54.087,18.12925,6.1000004,12.128093
112660,2019-08-05,SJ15/13,79.61,16.2105,1.1000001,14.720624
112661,2019-08-05,SY68/34,65.274,16.2105,1.1000001,14.720624
112662,2019-08-05,SU81/1,38.955,16.2105,1.1000001,14.720624
112663,2019-08-05,ID30/1,113.4,16.2105,1.1000001,14.720624
112664,2019-08-05,SK00/41,128.937,16.2105,1.1000001,14.720624
112665,2019-08-05,TR14/9,64.731,16.2105,1.1000001,14.720624
112666,2019-08-05,NO20/14,36.405,16.2105,1.1000001,14.720624
112667,2019-08-05,NY63/2,130.326,16.2105,1.1000001,14.720624
112668,2019-08-05,SN00/11,7.302,16.2105,1.1000001,14.720624
112669,2019-08-05,ST07/10,52.096,16.2105,1.1000001,14.720624
112670,2019-08-05,NH95/17,29.29,16.2105,1.1000001,14.720624
112671,2019-08-05,SU01/5B,72.83,16.2105,1.1000001,14.720624
112672,2019-08-05,SJ62/235,54.087,16.2105,1.1000001,14.720624
112673,2019-08-06,SY68/34,65.251,15.320915,19.400002,14.9142475
112674,2019-08-06,SN00/11,7.292,15.320915,19.400002,14.9142475
112675,2019-08-06,SJ62/235,54.089,15.320915,19.400002,14.9142475
112676,2019-08-06,NO20/14,36.4,15.320915,19.400002,14.9142475
112677,2019-08-06,SK00/41,128.939,15.320915,19.400002,14.9142475
112678,2019-08-06,SU81/1,38.879,15.320915,19.400002,14.9142475
112679,2019-08-06,SU01/5B,72.739,15.320915,19.400002,14.9142475
112680,2019-08-06,TQ25/86,90.58,15.320915,19.400002,14.9142475
112681,2019-08-06,NH95/17,29.324,15.320915,19.400002,14.9142475
112682,2019-08-06,TR14/9,64.676,15.320915,19.400002,14.9142475
112683,2019-08-06,SP00/62,100.58,15.320915,19.400002,14.9142475
112684,2019-08-06,ST07/10,52.0,15.320915,19.400002,14.9142475
112685,2019-08-06,NY63/2,130.346,15.320915,19.400002,14.9142475
112686,2019-08-06,TL33/67,73.55,15.320915,19.400002,14.9142475
112687,2019-08-06,SJ15/13,79.61,15.320915,19.400002,14.9142475
112688,2019-08-06,SU17/57,131.08,15.320915,19.400002,14.9142475
112689,2019-08-06,ID30/1,113.42,15.320915,19.400002,14.9142475
112690,2019-08-07,NY63/2,130.319,14.918834,2.1,12.620853
112691,2019-08-07,SK00/41,128.946,14.918834,2.1,12.620853
112692,2019-08-07,SN00/11,7.273,14.918834,2.1,12.620853
112693,2019-08-07,NH95/17,29.433,14.918834,2.1,12.620853
112694,2019-08-07,SU81/1,38.8,14.918834,2.1,12.620853
112695,2019-08-07,SY68/34,65.227,14.918834,2.1,12.620853
112696,2019-08-07,SU01/5B,72.645,14.918834,2.1,12.620853
112697,2019-08-07,ST07/10,51.981,14.918834,2.1,12.620853
112698,2019-08-07,NO20/14,36.397,14.918834,2.1,12.620853
112699,2019-08-07,ID30/1,113.42,14.918834,2.1,12.620853
112700,2019-08-07,TF81/2A,42.22,14.918834,2.1,12.620853
112701,2019-08-07,TR14/9,64.598,14.918834,2.1,12.620853
112702,2019-08-07,SJ15/13,79.597,14.918834,2.1,12.620853
112703,2019-08-07,SJ62/235,54.083,14.918834,2.1,12.620853
112704,2019-08-08,NH95/17,29.475,16.081333,0.8,7.557876
112705,2019-08-08,NY63/2,130.309,16.081333,0.8,7.557876
112706,2019-08-08,SU01/5B,72.555,16.081333,0.8,7.557876
112707,2019-08-08,TR14/9,64.524,16.081333,0.8,7.557876
112708,2019-08-08,SY68/34,65.208,16.081333,0.8,7.557876
112709,2019-08-08,TL44/12,33.56,16.081333,0.8,7.557876
112710,2019-08-08,ST07/10,52.057,16.081333,0.8,7.557876
112711,2019-08-08,SN00/11,7.295,16.081333,0.8,7.557876
112712,2019-08-08,SJ15/13,79.579,16.081333,0.8,7.557876
112713,2019-08-08,SJ62/235,54.085,16.081333,0.8,7.557876
112714,2019-08-08,SK00/41,128.948,16.081333,0.8,7.557876
112715,2019-08-08,SU81/1,38.726,16.081333,0.8,7.557876
112716,2019-08-08,ID30/1,113.4,16.081333,0.8,7.557876
112717,2019-08-08,NO20/14,36.414,16.081333,0.8,7.557876
112718,2019-08-09,SJ62/235,54.093,17.473,18.200003,19.37445
112719,2019-08-09,ID30/1,113.91,17.473,18.200003,19.37445
112720,2019-08-09,TR14/9,64.477,17.473,18.200003,19.37445
112721,2019-08-09,SK00/41,128.952,17.473,18.200003,19.37445
112722,2019-08-09,SJ15/13,79.62,17.473,18.200003,19.37445
112723,2019-08-09,SU81/1,38.662,17.473,18.200003,19.37445
112724,2019-08-09,ST07/10,52.731,17.473,18.200003,19.37445
112725,2019-08-09,SY68/34,65.197,17.473,18.200003,19.37445
112726,2019-08-09,SU01/5B,72.478,17.473,18.200003,19.37445
112727,2019-08-09,NO20/14,36.455,17.473,18.200003,19.37445
112728,2019-08-09,NH95/17,29.522,17.473,18.200003,19.37445
112729,2019-08-09,SN00/11,7.388,17.473,18.200003,19.37445
112730,2019-08-09,NY63/2,130.371,17.473,18.200003,19.37445
112731,2019-08-10,NO20/14,36.528,16.531332,40.700005,17.95053
112732,2019-08-10,SN00/11,7.411,16.531332,40.700005,17.95053
112733,2019-08-10,NH95/17,29.573,16.531332,40.700005,17.95053
112734,2019-08-10,NY63/2,130.374,16.531332,40.700005,17.95053
112735,2019-08-10,SU01/5B,72.383,16.531332,40.700005,17.95053
112736,2019-08-10,SK00/41,128.953,16.531332,40.700005,17.95053
112737,2019-08-10,ST07/10,53.033,16.531332,40.700005,17.95053
112738,2019-08-10,SJ15/13,79.61,16.531332,40.700005,17.95053
112739,2019-08-10,TR14/9,64.406,16.531332,40.700005,17.95053
112740,2019-08-10,SJ62/235,54.09,16.531332,40.700005,17.95053
112741,2019-08-10,ID30/1,114.4,16.531332,40.700005,17.95053
112742,2019-08-10,SU81/1,38.583,16.531332,40.700005,17.95053
112743,2019-08-10,SY68/34,65.176,16.531332,40.700005,17.95053
112744,2019-08-11,NY63/2,130.399,14.2021675,15.200001,11.430758
112745,2019-08-11,SJ15/13,79.569,14.2021675,15.200001,11.430758
112746,2019-08-11,SN00/11,7.423,14.2021675,15.200001,11.430758
112747,2019-08-11,ID30/1,114.33,14.2021675,15.200001,11.430758
112748,2019-08-11,SK00/41,128.949,14.2021675,15.200001,11.430758
112749,2019-08-11,NH95/17,29.564,14.2021675,15.200001,11.430758
112750,2019-08-11,TR14/9,64.34,14.2021675,15.200001,11.430758
112751,2019-08-11,ST07/10,53.101,14.2021675,15.200001,11.430758
112752,2019-08-11,SJ62/235,54.092,14.2021675,15.200001,11.430758
112753,2019-08-11,SY68/34,65.155,14.2021675,15.200001,11.430758
112754,2019-08-11,SU01/5B,72.29,14.2021675,15.200001,11.430758
112755,2019-08-11,SU81/1,38.506,14.2021675,15.200001,11.430758
112756,2019-08-11,NO20/14,36.501,14.2021675,15.200001,11.430758
112757,2019-08-12,SY68/34,65.134,12.323001,1.9000001,9.987585
112758,2019-08-12,TR14/9,64.265,12.323001,1.9000001,9.987585
112759,2019-08-12,ST07/10,53.166,12.323001,1.9000001,9.987585
112760,2019-08-12,ID30/1,114.22,12.323001,1.9000001,9.987585
112761,2019-08-12,NO20/14,36.528,12.323001,1.9000001,9.987585
112762,2019-08-12,SJ15/13,79.55,12.323001,1.9000001,9.987585
112763,2019-08-12,SJ62/235,54.094,12.323001,1.9000001,9.987585
112764,2019-08-12,SU81/1,38.434,12.323001,1.9000001,9.987585
112765,2019-08-12,SU01/5B,72.201,12.323001,1.9000001,9.987585
112766,2019-08-12,SK00/41,128.945,12.323001,1.9000001,9.987585
112767,2019-08-12,NY63/2,130.412,12.323001,1.9000001,9.987585
112768,2019-08-12,SN00/11,7.413,12.323001,1.9000001,9.987585
112769,2019-08-12,NH95/17,29.57,12.323001,1.9000001,9.987585
112770,2019-08-13,TL33/67,73.4,12.254251,3.0,10.015628
112771,2019-08-13,ST07/10,53.411,12.254251,3.0,10.015628
112772,2019-08-13,SK00/41,128.942,12.254251,3.0,10.015628
112773,2019-08-13,SU81/1,38.359,12.254251,3.0,10.015628
112774,2019-08-13,NY63/2,130.424,12.254251,3.0,10.015628
112775,2019-08-13,SY68/34,65.112,12.254251,3.0,10.015628
112776,2019-08-13,TQ25/86,90.22,12.254251,3.0,10.015628
112777,2019-08-13,SP00/62,100.54,12.254251,3.0,10.015628
112778,2019-08-13,ID30/1,114.17,12.254251,3.0,10.015628
112779,2019-08-13,SN00/11,7.402,12.254251,3.0,10.015628
112780,2019-08-13,NO20/14,36.533,12.254251,3.0,10.015628
112781,2019-08-13,SJ62/235,54.098,12.254251,3.0,10.015628
112782,2019-08-13,TR14/9,64.179,12.254251,3.0,10.015628
112783,2019-08-13,SU01/5B,72.116,12.254251,3.0,10.015628
112784,2019-08-13,NH95/17,29.564,12.254251,3.0,10.015628
112785,2019-08-13,SJ15/13,79.546,12.254251,3.0,10.015628
112786,2019-08-13,SU17/57,130.98,12.254251,3.0,10.015628
112787,2019-08-14,SY68/34,65.096,14.039666,7.5999994,12.552552
112788,2019-08-14,SU81/1,38.307,14.039666,7.5999994,12.552552
112789,2019-08-14,TR14/9,64.135,14.039666,7.5999994,12.552552
112790,2019-08-14,NH95/17,29.55,14.039666,7.5999994,12.552552
112791,2019-08-14,SJ15/13,79.576,14.039666,7.5999994,12.552552
112792,2019-08-14,SK00/41,128.946,14.039666,7.5999994,12.552552
112793,2019-08-14,ST07/10,54.405,14.039666,7.5999994,12.552552
112794,2019-08-14,NY63/2,130.463,14.039666,7.5999994,12.552552
112795,2019-08-14,ID30/1,114.14,14.039666,7.5999994,12.552552
112796,2019-08-14,NO20/14,36.535,14.039666,7.5999994,12.552552
112797,2019-08-14,SJ62/235,54.108,14.039666,7.5999994,12.552552
112798,2019-08-14,SU01/5B,72.044,14.039666,7.5999994,12.552552
112799,2019-08-14,SN00/11,7.494,14.039666,7.5999994,12.552552
112800,2019-08-15,ST07/10,54.864,14.589667,1.7000002,16.941854
112801,2019-08-15,NY63/2,130.422,14.589667,1.7000002,16.941854
112802,2019-08-15,SY68/34,65.078,14.589667,1.7000002,16.941854
112803,2019-08-15,NH95/17,29.591,14.589667,1.7000002,16.941854
112804,2019-08-15,SJ62/235,54.108,14.589667,1.7000002,16.941854
112805,2019-08-15,SJ15/13,79.561,14.589667,1.7000002,16.941854
112806,2019-08-15,TR14/9,64.047,14.589667,1.7000002,16.941854
112807,2019-08-15,SK00/41,128.949,14.589667,1.7000002,16.941854
112808,2019-08-15,SU01/5B,71.96,14.589667,1.7000002,16.941854
112809,2019-08-15,SN00/11,7.506,14.589667,1.7000002,16.941854
112810,2019-08-15,SU81/1,38.242,14.589667,1.7000002,16.941854
112811,2019-08-15,ID30/1,114.15,14.589667,1.7000002,16.941854
112812,2019-08-15,NO20/14,36.518,14.589667,1.7000002,16.941854
112813,2019-08-16,SN00/11,7.612,15.364666,12.299999,20.813078
112814,2019-08-16,NH95/17,29.606,15.364666,12.299999,20.813078
112815,2019-08-16,SU01/5B,71.891,15.364666,12.299999,20.813078
112816,2019-08-16,ST07/10,56.08,15.364666,12.299999,20.813078
112817,2019-08-16,SJ62/235,54.124,15.364666,12.299999,20.813078
112818,2019-08-16,SY68/34,65.107,15.364666,12.299999,20.813078
112819,2019-08-16,TR14/9,63.988,15.364666,12.299999,20.813078
112820,2019-08-16,NO20/14,36.55,15.364666,12.299999,20.813078
112821,2019-08-16,SU81/1,38.193,15.364666,12.299999,20.813078
112822,2019-08-16,SJ15/13,79.584,15.364666,12.299999,20.813078
112823,2019-08-16,SK00/41,128.947,15.364666,12.299999,20.813078
112824,2019-08-16,ID30/1,114.23,15.364666,12.299999,20.813078
112825,2019-08-16,NY63/2,130.467,15.364666,12.299999,20.813078
112826,2019-08-17,NO20/14,36.677,14.731334,3.6999993,17.802689
112827,2019-08-17,ID30/1,114.33,14.731334,3.6999993,17.802689
112828,2019-08-17,SU81/1,38.147,14.731334,3.6999993,17.802689
112829,2019-08-17,SJ62/235,54.128,14.731334,3.6999993,17.802689
112830,2019-08-17,SJ15/13,79.592,14.731334,3.6999993,17.802689
112831,2019-08-17,SK00/41,128.951,14.731334,3.6999993,17.802689
112832,2019-08-17,SU01/5B,71.822,14.731334,3.6999993,17.802689
112833,2019-08-17,NH95/17,29.605,14.731334,3.6999993,17.802689
112834,2019-08-17,ST07/10,58.033,14.731334,3.6999993,17.802689
112835,2019-08-17,SN00/11,7.695,14.731334,3.6999993,17.802689
112836,2019-08-17,NY63/2,130.445,14.731334,3.6999993,17.802689
112837,2019-08-17,SY68/34,65.109,14.731334,3.6999993,17.802689
112838,2019-08-17,TR14/9,63.944,14.731334,3.6999993,17.802689
112839,2019-08-18,NY63/2,130.428,13.820916,10.000001,16.764317
112840,2019-08-18,NO20/14,36.759,13.820916,10.000001,16.764317
112841,2019-08-18,SU01/5B,71.749,13.820916,10.000001,16.764317
112842,2019-08-18,SU81/1,38.082,13.820916,10.000001,16.764317
112843,2019-08-18,SJ62/235,54.13,13.820916,10.000001,16.764317
112844,2019-08-18,SY68/34,65.087,13.820916,10.000001,16.764317
112845,2019-08-18,NH95/17,29.591,13.820916,10.000001,16.764317
112846,2019-08-18,TR14/9,63.882,13.820916,10.000001,16.764317
112847,2019-08-18,SJ15/13,79.583,13.820916,10.000001,16.764317
112848,2019-08-18,ID30/1,114.31,13.820916,10.000001,16.764317
112849,2019-08-18,ST07/10,58.849,13.820916,10.000001,16.764317
112850,2019-08-18,SK00/41,128.953,13.820916,10.000001,16.764317
112851,2019-08-18,SN00/11,7.713,13.820916,10.000001,16.764317
112852,2019-08-19,SJ15/13,79.546,13.477168,4.9,14.954616
112853,2019-08-19,TR14/9,63.82,13.477168,4.9,14.954616
112854,2019-08-19,ST07/10,59.251,13.477168,4.9,14.954616
112855,2019-08-19,NH95/17,29.542,13.477168,4.9,14.954616
112856,2019-08-19,SN00/11,7.7,13.477168,4.9,14.954616
112857,2019-08-19,SU01/5B,71.669,13.477168,4.9,14.954616
112858,2019-08-19,NY63/2,130.387,13.477168,4.9,14.954616
112859,2019-08-19,NO20/14,36.784,13.477168,4.9,14.954616
112860,2019-08-19,ID30/1,114.26,13.477168,4.9,14.954616
112861,2019-08-19,SU81/1,38.01,13.477168,4.9,14.954616
112862,2019-08-19,SY68/34,65.066,13.477168,4.9,14.954616
112863,2019-08-19,SK00/41,128.951,13.477168,4.9,14.954616
112864,2019-08-19,SJ62/235,54.126,13.477168,4.9,14.954616
112865,2019-08-20,SU81/1,37.949,13.270917,8.3,12.095934
112866,2019-08-20,SJ62/235,54.123,13.270917,8.3,12.095934
112867,2019-08-20,TR14/9,63.742,13.270917,8.3,12.095934
112868,2019-08-20,SN00/11,7.673,13.270917,8.3,12.095934
112869,2019-08-20,ST07/10,59.372,13.270917,8.3,12.095934
112870,2019-08-20,TQ25/86,89.75,13.270917,8.3,12.095934
112871,2019-08-20,ID30/1,114.22,13.270917,8.3,12.095934
112872,2019-08-20,SP00/62,100.59,13.270917,8.3,12.095934
112873,2019-08-20,SU17/57,130.83,13.270917,8.3,12.095934
112874,2019-08-20,SJ15/13,79.516,13.270917,8.3,12.095934
112875,2019-08-20,SK00/41,128.946,13.270917,8.3,12.095934
112876,2019-08-20,TL33/67,73.35,13.270917,8.3,12.095934
112877,2019-08-20,NO20/14,36.793,13.270917,8.3,12.095934
112878,2019-08-20,NH95/17,29.519,13.270917,8.3,12.095934
112879,2019-08-20,SY68/34,65.047,13.270917,8.3,12.095934
112880,2019-08-20,TL33/4,73.37,13.270917,8.3,12.095934
112881,2019-08-20,SU01/5B,71.592,13.270917,8.3,12.095934
112882,2019-08-20,NY63/2,130.381,13.270917,8.3,12.095934
112883,2019-08-21,NY63/2,130.41,14.356332,9.400001,16.72658
112884,2019-08-21,NH95/17,29.528,14.356332,9.400001,16.72658
112885,2019-08-21,SN00/11,7.653,14.356332,9.400001,16.72658
112886,2019-08-21,SJ15/13,79.513,14.356332,9.400001,16.72658
112887,2019-08-21,SU01/5B,71.526,14.356332,9.400001,16.72658
112888,2019-08-21,ST07/10,59.248,14.356332,9.400001,16.72658
112889,2019-08-21,ID30/1,114.22,14.356332,9.400001,16.72658
112890,2019-08-21,SJ62/235,54.126,14.356332,9.400001,16.72658
112891,2019-08-21,TR14/9,63.678,14.356332,9.400001,16.72658
112892,2019-08-21,SY68/34,65.028,14.356332,9.400001,16.72658
112893,2019-08-21,SK00/41,128.937,14.356332,9.400001,16.72658
112894,2019-08-21,NO20/14,36.841,14.356332,9.400001,16.72658
112895,2019-08-21,SU81/1,37.893,14.356332,9.400001,16.72658
112896,2019-08-22,TL44/12,33.29,15.80425,12.9000025,13.845887
112897,2019-08-22,NY63/2,130.418,15.80425,12.9000025,13.845887
112898,2019-08-22,SU81/1,37.836,15.80425,12.9000025,13.845887
112899,2019-08-22,NH95/17,29.516,15.80425,12.9000025,13.845887
112900,2019-08-22,NO20/14,36.89,15.80425,12.9000025,13.845887
112901,2019-08-22,ST07/10,58.98,15.80425,12.9000025,13.845887
112902,2019-08-22,TR14/9,63.609,15.80425,12.9000025,13.845887
112903,2019-08-22,SJ62/235,54.125,15.80425,12.9000025,13.845887
112904,2019-08-22,SJ15/13,79.524,15.80425,12.9000025,13.845887
112905,2019-08-22,SU01/5B,71.466,15.80425,12.9000025,13.845887
112906,2019-08-22,SN00/11,7.621,15.80425,12.9000025,13.845887
112907,2019-08-22,SK00/41,128.938,15.80425,12.9000025,13.845887
112908,2019-08-22,ID30/1,114.33,15.80425,12.9000025,13.845887
112909,2019-08-22,SY68/34,65.01,15.80425,12.9000025,13.845887
112910,2019-08-23,ID30/1,114.31,17.268831,0.0,13.408367
112911,2019-08-23,SN00/11,7.59,17.268831,0.0,13.408367
112912,2019-08-23,SJ15/13,79.519,17.268831,0.0,13.408367
112913,2019-08-23,TR14/9,63.547,17.268831,0.0,13.408367
112914,2019-08-23,SJ62/235,54.126,17.268831,0.0,13.408367
112915,2019-08-23,ST07/10,58.733,17.268831,0.0,13.408367
112916,2019-08-23,SU01/5B,71.411,17.268831,0.0,13.408367
112917,2019-08-23,TM15/112,24.76,17.268831,0.0,13.408367
112918,2019-08-23,NY63/2,130.417,17.268831,0.0,13.408367
112919,2019-08-23,SU81/1,37.784,17.268831,0.0,13.408367
112920,2019-08-23,NH95/17,29.498,17.268831,0.0,13.408367
112921,2019-08-23,SK00/41,128.935,17.268831,0.0,13.408367
112922,2019-08-23,NO20/14,36.902,17.268831,0.0,13.408367
112923,2019-08-23,SY68/34,64.991,17.268831,0.0,13.408367
112924,2019-08-23,TF81/2A,42.145,17.268831,0.0,13.408367
112925,2019-08-24,SY68/34,64.972,18.64175,0.0,10.570543
112926,2019-08-24,ST07/10,58.424,18.64175,0.0,10.570543
112927,2019-08-24,NH95/17,29.5,18.64175,0.0,10.570543
112928,2019-08-24,SK00/41,128.937,18.64175,0.0,10.570543
112929,2019-08-24,SJ15/13,79.531,18.64175,0.0,10.570543
112930,2019-08-24,ID30/1,114.36,18.64175,0.0,10.570543
112931,2019-08-24,SN00/11,7.557,18.64175,0.0,10.570543
112932,2019-08-24,SU01/5B,71.394,18.64175,0.0,10.570543
112933,2019-08-24,NO20/14,36.929,18.64175,0.0,10.570543
112934,2019-08-24,TR14/9,63.494,18.64175,0.0,10.570543
112935,2019-08-24,NY63/2,130.428,18.64175,0.0,10.570543
112936,2019-08-24,SU81/1,37.731,18.64175,0.0,10.570543
112937,2019-08-24,SJ62/235,54.126,18.64175,0.0,10.570543
112938,2019-08-25,SU81/1,37.673,20.731333,0.0,9.270932
112939,2019-08-25,NH95/17,29.485,20.731333,0.0,9.270932
112940,2019-08-25,NO20/14,36.963,20.731333,0.0,9.270932
112941,2019-08-25,NY63/2,130.418,20.731333,0.0,9.270932
112942,2019-08-25,SK00/41,128.939,20.731333,0.0,9.270932
112943,2019-08-25,SJ62/235,54.123,20.731333,0.0,9.270932
112944,2019-08-25,SJ15/13,79.528,20.731333,0.0,9.270932
112945,2019-08-25,ST07/10,58.125,20.731333,0.0,9.270932
112946,2019-08-25,SU01/5B,71.391,20.731333,0.0,9.270932
112947,2019-08-25,ID30/1,114.32,20.731333,0.0,9.270932
112948,2019-08-25,SY68/34,64.95,20.731333,0.0,9.270932
112949,2019-08-25,TR14/9,63.426,20.731333,0.0,9.270932
112950,2019-08-25,SN00/11,7.52,20.731333,0.0,9.270932
112951,2019-08-26,TR14/9,63.368,17.350084,0.0,8.56911
112952,2019-08-26,NO20/14,36.994,17.350084,0.0,8.56911
112953,2019-08-26,ID30/1,114.28,17.350084,0.0,8.56911
112954,2019-08-26,SU81/1,37.618,17.350084,0.0,8.56911
112955,2019-08-26,ST07/10,57.879,17.350084,0.0,8.56911
112956,2019-08-26,SK00/41,128.939,17.350084,0.0,8.56911
112957,2019-08-26,NH95/17,29.487,17.350084,0.0,8.56911
112958,2019-08-26,SJ62/235,54.122,17.350084,0.0,8.56911
112959,2019-08-26,SY68/34,64.928,17.350084,0.0,8.56911
112960,2019-08-26,SN00/11,7.489,17.350084,0.0,8.56911
112961,2019-08-26,SU01/5B,71.262,17.350084,0.0,8.56911
112962,2019-08-26,NY63/2,130.42,17.350084,0.0,8.56911
112963,2019-08-26,SJ15/13,79.522,17.350084,0.0,8.56911
112964,2019-08-27,SU81/1,37.571,17.737583,5.8,6.4912615
112965,2019-08-27,ST07/10,57.653,17.737583,5.8,6.4912615
112966,2019-08-27,SU17/57,130.55,17.737583,5.8,6.4912615
112967,2019-08-27,TL33/67,73.26,17.737583,5.8,6.4912615
112968,2019-08-27,SY68/34,64.907,17.737583,5.8,6.4912615
112969,2019-08-27,SJ15/13,79.53,17.737583,5.8,6.4912615
112970,2019-08-27,TR14/9,63.322,17.737583,5.8,6.4912615
112971,2019-08-27,SU01/5B,71.216,17.737583,5.8,6.4912615
112972,2019-08-27,SP00/62,100.59,17.737583,5.8,6.4912615
112973,2019-08-27,SN00/11,7.461,17.737583,5.8,6.4912615
112974,2019-08-27,SJ62/235,54.123,17.737583,5.8,6.4912615
112975,2019-08-27,NY63/2,130.434,17.737583,5.8,6.4912615
112976,2019-08-27,NO20/14,37.024,17.737583,5.8,6.4912615
112977,2019-08-27,TQ25/86,89.41,17.737583,5.8,6.4912615
112978,2019-08-27,NH95/17,29.477,17.737583,5.8,6.4912615
112979,2019-08-27,ID30/1,114.27,17.737583,5.8,6.4912615
112980,2019-08-27,SK00/41,128.938,17.737583,5.8,6.4912615
112981,2019-08-27,TA10/63,13.52,17.737583,5.8,6.4912615
112982,2019-08-28,SJ15/13,79.533,14.454249,0.8,13.047188
112983,2019-08-28,SJ62/235,54.118,14.454249,0.8,13.047188
112984,2019-08-28,NO20/14,37.056,14.454249,0.8,13.047188
112985,2019-08-28,ID30/1,114.21,14.454249,0.8,13.047188
112986,2019-08-28,SU81/1,37.513,14.454249,0.8,13.047188
112987,2019-08-28,NY63/2,130.421,14.454249,0.8,13.047188
112988,2019-08-28,SK00/41,128.94,14.454249,0.8,13.047188
112989,2019-08-28,TR14/9,63.271,14.454249,0.8,13.047188
112990,2019-08-28,SU01/5B,71.173,14.454249,0.8,13.047188
112991,2019-08-28,SY68/34,64.889,14.454249,0.8,13.047188
112992,2019-08-28,ST07/10,57.432,14.454249,0.8,13.047188
112993,2019-08-28,NH95/17,29.488,14.454249,0.8,13.047188
112994,2019-08-28,SN00/11,7.443,14.454249,0.8,13.047188
112995,2019-08-28,TV59/7C,1.48,14.454249,0.8,13.047188
112996,2019-08-29,SU81/1,37.458,14.708417,2.1000001,18.450113
112997,2019-08-29,SU01/5B,71.117,14.708417,2.1000001,18.450113
112998,2019-08-29,SJ15/13,79.517,14.708417,2.1000001,18.450113
112999,2019-08-29,NO20/14,37.065,14.708417,2.1000001,18.450113
113000,2019-08-29,SY68/34,64.878,14.708417,2.1000001,18.450113
113001,2019-08-29,SJ62/235,54.115,14.708417,2.1000001,18.450113
113002,2019-08-29,NH95/17,29.494,14.708417,2.1000001,18.450113
113003,2019-08-29,SN00/11,7.418,14.708417,2.1000001,18.450113
113004,2019-08-29,TR14/9,63.19,14.708417,2.1000001,18.450113
113005,2019-08-29,ID30/1,114.18,14.708417,2.1000001,18.450113
113006,2019-08-29,NY63/2,130.409,14.708417,2.1000001,18.450113
113007,2019-08-29,SK00/41,128.94,14.708417,2.1000001,18.450113
113008,2019-08-29,ST07/10,57.265,14.708417,2.1000001,18.450113
113009,2019-08-30,SK00/41,128.944,15.916751,7.2999997,21.901033
113010,2019-08-30,SN00/11,7.38,15.916751,7.2999997,21.901033
113011,2019-08-30,NH95/17,29.481,15.916751,7.2999997,21.901033
113012,2019-08-30,ST07/10,57.089,15.916751,7.2999997,21.901033
113013,2019-08-30,SY68/34,64.861,15.916751,7.2999997,21.901033
113014,2019-08-30,SU01/5B,71.074,15.916751,7.2999997,21.901033
113015,2019-08-30,TR14/9,63.138,15.916751,7.2999997,21.901033
113016,2019-08-30,SE94/5,13.73,15.916751,7.2999997,21.901033
113017,2019-08-30,NO20/14,37.098,15.916751,7.2999997,21.901033
113018,2019-08-30,SU81/1,37.403,15.916751,7.2999997,21.901033
113019,2019-08-30,SE95/6,18.85,15.916751,7.2999997,21.901033
113020,2019-08-30,NY63/2,130.414,15.916751,7.2999997,21.901033
113021,2019-08-30,SJ62/235,54.12,15.916751,7.2999997,21.901033
113022,2019-08-30,ID30/1,114.13,15.916751,7.2999997,21.901033
113023,2019-08-30,SJ15/13,79.517,15.916751,7.2999997,21.901033
113024,2019-08-31,SJ15/13,79.535,13.925084,4.9999995,20.318666
113025,2019-08-31,SU17/57,130.42,13.925084,4.9999995,20.318666
113026,2019-08-31,SK00/41,128.947,13.925084,4.9999995,20.318666
113027,2019-08-31,NY63/2,130.411,13.925084,4.9999995,20.318666
113028,2019-08-31,NH95/17,29.525,13.925084,4.9999995,20.318666
113029,2019-08-31,TF03/37,14.437,13.925084,4.9999995,20.318666
113030,2019-08-31,TQ25/86,89.26,13.925084,4.9999995,20.318666
113031,2019-08-31,SJ62/235,54.114,13.925084,4.9999995,20.318666
113032,2019-08-31,SY68/34,64.845,13.925084,4.9999995,20.318666
113033,2019-08-31,ST07/10,56.905,13.925084,4.9999995,20.318666
113034,2019-08-31,SP00/62,100.56,13.925084,4.9999995,20.318666
113035,2019-08-31,TR14/9,63.091,13.925084,4.9999995,20.318666
113036,2019-08-31,SU01/5B,71.038,13.925084,4.9999995,20.318666
113037,2019-08-31,ID30/1,114.46,13.925084,4.9999995,20.318666
113038,2019-08-31,NO20/14,37.146,13.925084,4.9999995,20.318666
113039,2019-08-31,TL33/67,73.19,13.925084,4.9999995,20.318666
113040,2019-08-31,SU81/1,37.36,13.925084,4.9999995,20.318666
113041,2019-09-01,NH95/17,29.598,11.727166,4.2,12.470102
113042,2019-09-01,NY63/2,130.374,11.727166,4.2,12.470102
113043,2019-09-01,TR14/9,63.022,11.727166,4.2,12.470102
113044,2019-09-01,SU81/1,37.292,11.727166,4.2,12.470102
113045,2019-09-01,TF81/2A,41.95,11.727166,4.2,12.470102
113046,2019-09-01,SJ62/235,54.112,11.727166,4.2,12.470102
113047,2019-09-01,SY68/34,64.825,11.727166,4.2,12.470102
113048,2019-09-01,SJ15/13,79.499,11.727166,4.2,12.470102
113049,2019-09-01,SN00/11,7.352,11.727166,4.2,12.470102
113050,2019-09-01,ST07/10,56.716,11.727166,4.2,12.470102
113051,2019-09-01,NO20/14,37.137,11.727166,4.2,12.470102
113052,2019-09-01,ID30/1,114.66,11.727166,4.2,12.470102
113053,2019-09-01,SU01/5B,70.988,11.727166,4.2,12.470102
113054,2019-09-01,SK00/41,128.946,11.727166,4.2,12.470102
113055,2019-09-02,SN00/11,7.33,12.777168,5.799999,12.332703
113056,2019-09-02,ID30/1,114.62,12.777168,5.799999,12.332703
113057,2019-09-02,SJ15/13,79.488,12.777168,5.799999,12.332703
113058,2019-09-02,SK00/41,128.938,12.777168,5.799999,12.332703
113059,2019-09-02,NY63/2,130.383,12.777168,5.799999,12.332703
113060,2019-09-02,TL33/4,73.01,12.777168,5.799999,12.332703
113061,2019-09-02,SU81/1,37.234,12.777168,5.799999,12.332703
113062,2019-09-02,SY68/34,64.807,12.777168,5.799999,12.332703
113063,2019-09-02,SJ62/235,54.111,12.777168,5.799999,12.332703
113064,2019-09-02,NO20/14,37.152,12.777168,5.799999,12.332703
113065,2019-09-02,ST07/10,56.552,12.777168,5.799999,12.332703
113066,2019-09-02,TR14/9,62.949,12.777168,5.799999,12.332703
113067,2019-09-02,NH95/17,29.634,12.777168,5.799999,12.332703
113068,2019-09-02,SU01/5B,71.143,12.777168,5.799999,12.332703
113069,2019-09-03,NY63/2,130.397,15.577168,6.9,14.011516
113070,2019-09-03,SJ15/13,79.493,15.577168,6.9,14.011516
113071,2019-09-03,TR14/9,62.898,15.577168,6.9,14.011516
113072,2019-09-03,TQ25/86,88.88,15.577168,6.9,14.011516
113073,2019-09-03,SU81/1,37.179,15.577168,6.9,14.011516
113074,2019-09-03,ST07/10,56.465,15.577168,6.9,14.011516
113075,2019-09-03,SU01/5B,71.763,15.577168,6.9,14.011516
113076,2019-09-03,NO20/14,37.182,15.577168,6.9,14.011516
113077,2019-09-03,SN00/11,7.326,15.577168,6.9,14.011516
113078,2019-09-03,SJ62/235,54.114,15.577168,6.9,14.011516
113079,2019-09-03,ID30/1,114.63,15.577168,6.9,14.011516
113080,2019-09-03,TL33/67,73.09,15.577168,6.9,14.011516
113081,2019-09-03,SU17/57,130.45,15.577168,6.9,14.011516
113082,2019-09-03,SK00/41,128.945,15.577168,6.9,14.011516
113083,2019-09-03,NH95/17,29.637,15.577168,6.9,14.011516
113084,2019-09-03,SY68/34,64.79,15.577168,6.9,14.011516
113085,2019-09-03,SP00/62,100.55,15.577168,6.9,14.011516
113086,2019-09-04,SJ62/235,54.107,12.7125845,12.7,19.167671
113087,2019-09-04,SN00/11,7.315,12.7125845,12.7,19.167671
113088,2019-09-04,NH95/17,29.649,12.7125845,12.7,19.167671
113089,2019-09-04,SU01/5B,72.196,12.7125845,12.7,19.167671
113090,2019-09-04,SU81/1,37.129,12.7125845,12.7,19.167671
113091,2019-09-04,NO20/14,37.214,12.7125845,12.7,19.167671
113092,2019-09-04,ID30/1,114.69,12.7125845,12.7,19.167671
113093,2019-09-04,TR14/9,62.844,12.7125845,12.7,19.167671
113094,2019-09-04,SK00/41,128.948,12.7125845,12.7,19.167671
113095,2019-09-04,NY63/2,130.386,12.7125845,12.7,19.167671
113096,2019-09-04,ST07/10,56.379,12.7125845,12.7,19.167671
113097,2019-09-04,SY68/34,64.775,12.7125845,12.7,19.167671
113098,2019-09-04,SJ15/13,79.505,12.7125845,12.7,19.167671
113099,2019-09-05,ID30/1,114.65,11.3355,1.3000001,14.221143
113100,2019-09-05,SU81/1,37.063,11.3355,1.3000001,14.221143
113101,2019-09-05,SJ62/235,54.102,11.3355,1.3000001,14.221143
113102,2019-09-05,NO20/14,37.198,11.3355,1.3000001,14.221143
113103,2019-09-05,SN00/11,7.295,11.3355,1.3000001,14.221143
113104,2019-09-05,SJ15/13,79.47,11.3355,1.3000001,14.221143
113105,2019-09-05,TR14/9,62.766,11.3355,1.3000001,14.221143
113106,2019-09-05,SK00/41,128.94,11.3355,1.3000001,14.221143
113107,2019-09-05,SU01/5B,72.568,11.3355,1.3000001,14.221143
113108,2019-09-05,NH95/17,29.633,11.3355,1.3000001,14.221143
113109,2019-09-05,NY63/2,130.366,11.3355,1.3000001,14.221143
113110,2019-09-05,SY68/34,64.759,11.3355,1.3000001,14.221143
113111,2019-09-05,ST07/10,56.27,11.3355,1.3000001,14.221143
113112,2019-09-06,SU01/5B,72.857,12.902167,4.6999993,19.319944
113113,2019-09-06,NY63/2,130.373,12.902167,4.6999993,19.319944
113114,2019-09-06,SN00/11,7.281,12.902167,4.6999993,19.319944
113115,2019-09-06,NO20/14,37.249,12.902167,4.6999993,19.319944
113116,2019-09-06,SU81/1,37.014,12.902167,4.6999993,19.319944
113117,2019-09-06,SJ15/13,79.486,12.902167,4.6999993,19.319944
113118,2019-09-06,TR14/9,62.724,12.902167,4.6999993,19.319944
113119,2019-09-06,ST07/10,56.161,12.902167,4.6999993,19.319944
113120,2019-09-06,SJ62/235,54.102,12.902167,4.6999993,19.319944
113121,2019-09-06,ID30/1,114.6,12.902167,4.6999993,19.319944
113122,2019-09-06,SK00/41,128.942,12.902167,4.6999993,19.319944
113123,2019-09-06,NH95/17,29.638,12.902167,4.6999993,19.319944
113124,2019-09-06,SY68/34,64.743,12.902167,4.6999993,19.319944
113125,2019-09-07,SJ62/235,54.029,11.614667,0.0,7.3668227
113126,2019-09-07,SU81/1,36.953,11.614667,0.0,7.3668227
113127,2019-09-07,NY63/2,130.344,11.614667,0.0,7.3668227
113128,2019-09-07,SK00/41,128.939,11.614667,0.0,7.3668227
113129,2019-09-07,SJ15/13,79.469,11.614667,0.0,7.3668227
113130,2019-09-07,ST07/10,56.02,11.614667,0.0,7.3668227
113131,2019-09-07,SU01/5B,73.069,11.614667,0.0,7.3668227
113132,2019-09-07,NH95/17,29.6,11.614667,0.0,7.3668227
113133,2019-09-07,SY68/34,64.727,11.614667,0.0,7.3668227
113134,2019-09-07,ID30/1,114.59,11.614667,0.0,7.3668227
113135,2019-09-07,SN00/11,7.264,11.614667,0.0,7.3668227
113136,2019-09-07,NO20/14,37.227,11.614667,0.0,7.3668227
113137,2019-09-07,TR14/9,62.643,11.614667,0.0,7.3668227
113138,2019-09-08,SY68/34,64.712,11.027168,0.3,6.8394976
113139,2019-09-08,SU01/5B,73.24,11.027168,0.3,6.8394976
113140,2019-09-08,ID30/1,114.54,11.027168,0.3,6.8394976
113141,2019-09-08,SU81/1,36.897,11.027168,0.3,6.8394976
113142,2019-09-08,NO20/14,37.268,11.027168,0.3,6.8394976
113143,2019-09-08,TR14/9,62.592,11.027168,0.3,6.8394976
113144,2019-09-08,SK00/41,128.938,11.027168,0.3,6.8394976
113145,2019-09-08,SJ15/13,79.476,11.027168,0.3,6.8394976
113146,2019-09-08,NY63/2,130.385,11.027168,0.3,6.8394976
113147,2019-09-08,ST07/10,55.9,11.027168,0.3,6.8394976
113148,2019-09-08,SN00/11,7.258,11.027168,0.3,6.8394976
113149,2019-09-08,SJ62/235,54.055,11.027168,0.3,6.8394976
113150,2019-09-08,NH95/17,29.616,11.027168,0.3,6.8394976
113151,2019-09-09,TR14/9,62.542,12.285501,11.200001,8.906073
113152,2019-09-09,NH95/17,29.645,12.285501,11.200001,8.906073
113153,2019-09-09,SN00/11,7.306,12.285501,11.200001,8.906073
113154,2019-09-09,SY68/34,64.706,12.285501,11.200001,8.906073
113155,2019-09-09,SU01/5B,73.424,12.285501,11.200001,8.906073
113156,2019-09-09,NO20/14,37.318,12.285501,11.200001,8.906073
113157,2019-09-09,ID30/1,114.48,12.285501,11.200001,8.906073
113158,2019-09-09,SK00/41,128.938,12.285501,11.200001,8.906073
113159,2019-09-09,SU81/1,36.855,12.285501,11.200001,8.906073
113160,2019-09-09,NY63/2,130.383,12.285501,11.200001,8.906073
113161,2019-09-09,SJ62/235,54.08,12.285501,11.200001,8.906073
113162,2019-09-09,SJ15/13,79.515,12.285501,11.200001,8.906073
113163,2019-09-09,ST07/10,55.913,12.285501,11.200001,8.906073
113164,2019-09-10,TR14/9,62.482,12.437584,0.70000005,10.538236
113165,2019-09-10,SU17/57,130.22,12.437584,0.70000005,10.538236
113166,2019-09-10,SN00/11,7.315,12.437584,0.70000005,10.538236
113167,2019-09-10,SY68/34,64.697,12.437584,0.70000005,10.538236
113168,2019-09-10,SJ62/235,54.086,12.437584,0.70000005,10.538236
113169,2019-09-10,TL33/67,72.98,12.437584,0.70000005,10.538236
113170,2019-09-10,SU81/1,36.792,12.437584,0.70000005,10.538236
113171,2019-09-10,ID30/1,114.38,12.437584,0.70000005,10.538236
113172,2019-09-10,SJ15/13,79.488,12.437584,0.70000005,10.538236
113173,2019-09-10,SP00/62,100.48,12.437584,0.70000005,10.538236
113174,2019-09-10,ST07/10,55.842,12.437584,0.70000005,10.538236
113175,2019-09-10,SU01/5B,73.517,12.437584,0.70000005,10.538236
113176,2019-09-10,SK00/41,128.933,12.437584,0.70000005,10.538236
113177,2019-09-10,TQ25/86,88.58,12.437584,0.70000005,10.538236
113178,2019-09-10,NY63/2,130.374,12.437584,0.70000005,10.538236
113179,2019-09-10,NO20/14,37.326,12.437584,0.70000005,10.538236
113180,2019-09-10,NH95/17,29.658,12.437584,0.70000005,10.538236
113181,2019-09-11,ID30/1,114.33,14.954251,5.0,18.892702
113182,2019-09-11,ST07/10,55.765,14.954251,5.0,18.892702
113183,2019-09-11,NH95/17,29.662,14.954251,5.0,18.892702
113184,2019-09-11,TR14/9,62.423,14.954251,5.0,18.892702
113185,2019-09-11,SK00/41,128.941,14.954251,5.0,18.892702
113186,2019-09-11,SU01/5B,72.732,14.954251,5.0,18.892702
113187,2019-09-11,SY68/34,64.682,14.954251,5.0,18.892702
113188,2019-09-11,NY63/2,130.353,14.954251,5.0,18.892702
113189,2019-09-11,SU81/1,36.737,14.954251,5.0,18.892702
113190,2019-09-11,SN00/11,7.315,14.954251,5.0,18.892702
113191,2019-09-11,NO20/14,37.37,14.954251,5.0,18.892702
113192,2019-09-11,SJ62/235,54.085,14.954251,5.0,18.892702
113193,2019-09-11,SJ15/13,79.487,14.954251,5.0,18.892702
113194,2019-09-12,NY63/2,130.32,14.095914,3.6999998,12.960334
113195,2019-09-12,ID30/1,114.32,14.095914,3.6999998,12.960334
113196,2019-09-12,SK00/41,128.936,14.095914,3.6999998,12.960334
113197,2019-09-12,SU01/5B,71.438,14.095914,3.6999998,12.960334
113198,2019-09-12,SU81/1,36.673,14.095914,3.6999998,12.960334
113199,2019-09-12,SJ62/235,54.081,14.095914,3.6999998,12.960334
113200,2019-09-12,SN00/11,7.305,14.095914,3.6999998,12.960334
113201,2019-09-12,NO20/14,37.354,14.095914,3.6999998,12.960334
113202,2019-09-12,SJ15/13,79.462,14.095914,3.6999998,12.960334
113203,2019-09-12,SY68/34,64.668,14.095914,3.6999998,12.960334
113204,2019-09-12,NH95/17,29.635,14.095914,3.6999998,12.960334
113205,2019-09-12,ST07/10,55.726,14.095914,3.6999998,12.960334
113206,2019-09-12,TR14/9,62.359,14.095914,3.6999998,12.960334
113207,2019-09-13,NO20/14,37.338,11.277165,0.0,9.438198
113208,2019-09-13,SJ62/235,54.082,11.277165,0.0,9.438198
113209,2019-09-13,SJ15/13,79.429,11.277165,0.0,9.438198
113210,2019-09-13,SU01/5B,70.803,11.277165,0.0,9.438198
113211,2019-09-13,NH95/17,29.607,11.277165,0.0,9.438198
113212,2019-09-13,ST07/10,55.701,11.277165,0.0,9.438198
113213,2019-09-13,TR14/9,62.276,11.277165,0.0,9.438198
113214,2019-09-13,ID30/1,114.32,11.277165,0.0,9.438198
113215,2019-09-13,SN00/11,7.287,11.277165,0.0,9.438198
113216,2019-09-13,SU81/1,36.609,11.277165,0.0,9.438198
113217,2019-09-13,SY68/34,64.651,11.277165,0.0,9.438198
113218,2019-09-13,SK00/41,128.929,11.277165,0.0,9.438198
113219,2019-09-13,NY63/2,130.3,11.277165,0.0,9.438198
113220,2019-09-14,SJ62/235,54.092,12.564666,0.0,14.933398
113221,2019-09-14,TR14/9,62.214,12.564666,0.0,14.933398
113222,2019-09-14,NY63/2,130.346,12.564666,0.0,14.933398
113223,2019-09-14,NH95/17,29.621,12.564666,0.0,14.933398
113224,2019-09-14,ST07/10,55.653,12.564666,0.0,14.933398
113225,2019-09-14,SN00/11,7.273,12.564666,0.0,14.933398
113226,2019-09-14,SU81/1,36.563,12.564666,0.0,14.933398
113227,2019-09-14,NO20/14,37.401,12.564666,0.0,14.933398
113228,2019-09-14,SU01/5B,70.553,12.564666,0.0,14.933398
113229,2019-09-14,SY68/34,64.636,12.564666,0.0,14.933398
113230,2019-09-14,SJ15/13,79.448,12.564666,0.0,14.933398
113231,2019-09-14,SK00/41,128.928,12.564666,0.0,14.933398
113232,2019-09-14,ID30/1,114.24,12.564666,0.0,14.933398
113233,2019-09-15,SK00/41,128.93,12.44175,1.8000001,11.873999
113234,2019-09-15,SJ62/235,54.093,12.44175,1.8000001,11.873999
113235,2019-09-15,NY63/2,130.342,12.44175,1.8000001,11.873999
113236,2019-09-15,SU01/5B,70.459,12.44175,1.8000001,11.873999
113237,2019-09-15,SU81/1,36.516,12.44175,1.8000001,11.873999
113238,2019-09-15,ID30/1,114.18,12.44175,1.8000001,11.873999
113239,2019-09-15,NH95/17,29.608,12.44175,1.8000001,11.873999
113240,2019-09-15,ST07/10,55.573,12.44175,1.8000001,11.873999
113241,2019-09-15,NO20/14,37.416,12.44175,1.8000001,11.873999
113242,2019-09-15,SY68/34,64.621,12.44175,1.8000001,11.873999
113243,2019-09-15,SJ15/13,79.47,12.44175,1.8000001,11.873999
113244,2019-09-15,SN00/11,7.259,12.44175,1.8000001,11.873999
113245,2019-09-15,TR14/9,62.165,12.44175,1.8000001,11.873999
113246,2019-09-16,NY63/2,130.332,10.729251,0.0,9.21281
113247,2019-09-16,TR14/9,62.118,10.729251,0.0,9.21281
113248,2019-09-16,SU81/1,36.466,10.729251,0.0,9.21281
113249,2019-09-16,NO20/14,37.303,10.729251,0.0,9.21281
113250,2019-09-16,SU01/5B,70.406,10.729251,0.0,9.21281
113251,2019-09-16,ID30/1,114.12,10.729251,0.0,9.21281
113252,2019-09-16,SJ15/13,79.473,10.729251,0.0,9.21281
113253,2019-09-16,SJ62/235,54.09,10.729251,0.0,9.21281
113254,2019-09-16,SY68/34,64.604,10.729251,0.0,9.21281
113255,2019-09-16,SN00/11,7.246,10.729251,0.0,9.21281
113256,2019-09-16,NH95/17,29.612,10.729251,0.0,9.21281
113257,2019-09-16,SK00/41,128.93,10.729251,0.0,9.21281
113258,2019-09-16,ST07/10,55.468,10.729251,0.0,9.21281
113259,2019-09-17,SK00/41,128.929,10.970917,0.0,9.503764
113260,2019-09-17,SJ15/13,79.458,10.970917,0.0,9.503764
113261,2019-09-17,SU17/57,130.07,10.970917,0.0,9.503764
113262,2019-09-17,TL33/67,72.95,10.970917,0.0,9.503764
113263,2019-09-17,SY68/34,64.588,10.970917,0.0,9.503764
113264,2019-09-17,ST07/10,55.358,10.970917,0.0,9.503764
113265,2019-09-17,SU81/1,36.409,10.970917,0.0,9.503764
113266,2019-09-17,NH95/17,29.581,10.970917,0.0,9.503764
113267,2019-09-17,SN00/11,7.23,10.970917,0.0,9.503764
113268,2019-09-17,TR14/9,62.055,10.970917,0.0,9.503764
113269,2019-09-17,SP00/62,100.41,10.970917,0.0,9.503764
113270,2019-09-17,SJ62/235,54.087,10.970917,0.0,9.503764
113271,2019-09-17,SU01/5B,70.354,10.970917,0.0,9.503764
113272,2019-09-17,NO20/14,37.145,10.970917,0.0,9.503764
113273,2019-09-17,NY63/2,130.31,10.970917,0.0,9.503764
113274,2019-09-17,TM15/112,24.71,10.970917,0.0,9.503764
113275,2019-09-17,TQ25/86,88.3,10.970917,0.0,9.503764
113276,2019-09-17,ID30/1,114.06,10.970917,0.0,9.503764
113277,2019-09-18,ID30/1,114.01,11.062584,0.0,6.5239773
113278,2019-09-18,SJ62/235,54.097,11.062584,0.0,6.5239773
113279,2019-09-18,SK00/41,128.926,11.062584,0.0,6.5239773
113280,2019-09-18,SN00/11,7.215,11.062584,0.0,6.5239773
113281,2019-09-18,TR14/9,61.892,11.062584,0.0,6.5239773
113282,2019-09-18,NH95/17,29.576,11.062584,0.0,6.5239773
113283,2019-09-18,NO20/14,37.042,11.062584,0.0,6.5239773
113284,2019-09-18,SU81/1,36.354,11.062584,0.0,6.5239773
113285,2019-09-18,SY68/34,64.572,11.062584,0.0,6.5239773
113286,2019-09-18,ST07/10,55.234,11.062584,0.0,6.5239773
113287,2019-09-18,SU01/5B,70.306,11.062584,0.0,6.5239773
113288,2019-09-18,NY63/2,130.303,11.062584,0.0,6.5239773
113289,2019-09-18,SJ15/13,79.447,11.062584,0.0,6.5239773
113290,2019-09-19,ID30/1,113.96,12.877166,0.0,5.4627075
113291,2019-09-19,SJ62/235,54.088,12.877166,0.0,5.4627075
113292,2019-09-19,SK00/41,128.924,12.877166,0.0,5.4627075
113293,2019-09-19,SN00/11,7.203,12.877166,0.0,5.4627075
113294,2019-09-19,TR14/9,61.908,12.877166,0.0,5.4627075
113295,2019-09-19,NY63/2,130.306,12.877166,0.0,5.4627075
113296,2019-09-19,SU01/5B,70.26,12.877166,0.0,5.4627075
113297,2019-09-19,ST07/10,55.117,12.877166,0.0,5.4627075
113298,2019-09-19,NO20/14,36.977,12.877166,0.0,5.4627075
113299,2019-09-19,SJ15/13,79.444,12.877166,0.0,5.4627075
113300,2019-09-19,NH95/17,29.574,12.877166,0.0,5.4627075
113301,2019-09-19,SU81/1,36.301,12.877166,0.0,5.4627075
113302,2019-09-19,SY68/34,64.556,12.877166,0.0,5.4627075
113303,2019-09-20,NY63/2,130.337,14.158416,0.0,12.005706
113304,2019-09-20,NH95/17,29.569,14.158416,0.0,12.005706
113305,2019-09-20,SJ15/13,79.465,14.158416,0.0,12.005706
113306,2019-09-20,SN00/11,7.196,14.158416,0.0,12.005706
113307,2019-09-20,ID30/1,113.93,14.158416,0.0,12.005706
113308,2019-09-20,SK00/41,128.927,14.158416,0.0,12.005706
113309,2019-09-20,TR14/9,61.848,14.158416,0.0,12.005706
113310,2019-09-20,SU81/1,36.264,14.158416,0.0,12.005706
113311,2019-09-20,SJ62/235,54.097,14.158416,0.0,12.005706
113312,2019-09-20,NO20/14,36.948,14.158416,0.0,12.005706
113313,2019-09-20,SU01/5B,70.225,14.158416,0.0,12.005706
113314,2019-09-20,ST07/10,55.018,14.158416,0.0,12.005706
113315,2019-09-20,SY68/34,64.541,14.158416,0.0,12.005706
113316,2019-09-21,SK00/41,128.934,15.539668,0.0,22.461086
113317,2019-09-21,SJ62/235,54.104,15.539668,0.0,22.461086
113318,2019-09-21,ID30/1,113.9,15.539668,0.0,22.461086
113319,2019-09-21,NY63/2,130.367,15.539668,0.0,22.461086
113320,2019-09-21,SU01/5B,70.197,15.539668,0.0,22.461086
113321,2019-09-21,SY68/34,64.526,15.539668,0.0,22.461086
113322,2019-09-21,TR14/9,61.807,15.539668,0.0,22.461086
113323,2019-09-21,NH95/17,29.57,15.539668,0.0,22.461086
113324,2019-09-21,SN00/11,7.188,15.539668,0.0,22.461086
113325,2019-09-21,NO20/14,36.934,15.539668,0.0,22.461086
113326,2019-09-21,SU81/1,36.23,15.539668,0.0,22.461086
113327,2019-09-21,ST07/10,54.907,15.539668,0.0,22.461086
113328,2019-09-21,SJ15/13,79.498,15.539668,0.0,22.461086
113329,2019-09-22,NH95/17,29.572,16.614664,8.0,12.1088295
113330,2019-09-22,ID30/1,113.88,16.614664,8.0,12.1088295
113331,2019-09-22,SU01/5B,70.165,16.614664,8.0,12.1088295
113332,2019-09-22,SJ62/235,54.1,16.614664,8.0,12.1088295
113333,2019-09-22,NO20/14,36.915,16.614664,8.0,12.1088295
113334,2019-09-22,ST07/10,54.797,16.614664,8.0,12.1088295
113335,2019-09-22,NY63/2,130.372,16.614664,8.0,12.1088295
113336,2019-09-22,SJ15/13,79.513,16.614664,8.0,12.1088295
113337,2019-09-22,SN00/11,7.184,16.614664,8.0,12.1088295
113338,2019-09-22,TR14/9,61.741,16.614664,8.0,12.1088295
113339,2019-09-22,SU81/1,36.183,16.614664,8.0,12.1088295
113340,2019-09-22,SK00/41,128.937,16.614664,8.0,12.1088295
113341,2019-09-22,SY68/34,64.514,16.614664,8.0,12.1088295
113342,2019-09-23,SJ15/13,79.493,14.84175,1.8,15.502731
113343,2019-09-23,NY63/2,130.356,14.84175,1.8,15.502731
113344,2019-09-23,SY68/34,64.534,14.84175,1.8,15.502731
113345,2019-09-23,SN00/11,7.198,14.84175,1.8,15.502731
113346,2019-09-23,NH95/17,29.565,14.84175,1.8,15.502731
113347,2019-09-23,SJ62/235,54.096,14.84175,1.8,15.502731
113348,2019-09-23,SU01/5B,70.128,14.84175,1.8,15.502731
113349,2019-09-23,ST07/10,54.978,14.84175,1.8,15.502731
113350,2019-09-23,SK00/41,128.945,14.84175,1.8,15.502731
113351,2019-09-23,SU81/1,36.126,14.84175,1.8,15.502731
113352,2019-09-23,TR14/9,61.678,14.84175,1.8,15.502731
113353,2019-09-23,TA10/63,13.3,14.84175,1.8,15.502731
113354,2019-09-23,NO20/14,36.887,14.84175,1.8,15.502731
113355,2019-09-23,ID30/1,113.85,14.84175,1.8,15.502731
113356,2019-09-24,NH95/17,29.565,15.308415,16.4,10.696137
113357,2019-09-24,TR14/9,61.632,15.308415,16.4,10.696137
113358,2019-09-24,SN00/11,7.268,15.308415,16.4,10.696137
113359,2019-09-24,SY68/34,64.643,15.308415,16.4,10.696137
113360,2019-09-24,SP00/62,100.36,15.308415,16.4,10.696137
113361,2019-09-24,NO20/14,36.995,15.308415,16.4,10.696137
113362,2019-09-24,ID30/1,113.89,15.308415,16.4,10.696137
113363,2019-09-24,TQ25/86,88.11,15.308415,16.4,10.696137
113364,2019-09-24,SU81/1,36.109,15.308415,16.4,10.696137
113365,2019-09-24,SJ62/235,54.1,15.308415,16.4,10.696137
113366,2019-09-24,SK00/41,128.947,15.308415,16.4,10.696137
113367,2019-09-24,NY63/2,130.381,15.308415,16.4,10.696137
113368,2019-09-24,SU17/57,129.78,15.308415,16.4,10.696137
113369,2019-09-24,TL33/67,72.82,15.308415,16.4,10.696137
113370,2019-09-24,SJ15/13,79.508,15.308415,16.4,10.696137
113371,2019-09-24,ST07/10,57.421,15.308415,16.4,10.696137
113372,2019-09-24,SU01/5B,70.111,15.308415,16.4,10.696137
113373,2019-09-25,SU81/1,36.118,14.306333,5.5,11.113144
113374,2019-09-25,SN00/11,7.357,14.306333,5.5,11.113144
113375,2019-09-25,SK00/41,128.95,14.306333,5.5,11.113144
113376,2019-09-25,SY68/34,64.662,14.306333,5.5,11.113144
113377,2019-09-25,SJ15/13,79.501,14.306333,5.5,11.113144
113378,2019-09-25,TL44/12,33.24,14.306333,5.5,11.113144
113379,2019-09-25,ST07/10,60.904,14.306333,5.5,11.113144
113380,2019-09-25,SU01/5B,70.11,14.306333,5.5,11.113144
113381,2019-09-25,ID30/1,113.91,14.306333,5.5,11.113144
113382,2019-09-25,NH95/17,29.56,14.306333,5.5,11.113144
113383,2019-09-25,TF81/2A,41.91,14.306333,5.5,11.113144
113384,2019-09-25,NY63/2,130.373,14.306333,5.5,11.113144
113385,2019-09-25,SJ62/235,54.103,14.306333,5.5,11.113144
113386,2019-09-25,NO20/14,37.102,14.306333,5.5,11.113144
113387,2019-09-25,TR14/9,61.582,14.306333,5.5,11.113144
113388,2019-09-26,ST07/10,63.43,13.61675,19.4,14.591477
113389,2019-09-26,ID30/1,113.98,13.61675,19.4,14.591477
113390,2019-09-26,NO20/14,37.186,13.61675,19.4,14.591477
113391,2019-09-26,SY68/34,64.667,13.61675,19.4,14.591477
113392,2019-09-26,NY63/2,130.375,13.61675,19.4,14.591477
113393,2019-09-26,SU81/1,36.101,13.61675,19.4,14.591477
113394,2019-09-26,SJ15/13,79.5,13.61675,19.4,14.591477
113395,2019-09-26,NH95/17,29.538,13.61675,19.4,14.591477
113396,2019-09-26,SN00/11,7.431,13.61675,19.4,14.591477
113397,2019-09-26,SK00/41,128.951,13.61675,19.4,14.591477
113398,2019-09-26,SU01/5B,70.102,13.61675,19.4,14.591477
113399,2019-09-26,TR14/9,61.526,13.61675,19.4,14.591477
113400,2019-09-26,SJ62/235,54.108,13.61675,19.4,14.591477
113401,2019-09-27,TV59/7C,2.05,11.745918,14.000001,13.744031
113402,2019-09-27,SU81/1,36.061,11.745918,14.000001,13.744031
113403,2019-09-27,SN00/11,7.535,11.745918,14.000001,13.744031
113404,2019-09-27,NY63/2,130.385,11.745918,14.000001,13.744031
113405,2019-09-27,NH95/17,29.542,11.745918,14.000001,13.744031
113406,2019-09-27,SJ15/13,79.504,11.745918,14.000001,13.744031
113407,2019-09-27,SY68/34,64.699,11.745918,14.000001,13.744031
113408,2019-09-27,SJ62/235,54.113,11.745918,14.000001,13.744031
113409,2019-09-27,SK00/41,128.951,11.745918,14.000001,13.744031
113410,2019-09-27,ID30/1,114.01,11.745918,14.000001,13.744031
113411,2019-09-27,NO20/14,37.238,11.745918,14.000001,13.744031
113412,2019-09-27,ST07/10,65.529,11.745918,14.000001,13.744031
113413,2019-09-27,TR14/9,61.464,11.745918,14.000001,13.744031
113414,2019-09-27,SU01/5B,70.09,11.745918,14.000001,13.744031
113415,2019-09-28,SY68/34,64.719,12.320916,17.800001,11.58421
113416,2019-09-28,TR14/9,61.416,12.320916,17.800001,11.58421
113417,2019-09-28,NO20/14,37.27,12.320916,17.800001,11.58421
113418,2019-09-28,SU81/1,36.014,12.320916,17.800001,11.58421
113419,2019-09-28,NH95/17,29.544,12.320916,17.800001,11.58421
113420,2019-09-28,SN00/11,7.836,12.320916,17.800001,11.58421
113421,2019-09-28,SK00/41,128.948,12.320916,17.800001,11.58421
113422,2019-09-28,SJ15/13,79.505,12.320916,17.800001,11.58421
113423,2019-09-28,SJ62/235,54.122,12.320916,17.800001,11.58421
113424,2019-09-28,ID30/1,114.29,12.320916,17.800001,11.58421
113425,2019-09-28,ST07/10,69.178,12.320916,17.800001,11.58421
113426,2019-09-28,SU01/5B,70.097,12.320916,17.800001,11.58421
113427,2019-09-28,NY63/2,130.401,12.320916,17.800001,11.58421
113428,2019-09-29,SU81/1,36.04,11.923,18.499998,12.47651
113429,2019-09-29,SU01/5B,70.145,11.923,18.499998,12.47651
113430,2019-09-29,SK00/41,128.962,11.923,18.499998,12.47651
113431,2019-09-29,SJ15/13,79.553,11.923,18.499998,12.47651
113432,2019-09-29,ST07/10,76.374,11.923,18.499998,12.47651
113433,2019-09-29,TR14/9,61.353,11.923,18.499998,12.47651
113434,2019-09-29,NY63/2,130.405,11.923,18.499998,12.47651
113435,2019-09-29,NH95/17,29.548,11.923,18.499998,12.47651
113436,2019-09-29,SY68/34,64.794,11.923,18.499998,12.47651
113437,2019-09-29,SN00/11,9.231,11.923,18.499998,12.47651
113438,2019-09-29,ID30/1,114.84,11.923,18.499998,12.47651
113439,2019-09-29,SJ62/235,54.123,11.923,18.499998,12.47651
113440,2019-09-29,NO20/14,37.305,11.923,18.499998,12.47651
113441,2019-09-30,NY63/2,130.422,11.533417,12.6,7.2867994
113442,2019-09-30,SE95/6,18.52,11.533417,12.6,7.2867994
113443,2019-09-30,SJ62/235,54.123,11.533417,12.6,7.2867994
113444,2019-09-30,NO20/14,37.305,11.533417,12.6,7.2867994
113445,2019-09-30,SJ15/13,79.56,11.533417,12.6,7.2867994
113446,2019-09-30,ID30/1,115.15,11.533417,12.6,7.2867994
113447,2019-09-30,NH95/17,29.533,11.533417,12.6,7.2867994
113448,2019-09-30,ST07/10,78.142,11.533417,12.6,7.2867994
113449,2019-09-30,SU81/1,36.06,11.533417,12.6,7.2867994
113450,2019-09-30,SN00/11,10.851,11.533417,12.6,7.2867994
113451,2019-09-30,SE94/5,12.98,11.533417,12.6,7.2867994
113452,2019-09-30,TR14/9,61.311,11.533417,12.6,7.2867994
113453,2019-09-30,SU01/5B,70.205,11.533417,12.6,7.2867994
113454,2019-09-30,SY68/34,64.808,11.533417,12.6,7.2867994
113455,2019-09-30,TF03/37,14.043,11.533417,12.6,7.2867994
113456,2019-10-01,SU17/57,129.77,9.083418,6.5,13.823073
113457,2019-10-01,ST07/10,79.58,9.083418,6.5,13.823073
113458,2019-10-01,SJ62/235,54.147,9.083418,6.5,13.823073
113459,2019-10-01,TR14/9,61.272,9.083418,6.5,13.823073
113460,2019-10-01,NH95/17,29.527,9.083418,6.5,13.823073
113461,2019-10-01,SP00/62,100.78,9.083418,6.5,13.823073
113462,2019-10-01,SJ15/13,79.644,9.083418,6.5,13.823073
113463,2019-10-01,ID30/1,115.52,9.083418,6.5,13.823073
113464,2019-10-01,NY63/2,130.417,9.083418,6.5,13.823073
113465,2019-10-01,TQ25/86,87.94,9.083418,6.5,13.823073
113466,2019-10-01,SK00/41,128.957,9.083418,6.5,13.823073
113467,2019-10-01,TL33/4,72.78,9.083418,6.5,13.823073
113468,2019-10-01,SU01/5B,70.306,9.083418,6.5,13.823073
113469,2019-10-01,TL33/67,72.71,9.083418,6.5,13.823073
113470,2019-10-01,SY68/34,64.853,9.083418,6.5,13.823073
113471,2019-10-01,TF81/2A,41.892,9.083418,6.5,13.823073
113472,2019-10-01,SN00/11,12.389,9.083418,6.5,13.823073
113473,2019-10-01,NO20/14,37.328,9.083418,6.5,13.823073
113474,2019-10-01,SU81/1,36.057,9.083418,6.5,13.823073
113475,2019-10-02,ID30/1,115.75,6.6250844,0.0,7.7426195
113476,2019-10-02,NY63/2,130.396,6.6250844,0.0,7.7426195
113477,2019-10-02,TR14/9,61.195,6.6250844,0.0,7.7426195
113478,2019-10-02,SJ62/235,54.158,6.6250844,0.0,7.7426195
113479,2019-10-02,SK00/41,128.945,6.6250844,0.0,7.7426195
113480,2019-10-02,ST07/10,81.25,6.6250844,0.0,7.7426195
113481,2019-10-02,SY68/34,64.877,6.6250844,0.0,7.7426195
113482,2019-10-02,SU81/1,36.009,6.6250844,0.0,7.7426195
113483,2019-10-02,TL44/12,33.212,6.6250844,0.0,7.7426195
113484,2019-10-02,TF81/2A,41.89,6.6250844,0.0,7.7426195
113485,2019-10-02,SN00/11,12.019,6.6250844,0.0,7.7426195
113486,2019-10-02,SJ15/13,79.631,6.6250844,0.0,7.7426195
113487,2019-10-02,NO20/14,37.311,6.6250844,0.0,7.7426195
113488,2019-10-02,NH95/17,29.494,6.6250844,0.0,7.7426195
113489,2019-10-03,SK00/41,128.94,7.4521675,7.1,16.202066
113490,2019-10-03,ST07/10,80.983,7.4521675,7.1,16.202066
113491,2019-10-03,SY68/34,64.942,7.4521675,7.1,16.202066
113492,2019-10-03,SJ62/235,54.182,7.4521675,7.1,16.202066
113493,2019-10-03,NY63/2,130.47,7.4521675,7.1,16.202066
113494,2019-10-03,SJ15/13,79.683,7.4521675,7.1,16.202066
113495,2019-10-03,SU81/1,35.988,7.4521675,7.1,16.202066
113496,2019-10-03,NH95/17,29.504,7.4521675,7.1,16.202066
113497,2019-10-03,NO20/14,37.347,7.4521675,7.1,16.202066
113498,2019-10-03,TF81/2A,41.879,7.4521675,7.1,16.202066
113499,2019-10-03,ID30/1,115.76,7.4521675,7.1,16.202066
113500,2019-10-03,SN00/11,12.85,7.4521675,7.1,16.202066
113501,2019-10-03,TL44/12,33.202,7.4521675,7.1,16.202066
113502,2019-10-03,SU01/5B,70.514,7.4521675,7.1,16.202066
113503,2019-10-03,TR14/9,61.157,7.4521675,7.1,16.202066
113504,2019-10-04,ID30/1,116.02,10.714667,0.9000001,10.302542
113505,2019-10-04,SJ15/13,79.664,10.714667,0.9000001,10.302542
113506,2019-10-04,TF81/2A,41.871,10.714667,0.9000001,10.302542
113507,2019-10-04,NO20/14,37.378,10.714667,0.9000001,10.302542
113508,2019-10-04,SY68/34,65.024,10.714667,0.9000001,10.302542
113509,2019-10-04,SU01/5B,70.733,10.714667,0.9000001,10.302542
113510,2019-10-04,NH95/17,29.513,10.714667,0.9000001,10.302542
113511,2019-10-04,SK00/41,128.944,10.714667,0.9000001,10.302542
113512,2019-10-04,SU81/1,35.986,10.714667,0.9000001,10.302542
113513,2019-10-04,SJ62/235,54.181,10.714667,0.9000001,10.302542
113514,2019-10-04,TR14/9,61.099,10.714667,0.9000001,10.302542
113515,2019-10-04,ST07/10,80.076,10.714667,0.9000001,10.302542
113516,2019-10-04,TL44/12,33.192,10.714667,0.9000001,10.302542
113517,2019-10-04,NY63/2,130.436,10.714667,0.9000001,10.302542
113518,2019-10-04,SN00/11,12.725,10.714667,0.9000001,10.302542
113519,2019-10-05,NH95/17,29.498,10.9000845,5.1000004,14.589424
113520,2019-10-05,TR14/9,61.056,10.9000845,5.1000004,14.589424
113521,2019-10-05,SJ62/235,54.19,10.9000845,5.1000004,14.589424
113522,2019-10-05,ID30/1,116.06,10.9000845,5.1000004,14.589424
113523,2019-10-05,SU81/1,35.963,10.9000845,5.1000004,14.589424
113524,2019-10-05,NY63/2,130.448,10.9000845,5.1000004,14.589424
113525,2019-10-05,SK00/41,128.94,10.9000845,5.1000004,14.589424
113526,2019-10-05,SU01/5B,70.97,10.9000845,5.1000004,14.589424
113527,2019-10-05,SY68/34,65.079,10.9000845,5.1000004,14.589424
113528,2019-10-05,NO20/14,37.369,10.9000845,5.1000004,14.589424
113529,2019-10-05,TL44/12,33.184,10.9000845,5.1000004,14.589424
113530,2019-10-05,TF81/2A,41.874,10.9000845,5.1000004,14.589424
113531,2019-10-05,ST07/10,79.5,10.9000845,5.1000004,14.589424
113532,2019-10-05,SJ15/13,79.648,10.9000845,5.1000004,14.589424
113533,2019-10-05,SN00/11,12.658,10.9000845,5.1000004,14.589424
113534,2019-10-06,SU01/5B,71.244,11.483417,9.100001,14.01199
113535,2019-10-06,ID30/1,116.68,11.483417,9.100001,14.01199
113536,2019-10-06,SJ62/235,54.193,11.483417,9.100001,14.01199
113537,2019-10-06,TL44/12,33.171,11.483417,9.100001,14.01199
113538,2019-10-06,TR14/9,60.989,11.483417,9.100001,14.01199
113539,2019-10-06,SU81/1,35.968,11.483417,9.100001,14.01199
113540,2019-10-06,SK00/41,128.94,11.483417,9.100001,14.01199
113541,2019-10-06,NY63/2,130.452,11.483417,9.100001,14.01199
113542,2019-10-06,SY68/34,65.17,11.483417,9.100001,14.01199
113543,2019-10-06,SJ15/13,79.631,11.483417,9.100001,14.01199
113544,2019-10-06,TF81/2A,41.876,11.483417,9.100001,14.01199
113545,2019-10-06,NO20/14,37.411,11.483417,9.100001,14.01199
113546,2019-10-06,ST07/10,79.778,11.483417,9.100001,14.01199
113547,2019-10-06,SN00/11,13.003,11.483417,9.100001,14.01199
113548,2019-10-06,NH95/17,29.498,11.483417,9.100001,14.01199
113549,2019-10-07,SY68/34,65.252,11.5459175,3.5,19.229235
113550,2019-10-07,SK00/41,128.899,11.5459175,3.5,19.229235
113551,2019-10-07,ID30/1,116.92,11.5459175,3.5,19.229235
113552,2019-10-07,SJ15/13,79.652,11.5459175,3.5,19.229235
113553,2019-10-07,SU01/5B,71.528,11.5459175,3.5,19.229235
113554,2019-10-07,SU81/1,36.015,11.5459175,3.5,19.229235
113555,2019-10-07,TR14/9,60.938,11.5459175,3.5,19.229235
113556,2019-10-07,NO20/14,37.487,11.5459175,3.5,19.229235
113557,2019-10-07,ST07/10,79.508,11.5459175,3.5,19.229235
113558,2019-10-07,TF81/2A,41.872,11.5459175,3.5,19.229235
113559,2019-10-07,NY63/2,130.498,11.5459175,3.5,19.229235
113560,2019-10-07,SJ62/235,54.207,11.5459175,3.5,19.229235
113561,2019-10-07,SN00/11,13.161,11.5459175,3.5,19.229235
113562,2019-10-07,TL44/12,33.163,11.5459175,3.5,19.229235
113563,2019-10-07,NH95/17,29.535,11.5459175,3.5,19.229235
113564,2019-10-08,TF81/2A,41.865,11.212583,1.2,17.521824
113565,2019-10-08,SJ62/235,54.214,11.212583,1.2,17.521824
113566,2019-10-08,SY68/34,65.347,11.212583,1.2,17.521824
113567,2019-10-08,SU81/1,36.066,11.212583,1.2,17.521824
113568,2019-10-08,TQ25/86,87.85,11.212583,1.2,17.521824
113569,2019-10-08,SN00/11,13.19,11.212583,1.2,17.521824
113570,2019-10-08,NY63/2,130.514,11.212583,1.2,17.521824
113571,2019-10-08,TL44/12,33.155,11.212583,1.2,17.521824
113572,2019-10-08,NO20/14,37.531,11.212583,1.2,17.521824
113573,2019-10-08,TR14/9,60.901,11.212583,1.2,17.521824
113574,2019-10-08,SP00/62,101.99,11.212583,1.2,17.521824
113575,2019-10-08,SJ15/13,79.658,11.212583,1.2,17.521824
113576,2019-10-08,ST07/10,78.681,11.212583,1.2,17.521824
113577,2019-10-08,SU01/5B,71.823,11.212583,1.2,17.521824
113578,2019-10-08,TL33/67,72.6,11.212583,1.2,17.521824
113579,2019-10-08,NH95/17,29.551,11.212583,1.2,17.521824
113580,2019-10-08,SK00/41,128.93,11.212583,1.2,17.521824
113581,2019-10-08,ID30/1,116.86,11.212583,1.2,17.521824
113582,2019-10-08,SU17/57,129.7,11.212583,1.2,17.521824
113583,2019-10-09,NO20/14,37.519,10.0875845,8.2,16.416315
113584,2019-10-09,TR14/9,60.851,10.0875845,8.2,16.416315
113585,2019-10-09,TF81/2A,41.862,10.0875845,8.2,16.416315
113586,2019-10-09,ID30/1,116.67,10.0875845,8.2,16.416315
113587,2019-10-09,NY63/2,130.503,10.0875845,8.2,16.416315
113588,2019-10-09,TL44/12,33.145,10.0875845,8.2,16.416315
113589,2019-10-09,SK00/41,128.947,10.0875845,8.2,16.416315
113590,2019-10-09,SU01/5B,72.111,10.0875845,8.2,16.416315
113591,2019-10-09,SN00/11,13.062,10.0875845,8.2,16.416315
113592,2019-10-09,SJ62/235,54.214,10.0875845,8.2,16.416315
113593,2019-10-09,SY68/34,65.461,10.0875845,8.2,16.416315
113594,2019-10-09,ST07/10,79.101,10.0875845,8.2,16.416315
113595,2019-10-09,NH95/17,29.551,10.0875845,8.2,16.416315
113596,2019-10-09,SJ15/13,79.64,10.0875845,8.2,16.416315
113597,2019-10-09,SU81/1,36.094,10.0875845,8.2,16.416315
113598,2019-10-10,SK00/41,128.925,11.291751,4.7999997,19.590393
113599,2019-10-10,SU01/5B,72.392,11.291751,4.7999997,19.590393
113600,2019-10-10,SU81/1,36.107,11.291751,4.7999997,19.590393
113601,2019-10-10,SJ15/13,79.635,11.291751,4.7999997,19.590393
113602,2019-10-10,NO20/14,37.5,11.291751,4.7999997,19.590393
113603,2019-10-10,SN00/11,12.898,11.291751,4.7999997,19.590393
113604,2019-10-10,TL44/12,33.138,11.291751,4.7999997,19.590393
113605,2019-10-10,ST07/10,79.729,11.291751,4.7999997,19.590393
113606,2019-10-10,ID30/1,116.45,11.291751,4.7999997,19.590393
113607,2019-10-10,SJ62/235,54.219,11.291751,4.7999997,19.590393
113608,2019-10-10,NY63/2,130.506,11.291751,4.7999997,19.590393
113609,2019-10-10,SY68/34,65.565,11.291751,4.7999997,19.590393
113610,2019-10-10,TF81/2A,41.861,11.291751,4.7999997,19.590393
113611,2019-10-10,TR14/9,60.787,11.291751,4.7999997,19.590393
113612,2019-10-10,NH95/17,29.517,11.291751,4.7999997,19.590393
113613,2019-10-11,TR14/9,60.746,11.612583,4.2999997,14.770443
113614,2019-10-11,ST07/10,80.963,11.612583,4.2999997,14.770443
113615,2019-10-11,NO20/14,37.52,11.612583,4.2999997,14.770443
113616,2019-10-11,SJ62/235,54.22,11.612583,4.2999997,14.770443
113617,2019-10-11,SY68/34,65.689,11.612583,4.2999997,14.770443
113618,2019-10-11,ID30/1,116.23,11.612583,4.2999997,14.770443
113619,2019-10-11,NY63/2,130.513,11.612583,4.2999997,14.770443
113620,2019-10-11,SJ15/13,79.663,11.612583,4.2999997,14.770443
113621,2019-10-11,SK00/41,128.95,11.612583,4.2999997,14.770443
113622,2019-10-11,NH95/17,29.532,11.612583,4.2999997,14.770443
113623,2019-10-11,SU81/1,36.145,11.612583,4.2999997,14.770443
113624,2019-10-11,SU01/5B,72.724,11.612583,4.2999997,14.770443
113625,2019-10-11,TF81/2A,41.86,11.612583,4.2999997,14.770443
113626,2019-10-11,SN00/11,12.794,11.612583,4.2999997,14.770443
113627,2019-10-11,TL44/12,33.124,11.612583,4.2999997,14.770443
113628,2019-10-12,SN00/11,12.73,10.345918,0.5,11.145836
113629,2019-10-12,ID30/1,116.0,10.345918,0.5,11.145836
113630,2019-10-12,SY68/34,65.837,10.345918,0.5,11.145836
113631,2019-10-12,SK00/41,128.93,10.345918,0.5,11.145836
113632,2019-10-12,TF81/2A,41.862,10.345918,0.5,11.145836
113633,2019-10-12,SU81/1,36.226,10.345918,0.5,11.145836
113634,2019-10-12,TL44/12,33.117,10.345918,0.5,11.145836
113635,2019-10-12,SJ15/13,79.694,10.345918,0.5,11.145836
113636,2019-10-12,NO20/14,37.498,10.345918,0.5,11.145836
113637,2019-10-12,NH95/17,29.504,10.345918,0.5,11.145836
113638,2019-10-12,ST07/10,82.137,10.345918,0.5,11.145836
113639,2019-10-12,TR14/9,60.708,10.345918,0.5,11.145836
113640,2019-10-12,SU01/5B,73.105,10.345918,0.5,11.145836
113641,2019-10-12,SJ62/235,54.222,10.345918,0.5,11.145836
113642,2019-10-12,NY63/2,130.497,10.345918,0.5,11.145836
113643,2019-10-13,NY63/2,130.51,9.960501,9.9,7.0849724
113644,2019-10-13,NH95/17,29.497,9.960501,9.9,7.0849724
113645,2019-10-13,TR14/9,60.649,9.960501,9.9,7.0849724
113646,2019-10-13,SJ62/235,54.222,9.960501,9.9,7.0849724
113647,2019-10-13,SY68/34,66.074,9.960501,9.9,7.0849724
113648,2019-10-13,SK00/41,128.941,9.960501,9.9,7.0849724
113649,2019-10-13,SU81/1,36.341,9.960501,9.9,7.0849724
113650,2019-10-13,SU01/5B,73.579,9.960501,9.9,7.0849724
113651,2019-10-13,TL44/12,33.113,9.960501,9.9,7.0849724
113652,2019-10-13,ST07/10,82.229,9.960501,9.9,7.0849724
113653,2019-10-13,SN00/11,12.807,9.960501,9.9,7.0849724
113654,2019-10-13,TF81/2A,41.867,9.960501,9.9,7.0849724
113655,2019-10-13,ID30/1,115.82,9.960501,9.9,7.0849724
113656,2019-10-13,SJ15/13,79.698,9.960501,9.9,7.0849724
113657,2019-10-13,NO20/14,37.515,9.960501,9.9,7.0849724
113658,2019-10-14,SK00/41,128.931,9.96675,1.1,9.43235
113659,2019-10-14,SU01/5B,75.008,9.96675,1.1,9.43235
113660,2019-10-14,NH95/17,29.488,9.96675,1.1,9.43235
113661,2019-10-14,SN00/11,12.897,9.96675,1.1,9.43235
113662,2019-10-14,ID30/1,115.7,9.96675,1.1,9.43235
113663,2019-10-14,NY63/2,130.52,9.96675,1.1,9.43235
113664,2019-10-14,TR14/9,60.613,9.96675,1.1,9.43235
113665,2019-10-14,TL44/12,33.108,9.96675,1.1,9.43235
113666,2019-10-14,SU81/1,36.563,9.96675,1.1,9.43235
113667,2019-10-14,TF81/2A,41.869,9.96675,1.1,9.43235
113668,2019-10-14,SJ62/235,54.228,9.96675,1.1,9.43235
113669,2019-10-14,NO20/14,37.558,9.96675,1.1,9.43235
113670,2019-10-14,SY68/34,66.376,9.96675,1.1,9.43235
113671,2019-10-14,SJ15/13,79.698,9.96675,1.1,9.43235
113672,2019-10-14,ST07/10,81.949,9.96675,1.1,9.43235
113673,2019-10-15,TL44/12,33.091,9.910501,2.5999997,7.8871236
113674,2019-10-15,TF81/2A,41.873,9.910501,2.5999997,7.8871236
113675,2019-10-15,NO20/14,37.609,9.910501,2.5999997,7.8871236
113676,2019-10-15,TR14/9,60.568,9.910501,2.5999997,7.8871236
113677,2019-10-15,ID30/1,115.61,9.910501,2.5999997,7.8871236
113678,2019-10-15,SY68/34,66.662,9.910501,2.5999997,7.8871236
113679,2019-10-15,NY63/2,130.542,9.910501,2.5999997,7.8871236
113680,2019-10-15,SU01/5B,77.76,9.910501,2.5999997,7.8871236
113681,2019-10-15,SP00/62,102.99,9.910501,2.5999997,7.8871236
113682,2019-10-15,SJ62/235,54.232,9.910501,2.5999997,7.8871236
113683,2019-10-15,SU17/57,130.24,9.910501,2.5999997,7.8871236
113684,2019-10-15,ST07/10,81.503,9.910501,2.5999997,7.8871236
113685,2019-10-15,SJ15/13,79.703,9.910501,2.5999997,7.8871236
113686,2019-10-15,SU81/1,37.271,9.910501,2.5999997,7.8871236
113687,2019-10-15,TL33/67,72.44,9.910501,2.5999997,7.8871236
113688,2019-10-15,NH95/17,29.486,9.910501,2.5999997,7.8871236
113689,2019-10-15,TQ25/86,87.83,9.910501,2.5999997,7.8871236
113690,2019-10-15,TL33/4,72.575,9.910501,2.5999997,7.8871236
113691,2019-10-15,SK00/41,128.933,9.910501,2.5999997,7.8871236
113692,2019-10-15,SN00/11,12.882,9.910501,2.5999997,7.8871236
113693,2019-10-16,SK00/41,128.935,10.227167,4.5999994,13.976699
113694,2019-10-16,SU01/5B,80.566,10.227167,4.5999994,13.976699
113695,2019-10-16,SJ15/13,79.686,10.227167,4.5999994,13.976699
113696,2019-10-16,SY68/34,66.93,10.227167,4.5999994,13.976699
113697,2019-10-16,SU81/1,37.844,10.227167,4.5999994,13.976699
113698,2019-10-16,TL44/12,33.086,10.227167,4.5999994,13.976699
113699,2019-10-16,SJ62/235,54.232,10.227167,4.5999994,13.976699
113700,2019-10-16,ID30/1,115.64,10.227167,4.5999994,13.976699
113701,2019-10-16,SN00/11,12.834,10.227167,4.5999994,13.976699
113702,2019-10-16,ST07/10,81.014,10.227167,4.5999994,13.976699
113703,2019-10-16,NY63/2,130.536,10.227167,4.5999994,13.976699
113704,2019-10-16,NO20/14,37.629,10.227167,4.5999994,13.976699
113705,2019-10-16,TF81/2A,41.879,10.227167,4.5999994,13.976699
113706,2019-10-16,TR14/9,60.49,10.227167,4.5999994,13.976699
113707,2019-10-16,NH95/17,29.488,10.227167,4.5999994,13.976699
113708,2019-10-17,NH95/17,29.476,9.441751,0.5,16.456629
113709,2019-10-17,SU01/5B,82.982,9.441751,0.5,16.456629
113710,2019-10-17,NO20/14,37.623,9.441751,0.5,16.456629
113711,2019-10-17,SY68/34,67.207,9.441751,0.5,16.456629
113712,2019-10-17,SJ15/13,79.693,9.441751,0.5,16.456629
113713,2019-10-17,SU81/1,38.262,9.441751,0.5,16.456629
113714,2019-10-17,SN00/11,12.83,9.441751,0.5,16.456629
113715,2019-10-17,TL44/12,33.082,9.441751,0.5,16.456629
113716,2019-10-17,TF81/2A,41.885,9.441751,0.5,16.456629
113717,2019-10-17,ST07/10,80.57,9.441751,0.5,16.456629
113718,2019-10-17,SK00/41,128.932,9.441751,0.5,16.456629
113719,2019-10-17,TR14/9,60.476,9.441751,0.5,16.456629
113720,2019-10-17,SJ62/235,54.24,9.441751,0.5,16.456629
113721,2019-10-17,ID30/1,115.6,9.441751,0.5,16.456629
113722,2019-10-17,NY63/2,130.551,9.441751,0.5,16.456629
113723,2019-10-18,ID30/1,115.52,8.870917,2.2999997,8.27214
113724,2019-10-18,NY63/2,130.563,8.870917,2.2999997,8.27214
113725,2019-10-18,TR14/9,60.455,8.870917,2.2999997,8.27214
113726,2019-10-18,SN00/11,13.141,8.870917,2.2999997,8.27214
113727,2019-10-18,SJ15/13,79.716,8.870917,2.2999997,8.27214
113728,2019-10-18,SY68/34,67.522,8.870917,2.2999997,8.27214
113729,2019-10-18,TL44/12,33.075,8.870917,2.2999997,8.27214
113730,2019-10-18,SJ62/235,54.243,8.870917,2.2999997,8.27214
113731,2019-10-18,SU81/1,39.113,8.870917,2.2999997,8.27214
113732,2019-10-18,NO20/14,37.65,8.870917,2.2999997,8.27214
113733,2019-10-18,TF81/2A,41.888,8.870917,2.2999997,8.27214
113734,2019-10-18,SU01/5B,84.712,8.870917,2.2999997,8.27214
113735,2019-10-18,SK00/41,128.934,8.870917,2.2999997,8.27214
113736,2019-10-18,NH95/17,29.48,8.870917,2.2999997,8.27214
113737,2019-10-18,ST07/10,81.333,8.870917,2.2999997,8.27214
113738,2019-10-19,SJ15/13,79.752,6.9688325,3.2,8.208676
113739,2019-10-19,ST07/10,84.495,6.9688325,3.2,8.208676
113740,2019-10-19,SU01/5B,86.217,6.9688325,3.2,8.208676
113741,2019-10-19,SN00/11,13.323,6.9688325,3.2,8.208676
113742,2019-10-19,TL44/12,33.068,6.9688325,3.2,8.208676
113743,2019-10-19,NY63/2,130.521,6.9688325,3.2,8.208676
113744,2019-10-19,SU81/1,40.568,6.9688325,3.2,8.208676
113745,2019-10-19,ID30/1,115.71,6.9688325,3.2,8.208676
113746,2019-10-19,SJ62/235,54.238,6.9688325,3.2,8.208676
113747,2019-10-19,TF81/2A,41.888,6.9688325,3.2,8.208676
113748,2019-10-19,TR14/9,60.418,6.9688325,3.2,8.208676
113749,2019-10-19,NH95/17,29.483,6.9688325,3.2,8.208676
113750,2019-10-19,SY68/34,67.908,6.9688325,3.2,8.208676
113751,2019-10-19,NO20/14,37.692,6.9688325,3.2,8.208676
113752,2019-10-19,SK00/41,128.939,6.9688325,3.2,8.208676
113753,2019-10-20,SJ15/13,79.739,7.3167496,0.0,13.531578
113754,2019-10-20,NY63/2,130.478,7.3167496,0.0,13.531578
113755,2019-10-20,ID30/1,115.85,7.3167496,0.0,13.531578
113756,2019-10-20,TL44/12,33.059,7.3167496,0.0,13.531578
113757,2019-10-20,SN00/11,13.259,7.3167496,0.0,13.531578
113758,2019-10-20,SU81/1,41.444,7.3167496,0.0,13.531578
113759,2019-10-20,NH95/17,29.472,7.3167496,0.0,13.531578
113760,2019-10-20,SK00/41,128.929,7.3167496,0.0,13.531578
113761,2019-10-20,SJ62/235,54.237,7.3167496,0.0,13.531578
113762,2019-10-20,SU01/5B,87.857,7.3167496,0.0,13.531578
113763,2019-10-20,TF81/2A,41.891,7.3167496,0.0,13.531578
113764,2019-10-20,TR14/9,60.395,7.3167496,0.0,13.531578
113765,2019-10-20,NO20/14,37.7,7.3167496,0.0,13.531578
113766,2019-10-20,SY68/34,68.318,7.3167496,0.0,13.531578
113767,2019-10-20,ST07/10,84.832,7.3167496,0.0,13.531578
113768,2019-10-21,SU81/1,41.877,7.6646676,0.0,7.133271
113769,2019-10-21,NH95/17,29.477,7.6646676,0.0,7.133271
113770,2019-10-21,ST07/10,84.139,7.6646676,0.0,7.133271
113771,2019-10-21,SJ15/13,79.724,7.6646676,0.0,7.133271
113772,2019-10-21,SK00/41,128.922,7.6646676,0.0,7.133271
113773,2019-10-21,NO20/14,37.716,7.6646676,0.0,7.133271
113774,2019-10-21,SN00/11,13.138,7.6646676,0.0,7.133271
113775,2019-10-21,TF81/2A,41.898,7.6646676,0.0,7.133271
113776,2019-10-21,SJ62/235,54.239,7.6646676,0.0,7.133271
113777,2019-10-21,TL44/12,33.051,7.6646676,0.0,7.133271
113778,2019-10-21,TL33/67,72.39,7.6646676,0.0,7.133271
113779,2019-10-21,ID30/1,115.85,7.6646676,0.0,7.133271
113780,2019-10-21,SU01/5B,89.278,7.6646676,0.0,7.133271
113781,2019-10-21,SY68/34,68.648,7.6646676,0.0,7.133271
113782,2019-10-21,TR14/9,60.346,7.6646676,0.0,7.133271
113783,2019-10-21,NY63/2,130.489,7.6646676,0.0,7.133271
113784,2019-10-22,SU81/1,42.174,8.5563345,0.2,9.052988
113785,2019-10-22,SK00/41,128.917,8.5563345,0.2,9.052988
113786,2019-10-22,TV59/7C,2.83,8.5563345,0.2,9.052988
113787,2019-10-22,ID30/1,115.79,8.5563345,0.2,9.052988
113788,2019-10-22,SJ15/13,79.733,8.5563345,0.2,9.052988
113789,2019-10-22,ST07/10,83.222,8.5563345,0.2,9.052988
113790,2019-10-22,SU17/57,133.03,8.5563345,0.2,9.052988
113791,2019-10-22,NO20/14,37.764,8.5563345,0.2,9.052988
113792,2019-10-22,NH95/17,29.502,8.5563345,0.2,9.052988
113793,2019-10-22,NY63/2,130.518,8.5563345,0.2,9.052988
113794,2019-10-22,SJ62/235,54.244,8.5563345,0.2,9.052988
113795,2019-10-22,TL44/12,33.045,8.5563345,0.2,9.052988
113796,2019-10-22,SN00/11,13.009,8.5563345,0.2,9.052988
113797,2019-10-22,TR14/9,60.303,8.5563345,0.2,9.052988
113798,2019-10-22,SP00/62,102.79,8.5563345,0.2,9.052988
113799,2019-10-22,SY68/34,68.903,8.5563345,0.2,9.052988
113800,2019-10-22,TF81/2A,41.912,8.5563345,0.2,9.052988
113801,2019-10-22,TQ25/86,87.98,8.5563345,0.2,9.052988
113802,2019-10-22,SU01/5B,90.237,8.5563345,0.2,9.052988
113803,2019-10-23,TL44/12,33.042,9.531333,0.4,16.927736
113804,2019-10-23,TR14/9,60.294,9.531333,0.4,16.927736
113805,2019-10-23,SU81/1,42.474,9.531333,0.4,16.927736
113806,2019-10-23,NH95/17,29.519,9.531333,0.4,16.927736
113807,2019-10-23,SK00/41,128.918,9.531333,0.4,16.927736
113808,2019-10-23,NO20/14,37.797,9.531333,0.4,16.927736
113809,2019-10-23,SU01/5B,90.891,9.531333,0.4,16.927736
113810,2019-10-23,ST07/10,82.105,9.531333,0.4,16.927736
113811,2019-10-23,SN00/11,12.895,9.531333,0.4,16.927736
113812,2019-10-23,SJ62/235,54.253,9.531333,0.4,16.927736
113813,2019-10-23,NY63/2,130.56,9.531333,0.4,16.927736
113814,2019-10-23,SY68/34,69.119,9.531333,0.4,16.927736
113815,2019-10-23,SJ15/13,79.765,9.531333,0.4,16.927736
113816,2019-10-23,TF81/2A,41.918,9.531333,0.4,16.927736
113817,2019-10-23,ID30/1,115.68,9.531333,0.4,16.927736
113818,2019-10-24,NH95/17,29.519,9.589667,3.5000002,12.179846
113819,2019-10-24,ST07/10,80.515,9.589667,3.5000002,12.179846
113820,2019-10-24,SJ15/13,79.749,9.589667,3.5000002,12.179846
113821,2019-10-24,TF81/2A,41.926,9.589667,3.5000002,12.179846
113822,2019-10-24,SU01/5B,91.321,9.589667,3.5000002,12.179846
113823,2019-10-24,TR14/9,60.249,9.589667,3.5000002,12.179846
113824,2019-10-24,SY68/34,69.288,9.589667,3.5000002,12.179846
113825,2019-10-24,SJ62/235,54.249,9.589667,3.5000002,12.179846
113826,2019-10-24,SU81/1,42.698,9.589667,3.5000002,12.179846
113827,2019-10-24,NY63/2,130.551,9.589667,3.5000002,12.179846
113828,2019-10-24,ID30/1,115.59,9.589667,3.5000002,12.179846
113829,2019-10-24,NO20/14,37.818,9.589667,3.5000002,12.179846
113830,2019-10-24,SN00/11,12.779,9.589667,3.5000002,12.179846
113831,2019-10-24,TL44/12,33.04,9.589667,3.5000002,12.179846
113832,2019-10-24,SK00/41,128.924,9.589667,3.5000002,12.179846
113833,2019-10-25,SU01/5B,91.518,5.3000827,11.1,7.918759
113834,2019-10-25,SJ62/235,54.255,5.3000827,11.1,7.918759
113835,2019-10-25,ST07/10,79.54,5.3000827,11.1,7.918759
113836,2019-10-25,SN00/11,12.956,5.3000827,11.1,7.918759
113837,2019-10-25,TR14/9,60.23,5.3000827,11.1,7.918759
113838,2019-10-25,SY68/34,69.424,5.3000827,11.1,7.918759
113839,2019-10-25,TF81/2A,41.93,5.3000827,11.1,7.918759
113840,2019-10-25,SE95/6,23.51,5.3000827,11.1,7.918759
113841,2019-10-25,SE94/5,14.05,5.3000827,11.1,7.918759
113842,2019-10-25,NY63/2,130.555,5.3000827,11.1,7.918759
113843,2019-10-25,SJ15/13,79.787,5.3000827,11.1,7.918759
113844,2019-10-25,SU81/1,42.878,5.3000827,11.1,7.918759
113845,2019-10-25,NO20/14,37.79,5.3000827,11.1,7.918759
113846,2019-10-25,SK00/41,128.924,5.3000827,11.1,7.918759
113847,2019-10-25,TL44/12,33.036,5.3000827,11.1,7.918759
113848,2019-10-25,ID30/1,115.47,5.3000827,11.1,7.918759
113849,2019-10-25,NH95/17,29.502,5.3000827,11.1,7.918759
113850,2019-10-26,TR14/9,60.213,5.8729997,2.6000001,9.52291
113851,2019-10-26,SU81/1,43.048,5.8729997,2.6000001,9.52291
113852,2019-10-26,TF81/2A,41.932,5.8729997,2.6000001,9.52291
113853,2019-10-26,SN00/11,13.985,5.8729997,2.6000001,9.52291
113854,2019-10-26,SY68/34,69.541,5.8729997,2.6000001,9.52291
113855,2019-10-26,ID30/1,115.34,5.8729997,2.6000001,9.52291
113856,2019-10-26,NH95/17,29.499,5.8729997,2.6000001,9.52291
113857,2019-10-26,ST07/10,82.631,5.8729997,2.6000001,9.52291
113858,2019-10-26,TL44/12,33.03,5.8729997,2.6000001,9.52291
113859,2019-10-26,SJ62/235,54.264,5.8729997,2.6000001,9.52291
113860,2019-10-26,SK00/41,128.927,5.8729997,2.6000001,9.52291
113861,2019-10-26,NO20/14,37.799,5.8729997,2.6000001,9.52291
113862,2019-10-26,SJ15/13,79.923,5.8729997,2.6000001,9.52291
113863,2019-10-26,NY63/2,130.535,5.8729997,2.6000001,9.52291
113864,2019-10-26,SU01/5B,91.597,5.8729997,2.6000001,9.52291
113865,2019-10-27,NH95/17,29.469,6.5542507,0.0,16.36541
113866,2019-10-27,SN00/11,14.175,6.5542507,0.0,16.36541
113867,2019-10-27,SJ62/235,54.281,6.5542507,0.0,16.36541
113868,2019-10-27,SU81/1,43.155,6.5542507,0.0,16.36541
113869,2019-10-27,SU01/5B,91.537,6.5542507,0.0,16.36541
113870,2019-10-27,ID30/1,115.19,6.5542507,0.0,16.36541
113871,2019-10-27,TR14/9,60.173,6.5542507,0.0,16.36541
113872,2019-10-27,ST07/10,83.829,6.5542507,0.0,16.36541
113873,2019-10-27,NO20/14,37.747,6.5542507,0.0,16.36541
113874,2019-10-27,TL44/12,33.023,6.5542507,0.0,16.36541
113875,2019-10-27,TF81/2A,41.942,6.5542507,0.0,16.36541
113876,2019-10-27,SY68/34,69.63,6.5542507,0.0,16.36541
113877,2019-10-27,SK00/41,128.919,6.5542507,0.0,16.36541
113878,2019-10-27,SJ15/13,79.927,6.5542507,0.0,16.36541
113879,2019-10-27,NY63/2,130.488,6.5542507,0.0,16.36541
113880,2019-10-28,SY68/34,69.722,3.752166,0.0,5.8697853
113881,2019-10-28,SJ62/235,54.298,3.752166,0.0,5.8697853
113882,2019-10-28,NY63/2,130.494,3.752166,0.0,5.8697853
113883,2019-10-28,SU81/1,43.285,3.752166,0.0,5.8697853
113884,2019-10-28,NH95/17,29.468,3.752166,0.0,5.8697853
113885,2019-10-28,SU01/5B,91.462,3.752166,0.0,5.8697853
113886,2019-10-28,ST07/10,83.434,3.752166,0.0,5.8697853
113887,2019-10-28,SK00/41,128.914,3.752166,0.0,5.8697853
113888,2019-10-28,TA10/63,14.15,3.752166,0.0,5.8697853
113889,2019-10-28,TF81/2A,41.949,3.752166,0.0,5.8697853
113890,2019-10-28,NO20/14,37.723,3.752166,0.0,5.8697853
113891,2019-10-28,SJ15/13,79.91,3.752166,0.0,5.8697853
113892,2019-10-28,ID30/1,115.08,3.752166,0.0,5.8697853
113893,2019-10-28,TL44/12,33.02,3.752166,0.0,5.8697853
113894,2019-10-28,SN00/11,13.957,3.752166,0.0,5.8697853
113895,2019-10-28,TR14/9,60.155,3.752166,0.0,5.8697853
113896,2019-10-29,TL33/67,72.44,4.6896667,0.0,7.9776525
113897,2019-10-29,TQ25/86,88.07,4.6896667,0.0,7.9776525
113898,2019-10-29,SY68/34,69.802,4.6896667,0.0,7.9776525
113899,2019-10-29,TF81/2A,41.961,4.6896667,0.0,7.9776525
113900,2019-10-29,NH95/17,29.478,4.6896667,0.0,7.9776525
113901,2019-10-29,SK00/41,128.91,4.6896667,0.0,7.9776525
113902,2019-10-29,SU17/57,134.24,4.6896667,0.0,7.9776525
113903,2019-10-29,NY63/2,130.502,4.6896667,0.0,7.9776525
113904,2019-10-29,NO20/14,37.732,4.6896667,0.0,7.9776525
113905,2019-10-29,SJ62/235,54.308,4.6896667,0.0,7.9776525
113906,2019-10-29,SU01/5B,91.379,4.6896667,0.0,7.9776525
113907,2019-10-29,SU81/1,43.393,4.6896667,0.0,7.9776525
113908,2019-10-29,ST07/10,82.573,4.6896667,0.0,7.9776525
113909,2019-10-29,ID30/1,114.97,4.6896667,0.0,7.9776525
113910,2019-10-29,SN00/11,13.697,4.6896667,0.0,7.9776525
113911,2019-10-29,SJ15/13,79.886,4.6896667,0.0,7.9776525
113912,2019-10-29,TL44/12,33.012,4.6896667,0.0,7.9776525
113913,2019-10-29,TR14/9,60.11,4.6896667,0.0,7.9776525
113914,2019-10-29,SP00/62,103.03,4.6896667,0.0,7.9776525
113915,2019-10-30,SU01/5B,91.31,5.2896667,0.0,9.551475
113916,2019-10-30,TF81/2A,41.967,5.2896667,0.0,9.551475
113917,2019-10-30,SU81/1,43.503,5.2896667,0.0,9.551475
113918,2019-10-30,SJ15/13,79.88,5.2896667,0.0,9.551475
113919,2019-10-30,ID30/1,114.9,5.2896667,0.0,9.551475
113920,2019-10-30,TL44/12,33.011,5.2896667,0.0,9.551475
113921,2019-10-30,TR14/9,60.08,5.2896667,0.0,9.551475
113922,2019-10-30,SY68/34,69.883,5.2896667,0.0,9.551475
113923,2019-10-30,NO20/14,37.758,5.2896667,0.0,9.551475
113924,2019-10-30,NH95/17,29.497,5.2896667,0.0,9.551475
113925,2019-10-30,ST07/10,81.306,5.2896667,0.0,9.551475
113926,2019-10-30,SN00/11,13.479,5.2896667,0.0,9.551475
113927,2019-10-30,SJ62/235,54.322,5.2896667,0.0,9.551475
113928,2019-10-30,NY63/2,130.528,5.2896667,0.0,9.551475
113929,2019-10-30,SK00/41,128.908,5.2896667,0.0,9.551475
113930,2019-10-31,TL44/12,33.01,6.1792507,0.8000001,15.346197
113931,2019-10-31,NH95/17,29.509,6.1792507,0.8000001,15.346197
113932,2019-10-31,ID30/1,114.77,6.1792507,0.8000001,15.346197
113933,2019-10-31,TL33/67,72.31,6.1792507,0.8000001,15.346197
113934,2019-10-31,SU17/57,134.49,6.1792507,0.8000001,15.346197
113935,2019-10-31,SU01/5B,91.292,6.1792507,0.8000001,15.346197
113936,2019-10-31,TF03/37,20.116,6.1792507,0.8000001,15.346197
113937,2019-10-31,TF81/2A,41.998,6.1792507,0.8000001,15.346197
113938,2019-10-31,SK00/41,128.909,6.1792507,0.8000001,15.346197
113939,2019-10-31,SP00/62,102.96,6.1792507,0.8000001,15.346197
113940,2019-10-31,NO20/14,37.802,6.1792507,0.8000001,15.346197
113941,2019-10-31,TQ25/86,88.23,6.1792507,0.8000001,15.346197
113942,2019-10-31,TM15/112,24.65,6.1792507,0.8000001,15.346197
113943,2019-10-31,TR14/9,60.051,6.1792507,0.8000001,15.346197
113944,2019-10-31,NY63/2,130.572,6.1792507,0.8000001,15.346197
113945,2019-10-31,SJ15/13,79.899,6.1792507,0.8000001,15.346197
113946,2019-10-31,SJ62/235,54.335,6.1792507,0.8000001,15.346197
113947,2019-10-31,SU81/1,43.624,6.1792507,0.8000001,15.346197
113948,2019-10-31,SN00/11,13.354,6.1792507,0.8000001,15.346197
113949,2019-10-31,SY68/34,69.986,6.1792507,0.8000001,15.346197
113950,2019-10-31,ST07/10,80.499,6.1792507,0.8000001,15.346197
113951,2019-11-01,SK00/41,128.926,10.162583,11.299999,17.577461
113952,2019-11-01,TL33/4,72.42,10.162583,11.299999,17.577461
113953,2019-11-01,NO20/14,37.893,10.162583,11.299999,17.577461
113954,2019-11-01,SN00/11,13.597,10.162583,11.299999,17.577461
113955,2019-11-01,NH95/17,29.353,10.162583,11.299999,17.577461
113956,2019-11-01,ST07/10,80.82,10.162583,11.299999,17.577461
113957,2019-11-01,ID30/1,114.93,10.162583,11.299999,17.577461
113958,2019-11-01,SU01/5B,91.41,10.162583,11.299999,17.577461
113959,2019-11-01,TL44/12,33.021,10.162583,11.299999,17.577461
113960,2019-11-01,NY63/2,130.676,10.162583,11.299999,17.577461
113961,2019-11-01,SY68/34,70.121,10.162583,11.299999,17.577461
113962,2019-11-01,SJ62/235,54.353,10.162583,11.299999,17.577461
113963,2019-11-01,SJ15/13,79.967,10.162583,11.299999,17.577461
113964,2019-11-01,TR14/9,60.041,10.162583,11.299999,17.577461
113965,2019-11-01,TF81/2A,42.012,10.162583,11.299999,17.577461
113966,2019-11-01,SU81/1,43.813,10.162583,11.299999,17.577461
113967,2019-11-02,ID30/1,115.25,9.258418,3.5999997,10.803444
113968,2019-11-02,SJ62/235,54.358,9.258418,3.5999997,10.803444
113969,2019-11-02,NH95/17,29.325,9.258418,3.5999997,10.803444
113970,2019-11-02,SU01/5B,91.612,9.258418,3.5999997,10.803444
113971,2019-11-02,NO20/14,37.971,9.258418,3.5999997,10.803444
113972,2019-11-02,NY63/2,130.675,9.258418,3.5999997,10.803444
113973,2019-11-02,TR14/9,60.043,9.258418,3.5999997,10.803444
113974,2019-11-02,SK00/41,128.949,9.258418,3.5999997,10.803444
113975,2019-11-02,SN00/11,14.248,9.258418,3.5999997,10.803444
113976,2019-11-02,TL44/12,33.028,9.258418,3.5999997,10.803444
113977,2019-11-02,TF81/2A,42.017,9.258418,3.5999997,10.803444
113978,2019-11-02,SY68/34,70.3,9.258418,3.5999997,10.803444
113979,2019-11-02,ST07/10,83.22,9.258418,3.5999997,10.803444
113980,2019-11-02,SJ15/13,79.986,9.258418,3.5999997,10.803444
113981,2019-11-02,SU81/1,44.011,9.258418,3.5999997,10.803444
113982,2019-11-03,NY63/2,130.643,7.8209167,6.299999,10.888554
113983,2019-11-03,SJ62/235,54.36,7.8209167,6.299999,10.888554
113984,2019-11-03,TF81/2A,42.025,7.8209167,6.299999,10.888554
113985,2019-11-03,SY68/34,70.544,7.8209167,6.299999,10.888554
113986,2019-11-03,ST07/10,86.44,7.8209167,6.299999,10.888554
113987,2019-11-03,SU01/5B,91.752,7.8209167,6.299999,10.888554
113988,2019-11-03,SK00/41,128.947,7.8209167,6.299999,10.888554
113989,2019-11-03,SU81/1,44.151,7.8209167,6.299999,10.888554
113990,2019-11-03,SJ15/13,79.95,7.8209167,6.299999,10.888554
113991,2019-11-03,ID30/1,115.27,7.8209167,6.299999,10.888554
113992,2019-11-03,SN00/11,14.65,7.8209167,6.299999,10.888554
113993,2019-11-03,TL44/12,33.032,7.8209167,6.299999,10.888554
113994,2019-11-03,NO20/14,37.958,7.8209167,6.299999,10.888554
113995,2019-11-03,NH95/17,29.322,7.8209167,6.299999,10.888554
113996,2019-11-03,TR14/9,60.03,7.8209167,6.299999,10.888554
113997,2019-11-04,SU01/5B,91.853,8.362583,3.5999997,11.723699
113998,2019-11-04,TR14/9,60.025,8.362583,3.5999997,11.723699
113999,2019-11-04,SJ15/13,79.914,8.362583,3.5999997,11.723699
114000,2019-11-04,SY68/34,70.845,8.362583,3.5999997,11.723699
114001,2019-11-04,SN00/11,14.614,8.362583,3.5999997,11.723699
114002,2019-11-04,TL44/12,33.031,8.362583,3.5999997,11.723699
114003,2019-11-04,SU81/1,44.261,8.362583,3.5999997,11.723699
114004,2019-11-04,TF81/2A,42.028,8.362583,3.5999997,11.723699
114005,2019-11-04,SJ62/235,54.36,8.362583,3.5999997,11.723699
114006,2019-11-04,NY63/2,130.595,8.362583,3.5999997,11.723699
114007,2019-11-04,ST07/10,87.259,8.362583,3.5999997,11.723699
114008,2019-11-04,ID30/1,115.25,8.362583,3.5999997,11.723699
114009,2019-11-04,SK00/41,128.947,8.362583,3.5999997,11.723699
114010,2019-11-04,NH95/17,29.328,8.362583,3.5999997,11.723699
114011,2019-11-04,NO20/14,37.966,8.362583,3.5999997,11.723699
114012,2019-11-05,TL33/67,72.35,7.552168,2.6,15.989322
114013,2019-11-05,NY63/2,130.553,7.552168,2.6,15.989322
114014,2019-11-05,TQ25/86,88.67,7.552168,2.6,15.989322
114015,2019-11-05,ST07/10,86.997,7.552168,2.6,15.989322
114016,2019-11-05,SU01/5B,91.964,7.552168,2.6,15.989322
114017,2019-11-05,NH95/17,29.346,7.552168,2.6,15.989322
114018,2019-11-05,SJ62/235,54.358,7.552168,2.6,15.989322
114019,2019-11-05,SU81/1,44.344,7.552168,2.6,15.989322
114020,2019-11-05,SU17/57,135.19,7.552168,2.6,15.989322
114021,2019-11-05,SJ15/13,79.839,7.552168,2.6,15.989322
114022,2019-11-05,ID30/1,115.14,7.552168,2.6,15.989322
114023,2019-11-05,SY68/34,71.058,7.552168,2.6,15.989322
114024,2019-11-05,NO20/14,38.06,7.552168,2.6,15.989322
114025,2019-11-05,TL44/12,33.032,7.552168,2.6,15.989322
114026,2019-11-05,SP00/62,102.99,7.552168,2.6,15.989322
114027,2019-11-05,SK00/41,128.944,7.552168,2.6,15.989322
114028,2019-11-05,TR14/9,59.99,7.552168,2.6,15.989322
114029,2019-11-05,TF81/2A,42.044,7.552168,2.6,15.989322
114030,2019-11-05,SN00/11,14.373,7.552168,2.6,15.989322
114031,2019-11-06,ID30/1,115.04,4.4792495,2.0,8.610556
114032,2019-11-06,TL44/12,33.038,4.4792495,2.0,8.610556
114033,2019-11-06,SK00/41,128.939,4.4792495,2.0,8.610556
114034,2019-11-06,NO20/14,38.145,4.4792495,2.0,8.610556
114035,2019-11-06,SU01/5B,92.232,4.4792495,2.0,8.610556
114036,2019-11-06,TR14/9,60.085,4.4792495,2.0,8.610556
114037,2019-11-06,SJ15/13,79.832,4.4792495,2.0,8.610556
114038,2019-11-06,SY68/34,71.181,4.4792495,2.0,8.610556
114039,2019-11-06,NY63/2,130.608,4.4792495,2.0,8.610556
114040,2019-11-06,SN00/11,14.157,4.4792495,2.0,8.610556
114041,2019-11-06,SU81/1,44.512,4.4792495,2.0,8.610556
114042,2019-11-06,SJ62/235,54.373,4.4792495,2.0,8.610556
114043,2019-11-06,TF81/2A,42.055,4.4792495,2.0,8.610556
114044,2019-11-06,ST07/10,86.345,4.4792495,2.0,8.610556
114045,2019-11-06,NH95/17,29.474,4.4792495,2.0,8.610556
114046,2019-11-07,SU81/1,44.908,6.268833,2.1000001,17.607157
114047,2019-11-07,TR14/9,60.241,6.268833,2.1000001,17.607157
114048,2019-11-07,ST07/10,85.473,6.268833,2.1000001,17.607157
114049,2019-11-07,SJ62/235,54.374,6.268833,2.1000001,17.607157
114050,2019-11-07,TL44/12,33.04,6.268833,2.1000001,17.607157
114051,2019-11-07,NH95/17,29.662,6.268833,2.1000001,17.607157
114052,2019-11-07,SK00/41,128.949,6.268833,2.1000001,17.607157
114053,2019-11-07,NO20/14,38.185,6.268833,2.1000001,17.607157
114054,2019-11-07,SU01/5B,92.717,6.268833,2.1000001,17.607157
114055,2019-11-07,SN00/11,14.043,6.268833,2.1000001,17.607157
114056,2019-11-07,ID30/1,114.96,6.268833,2.1000001,17.607157
114057,2019-11-07,TF81/2A,42.06,6.268833,2.1000001,17.607157
114058,2019-11-07,SY68/34,71.194,6.268833,2.1000001,17.607157
114059,2019-11-07,NY63/2,130.589,6.268833,2.1000001,17.607157
114060,2019-11-07,SJ15/13,79.878,6.268833,2.1000001,17.607157
114061,2019-11-08,SJ62/235,54.383,3.9479997,0.0,12.360281
114062,2019-11-08,SJ15/13,79.928,3.9479997,0.0,12.360281
114063,2019-11-08,SN00/11,13.883,3.9479997,0.0,12.360281
114064,2019-11-08,TL44/12,33.04,3.9479997,0.0,12.360281
114065,2019-11-08,SU01/5B,93.24,3.9479997,0.0,12.360281
114066,2019-11-08,TF81/2A,42.074,3.9479997,0.0,12.360281
114067,2019-11-08,NO20/14,38.177,3.9479997,0.0,12.360281
114068,2019-11-08,TR14/9,60.339,3.9479997,0.0,12.360281
114069,2019-11-08,NY63/2,130.56,3.9479997,0.0,12.360281
114070,2019-11-08,ST07/10,84.44,3.9479997,0.0,12.360281
114071,2019-11-08,NH95/17,29.682,3.9479997,0.0,12.360281
114072,2019-11-08,SY68/34,71.195,3.9479997,0.0,12.360281
114073,2019-11-08,SK00/41,128.937,3.9479997,0.0,12.360281
114074,2019-11-08,ID30/1,114.87,3.9479997,0.0,12.360281
114075,2019-11-08,SU81/1,45.7,3.9479997,0.0,12.360281
114076,2019-11-09,ID30/1,115.07,2.9104998,0.0,10.368528
114077,2019-11-09,SN00/11,13.825,2.9104998,0.0,10.368528
114078,2019-11-09,TR14/9,60.475,2.9104998,0.0,10.368528
114079,2019-11-09,ST07/10,83.581,2.9104998,0.0,10.368528
114080,2019-11-09,TF81/2A,42.076,2.9104998,0.0,10.368528
114081,2019-11-09,SU81/1,46.703,2.9104998,0.0,10.368528
114082,2019-11-09,NH95/17,29.715,2.9104998,0.0,10.368528
114083,2019-11-09,SK00/41,128.937,2.9104998,0.0,10.368528
114084,2019-11-09,NY63/2,130.582,2.9104998,0.0,10.368528
114085,2019-11-09,SJ15/13,79.998,2.9104998,0.0,10.368528
114086,2019-11-09,TL44/12,33.04,2.9104998,0.0,10.368528
114087,2019-11-09,SY68/34,71.22,2.9104998,0.0,10.368528
114088,2019-11-09,NO20/14,38.206,2.9104998,0.0,10.368528
114089,2019-11-09,SJ62/235,54.397,2.9104998,0.0,10.368528
114090,2019-11-09,SU01/5B,94.012,2.9104998,0.0,10.368528
114091,2019-11-10,TF81/2A,42.12,3.825083,3.8000002,8.89714
114092,2019-11-10,TR14/9,60.6,3.825083,3.8000002,8.89714
114093,2019-11-10,ID30/1,115.37,3.825083,3.8000002,8.89714
114094,2019-11-10,TL44/12,33.045,3.825083,3.8000002,8.89714
114095,2019-11-10,ST07/10,82.829,3.825083,3.8000002,8.89714
114096,2019-11-10,SU01/5B,94.834,3.825083,3.8000002,8.89714
114097,2019-11-10,SJ62/235,54.409,3.825083,3.8000002,8.89714
114098,2019-11-10,SK00/41,128.932,3.825083,3.8000002,8.89714
114099,2019-11-10,SJ15/13,79.982,3.825083,3.8000002,8.89714
114100,2019-11-10,NH95/17,29.713,3.825083,3.8000002,8.89714
114101,2019-11-10,SY68/34,71.192,3.825083,3.8000002,8.89714
114102,2019-11-10,SU81/1,47.49,3.825083,3.8000002,8.89714
114103,2019-11-10,NO20/14,38.193,3.825083,3.8000002,8.89714
114104,2019-11-10,SN00/11,13.779,3.825083,3.8000002,8.89714
114105,2019-11-10,NY63/2,130.602,3.825083,3.8000002,8.89714
114106,2019-11-11,NH95/17,29.754,4.9584165,12.099999,22.289974
114107,2019-11-11,SK00/41,128.94,4.9584165,12.099999,22.289974
114108,2019-11-11,SU81/1,48.214,4.9584165,12.099999,22.289974
114109,2019-11-11,NO20/14,38.292,4.9584165,12.099999,22.289974
114110,2019-11-11,ID30/1,115.51,4.9584165,12.099999,22.289974
114111,2019-11-11,ST07/10,82.582,4.9584165,12.099999,22.289974
114112,2019-11-11,SN00/11,13.878,4.9584165,12.099999,22.289974
114113,2019-11-11,SY68/34,71.183,4.9584165,12.099999,22.289974
114114,2019-11-11,SJ15/13,80.031,4.9584165,12.099999,22.289974
114115,2019-11-11,TL44/12,33.055,4.9584165,12.099999,22.289974
114116,2019-11-11,SU01/5B,95.455,4.9584165,12.099999,22.289974
114117,2019-11-11,SJ62/235,54.419,4.9584165,12.099999,22.289974
114118,2019-11-11,TR14/9,60.799,4.9584165,12.099999,22.289974
114119,2019-11-11,NY63/2,130.666,4.9584165,12.099999,22.289974
114120,2019-11-12,SJ15/13,80.044,5.087583,4.0999994,19.19214
114121,2019-11-12,NO20/14,38.286,5.087583,4.0999994,19.19214
114122,2019-11-12,SU01/5B,95.794,5.087583,4.0999994,19.19214
114123,2019-11-12,ST07/10,82.121,5.087583,4.0999994,19.19214
114124,2019-11-12,SJ62/235,54.424,5.087583,4.0999994,19.19214
114125,2019-11-12,ID30/1,116.53,5.087583,4.0999994,19.19214
114126,2019-11-12,TL44/12,33.062,5.087583,4.0999994,19.19214
114127,2019-11-12,SN00/11,13.857,5.087583,4.0999994,19.19214
114128,2019-11-12,SY68/34,71.173,5.087583,4.0999994,19.19214
114129,2019-11-12,SU81/1,48.887,5.087583,4.0999994,19.19214
114130,2019-11-12,TL33/67,72.29,5.087583,4.0999994,19.19214
114131,2019-11-12,TQ25/86,89.63,5.087583,4.0999994,19.19214
114132,2019-11-12,TF81/2A,42.133,5.087583,4.0999994,19.19214
114133,2019-11-12,SK00/41,128.941,5.087583,4.0999994,19.19214
114134,2019-11-12,SU17/57,136.73,5.087583,4.0999994,19.19214
114135,2019-11-12,NH95/17,29.767,5.087583,4.0999994,19.19214
114136,2019-11-12,NY63/2,130.64,5.087583,4.0999994,19.19214
114137,2019-11-12,SP00/62,103.12,5.087583,4.0999994,19.19214
114138,2019-11-12,TR14/9,60.995,5.087583,4.0999994,19.19214
114139,2019-11-13,NO20/14,38.258,2.0250833,0.0,8.114338
114140,2019-11-13,NH95/17,29.815,2.0250833,0.0,8.114338
114141,2019-11-13,TR14/9,61.207,2.0250833,0.0,8.114338
114142,2019-11-13,SK00/41,128.937,2.0250833,0.0,8.114338
114143,2019-11-13,SJ62/235,54.434,2.0250833,0.0,8.114338
114144,2019-11-13,TF81/2A,42.185,2.0250833,0.0,8.114338
114145,2019-11-13,NY63/2,130.647,2.0250833,0.0,8.114338
114146,2019-11-13,SU01/5B,95.971,2.0250833,0.0,8.114338
114147,2019-11-13,SY68/34,71.182,2.0250833,0.0,8.114338
114148,2019-11-13,SU81/1,49.522,2.0250833,0.0,8.114338
114149,2019-11-13,ST07/10,81.402,2.0250833,0.0,8.114338
114150,2019-11-13,TL44/12,33.07,2.0250833,0.0,8.114338
114151,2019-11-13,ID30/1,116.98,2.0250833,0.0,8.114338
114152,2019-11-13,SJ15/13,80.047,2.0250833,0.0,8.114338
114153,2019-11-13,SN00/11,13.803,2.0250833,0.0,8.114338
114154,2019-11-14,SY68/34,71.154,4.0000834,0.1,16.922983
114155,2019-11-14,SJ15/13,80.033,4.0000834,0.1,16.922983
114156,2019-11-14,NO20/14,38.215,4.0000834,0.1,16.922983
114157,2019-11-14,ST07/10,81.577,4.0000834,0.1,16.922983
114158,2019-11-14,TR14/9,61.382,4.0000834,0.1,16.922983
114159,2019-11-14,SU81/1,50.1,4.0000834,0.1,16.922983
114160,2019-11-14,SU01/5B,96.04,4.0000834,0.1,16.922983
114161,2019-11-14,NH95/17,29.774,4.0000834,0.1,16.922983
114162,2019-11-14,SJ62/235,54.433,4.0000834,0.1,16.922983
114163,2019-11-14,NY63/2,130.603,4.0000834,0.1,16.922983
114164,2019-11-14,SK00/41,128.945,4.0000834,0.1,16.922983
114165,2019-11-14,ID30/1,117.15,4.0000834,0.1,16.922983
114166,2019-11-14,TL44/12,33.075,4.0000834,0.1,16.922983
114167,2019-11-14,SN00/11,13.782,4.0000834,0.1,16.922983
114168,2019-11-15,TR14/9,61.579,6.2271667,10.100002,16.212215
114169,2019-11-15,TL33/4,72.34,6.2271667,10.100002,16.212215
114170,2019-11-15,TV59/7C,2.86,6.2271667,10.100002,16.212215
114171,2019-11-15,ID30/1,117.09,6.2271667,10.100002,16.212215
114172,2019-11-15,SU81/1,50.682,6.2271667,10.100002,16.212215
114173,2019-11-15,SK00/41,128.941,6.2271667,10.100002,16.212215
114174,2019-11-15,SJ15/13,80.033,6.2271667,10.100002,16.212215
114175,2019-11-15,NO20/14,38.187,6.2271667,10.100002,16.212215
114176,2019-11-15,SY68/34,71.137,6.2271667,10.100002,16.212215
114177,2019-11-15,SN00/11,13.679,6.2271667,10.100002,16.212215
114178,2019-11-15,SU01/5B,96.008,6.2271667,10.100002,16.212215
114179,2019-11-15,SJ62/235,54.441,6.2271667,10.100002,16.212215
114180,2019-11-15,NY63/2,130.612,6.2271667,10.100002,16.212215
114181,2019-11-15,TL44/12,33.083,6.2271667,10.100002,16.212215
114182,2019-11-15,NH95/17,29.767,6.2271667,10.100002,16.212215
114183,2019-11-15,ST07/10,82.03,6.2271667,10.100002,16.212215
114184,2019-11-16,SU81/1,51.385,6.8146663,1.2,9.391217
114185,2019-11-16,TR14/9,61.776,6.8146663,1.2,9.391217
114186,2019-11-16,SY68/34,71.124,6.8146663,1.2,9.391217
114187,2019-11-16,SN00/11,13.566,6.8146663,1.2,9.391217
114188,2019-11-16,TF81/2A,42.155,6.8146663,1.2,9.391217
114189,2019-11-16,TL44/12,33.088,6.8146663,1.2,9.391217
114190,2019-11-16,ID30/1,116.93,6.8146663,1.2,9.391217
114191,2019-11-16,SJ62/235,54.444,6.8146663,1.2,9.391217
114192,2019-11-16,ST07/10,81.559,6.8146663,1.2,9.391217
114193,2019-11-16,SJ15/13,80.07,6.8146663,1.2,9.391217
114194,2019-11-16,NO20/14,38.216,6.8146663,1.2,9.391217
114195,2019-11-16,SU01/5B,95.939,6.8146663,1.2,9.391217
114196,2019-11-16,NH95/17,29.785,6.8146663,1.2,9.391217
114197,2019-11-16,SK00/41,128.945,6.8146663,1.2,9.391217
114198,2019-11-16,NY63/2,130.629,6.8146663,1.2,9.391217
114199,2019-11-17,TL44/12,33.095,5.4875836,1.3000002,5.9443994
114200,2019-11-17,SU01/5B,95.812,5.4875836,1.3000002,5.9443994
114201,2019-11-17,NY63/2,130.607,5.4875836,1.3000002,5.9443994
114202,2019-11-17,SN00/11,13.442,5.4875836,1.3000002,5.9443994
114203,2019-11-17,SY68/34,71.11,5.4875836,1.3000002,5.9443994
114204,2019-11-17,ID30/1,116.68,5.4875836,1.3000002,5.9443994
114205,2019-11-17,NO20/14,38.196,5.4875836,1.3000002,5.9443994
114206,2019-11-17,TR14/9,61.98,5.4875836,1.3000002,5.9443994
114207,2019-11-17,SJ15/13,80.048,5.4875836,1.3000002,5.9443994
114208,2019-11-17,ST07/10,80.563,5.4875836,1.3000002,5.9443994
114209,2019-11-17,SU81/1,52.041,5.4875836,1.3000002,5.9443994
114210,2019-11-17,SK00/41,128.938,5.4875836,1.3000002,5.9443994
114211,2019-11-17,NH95/17,29.777,5.4875836,1.3000002,5.9443994
114212,2019-11-17,SJ62/235,54.443,5.4875836,1.3000002,5.9443994
114213,2019-11-18,NH95/17,29.77,1.1271667,0.0,5.0185037
114214,2019-11-18,ST07/10,79.489,1.1271667,0.0,5.0185037
114215,2019-11-18,ID30/1,116.43,1.1271667,0.0,5.0185037
114216,2019-11-18,NY63/2,130.622,1.1271667,0.0,5.0185037
114217,2019-11-18,TL44/12,33.107,1.1271667,0.0,5.0185037
114218,2019-11-18,TF81/2A,42.327,1.1271667,0.0,5.0185037
114219,2019-11-18,SK00/41,128.937,1.1271667,0.0,5.0185037
114220,2019-11-18,SU01/5B,95.644,1.1271667,0.0,5.0185037
114221,2019-11-18,SN00/11,13.336,1.1271667,0.0,5.0185037
114222,2019-11-18,SY68/34,71.095,1.1271667,0.0,5.0185037
114223,2019-11-18,SJ15/13,80.023,1.1271667,0.0,5.0185037
114224,2019-11-18,SU81/1,52.557,1.1271667,0.0,5.0185037
114225,2019-11-18,TR14/9,62.177,1.1271667,0.0,5.0185037
114226,2019-11-18,SJ62/235,54.45,1.1271667,0.0,5.0185037
114227,2019-11-18,NO20/14,38.184,1.1271667,0.0,5.0185037
114228,2019-11-19,SK00/41,128.932,1.3813334,0.0,13.004342
114229,2019-11-19,SY68/34,71.083,1.3813334,0.0,13.004342
114230,2019-11-19,TL44/12,33.112,1.3813334,0.0,13.004342
114231,2019-11-19,SJ15/13,80.03,1.3813334,0.0,13.004342
114232,2019-11-19,SU17/57,138.95,1.3813334,0.0,13.004342
114233,2019-11-19,NO20/14,38.208,1.3813334,0.0,13.004342
114234,2019-11-19,ID30/1,116.2,1.3813334,0.0,13.004342
114235,2019-11-19,ST07/10,78.37,1.3813334,0.0,13.004342
114236,2019-11-19,TQ25/86,90.74,1.3813334,0.0,13.004342
114237,2019-11-19,SP00/62,103.11,1.3813334,0.0,13.004342
114238,2019-11-19,TR14/9,62.369,1.3813334,0.0,13.004342
114239,2019-11-19,SU01/5B,95.475,1.3813334,0.0,13.004342
114240,2019-11-19,TL33/67,72.41,1.3813334,0.0,13.004342
114241,2019-11-19,NH95/17,29.762,1.3813334,0.0,13.004342
114242,2019-11-19,SU81/1,52.998,1.3813334,0.0,13.004342
114243,2019-11-19,SN00/11,13.246,1.3813334,0.0,13.004342
114244,2019-11-19,SJ62/235,54.458,1.3813334,0.0,13.004342
114245,2019-11-19,TM15/112,24.79,1.3813334,0.0,13.004342
114246,2019-11-19,NY63/2,130.648,1.3813334,0.0,13.004342
114247,2019-11-20,ST07/10,77.163,4.94175,0.2,20.424334
114248,2019-11-20,NO20/14,38.222,4.94175,0.2,20.424334
114249,2019-11-20,NY63/2,130.657,4.94175,0.2,20.424334
114250,2019-11-20,SY68/34,71.071,4.94175,0.2,20.424334
114251,2019-11-20,SN00/11,13.158,4.94175,0.2,20.424334
114252,2019-11-20,TL44/12,33.122,4.94175,0.2,20.424334
114253,2019-11-20,NH95/17,29.762,4.94175,0.2,20.424334
114254,2019-11-20,SU01/5B,95.331,4.94175,0.2,20.424334
114255,2019-11-20,SK00/41,128.947,4.94175,0.2,20.424334
114256,2019-11-20,SJ62/235,54.463,4.94175,0.2,20.424334
114257,2019-11-20,SE94/5,20.35,4.94175,0.2,20.424334
114258,2019-11-20,ID30/1,116.35,4.94175,0.2,20.424334
114259,2019-11-20,TR14/9,62.575,4.94175,0.2,20.424334
114260,2019-11-20,SU81/1,53.412,4.94175,0.2,20.424334
114261,2019-11-20,SJ15/13,80.036,4.94175,0.2,20.424334
114262,2019-11-21,ST07/10,76.17,4.2292495,0.0,18.846502
114263,2019-11-21,SN00/11,13.084,4.2292495,0.0,18.846502
114264,2019-11-21,SJ62/235,54.472,4.2292495,0.0,18.846502
114265,2019-11-21,SY68/34,71.087,4.2292495,0.0,18.846502
114266,2019-11-21,ID30/1,116.32,4.2292495,0.0,18.846502
114267,2019-11-21,NH95/17,29.748,4.2292495,0.0,18.846502
114268,2019-11-21,SK00/41,128.952,4.2292495,0.0,18.846502
114269,2019-11-21,NO20/14,38.233,4.2292495,0.0,18.846502
114270,2019-11-21,TR14/9,62.77,4.2292495,0.0,18.846502
114271,2019-11-21,SU81/1,53.791,4.2292495,0.0,18.846502
114272,2019-11-21,NY63/2,130.682,4.2292495,0.0,18.846502
114273,2019-11-21,SU01/5B,95.214,4.2292495,0.0,18.846502
114274,2019-11-21,SJ15/13,80.04,4.2292495,0.0,18.846502
114275,2019-11-21,TL44/12,33.138,4.2292495,0.0,18.846502
114276,2019-11-22,TR14/9,62.966,6.620917,0.5,16.059742
114277,2019-11-22,NH95/17,29.759,6.620917,0.5,16.059742
114278,2019-11-22,TL44/12,33.153,6.620917,0.5,16.059742
114279,2019-11-22,SJ62/235,54.475,6.620917,0.5,16.059742
114280,2019-11-22,SY68/34,71.121,6.620917,0.5,16.059742
114281,2019-11-22,SK00/41,128.964,6.620917,0.5,16.059742
114282,2019-11-22,ID30/1,116.18,6.620917,0.5,16.059742
114283,2019-11-22,NO20/14,38.258,6.620917,0.5,16.059742
114284,2019-11-22,ST07/10,74.754,6.620917,0.5,16.059742
114285,2019-11-22,SU01/5B,95.1,6.620917,0.5,16.059742
114286,2019-11-22,TF81/2A,42.344,6.620917,0.5,16.059742
114287,2019-11-22,SU81/1,54.093,6.620917,0.5,16.059742
114288,2019-11-22,SJ15/13,80.049,6.620917,0.5,16.059742
114289,2019-11-22,SN00/11,13.047,6.620917,0.5,16.059742
114290,2019-11-22,SE95/6,33.03,6.620917,0.5,16.059742
114291,2019-11-22,NY63/2,130.684,6.620917,0.5,16.059742
114292,2019-11-23,SU81/1,54.275,8.262585,5.3999996,12.29152
114293,2019-11-23,TL44/12,33.165,8.262585,5.3999996,12.29152
114294,2019-11-23,SJ62/235,54.474,8.262585,5.3999996,12.29152
114295,2019-11-23,SU01/5B,94.942,8.262585,5.3999996,12.29152
114296,2019-11-23,SJ15/13,80.025,8.262585,5.3999996,12.29152
114297,2019-11-23,TR14/9,63.115,8.262585,5.3999996,12.29152
114298,2019-11-23,NY63/2,130.662,8.262585,5.3999996,12.29152
114299,2019-11-23,TF81/2A,42.362,8.262585,5.3999996,12.29152
114300,2019-11-23,ST07/10,77.0,8.262585,5.3999996,12.29152
114301,2019-11-23,SY68/34,71.137,8.262585,5.3999996,12.29152
114302,2019-11-23,NO20/14,38.251,8.262585,5.3999996,12.29152
114303,2019-11-23,SN00/11,13.339,8.262585,5.3999996,12.29152
114304,2019-11-23,NH95/17,29.742,8.262585,5.3999996,12.29152
114305,2019-11-23,SK00/41,128.972,8.262585,5.3999996,12.29152
114306,2019-11-23,ID30/1,116.14,8.262585,5.3999996,12.29152
114307,2019-11-24,SK00/41,128.978,7.9292507,1.0,8.584568
114308,2019-11-24,TL44/12,33.176,7.9292507,1.0,8.584568
114309,2019-11-24,SJ62/235,54.481,7.9292507,1.0,8.584568
114310,2019-11-24,NH95/17,29.749,7.9292507,1.0,8.584568
114311,2019-11-24,SU81/1,54.339,7.9292507,1.0,8.584568
114312,2019-11-24,SU01/5B,94.729,7.9292507,1.0,8.584568
114313,2019-11-24,ID30/1,116.1,7.9292507,1.0,8.584568
114314,2019-11-24,SJ15/13,79.993,7.9292507,1.0,8.584568
114315,2019-11-24,NY63/2,130.66,7.9292507,1.0,8.584568
114316,2019-11-24,TR14/9,63.253,7.9292507,1.0,8.584568
114317,2019-11-24,SN00/11,13.579,7.9292507,1.0,8.584568
114318,2019-11-24,TF81/2A,42.386,7.9292507,1.0,8.584568
114319,2019-11-24,NO20/14,38.322,7.9292507,1.0,8.584568
114320,2019-11-24,SY68/34,71.166,7.9292507,1.0,8.584568
114321,2019-11-24,ST07/10,77.794,7.9292507,1.0,8.584568
114322,2019-11-25,SJ15/13,79.995,8.548,2.2,14.139051
114323,2019-11-25,SU17/57,139.63,8.548,2.2,14.139051
114324,2019-11-25,SY68/34,71.201,8.548,2.2,14.139051
114325,2019-11-25,NH95/17,29.751,8.548,2.2,14.139051
114326,2019-11-25,TL44/12,33.19,8.548,2.2,14.139051
114327,2019-11-25,SJ62/235,54.49,8.548,2.2,14.139051
114328,2019-11-25,SU81/1,54.388,8.548,2.2,14.139051
114329,2019-11-25,NO20/14,38.381,8.548,2.2,14.139051
114330,2019-11-25,SU01/5B,94.541,8.548,2.2,14.139051
114331,2019-11-25,TA10/63,21.85,8.548,2.2,14.139051
114332,2019-11-25,TQ25/86,92.25,8.548,2.2,14.139051
114333,2019-11-25,ID30/1,116.13,8.548,2.2,14.139051
114334,2019-11-25,TF81/2A,42.415,8.548,2.2,14.139051
114335,2019-11-25,ST07/10,77.616,8.548,2.2,14.139051
114336,2019-11-25,TL33/67,72.39,8.548,2.2,14.139051
114337,2019-11-25,SK00/41,128.989,8.548,2.2,14.139051
114338,2019-11-25,SN00/11,13.577,8.548,2.2,14.139051
114339,2019-11-25,SP00/62,102.9,8.548,2.2,14.139051
114340,2019-11-25,NY63/2,130.704,8.548,2.2,14.139051
114341,2019-11-25,TR14/9,63.431,8.548,2.2,14.139051
114342,2019-11-26,TR14/9,63.797,8.760502,2.3,12.968832
114343,2019-11-26,SJ15/13,80.025,8.760502,2.3,12.968832
114344,2019-11-26,NY63/2,130.717,8.760502,2.3,12.968832
114345,2019-11-26,SU01/5B,94.46,8.760502,2.3,12.968832
114346,2019-11-26,TF81/2A,42.442,8.760502,2.3,12.968832
114347,2019-11-26,ID30/1,116.42,8.760502,2.3,12.968832
114348,2019-11-26,SK00/41,129.005,8.760502,2.3,12.968832
114349,2019-11-26,NH95/17,29.752,8.760502,2.3,12.968832
114350,2019-11-26,SJ62/235,54.503,8.760502,2.3,12.968832
114351,2019-11-26,NO20/14,38.455,8.760502,2.3,12.968832
114352,2019-11-26,SU81/1,54.569,8.760502,2.3,12.968832
114353,2019-11-26,TL44/12,33.207,8.760502,2.3,12.968832
114354,2019-11-26,ST07/10,77.441,8.760502,2.3,12.968832
114355,2019-11-26,SN00/11,13.622,8.760502,2.3,12.968832
114356,2019-11-26,SY68/34,71.21,8.760502,2.3,12.968832
114357,2019-11-27,SK00/41,129.023,6.775084,5.9000006,9.618369
114358,2019-11-27,TF81/2A,42.45,6.775084,5.9000006,9.618369
114359,2019-11-27,SJ62/235,54.503,6.775084,5.9000006,9.618369
114360,2019-11-27,ID30/1,116.64,6.775084,5.9000006,9.618369
114361,2019-11-27,SU01/5B,94.625,6.775084,5.9000006,9.618369
114362,2019-11-27,NO20/14,38.479,6.775084,5.9000006,9.618369
114363,2019-11-27,SN00/11,13.97,6.775084,5.9000006,9.618369
114364,2019-11-27,SU81/1,55.005,6.775084,5.9000006,9.618369
114365,2019-11-27,SJ15/13,80.037,6.775084,5.9000006,9.618369
114366,2019-11-27,SY68/34,71.226,6.775084,5.9000006,9.618369
114367,2019-11-27,TR14/9,64.326,6.775084,5.9000006,9.618369
114368,2019-11-27,NH95/17,29.785,6.775084,5.9000006,9.618369
114369,2019-11-27,ST07/10,77.385,6.775084,5.9000006,9.618369
114370,2019-11-27,NY63/2,130.705,6.775084,5.9000006,9.618369
114371,2019-11-27,TL44/12,33.218,6.775084,5.9000006,9.618369
114372,2019-11-28,NY63/2,130.636,6.1792502,6.6000004,13.460474
114373,2019-11-28,SU01/5B,94.971,6.1792502,6.6000004,13.460474
114374,2019-11-28,ID30/1,116.62,6.1792502,6.6000004,13.460474
114375,2019-11-28,SJ15/13,79.987,6.1792502,6.6000004,13.460474
114376,2019-11-28,SY68/34,71.245,6.1792502,6.6000004,13.460474
114377,2019-11-28,TR14/9,64.723,6.1792502,6.6000004,13.460474
114378,2019-11-28,SK00/41,129.031,6.1792502,6.6000004,13.460474
114379,2019-11-28,SN00/11,14.063,6.1792502,6.6000004,13.460474
114380,2019-11-28,SU81/1,55.703,6.1792502,6.6000004,13.460474
114381,2019-11-28,TL44/12,33.227,6.1792502,6.6000004,13.460474
114382,2019-11-28,TF81/2A,42.502,6.1792502,6.6000004,13.460474
114383,2019-11-28,SJ62/235,54.493,6.1792502,6.6000004,13.460474
114384,2019-11-28,NH95/17,29.852,6.1792502,6.6000004,13.460474
114385,2019-11-28,NO20/14,38.432,6.1792502,6.6000004,13.460474
114386,2019-11-28,ST07/10,77.25,6.1792502,6.6000004,13.460474
114387,2019-11-29,SJ15/13,79.923,0.89800006,0.0,5.4588056
114388,2019-11-29,NO20/14,38.357,0.89800006,0.0,5.4588056
114389,2019-11-29,TL44/12,33.23,0.89800006,0.0,5.4588056
114390,2019-11-29,NY63/2,130.598,0.89800006,0.0,5.4588056
114391,2019-11-29,SU81/1,56.713,0.89800006,0.0,5.4588056
114392,2019-11-29,SK00/41,129.033,0.89800006,0.0,5.4588056
114393,2019-11-29,NH95/17,29.863,0.89800006,0.0,5.4588056
114394,2019-11-29,ST07/10,76.885,0.89800006,0.0,5.4588056
114395,2019-11-29,SU01/5B,95.472,0.89800006,0.0,5.4588056
114396,2019-11-29,SN00/11,13.94,0.89800006,0.0,5.4588056
114397,2019-11-29,ID30/1,116.5,0.89800006,0.0,5.4588056
114398,2019-11-29,SJ62/235,54.493,0.89800006,0.0,5.4588056
114399,2019-11-29,TL33/4,72.31,0.89800006,0.0,5.4588056
114400,2019-11-29,SY68/34,71.253,0.89800006,0.0,5.4588056
114401,2019-11-29,TR14/9,65.167,0.89800006,0.0,5.4588056
114402,2019-11-30,ST07/10,76.388,-0.12491671,0.0,6.4228034
114403,2019-11-30,SJ15/13,79.918,-0.12491671,0.0,6.4228034
114404,2019-11-30,SN00/11,13.776,-0.12491671,0.0,6.4228034
114405,2019-11-30,NO20/14,38.33,-0.12491671,0.0,6.4228034
114406,2019-11-30,SU01/5B,96.145,-0.12491671,0.0,6.4228034
114407,2019-11-30,NY63/2,130.608,-0.12491671,0.0,6.4228034
114408,2019-11-30,SK00/41,129.039,-0.12491671,0.0,6.4228034
114409,2019-11-30,TF81/2A,42.51,-0.12491671,0.0,6.4228034
114410,2019-11-30,ID30/1,116.35,-0.12491671,0.0,6.4228034
114411,2019-11-30,TF03/37,23.332,-0.12491671,0.0,6.4228034
114412,2019-11-30,SY68/34,71.238,-0.12491671,0.0,6.4228034
114413,2019-11-30,SJ62/235,54.502,-0.12491671,0.0,6.4228034
114414,2019-11-30,SU81/1,57.205,-0.12491671,0.0,6.4228034
114415,2019-11-30,TL44/12,33.52,-0.12491671,0.0,6.4228034
114416,2019-11-30,NH95/17,29.851,-0.12491671,0.0,6.4228034
114417,2019-11-30,TR14/9,65.625,-0.12491671,0.0,6.4228034
114418,2019-12-01,NY63/2,130.607,-0.87700003,0.0,4.3692164
114419,2019-12-01,ID30/1,116.18,-0.87700003,0.0,4.3692164
114420,2019-12-01,ST07/10,75.665,-0.87700003,0.0,4.3692164
114421,2019-12-01,TQ25/86,92.79,-0.87700003,0.0,4.3692164
114422,2019-12-01,SK00/41,129.047,-0.87700003,0.0,4.3692164
114423,2019-12-01,SU17/57,140.17,-0.87700003,0.0,4.3692164
114424,2019-12-01,SN00/11,13.608,-0.87700003,0.0,4.3692164
114425,2019-12-01,NH95/17,29.835,-0.87700003,0.0,4.3692164
114426,2019-12-01,SY68/34,71.212,-0.87700003,0.0,4.3692164
114427,2019-12-01,SU81/1,57.99,-0.87700003,0.0,4.3692164
114428,2019-12-01,SJ62/235,54.501,-0.87700003,0.0,4.3692164
114429,2019-12-01,TR14/9,66.018,-0.87700003,0.0,4.3692164
114430,2019-12-01,SU01/5B,96.691,-0.87700003,0.0,4.3692164
114431,2019-12-01,TL33/67,72.43,-0.87700003,0.0,4.3692164
114432,2019-12-01,NO20/14,38.33,-0.87700003,0.0,4.3692164
114433,2019-12-01,TF81/2A,42.562,-0.87700003,0.0,4.3692164
114434,2019-12-01,SJ15/13,79.904,-0.87700003,0.0,4.3692164
114435,2019-12-01,SP00/62,103.02,-0.87700003,0.0,4.3692164
114436,2019-12-02,ID30/1,116.01,2.5896666,2.2,6.085607
114437,2019-12-02,SU81/1,58.5,2.5896666,2.2,6.085607
114438,2019-12-02,SJ15/13,79.909,2.5896666,2.2,6.085607
114439,2019-12-02,SY68/34,71.187,2.5896666,2.2,6.085607
114440,2019-12-02,SJ62/235,54.506,2.5896666,2.2,6.085607
114441,2019-12-02,ST07/10,74.921,2.5896666,2.2,6.085607
114442,2019-12-02,TR14/9,66.374,2.5896666,2.2,6.085607
114443,2019-12-02,NY63/2,130.629,2.5896666,2.2,6.085607
114444,2019-12-02,NH95/17,29.815,2.5896666,2.2,6.085607
114445,2019-12-02,SN00/11,13.466,2.5896666,2.2,6.085607
114446,2019-12-02,SU01/5B,96.954,2.5896666,2.2,6.085607
114447,2019-12-02,TF81/2A,42.625,2.5896666,2.2,6.085607
114448,2019-12-02,NO20/14,38.347,2.5896666,2.2,6.085607
114449,2019-12-02,SK00/41,129.056,2.5896666,2.2,6.085607
114450,2019-12-03,NY63/2,130.669,4.8980002,0.1,7.220702
114451,2019-12-03,TQ25/86,94.33,4.8980002,0.1,7.220702
114452,2019-12-03,SP00/62,102.95,4.8980002,0.1,7.220702
114453,2019-12-03,TF81/2A,42.632,4.8980002,0.1,7.220702
114454,2019-12-03,SU17/57,140.28,4.8980002,0.1,7.220702
114455,2019-12-03,SU81/1,58.88,4.8980002,0.1,7.220702
114456,2019-12-03,SY68/34,71.168,4.8980002,0.1,7.220702
114457,2019-12-03,SJ62/235,54.514,4.8980002,0.1,7.220702
114458,2019-12-03,SK00/41,129.073,4.8980002,0.1,7.220702
114459,2019-12-03,TR14/9,66.708,4.8980002,0.1,7.220702
114460,2019-12-03,SU01/5B,97.055,4.8980002,0.1,7.220702
114461,2019-12-03,TL33/67,72.54,4.8980002,0.1,7.220702
114462,2019-12-03,NO20/14,38.389,4.8980002,0.1,7.220702
114463,2019-12-03,NH95/17,29.845,4.8980002,0.1,7.220702
114464,2019-12-03,SN00/11,13.368,4.8980002,0.1,7.220702
114465,2019-12-03,ST07/10,74.102,4.8980002,0.1,7.220702
114466,2019-12-03,ID30/1,115.84,4.8980002,0.1,7.220702
114467,2019-12-03,SJ15/13,79.942,4.8980002,0.1,7.220702
114468,2019-12-04,SU71/23,46.732,5.9334164,1.0,14.601827
114469,2019-12-04,SJ62/235,54.516,5.9334164,1.0,14.601827
114470,2019-12-04,NY63/2,130.691,5.9334164,1.0,14.601827
114471,2019-12-04,ST07/10,73.307,5.9334164,1.0,14.601827
114472,2019-12-04,ID30/1,115.67,5.9334164,1.0,14.601827
114473,2019-12-04,SU81/1,59.19,5.9334164,1.0,14.601827
114474,2019-12-04,SN00/11,13.272,5.9334164,1.0,14.601827
114475,2019-12-04,NH95/17,29.844,5.9334164,1.0,14.601827
114476,2019-12-04,TF81/2A,42.876,5.9334164,1.0,14.601827
114477,2019-12-04,TR14/9,66.99,5.9334164,1.0,14.601827
114478,2019-12-04,SY68/34,71.145,5.9334164,1.0,14.601827
114479,2019-12-04,NO20/14,38.428,5.9334164,1.0,14.601827
114480,2019-12-04,SK00/41,129.092,5.9334164,1.0,14.601827
114481,2019-12-04,SJ15/13,79.954,5.9334164,1.0,14.601827
114482,2019-12-04,SU01/5B,97.048,5.9334164,1.0,14.601827
114483,2019-12-05,NH95/17,29.844,8.14175,11.900001,20.173487
114484,2019-12-05,SJ15/13,79.983,8.14175,11.900001,20.173487
114485,2019-12-05,NY63/2,130.74,8.14175,11.900001,20.173487
114486,2019-12-05,SJ62/235,54.526,8.14175,11.900001,20.173487
114487,2019-12-05,SK00/41,129.113,8.14175,11.900001,20.173487
114488,2019-12-05,ST07/10,72.635,8.14175,11.900001,20.173487
114489,2019-12-05,SY68/34,71.125,8.14175,11.900001,20.173487
114490,2019-12-05,TR14/9,67.269,8.14175,11.900001,20.173487
114491,2019-12-05,SN00/11,13.181,8.14175,11.900001,20.173487
114492,2019-12-05,SU01/5B,96.941,8.14175,11.900001,20.173487
114493,2019-12-05,ID30/1,115.5,8.14175,11.900001,20.173487
114494,2019-12-05,SU81/1,59.34,8.14175,11.900001,20.173487
114495,2019-12-05,NO20/14,38.457,8.14175,11.900001,20.173487
114496,2019-12-06,SU81/1,59.42,9.483418,6.7,17.073093
114497,2019-12-06,ST07/10,73.032,9.483418,6.7,17.073093
114498,2019-12-06,ID30/1,115.37,9.483418,6.7,17.073093
114499,2019-12-06,NO20/14,38.47,9.483418,6.7,17.073093
114500,2019-12-06,NH95/17,29.841,9.483418,6.7,17.073093
114501,2019-12-06,SN00/11,13.124,9.483418,6.7,17.073093
114502,2019-12-06,SY68/34,71.108,9.483418,6.7,17.073093
114503,2019-12-06,SK00/41,129.139,9.483418,6.7,17.073093
114504,2019-12-06,TR14/9,67.473,9.483418,6.7,17.073093
114505,2019-12-06,SU01/5B,96.795,9.483418,6.7,17.073093
114506,2019-12-06,NY63/2,130.727,9.483418,6.7,17.073093
114507,2019-12-06,SJ62/235,54.521,9.483418,6.7,17.073093
114508,2019-12-06,SJ15/13,79.982,9.483418,6.7,17.073093
114509,2019-12-07,TR14/9,67.702,8.75425,6.2,19.488655
114510,2019-12-07,SK00/41,129.157,8.75425,6.2,19.488655
114511,2019-12-07,SY68/34,71.103,8.75425,6.2,19.488655
114512,2019-12-07,SU71/23,47.263,8.75425,6.2,19.488655
114513,2019-12-07,NY63/2,130.744,8.75425,6.2,19.488655
114514,2019-12-07,SJ62/235,54.532,8.75425,6.2,19.488655
114515,2019-12-07,ST07/10,73.413,8.75425,6.2,19.488655
114516,2019-12-07,SJ15/13,79.984,8.75425,6.2,19.488655
114517,2019-12-07,SU01/5B,96.563,8.75425,6.2,19.488655
114518,2019-12-07,SN00/11,13.08,8.75425,6.2,19.488655
114519,2019-12-07,NH95/17,29.837,8.75425,6.2,19.488655
114520,2019-12-07,NO20/14,38.432,8.75425,6.2,19.488655
114521,2019-12-07,ID30/1,115.24,8.75425,6.2,19.488655
114522,2019-12-07,SU81/1,59.42,8.75425,6.2,19.488655
114523,2019-12-08,NH95/17,29.845,6.8209167,9.899999,24.814476
114524,2019-12-08,SJ15/13,80.007,6.8209167,9.899999,24.814476
114525,2019-12-08,SU01/5B,96.347,6.8209167,9.899999,24.814476
114526,2019-12-08,ST07/10,73.861,6.8209167,9.899999,24.814476
114527,2019-12-08,SN00/11,13.067,6.8209167,9.899999,24.814476
114528,2019-12-08,SK00/41,129.187,6.8209167,9.899999,24.814476
114529,2019-12-08,SU81/1,59.4,6.8209167,9.899999,24.814476
114530,2019-12-08,NO20/14,38.539,6.8209167,9.899999,24.814476
114531,2019-12-08,ID30/1,115.4,6.8209167,9.899999,24.814476
114532,2019-12-08,TR14/9,67.835,6.8209167,9.899999,24.814476
114533,2019-12-08,SJ62/235,54.533,6.8209167,9.899999,24.814476
114534,2019-12-08,NY63/2,130.769,6.8209167,9.899999,24.814476
114535,2019-12-09,NO20/14,38.494,3.470916,0.5,15.361563
114536,2019-12-09,NY63/2,130.659,3.470916,0.5,15.361563
114537,2019-12-09,ST07/10,74.556,3.470916,0.5,15.361563
114538,2019-12-09,SU01/5B,96.033,3.470916,0.5,15.361563
114539,2019-12-09,SK00/41,129.197,3.470916,0.5,15.361563
114540,2019-12-09,NH95/17,29.813,3.470916,0.5,15.361563
114541,2019-12-09,SU81/1,59.32,3.470916,0.5,15.361563
114542,2019-12-09,SY68/34,71.046,3.470916,0.5,15.361563
114543,2019-12-09,ID30/1,115.62,3.470916,0.5,15.361563
114544,2019-12-09,TR14/9,67.993,3.470916,0.5,15.361563
114545,2019-12-09,SJ62/235,54.514,3.470916,0.5,15.361563
114546,2019-12-09,SJ15/13,79.938,3.470916,0.5,15.361563
114547,2019-12-09,SN00/11,13.022,3.470916,0.5,15.361563
114548,2019-12-10,SP00/62,102.74,6.4375834,23.300003,28.193998
114549,2019-12-10,SU17/57,140.64,6.4375834,23.300003,28.193998
114550,2019-12-10,NH95/17,29.877,6.4375834,23.300003,28.193998
114551,2019-12-10,SU81/1,59.08,6.4375834,23.300003,28.193998
114552,2019-12-10,SY68/34,71.056,6.4375834,23.300003,28.193998
114553,2019-12-10,SN00/11,13.039,6.4375834,23.300003,28.193998
114554,2019-12-10,NY63/2,130.775,6.4375834,23.300003,28.193998
114555,2019-12-10,SU01/5B,95.72,6.4375834,23.300003,28.193998
114556,2019-12-10,SK00/41,129.217,6.4375834,23.300003,28.193998
114557,2019-12-10,ST07/10,75.593,6.4375834,23.300003,28.193998
114558,2019-12-10,TR14/9,68.162,6.4375834,23.300003,28.193998
114559,2019-12-10,SJ62/235,54.538,6.4375834,23.300003,28.193998
114560,2019-12-10,SJ15/13,80.014,6.4375834,23.300003,28.193998
114561,2019-12-10,NO20/14,38.588,6.4375834,23.300003,28.193998
114562,2019-12-10,TL33/67,72.73,6.4375834,23.300003,28.193998
114563,2019-12-10,TQ25/86,95.35,6.4375834,23.300003,28.193998
114564,2019-12-10,ID30/1,115.75,6.4375834,23.300003,28.193998
114565,2019-12-10,SU71/23,47.476,6.4375834,23.300003,28.193998
114566,2019-12-11,ST07/10,77.503,4.1834164,4.4999995,13.349718
114567,2019-12-11,SY68/34,71.041,4.1834164,4.4999995,13.349718
114568,2019-12-11,NH95/17,29.911,4.1834164,4.4999995,13.349718
114569,2019-12-11,TM15/112,24.9,4.1834164,4.4999995,13.349718
114570,2019-12-11,SK00/41,129.241,4.1834164,4.4999995,13.349718
114571,2019-12-11,TR14/9,68.374,4.1834164,4.4999995,13.349718
114572,2019-12-11,SU01/5B,95.453,4.1834164,4.4999995,13.349718
114573,2019-12-11,NY63/2,130.799,4.1834164,4.4999995,13.349718
114574,2019-12-11,TF81/2A,43.029,4.1834164,4.4999995,13.349718
114575,2019-12-11,SJ15/13,80.075,4.1834164,4.4999995,13.349718
114576,2019-12-11,SN00/11,13.1,4.1834164,4.4999995,13.349718
114577,2019-12-11,NO20/14,38.611,4.1834164,4.4999995,13.349718
114578,2019-12-11,SJ62/235,54.546,4.1834164,4.4999995,13.349718
114579,2019-12-11,SU81/1,58.9,4.1834164,4.4999995,13.349718
114580,2019-12-11,ID30/1,115.88,4.1834164,4.4999995,13.349718
114581,2019-12-12,SJ62/235,54.563,2.85425,6.799999,11.654282
114582,2019-12-12,ID30/1,116.13,2.85425,6.799999,11.654282
114583,2019-12-12,SU81/1,58.78,2.85425,6.799999,11.654282
114584,2019-12-12,SK00/41,129.274,2.85425,6.799999,11.654282
114585,2019-12-12,SU01/5B,95.253,2.85425,6.799999,11.654282
114586,2019-12-12,NH95/17,29.907,2.85425,6.799999,11.654282
114587,2019-12-12,NY63/2,130.899,2.85425,6.799999,11.654282
114588,2019-12-12,TR14/9,68.568,2.85425,6.799999,11.654282
114589,2019-12-12,SU71/23,47.632,2.85425,6.799999,11.654282
114590,2019-12-12,SN00/11,13.276,2.85425,6.799999,11.654282
114591,2019-12-12,ST07/10,80.176,2.85425,6.799999,11.654282
114592,2019-12-12,SY68/34,71.125,2.85425,6.799999,11.654282
114593,2019-12-12,SJ15/13,80.166,2.85425,6.799999,11.654282
114594,2019-12-12,NO20/14,38.649,2.85425,6.799999,11.654282
114595,2019-12-13,SY68/34,71.17,3.9313335,5.8999996,12.239062
114596,2019-12-13,NH95/17,29.903,3.9313335,5.8999996,12.239062
114597,2019-12-13,NO20/14,38.681,3.9313335,5.8999996,12.239062
114598,2019-12-13,SU81/1,58.84,3.9313335,5.8999996,12.239062
114599,2019-12-13,SN00/11,13.411,3.9313335,5.8999996,12.239062
114600,2019-12-13,ID30/1,116.29,3.9313335,5.8999996,12.239062
114601,2019-12-13,SJ15/13,80.154,3.9313335,5.8999996,12.239062
114602,2019-12-13,TR14/9,68.71,3.9313335,5.8999996,12.239062
114603,2019-12-13,NY63/2,130.888,3.9313335,5.8999996,12.239062
114604,2019-12-13,SJ62/235,54.56,3.9313335,5.8999996,12.239062
114605,2019-12-13,ST07/10,82.402,3.9313335,5.8999996,12.239062
114606,2019-12-13,SK00/41,129.305,3.9313335,5.8999996,12.239062
114607,2019-12-13,SU01/5B,95.052,3.9313335,5.8999996,12.239062
114608,2019-12-14,ID30/1,116.2,3.5084171,1.9000003,19.692274
114609,2019-12-14,NY63/2,130.878,3.5084171,1.9000003,19.692274
114610,2019-12-14,NO20/14,38.638,3.5084171,1.9000003,19.692274
114611,2019-12-14,SU01/5B,94.971,3.5084171,1.9000003,19.692274
114612,2019-12-14,SK00/41,129.323,3.5084171,1.9000003,19.692274
114613,2019-12-14,TR14/9,68.886,3.5084171,1.9000003,19.692274
114614,2019-12-14,SU71/23,48.725,3.5084171,1.9000003,19.692274
114615,2019-12-14,SJ62/235,54.565,3.5084171,1.9000003,19.692274
114616,2019-12-14,SJ15/13,80.139,3.5084171,1.9000003,19.692274
114617,2019-12-14,SN00/11,13.407,3.5084171,1.9000003,19.692274
114618,2019-12-14,NH95/17,29.911,3.5084171,1.9000003,19.692274
114619,2019-12-14,ST07/10,83.316,3.5084171,1.9000003,19.692274
114620,2019-12-14,SY68/34,71.212,3.5084171,1.9000003,19.692274
114621,2019-12-14,SU81/1,59.45,3.5084171,1.9000003,19.692274
114622,2019-12-15,SY68/34,71.222,2.825083,3.6,12.512217
114623,2019-12-15,SU81/1,60.35,2.825083,3.6,12.512217
114624,2019-12-15,SU71/23,49.332,2.825083,3.6,12.512217
114625,2019-12-15,NO20/14,38.583,2.825083,3.6,12.512217
114626,2019-12-15,NY63/2,130.864,2.825083,3.6,12.512217
114627,2019-12-15,SN00/11,13.356,2.825083,3.6,12.512217
114628,2019-12-15,TF81/2A,43.086,2.825083,3.6,12.512217
114629,2019-12-15,SU01/5B,95.261,2.825083,3.6,12.512217
114630,2019-12-15,NH95/17,29.917,2.825083,3.6,12.512217
114631,2019-12-15,TR14/9,69.064,2.825083,3.6,12.512217
114632,2019-12-15,SJ15/13,80.126,2.825083,3.6,12.512217
114633,2019-12-15,SJ62/235,54.564,2.825083,3.6,12.512217
114634,2019-12-15,ST07/10,83.779,2.825083,3.6,12.512217
114635,2019-12-15,ID30/1,116.1,2.825083,3.6,12.512217
114636,2019-12-15,SK00/41,129.341,2.825083,3.6,12.512217
114637,2019-12-16,SU81/1,61.02,3.8771665,1.8000001,16.356611
114638,2019-12-16,SN00/11,13.312,3.8771665,1.8000001,16.356611
114639,2019-12-16,SU71/23,49.84,3.8771665,1.8000001,16.356611
114640,2019-12-16,SJ62/235,54.575,3.8771665,1.8000001,16.356611
114641,2019-12-16,NY63/2,130.87,3.8771665,1.8000001,16.356611
114642,2019-12-16,NH95/17,29.915,3.8771665,1.8000001,16.356611
114643,2019-12-16,TV59/7C,2.66,3.8771665,1.8000001,16.356611
114644,2019-12-16,SK00/41,129.356,3.8771665,1.8000001,16.356611
114645,2019-12-16,TF81/2A,43.118,3.8771665,1.8000001,16.356611
114646,2019-12-16,ST07/10,83.905,3.8771665,1.8000001,16.356611
114647,2019-12-16,TL33/4,72.455,3.8771665,1.8000001,16.356611
114648,2019-12-16,TR14/9,69.3,3.8771665,1.8000001,16.356611
114649,2019-12-16,SY68/34,71.239,3.8771665,1.8000001,16.356611
114650,2019-12-16,NO20/14,38.555,3.8771665,1.8000001,16.356611
114651,2019-12-16,ID30/1,115.99,3.8771665,1.8000001,16.356611
114652,2019-12-16,SJ15/13,80.138,3.8771665,1.8000001,16.356611
114653,2019-12-16,SU01/5B,96.024,3.8771665,1.8000001,16.356611
114654,2019-12-17,NO20/14,38.562,3.273,0.0,10.074185
114655,2019-12-17,SU81/1,61.66,3.273,0.0,10.074185
114656,2019-12-17,SU17/57,141.55,3.273,0.0,10.074185
114657,2019-12-17,SK00/41,129.374,3.273,0.0,10.074185
114658,2019-12-17,NY63/2,130.88,3.273,0.0,10.074185
114659,2019-12-17,SY68/34,71.222,3.273,0.0,10.074185
114660,2019-12-17,SP00/62,103.14,3.273,0.0,10.074185
114661,2019-12-17,TF81/2A,43.157,3.273,0.0,10.074185
114662,2019-12-17,SJ62/235,54.574,3.273,0.0,10.074185
114663,2019-12-17,ST07/10,83.383,3.273,0.0,10.074185
114664,2019-12-17,SU01/5B,97.02,3.273,0.0,10.074185
114665,2019-12-17,TL33/67,72.98,3.273,0.0,10.074185
114666,2019-12-17,SJ15/13,80.123,3.273,0.0,10.074185
114667,2019-12-17,SN00/11,13.268,3.273,0.0,10.074185
114668,2019-12-17,NH95/17,29.905,3.273,0.0,10.074185
114669,2019-12-17,TQ25/86,98.84,3.273,0.0,10.074185
114670,2019-12-17,ID30/1,115.87,3.273,0.0,10.074185
114671,2019-12-17,TR14/9,69.532,3.273,0.0,10.074185
114672,2019-12-18,SY68/34,71.235,3.793833,6.7999997,19.676231
114673,2019-12-18,SJ62/235,54.59,3.793833,6.7999997,19.676231
114674,2019-12-18,ST07/10,82.599,3.793833,6.7999997,19.676231
114675,2019-12-18,NH95/17,29.9,3.793833,6.7999997,19.676231
114676,2019-12-18,NO20/14,38.544,3.793833,6.7999997,19.676231
114677,2019-12-18,TR14/9,69.874,3.793833,6.7999997,19.676231
114678,2019-12-18,NY63/2,130.922,3.793833,6.7999997,19.676231
114679,2019-12-18,SU81/1,62.25,3.793833,6.7999997,19.676231
114680,2019-12-18,SN00/11,13.241,3.793833,6.7999997,19.676231
114681,2019-12-18,ID30/1,115.83,3.793833,6.7999997,19.676231
114682,2019-12-18,SK00/41,129.376,3.793833,6.7999997,19.676231
114683,2019-12-18,SU71/23,50.901,3.793833,6.7999997,19.676231
114684,2019-12-18,SJ15/13,80.137,3.793833,6.7999997,19.676231
114685,2019-12-18,SU01/5B,97.951,3.793833,6.7999997,19.676231
114686,2019-12-18,TF81/2A,43.191,3.793833,6.7999997,19.676231
114687,2019-12-19,ST07/10,81.992,9.106334,10.8,20.100983
114688,2019-12-19,NY63/2,131.021,9.106334,10.8,20.100983
114689,2019-12-19,ID30/1,116.12,9.106334,10.8,20.100983
114690,2019-12-19,SJ62/235,54.604,9.106334,10.8,20.100983
114691,2019-12-19,TR14/9,70.366,9.106334,10.8,20.100983
114692,2019-12-19,SU01/5B,98.948,9.106334,10.8,20.100983
114693,2019-12-19,SJ15/13,80.238,9.106334,10.8,20.100983
114694,2019-12-19,SN00/11,13.29,9.106334,10.8,20.100983
114695,2019-12-19,TF81/2A,43.194,9.106334,10.8,20.100983
114696,2019-12-19,SK00/41,129.404,9.106334,10.8,20.100983
114697,2019-12-19,SU81/1,63.01,9.106334,10.8,20.100983
114698,2019-12-19,NH95/17,29.902,9.106334,10.8,20.100983
114699,2019-12-19,SY68/34,71.291,9.106334,10.8,20.100983
114700,2019-12-19,NO20/14,38.61,9.106334,10.8,20.100983
114701,2019-12-20,SK00/41,129.443,7.095917,1.0,14.130913
114702,2019-12-20,SJ15/13,80.306,7.095917,1.0,14.130913
114703,2019-12-20,ID30/1,116.47,7.095917,1.0,14.130913
114704,2019-12-20,NO20/14,38.705,7.095917,1.0,14.130913
114705,2019-12-20,NY63/2,131.077,7.095917,1.0,14.130913
114706,2019-12-20,SU71/23,52.92,7.095917,1.0,14.130913
114707,2019-12-20,TR14/9,70.994,7.095917,1.0,14.130913
114708,2019-12-20,SU01/5B,100.793,7.095917,1.0,14.130913
114709,2019-12-20,NH95/17,29.902,7.095917,1.0,14.130913
114710,2019-12-20,SY68/34,71.347,7.095917,1.0,14.130913
114711,2019-12-20,SJ62/235,54.611,7.095917,1.0,14.130913
114712,2019-12-20,ST07/10,82.4,7.095917,1.0,14.130913
114713,2019-12-20,TL44/12,34.46,7.095917,1.0,14.130913
114714,2019-12-20,TF81/2A,43.308,7.095917,1.0,14.130913
114715,2019-12-20,SN00/11,13.397,7.095917,1.0,14.130913
114716,2019-12-20,SU81/1,64.49,7.095917,1.0,14.130913
114717,2019-12-21,ST07/10,83.352,5.2729993,1.1,12.1201725
114718,2019-12-21,SN00/11,13.458,5.2729993,1.1,12.1201725
114719,2019-12-21,NO20/14,38.705,5.2729993,1.1,12.1201725
114720,2019-12-21,SY68/34,71.414,5.2729993,1.1,12.1201725
114721,2019-12-21,SU81/1,67.07,5.2729993,1.1,12.1201725
114722,2019-12-21,SU01/5B,102.622,5.2729993,1.1,12.1201725
114723,2019-12-21,SJ62/235,54.618,5.2729993,1.1,12.1201725
114724,2019-12-21,NH95/17,29.909,5.2729993,1.1,12.1201725
114725,2019-12-21,NY63/2,131.08,5.2729993,1.1,12.1201725
114726,2019-12-21,SK00/41,129.461,5.2729993,1.1,12.1201725
114727,2019-12-21,TR14/9,71.849,5.2729993,1.1,12.1201725
114728,2019-12-21,SJ15/13,80.296,5.2729993,1.1,12.1201725
114729,2019-12-21,TF81/2A,43.365,5.2729993,1.1,12.1201725
114730,2019-12-21,ID30/1,116.37,5.2729993,1.1,12.1201725
114731,2019-12-22,NH95/17,29.909,5.1146665,1.1,8.304567
114732,2019-12-22,ST07/10,83.833,5.1146665,1.1,8.304567
114733,2019-12-22,SY68/34,71.428,5.1146665,1.1,8.304567
114734,2019-12-22,TF81/2A,43.402,5.1146665,1.1,8.304567
114735,2019-12-22,TR14/9,72.842,5.1146665,1.1,8.304567
114736,2019-12-22,NY63/2,131.019,5.1146665,1.1,8.304567
114737,2019-12-22,SK00/41,129.5,5.1146665,1.1,8.304567
114738,2019-12-22,SJ15/13,80.211,5.1146665,1.1,8.304567
114739,2019-12-22,SU81/1,69.3,5.1146665,1.1,8.304567
114740,2019-12-22,SN00/11,13.445,5.1146665,1.1,8.304567
114741,2019-12-22,ID30/1,116.23,5.1146665,1.1,8.304567
114742,2019-12-22,SU01/5B,103.892,5.1146665,1.1,8.304567
114743,2019-12-22,SU71/23,57.548,5.1146665,1.1,8.304567
114744,2019-12-22,SJ62/235,54.608,5.1146665,1.1,8.304567
114745,2019-12-22,NO20/14,38.657,5.1146665,1.1,8.304567
114746,2019-12-23,SY68/34,71.404,5.881334,1.2,14.305524
114747,2019-12-23,TF81/2A,43.464,5.881334,1.2,14.305524
114748,2019-12-23,SJ15/13,80.136,5.881334,1.2,14.305524
114749,2019-12-23,NO20/14,38.586,5.881334,1.2,14.305524
114750,2019-12-23,SE95/6,31.24,5.881334,1.2,14.305524
114751,2019-12-23,NY63/2,130.971,5.881334,1.2,14.305524
114752,2019-12-23,SJ62/235,54.613,5.881334,1.2,14.305524
114753,2019-12-23,NH95/17,29.883,5.881334,1.2,14.305524
114754,2019-12-23,SK00/41,129.478,5.881334,1.2,14.305524
114755,2019-12-23,SE94/5,22.87,5.881334,1.2,14.305524
114756,2019-12-23,SU81/1,71.35,5.881334,1.2,14.305524
114757,2019-12-23,SU01/5B,104.914,5.881334,1.2,14.305524
114758,2019-12-23,ID30/1,116.08,5.881334,1.2,14.305524
114759,2019-12-23,SN00/11,13.408,5.881334,1.2,14.305524
114760,2019-12-23,ST07/10,83.822,5.881334,1.2,14.305524
114761,2019-12-23,TR14/9,73.759,5.881334,1.2,14.305524
114762,2019-12-23,TA10/63,22.6,5.881334,1.2,14.305524
114763,2019-12-24,SU71/23,60.815,4.9959164,3.4999995,9.794959
114764,2019-12-24,TQ25/86,100.26,4.9959164,3.4999995,9.794959
114765,2019-12-24,SU01/5B,105.642,4.9959164,3.4999995,9.794959
114766,2019-12-24,SJ62/235,54.61,4.9959164,3.4999995,9.794959
114767,2019-12-24,SK00/41,129.515,4.9959164,3.4999995,9.794959
114768,2019-12-24,SU17/57,143.75,4.9959164,3.4999995,9.794959
114769,2019-12-24,SY68/34,71.357,4.9959164,3.4999995,9.794959
114770,2019-12-24,TF81/2A,43.771,4.9959164,3.4999995,9.794959
114771,2019-12-24,SJ15/13,80.1,4.9959164,3.4999995,9.794959
114772,2019-12-24,NO20/14,38.551,4.9959164,3.4999995,9.794959
114773,2019-12-24,TR14/9,74.384,4.9959164,3.4999995,9.794959
114774,2019-12-24,NY63/2,130.962,4.9959164,3.4999995,9.794959
114775,2019-12-24,SN00/11,13.384,4.9959164,3.4999995,9.794959
114776,2019-12-24,SU81/1,72.57,4.9959164,3.4999995,9.794959
114777,2019-12-24,TL33/67,73.5,4.9959164,3.4999995,9.794959
114778,2019-12-24,ID30/1,115.96,4.9959164,3.4999995,9.794959
114779,2019-12-24,SP00/62,103.14,4.9959164,3.4999995,9.794959
114780,2019-12-24,ST07/10,83.822,4.9959164,3.4999995,9.794959
114781,2019-12-24,NH95/17,29.867,4.9959164,3.4999995,9.794959
114782,2019-12-25,SJ15/13,80.069,4.57925,0.1,7.5895123
114783,2019-12-25,ST07/10,84.067,4.57925,0.1,7.5895123
114784,2019-12-25,SJ62/235,54.621,4.57925,0.1,7.5895123
114785,2019-12-25,TR14/9,74.916,4.57925,0.1,7.5895123
114786,2019-12-25,SU81/1,73.33,4.57925,0.1,7.5895123
114787,2019-12-25,NO20/14,38.502,4.57925,0.1,7.5895123
114788,2019-12-25,SY68/34,71.308,4.57925,0.1,7.5895123
114789,2019-12-25,SN00/11,13.37,4.57925,0.1,7.5895123
114790,2019-12-25,NH95/17,29.831,4.57925,0.1,7.5895123
114791,2019-12-25,SK00/41,129.486,4.57925,0.1,7.5895123
114792,2019-12-25,ID30/1,115.81,4.57925,0.1,7.5895123
114793,2019-12-25,NY63/2,130.938,4.57925,0.1,7.5895123
114794,2019-12-25,SU01/5B,105.848,4.57925,0.1,7.5895123
114795,2019-12-26,SN00/11,13.361,4.8896666,1.7,17.165712
114796,2019-12-26,SK00/41,129.517,4.8896666,1.7,17.165712
114797,2019-12-26,SU81/1,73.971,4.8896666,1.7,17.165712
114798,2019-12-26,SU01/5B,105.681,4.8896666,1.7,17.165712
114799,2019-12-26,SU71/23,61.255,4.8896666,1.7,17.165712
114800,2019-12-26,SJ15/13,80.083,4.8896666,1.7,17.165712
114801,2019-12-26,TR14/9,75.325,4.8896666,1.7,17.165712
114802,2019-12-26,SJ62/235,54.624,4.8896666,1.7,17.165712
114803,2019-12-26,SY68/34,71.32,4.8896666,1.7,17.165712
114804,2019-12-26,NH95/17,29.835,4.8896666,1.7,17.165712
114805,2019-12-26,NO20/14,38.537,4.8896666,1.7,17.165712
114806,2019-12-26,NY63/2,130.977,4.8896666,1.7,17.165712
114807,2019-12-26,ST07/10,83.789,4.8896666,1.7,17.165712
114808,2019-12-26,ID30/1,115.73,4.8896666,1.7,17.165712
114809,2019-12-27,NO20/14,38.518,6.825083,1.3000001,16.373255
114810,2019-12-27,ST07/10,83.527,6.825083,1.3000001,16.373255
114811,2019-12-27,SJ62/235,54.622,6.825083,1.3000001,16.373255
114812,2019-12-27,SN00/11,13.396,6.825083,1.3000001,16.373255
114813,2019-12-27,SK00/41,129.518,6.825083,1.3000001,16.373255
114814,2019-12-27,NH95/17,29.829,6.825083,1.3000001,16.373255
114815,2019-12-27,SY68/34,71.281,6.825083,1.3000001,16.373255
114816,2019-12-27,SU81/1,74.091,6.825083,1.3000001,16.373255
114817,2019-12-27,NY63/2,130.942,6.825083,1.3000001,16.373255
114818,2019-12-27,SJ15/13,80.042,6.825083,1.3000001,16.373255
114819,2019-12-27,TR14/9,75.668,6.825083,1.3000001,16.373255
114820,2019-12-27,ID30/1,115.67,6.825083,1.3000001,16.373255
114821,2019-12-27,SU01/5B,105.293,6.825083,1.3000001,16.373255
114822,2019-12-28,SU01/5B,104.963,8.477168,0.0,16.735123
114823,2019-12-28,TR14/9,75.981,8.477168,0.0,16.735123
114824,2019-12-28,NO20/14,38.506,8.477168,0.0,16.735123
114825,2019-12-28,ST07/10,83.217,8.477168,0.0,16.735123
114826,2019-12-28,NH95/17,29.85,8.477168,0.0,16.735123
114827,2019-12-28,SN00/11,13.428,8.477168,0.0,16.735123
114828,2019-12-28,NY63/2,130.958,8.477168,0.0,16.735123
114829,2019-12-28,SU81/1,74.078,8.477168,0.0,16.735123
114830,2019-12-28,SY68/34,71.276,8.477168,0.0,16.735123
114831,2019-12-28,SJ15/13,80.039,8.477168,0.0,16.735123
114832,2019-12-28,SK00/41,129.523,8.477168,0.0,16.735123
114833,2019-12-28,ID30/1,115.58,8.477168,0.0,16.735123
114834,2019-12-28,SU71/23,61.195,8.477168,0.0,16.735123
114835,2019-12-28,SJ62/235,54.631,8.477168,0.0,16.735123
114836,2019-12-29,ID30/1,115.54,7.8459167,0.0,16.554651
114837,2019-12-29,SU01/5B,104.838,7.8459167,0.0,16.554651
114838,2019-12-29,ST07/10,82.593,7.8459167,0.0,16.554651
114839,2019-12-29,SU81/1,73.982,7.8459167,0.0,16.554651
114840,2019-12-29,NY63/2,130.991,7.8459167,0.0,16.554651
114841,2019-12-29,SJ62/235,54.638,7.8459167,0.0,16.554651
114842,2019-12-29,NO20/14,38.519,7.8459167,0.0,16.554651
114843,2019-12-29,SN00/11,13.401,7.8459167,0.0,16.554651
114844,2019-12-29,TR14/9,76.278,7.8459167,0.0,16.554651
114845,2019-12-29,SJ15/13,80.051,7.8459167,0.0,16.554651
114846,2019-12-29,NH95/17,29.859,7.8459167,0.0,16.554651
114847,2019-12-29,SK00/41,129.548,7.8459167,0.0,16.554651
114848,2019-12-29,SY68/34,71.265,7.8459167,0.0,16.554651
114849,2019-12-30,ID30/1,115.5,7.193834,1.3000001,12.946611
114850,2019-12-30,SU81/1,73.824,7.193834,1.3000001,12.946611
114851,2019-12-30,NY63/2,130.982,7.193834,1.3000001,12.946611
114852,2019-12-30,ST07/10,81.528,7.193834,1.3000001,12.946611
114853,2019-12-30,SY68/34,71.241,7.193834,1.3000001,12.946611
114854,2019-12-30,NO20/14,38.51,7.193834,1.3000001,12.946611
114855,2019-12-30,SJ15/13,80.046,7.193834,1.3000001,12.946611
114856,2019-12-30,SK00/41,129.572,7.193834,1.3000001,12.946611
114857,2019-12-30,TR14/9,76.532,7.193834,1.3000001,12.946611
114858,2019-12-30,SU01/5B,104.78,7.193834,1.3000001,12.946611
114859,2019-12-30,SJ62/235,54.638,7.193834,1.3000001,12.946611
114860,2019-12-30,TF81/2A,43.8,7.193834,1.3000001,12.946611
114861,2019-12-30,SN00/11,13.341,7.193834,1.3000001,12.946611
114862,2019-12-30,SU71/23,61.122,7.193834,1.3000001,12.946611
114863,2019-12-30,NH95/17,29.845,7.193834,1.3000001,12.946611
114864,2019-12-31,TF81/2A,43.97,1.9584168,0.0,9.507319
114865,2019-12-31,SU71/23,61.053,1.9584168,0.0,9.507319
114866,2019-12-31,SJ15/13,80.036,1.9584168,0.0,9.507319
114867,2019-12-31,TR14/9,76.76,1.9584168,0.0,9.507319
114868,2019-12-31,TQ25/86,100.16,1.9584168,0.0,9.507319
114869,2019-12-31,SJ62/235,54.643,1.9584168,0.0,9.507319
114870,2019-12-31,SP00/62,102.85,1.9584168,0.0,9.507319
114871,2019-12-31,SU81/1,73.609,1.9584168,0.0,9.507319
114872,2019-12-31,ID30/1,115.41,1.9584168,0.0,9.507319
114873,2019-12-31,NO20/14,38.456,1.9584168,0.0,9.507319
114874,2019-12-31,SU17/57,143.92,1.9584168,0.0,9.507319
114875,2019-12-31,NH95/17,29.814,1.9584168,0.0,9.507319
114876,2019-12-31,TF03/37,23.509,1.9584168,0.0,9.507319
114877,2019-12-31,SY68/34,71.217,1.9584168,0.0,9.507319
114878,2019-12-31,SU01/5B,104.598,1.9584168,0.0,9.507319
114879,2019-12-31,SK00/41,129.587,1.9584168,0.0,9.507319
114880,2019-12-31,ST07/10,80.175,1.9584168,0.0,9.507319
114881,2019-12-31,TL33/67,73.95,1.9584168,0.0,9.507319
114882,2019-12-31,NY63/2,130.977,1.9584168,0.0,9.507319
114883,2019-12-31,SN00/11,13.266,1.9584168,0.0,9.507319
114884,2020-01-01,NY63/2,131.029,4.7584167,0.0,10.612181
114885,2020-01-01,ST07/10,78.995,4.7584167,0.0,10.612181
114886,2020-01-01,SJ15/13,80.047,4.7584167,0.0,10.612181
114887,2020-01-01,SU01/5B,104.268,4.7584167,0.0,10.612181
114888,2020-01-01,SJ62/235,54.652,4.7584167,0.0,10.612181
114889,2020-01-01,SY68/34,71.19,4.7584167,0.0,10.612181
114890,2020-01-01,SN00/11,13.19,4.7584167,0.0,10.612181
114891,2020-01-01,SU81/1,73.355,4.7584167,0.0,10.612181
114892,2020-01-01,TR14/9,76.99,4.7584167,0.0,10.612181
114893,2020-01-01,NH95/17,29.61,4.7584167,0.0,10.612181
114894,2020-01-01,SK00/41,129.614,4.7584167,0.0,10.612181
114895,2020-01-01,TL44/12,34.56,4.7584167,0.0,10.612181
114896,2020-01-01,NO20/14,38.508,4.7584167,0.0,10.612181
114897,2020-01-01,SU71/23,60.958,4.7584167,0.0,10.612181
114898,2020-01-01,ID30/1,115.31,4.7584167,0.0,10.612181
114899,2020-01-02,SY68/34,71.166,7.402167,5.9,20.865768
114900,2020-01-02,SJ62/235,54.659,7.402167,5.9,20.865768
114901,2020-01-02,TL33/4,72.82,7.402167,5.9,20.865768
114902,2020-01-02,SJ15/13,80.086,7.402167,5.9,20.865768
114903,2020-01-02,ST07/10,77.808,7.402167,5.9,20.865768
114904,2020-01-02,ID30/1,115.21,7.402167,5.9,20.865768
114905,2020-01-02,NY63/2,131.078,7.402167,5.9,20.865768
114906,2020-01-02,NH95/17,29.676,7.402167,5.9,20.865768
114907,2020-01-02,TF81/2A,44.005,7.402167,5.9,20.865768
114908,2020-01-02,SN00/11,13.115,7.402167,5.9,20.865768
114909,2020-01-02,SK00/41,129.648,7.402167,5.9,20.865768
114910,2020-01-02,SU01/5B,103.843,7.402167,5.9,20.865768
114911,2020-01-02,TL44/12,34.65,7.402167,5.9,20.865768
114912,2020-01-02,SU71/23,60.849,7.402167,5.9,20.865768
114913,2020-01-02,NO20/14,38.586,7.402167,5.9,20.865768
114914,2020-01-02,SU81/1,73.071,7.402167,5.9,20.865768
114915,2020-01-02,TR14/9,77.183,7.402167,5.9,20.865768
114916,2020-01-03,SY68/34,71.13,5.7084165,1.0,17.172783
114917,2020-01-03,NY63/2,130.99,5.7084165,1.0,17.172783
114918,2020-01-03,TL44/12,34.73,5.7084165,1.0,17.172783
114919,2020-01-03,NO20/14,38.533,5.7084165,1.0,17.172783
114920,2020-01-03,TR14/9,77.338,5.7084165,1.0,17.172783
114921,2020-01-03,NH95/17,29.811,5.7084165,1.0,17.172783
114922,2020-01-03,ST07/10,76.728,5.7084165,1.0,17.172783
114923,2020-01-03,SU81/1,72.721,5.7084165,1.0,17.172783
114924,2020-01-03,SU71/23,60.669,5.7084165,1.0,17.172783
114925,2020-01-03,SN00/11,13.019,5.7084165,1.0,17.172783
114926,2020-01-03,SK00/41,129.666,5.7084165,1.0,17.172783
114927,2020-01-03,SJ15/13,80.055,5.7084165,1.0,17.172783
114928,2020-01-03,ID30/1,115.11,5.7084165,1.0,17.172783
114929,2020-01-03,TF81/2A,44.049,5.7084165,1.0,17.172783
114930,2020-01-03,SU01/5B,103.325,5.7084165,1.0,17.172783
114931,2020-01-03,SJ62/235,54.64,5.7084165,1.0,17.172783
114932,2020-01-04,ST07/10,75.831,6.833416,0.0,16.224741
114933,2020-01-04,SJ15/13,80.01,6.833416,0.0,16.224741
114934,2020-01-04,NO20/14,38.495,6.833416,0.0,16.224741
114935,2020-01-04,SU71/23,60.457,6.833416,0.0,16.224741
114936,2020-01-04,SY68/34,71.102,6.833416,0.0,16.224741
114937,2020-01-04,TR14/9,77.483,6.833416,0.0,16.224741
114938,2020-01-04,SJ62/235,54.649,6.833416,0.0,16.224741
114939,2020-01-04,ID30/1,115.0,6.833416,0.0,16.224741
114940,2020-01-04,TL44/12,34.8,6.833416,0.0,16.224741
114941,2020-01-04,TF81/2A,44.105,6.833416,0.0,16.224741
114942,2020-01-04,SU01/5B,102.756,6.833416,0.0,16.224741
114943,2020-01-04,SN00/11,12.929,6.833416,0.0,16.224741
114944,2020-01-04,NH95/17,29.81,6.833416,0.0,16.224741
114945,2020-01-04,SU81/1,72.337,6.833416,0.0,16.224741
114946,2020-01-04,NY63/2,130.984,6.833416,0.0,16.224741
114947,2020-01-05,SJ62/235,54.663,8.21675,0.6,12.581607
114948,2020-01-05,TR14/9,77.652,8.21675,0.6,12.581607
114949,2020-01-05,TF81/2A,44.166,8.21675,0.6,12.581607
114950,2020-01-05,SU71/23,60.244,8.21675,0.6,12.581607
114951,2020-01-05,NO20/14,38.507,8.21675,0.6,12.581607
114952,2020-01-05,SN00/11,12.845,8.21675,0.6,12.581607
114953,2020-01-05,SY68/34,71.077,8.21675,0.6,12.581607
114954,2020-01-05,SU81/1,71.93,8.21675,0.6,12.581607
114955,2020-01-05,SJ15/13,80.019,8.21675,0.6,12.581607
114956,2020-01-05,SU01/5B,102.197,8.21675,0.6,12.581607
114957,2020-01-05,ST07/10,75.084,8.21675,0.6,12.581607
114958,2020-01-05,NH95/17,29.837,8.21675,0.6,12.581607
114959,2020-01-05,ID30/1,114.92,8.21675,0.6,12.581607
114960,2020-01-05,NY63/2,131.026,8.21675,0.6,12.581607
114961,2020-01-05,TL44/12,34.87,8.21675,0.6,12.581607
114962,2020-01-06,SJ62/235,54.665,7.0521674,6.7000003,21.020105
114963,2020-01-06,SU01/5B,101.666,7.0521674,6.7000003,21.020105
114964,2020-01-06,ID30/1,114.85,7.0521674,6.7000003,21.020105
114965,2020-01-06,SU71/23,60.028,7.0521674,6.7000003,21.020105
114966,2020-01-06,NO20/14,38.57,7.0521674,6.7000003,21.020105
114967,2020-01-06,TR14/9,77.777,7.0521674,6.7000003,21.020105
114968,2020-01-06,SU81/1,71.518,7.0521674,6.7000003,21.020105
114969,2020-01-06,ST07/10,74.396,7.0521674,6.7000003,21.020105
114970,2020-01-06,SJ15/13,80.058,7.0521674,6.7000003,21.020105
114971,2020-01-06,SY68/34,71.059,7.0521674,6.7000003,21.020105
114972,2020-01-06,TL44/12,34.95,7.0521674,6.7000003,21.020105
114973,2020-01-06,NY63/2,131.062,7.0521674,6.7000003,21.020105
114974,2020-01-06,NH95/17,29.859,7.0521674,6.7000003,21.020105
114975,2020-01-06,SN00/11,12.765,7.0521674,6.7000003,21.020105
114976,2020-01-06,TF81/2A,44.218,7.0521674,6.7000003,21.020105
114977,2020-01-07,TR14/9,77.907,8.650084,4.8999996,24.090897
114978,2020-01-07,SU81/1,71.074,8.650084,4.8999996,24.090897
114979,2020-01-07,SU71/23,59.78,8.650084,4.8999996,24.090897
114980,2020-01-07,SN00/11,12.676,8.650084,4.8999996,24.090897
114981,2020-01-07,SJ62/235,54.669,8.650084,4.8999996,24.090897
114982,2020-01-07,SJ15/13,80.058,8.650084,4.8999996,24.090897
114983,2020-01-07,ID30/1,114.77,8.650084,4.8999996,24.090897
114984,2020-01-07,ST07/10,73.738,8.650084,4.8999996,24.090897
114985,2020-01-07,NY63/2,131.061,8.650084,4.8999996,24.090897
114986,2020-01-07,TL33/67,74.49,8.650084,4.8999996,24.090897
114987,2020-01-07,NO20/14,38.576,8.650084,4.8999996,24.090897
114988,2020-01-07,SP00/62,102.64,8.650084,4.8999996,24.090897
114989,2020-01-07,NH95/17,29.863,8.650084,4.8999996,24.090897
114990,2020-01-07,SU17/57,143.63,8.650084,4.8999996,24.090897
114991,2020-01-07,TQ25/86,100.01,8.650084,4.8999996,24.090897
114992,2020-01-07,TL44/12,35.02,8.650084,4.8999996,24.090897
114993,2020-01-07,TF81/2A,44.268,8.650084,4.8999996,24.090897
114994,2020-01-07,SU01/5B,101.139,8.650084,4.8999996,24.090897
114995,2020-01-07,SY68/34,71.031,8.650084,4.8999996,24.090897
114996,2020-01-08,SU71/23,59.522,6.275083,1.5,13.9273615
114997,2020-01-08,NY63/2,131.042,6.275083,1.5,13.9273615
114998,2020-01-08,SN00/11,12.649,6.275083,1.5,13.9273615
114999,2020-01-08,TL44/12,35.09,6.275083,1.5,13.9273615
115000,2020-01-08,ID30/1,114.69,6.275083,1.5,13.9273615
115001,2020-01-08,SY68/34,71.016,6.275083,1.5,13.9273615
115002,2020-01-08,TR14/9,78.04,6.275083,1.5,13.9273615
115003,2020-01-08,SU81/1,70.625,6.275083,1.5,13.9273615
115004,2020-01-08,TF81/2A,44.326,6.275083,1.5,13.9273615
115005,2020-01-08,SU01/5B,100.636,6.275083,1.5,13.9273615
115006,2020-01-08,SJ62/235,54.677,6.275083,1.5,13.9273615
115007,2020-01-08,NO20/14,38.57,6.275083,1.5,13.9273615
115008,2020-01-08,ST07/10,73.275,6.275083,1.5,13.9273615
115009,2020-01-08,SJ15/13,80.039,6.275083,1.5,13.9273615
115010,2020-01-08,NH95/17,29.833,6.275083,1.5,13.9273615
115011,2020-01-09,ID30/1,114.62,4.0625834,11.5,9.977913
115012,2020-01-09,ST07/10,74.163,4.0625834,11.5,9.977913
115013,2020-01-09,SJ15/13,80.084,4.0625834,11.5,9.977913
115014,2020-01-09,SY68/34,71.009,4.0625834,11.5,9.977913
115015,2020-01-09,NY63/2,131.061,4.0625834,11.5,9.977913
115016,2020-01-09,SU81/1,70.19,4.0625834,11.5,9.977913
115017,2020-01-09,SU71/23,59.274,4.0625834,11.5,9.977913
115018,2020-01-09,NO20/14,38.607,4.0625834,11.5,9.977913
115019,2020-01-09,TF81/2A,44.354,4.0625834,11.5,9.977913
115020,2020-01-09,SU01/5B,100.183,4.0625834,11.5,9.977913
115021,2020-01-09,NH95/17,29.837,4.0625834,11.5,9.977913
115022,2020-01-09,TL44/12,35.17,4.0625834,11.5,9.977913
115023,2020-01-09,SN00/11,12.815,4.0625834,11.5,9.977913
115024,2020-01-09,TR14/9,78.106,4.0625834,11.5,9.977913
115025,2020-01-09,SJ62/235,54.672,4.0625834,11.5,9.977913
115026,2020-01-10,SU81/1,69.718,3.3021662,2.4,12.551314
115027,2020-01-10,TF81/2A,44.421,3.3021662,2.4,12.551314
115028,2020-01-10,SJ15/13,80.033,3.3021662,2.4,12.551314
115029,2020-01-10,NO20/14,38.579,3.3021662,2.4,12.551314
115030,2020-01-10,ID30/1,114.54,3.3021662,2.4,12.551314
115031,2020-01-10,SN00/11,12.852,3.3021662,2.4,12.551314
115032,2020-01-10,NH95/17,29.826,3.3021662,2.4,12.551314
115033,2020-01-10,SY68/34,70.956,3.3021662,2.4,12.551314
115034,2020-01-10,SU71/23,58.967,3.3021662,2.4,12.551314
115035,2020-01-10,TL44/12,35.23,3.3021662,2.4,12.551314
115036,2020-01-10,TR14/9,78.176,3.3021662,2.4,12.551314
115037,2020-01-10,ST07/10,75.919,3.3021662,2.4,12.551314
115038,2020-01-10,SJ62/235,54.673,3.3021662,2.4,12.551314
115039,2020-01-10,NY63/2,131.018,3.3021662,2.4,12.551314
115040,2020-01-10,SU01/5B,99.698,3.3021662,2.4,12.551314
115041,2020-01-11,SU71/23,58.685,9.087583,15.400001,25.309244
115042,2020-01-11,SN00/11,12.845,9.087583,15.400001,25.309244
115043,2020-01-11,TR14/9,78.269,9.087583,15.400001,25.309244
115044,2020-01-11,NY63/2,131.071,9.087583,15.400001,25.309244
115045,2020-01-11,NO20/14,38.66,9.087583,15.400001,25.309244
115046,2020-01-11,SU01/5B,99.239,9.087583,15.400001,25.309244
115047,2020-01-11,SJ62/235,54.69,9.087583,15.400001,25.309244
115048,2020-01-11,NH95/17,29.852,9.087583,15.400001,25.309244
115049,2020-01-11,TF81/2A,44.753,9.087583,15.400001,25.309244
115050,2020-01-11,SU81/1,69.261,9.087583,15.400001,25.309244
115051,2020-01-11,SY68/34,70.913,9.087583,15.400001,25.309244
115052,2020-01-11,TL44/12,35.28,9.087583,15.400001,25.309244
115053,2020-01-11,ST07/10,76.137,9.087583,15.400001,25.309244
115054,2020-01-11,ID30/1,114.49,9.087583,15.400001,25.309244
115055,2020-01-11,SJ15/13,80.052,9.087583,15.400001,25.309244
115056,2020-01-12,NY63/2,131.065,5.2542496,3.7,10.707328
115057,2020-01-12,SN00/11,12.836,5.2542496,3.7,10.707328
115058,2020-01-12,TL44/12,35.34,5.2542496,3.7,10.707328
115059,2020-01-12,ST07/10,76.39,5.2542496,3.7,10.707328
115060,2020-01-12,TR14/9,78.358,5.2542496,3.7,10.707328
115061,2020-01-12,SU01/5B,98.814,5.2542496,3.7,10.707328
115062,2020-01-12,NH95/17,29.861,5.2542496,3.7,10.707328
115063,2020-01-12,SJ62/235,54.691,5.2542496,3.7,10.707328
115064,2020-01-12,SU71/23,58.397,5.2542496,3.7,10.707328
115065,2020-01-12,NO20/14,38.747,5.2542496,3.7,10.707328
115066,2020-01-12,SU81/1,68.811,5.2542496,3.7,10.707328
115067,2020-01-12,ID30/1,114.46,5.2542496,3.7,10.707328
115068,2020-01-12,SJ15/13,80.062,5.2542496,3.7,10.707328
115069,2020-01-12,SY68/34,70.873,5.2542496,3.7,10.707328
115070,2020-01-13,SN00/11,12.869,5.723,9.0,26.33797
115071,2020-01-13,NH95/17,29.9,5.723,9.0,26.33797
115072,2020-01-13,NY63/2,131.173,5.723,9.0,26.33797
115073,2020-01-13,SU01/5B,98.431,5.723,9.0,26.33797
115074,2020-01-13,ID30/1,114.67,5.723,9.0,26.33797
115075,2020-01-13,SY68/34,70.862,5.723,9.0,26.33797
115076,2020-01-13,TL44/12,35.42,5.723,9.0,26.33797
115077,2020-01-13,SJ62/235,54.714,5.723,9.0,26.33797
115078,2020-01-13,NO20/14,38.833,5.723,9.0,26.33797
115079,2020-01-13,TR14/9,78.451,5.723,9.0,26.33797
115080,2020-01-13,SJ15/13,80.128,5.723,9.0,26.33797
115081,2020-01-13,ST07/10,76.973,5.723,9.0,26.33797
115082,2020-01-13,SU81/1,68.41,5.723,9.0,26.33797
115083,2020-01-13,SU71/23,58.142,5.723,9.0,26.33797
115084,2020-01-14,ID30/1,114.95,5.0084167,11.099999,19.771526
115085,2020-01-14,SJ62/235,54.714,5.0084167,11.099999,19.771526
115086,2020-01-14,TR14/9,78.49,5.0084167,11.099999,19.771526
115087,2020-01-14,ST07/10,77.369,5.0084167,11.099999,19.771526
115088,2020-01-14,TQ25/86,100.38,5.0084167,11.099999,19.771526
115089,2020-01-14,NH95/17,29.914,5.0084167,11.099999,19.771526
115090,2020-01-14,SU17/57,143.08,5.0084167,11.099999,19.771526
115091,2020-01-14,NY63/2,131.169,5.0084167,11.099999,19.771526
115092,2020-01-14,TL33/67,74.74,5.0084167,11.099999,19.771526
115093,2020-01-14,NO20/14,38.854,5.0084167,11.099999,19.771526
115094,2020-01-14,SJ15/13,80.211,5.0084167,11.099999,19.771526
115095,2020-01-14,SN00/11,12.993,5.0084167,11.099999,19.771526
115096,2020-01-14,TL44/12,35.48,5.0084167,11.099999,19.771526
115097,2020-01-14,SU81/1,68.033,5.0084167,11.099999,19.771526
115098,2020-01-14,SP00/62,102.91,5.0084167,11.099999,19.771526
115099,2020-01-14,SU01/5B,98.097,5.0084167,11.099999,19.771526
115100,2020-01-14,SU71/23,57.88,5.0084167,11.099999,19.771526
115101,2020-01-14,SY68/34,70.919,5.0084167,11.099999,19.771526
115102,2020-01-15,SJ62/235,54.703,5.4084167,0.0,20.546886
115103,2020-01-15,TL44/12,35.53,5.4084167,0.0,20.546886
115104,2020-01-15,SY68/34,70.963,5.4084167,0.0,20.546886
115105,2020-01-15,ST07/10,77.974,5.4084167,0.0,20.546886
115106,2020-01-15,TR14/9,78.507,5.4084167,0.0,20.546886
115107,2020-01-15,SJ15/13,80.22,5.4084167,0.0,20.546886
115108,2020-01-15,SU71/23,57.738,5.4084167,0.0,20.546886
115109,2020-01-15,TL33/4,73.78,5.4084167,0.0,20.546886
115110,2020-01-15,SU01/5B,98.497,5.4084167,0.0,20.546886
115111,2020-01-15,SN00/11,13.127,5.4084167,0.0,20.546886
115112,2020-01-15,ID30/1,114.96,5.4084167,0.0,20.546886
115113,2020-01-15,SU81/1,67.821,5.4084167,0.0,20.546886
115114,2020-01-15,NO20/14,38.796,5.4084167,0.0,20.546886
115115,2020-01-15,NH95/17,29.901,5.4084167,0.0,20.546886
115116,2020-01-15,NY63/2,131.085,5.4084167,0.0,20.546886
115117,2020-01-16,SU81/1,68.266,7.200084,7.5000005,23.592482
115118,2020-01-16,SJ62/235,54.725,7.200084,7.5000005,23.592482
115119,2020-01-16,TM15/112,25.18,7.200084,7.5000005,23.592482
115120,2020-01-16,TL44/12,35.63,7.200084,7.5000005,23.592482
115121,2020-01-16,ID30/1,115.05,7.200084,7.5000005,23.592482
115122,2020-01-16,NY63/2,131.12,7.200084,7.5000005,23.592482
115123,2020-01-16,ST07/10,78.144,7.200084,7.5000005,23.592482
115124,2020-01-16,TR14/9,78.556,7.200084,7.5000005,23.592482
115125,2020-01-16,SN00/11,13.157,7.200084,7.5000005,23.592482
115126,2020-01-16,NO20/14,38.736,7.200084,7.5000005,23.592482
115127,2020-01-16,SJ15/13,80.207,7.200084,7.5000005,23.592482
115128,2020-01-16,SU71/23,58.09,7.200084,7.5000005,23.592482
115129,2020-01-16,SY68/34,71.021,7.200084,7.5000005,23.592482
115130,2020-01-16,TF81/2A,44.83,7.200084,7.5000005,23.592482
115131,2020-01-16,NH95/17,29.864,7.200084,7.5000005,23.592482
115132,2020-01-16,SU01/5B,100.347,7.200084,7.5000005,23.592482
115133,2020-01-17,NH95/17,29.85,5.1730003,4.599999,12.861082
115134,2020-01-17,ID30/1,115.11,5.1730003,4.599999,12.861082
115135,2020-01-17,NY63/2,131.101,5.1730003,4.599999,12.861082
115136,2020-01-17,SJ62/235,54.714,5.1730003,4.599999,12.861082
115137,2020-01-17,NO20/14,38.72,5.1730003,4.599999,12.861082
115138,2020-01-17,TR14/9,78.56,5.1730003,4.599999,12.861082
115139,2020-01-17,SU71/23,58.407,5.1730003,4.599999,12.861082
115140,2020-01-17,TF81/2A,44.86,5.1730003,4.599999,12.861082
115141,2020-01-17,SU01/5B,101.79,5.1730003,4.599999,12.861082
115142,2020-01-17,SY68/34,71.046,5.1730003,4.599999,12.861082
115143,2020-01-17,SU81/1,68.974,5.1730003,4.599999,12.861082
115144,2020-01-17,TL44/12,35.68,5.1730003,4.599999,12.861082
115145,2020-01-17,SJ15/13,80.214,5.1730003,4.599999,12.861082
115146,2020-01-17,ST07/10,77.944,5.1730003,4.599999,12.861082
115147,2020-01-17,SN00/11,13.13,5.1730003,4.599999,12.861082
115148,2020-01-18,TF81/2A,44.89,2.8479996,0.5,13.754083
115149,2020-01-18,SU01/5B,102.705,2.8479996,0.5,13.754083
115150,2020-01-18,NY63/2,131.029,2.8479996,0.5,13.754083
115151,2020-01-18,SJ62/235,54.708,2.8479996,0.5,13.754083
115152,2020-01-18,ST07/10,78.052,2.8479996,0.5,13.754083
115153,2020-01-18,NO20/14,38.637,2.8479996,0.5,13.754083
115154,2020-01-18,ID30/1,115.1,2.8479996,0.5,13.754083
115155,2020-01-18,SU81/1,69.132,2.8479996,0.5,13.754083
115156,2020-01-18,SU71/23,58.522,2.8479996,0.5,13.754083
115157,2020-01-18,TR14/9,78.55,2.8479996,0.5,13.754083
115158,2020-01-18,SN00/11,13.118,2.8479996,0.5,13.754083
115159,2020-01-18,NH95/17,29.802,2.8479996,0.5,13.754083
115160,2020-01-18,SY68/34,71.034,2.8479996,0.5,13.754083
115161,2020-01-18,SJ15/13,80.186,2.8479996,0.5,13.754083
115162,2020-01-18,TL44/12,35.72,2.8479996,0.5,13.754083
115163,2020-01-19,ID30/1,115.18,1.6292499,0.0,5.451704
115164,2020-01-19,TR14/9,78.556,1.6292499,0.0,5.451704
115165,2020-01-19,NY63/2,131.012,1.6292499,0.0,5.451704
115166,2020-01-19,SY68/34,71.019,1.6292499,0.0,5.451704
115167,2020-01-19,NO20/14,38.572,1.6292499,0.0,5.451704
115168,2020-01-19,TF81/2A,46.86,1.6292499,0.0,5.451704
115169,2020-01-19,SJ62/235,54.712,1.6292499,0.0,5.451704
115170,2020-01-19,SU01/5B,103.373,1.6292499,0.0,5.451704
115171,2020-01-19,NH95/17,29.784,1.6292499,0.0,5.451704
115172,2020-01-19,SN00/11,13.098,1.6292499,0.0,5.451704
115173,2020-01-19,TL44/12,35.78,1.6292499,0.0,5.451704
115174,2020-01-19,SU71/23,58.58,1.6292499,0.0,5.451704
115175,2020-01-19,ST07/10,77.758,1.6292499,0.0,5.451704
115176,2020-01-19,SJ15/13,80.129,1.6292499,0.0,5.451704
115177,2020-01-19,SU81/1,69.29,1.6292499,0.0,5.451704
115178,2020-01-20,SJ62/235,54.727,3.9938328,0.0,6.836687
115179,2020-01-20,SU01/5B,103.735,3.9938328,0.0,6.836687
115180,2020-01-20,NH95/17,29.781,3.9938328,0.0,6.836687
115181,2020-01-20,SJ15/13,80.122,3.9938328,0.0,6.836687
115182,2020-01-20,SY68/34,71.011,3.9938328,0.0,6.836687
115183,2020-01-20,NY63/2,131.061,3.9938328,0.0,6.836687
115184,2020-01-20,TR14/9,78.582,3.9938328,0.0,6.836687
115185,2020-01-20,SU71/23,58.58,3.9938328,0.0,6.836687
115186,2020-01-20,NO20/14,38.588,3.9938328,0.0,6.836687
115187,2020-01-20,SN00/11,13.067,3.9938328,0.0,6.836687
115188,2020-01-20,ID30/1,115.21,3.9938328,0.0,6.836687
115189,2020-01-20,TL44/12,35.88,3.9938328,0.0,6.836687
115190,2020-01-20,ST07/10,77.153,3.9938328,0.0,6.836687
115191,2020-01-20,SU81/1,69.348,3.9938328,0.0,6.836687
115192,2020-01-21,ID30/1,115.2,6.6521664,0.0,5.1733103
115193,2020-01-21,NY63/2,131.097,6.6521664,0.0,5.1733103
115194,2020-01-21,SU01/5B,103.763,6.6521664,0.0,5.1733103
115195,2020-01-21,SU81/1,69.338,6.6521664,0.0,5.1733103
115196,2020-01-21,NH95/17,29.776,6.6521664,0.0,5.1733103
115197,2020-01-21,SP00/62,103.04,6.6521664,0.0,5.1733103
115198,2020-01-21,NO20/14,38.629,6.6521664,0.0,5.1733103
115199,2020-01-21,SU17/57,143.6,6.6521664,0.0,5.1733103
115200,2020-01-21,SJ15/13,80.144,6.6521664,0.0,5.1733103
115201,2020-01-21,TQ25/86,100.73,6.6521664,0.0,5.1733103
115202,2020-01-21,SY68/34,71.001,6.6521664,0.0,5.1733103
115203,2020-01-21,TL44/12,35.96,6.6521664,0.0,5.1733103
115204,2020-01-21,SJ62/235,54.733,6.6521664,0.0,5.1733103
115205,2020-01-21,ST07/10,76.142,6.6521664,0.0,5.1733103
115206,2020-01-21,SU71/23,58.575,6.6521664,0.0,5.1733103
115207,2020-01-21,TR14/9,78.61,6.6521664,0.0,5.1733103
115208,2020-01-21,TL33/67,75.48,6.6521664,0.0,5.1733103
115209,2020-01-21,SN00/11,13.024,6.6521664,0.0,5.1733103
115210,2020-01-22,SE95/6,27.92,8.375084,0.4,5.5556784
115211,2020-01-22,SK00/41,129.957,8.375084,0.4,5.5556784
115212,2020-01-22,SU81/1,69.274,8.375084,0.4,5.5556784
115213,2020-01-22,SE94/5,22.34,8.375084,0.4,5.5556784
115214,2020-01-22,SJ15/13,80.155,8.375084,0.4,5.5556784
115215,2020-01-22,SJ62/235,54.738,8.375084,0.4,5.5556784
115216,2020-01-22,SU71/23,58.549,8.375084,0.4,5.5556784
115217,2020-01-22,NH95/17,29.775,8.375084,0.4,5.5556784
115218,2020-01-22,SU01/5B,103.544,8.375084,0.4,5.5556784
115219,2020-01-22,ID30/1,115.11,8.375084,0.4,5.5556784
115220,2020-01-22,TR14/9,78.65,8.375084,0.4,5.5556784
115221,2020-01-22,ST07/10,75.22,8.375084,0.4,5.5556784
115222,2020-01-22,NY63/2,131.12,8.375084,0.4,5.5556784
115223,2020-01-22,NO20/14,38.652,8.375084,0.4,5.5556784
115224,2020-01-22,SN00/11,12.967,8.375084,0.4,5.5556784
115225,2020-01-22,TL44/12,36.06,8.375084,0.4,5.5556784
115226,2020-01-23,SN00/11,12.904,7.098001,0.2,5.9781637
115227,2020-01-23,TL44/12,36.17,7.098001,0.2,5.9781637
115228,2020-01-23,NH95/17,29.788,7.098001,0.2,5.9781637
115229,2020-01-23,ST07/10,74.379,7.098001,0.2,5.9781637
115230,2020-01-23,SU81/1,69.182,7.098001,0.2,5.9781637
115231,2020-01-23,NO20/14,38.676,7.098001,0.2,5.9781637
115232,2020-01-23,SJ15/13,80.174,7.098001,0.2,5.9781637
115233,2020-01-23,SU01/5B,103.181,7.098001,0.2,5.9781637
115234,2020-01-23,SJ62/235,54.748,7.098001,0.2,5.9781637
115235,2020-01-23,SY68/34,70.969,7.098001,0.2,5.9781637
115236,2020-01-23,ID30/1,115.04,7.098001,0.2,5.9781637
115237,2020-01-23,SU71/23,58.508,7.098001,0.2,5.9781637
115238,2020-01-23,TR14/9,78.69,7.098001,0.2,5.9781637
115239,2020-01-23,NY63/2,131.16,7.098001,0.2,5.9781637
115240,2020-01-23,SK00/41,129.966,7.098001,0.2,5.9781637
115241,2020-01-24,SU71/23,58.44,6.877167,0.6,6.6376286
115242,2020-01-24,TL44/12,36.27,6.877167,0.6,6.6376286
115243,2020-01-24,NH95/17,29.793,6.877167,0.6,6.6376286
115244,2020-01-24,SU81/1,69.047,6.877167,0.6,6.6376286
115245,2020-01-24,SN00/11,12.83,6.877167,0.6,6.6376286
115246,2020-01-24,NO20/14,38.685,6.877167,0.6,6.6376286
115247,2020-01-24,SU01/5B,102.726,6.877167,0.6,6.6376286
115248,2020-01-24,SY68/34,70.944,6.877167,0.6,6.6376286
115249,2020-01-24,TR14/9,78.725,6.877167,0.6,6.6376286
115250,2020-01-24,SK00/41,129.987,6.877167,0.6,6.6376286
115251,2020-01-24,NY63/2,131.186,6.877167,0.6,6.6376286
115252,2020-01-24,SJ62/235,54.753,6.877167,0.6,6.6376286
115253,2020-01-24,SJ15/13,80.196,6.877167,0.6,6.6376286
115254,2020-01-24,TV59/7C,2.84,6.877167,0.6,6.6376286
115255,2020-01-24,ID30/1,114.96,6.877167,0.6,6.6376286
115256,2020-01-24,ST07/10,73.499,6.877167,0.6,6.6376286
115257,2020-01-25,TL44/12,36.38,6.027166,1.1,11.81857
115258,2020-01-25,NY63/2,131.213,6.027166,1.1,11.81857
115259,2020-01-25,SU01/5B,102.227,6.027166,1.1,11.81857
115260,2020-01-25,SJ15/13,80.208,6.027166,1.1,11.81857
115261,2020-01-25,TR14/9,78.767,6.027166,1.1,11.81857
115262,2020-01-25,NO20/14,38.688,6.027166,1.1,11.81857
115263,2020-01-25,SN00/11,12.757,6.027166,1.1,11.81857
115264,2020-01-25,ID30/1,114.87,6.027166,1.1,11.81857
115265,2020-01-25,SY68/34,70.917,6.027166,1.1,11.81857
115266,2020-01-25,SU71/23,58.342,6.027166,1.1,11.81857
115267,2020-01-25,SJ62/235,54.761,6.027166,1.1,11.81857
115268,2020-01-25,ST07/10,72.715,6.027166,1.1,11.81857
115269,2020-01-25,SK00/41,129.997,6.027166,1.1,11.81857
115270,2020-01-25,NH95/17,29.805,6.027166,1.1,11.81857
115271,2020-01-25,SU81/1,68.871,6.027166,1.1,11.81857
115272,2020-01-26,ST07/10,72.235,5.39175,5.8999996,16.309975
115273,2020-01-26,TL44/12,36.48,5.39175,5.8999996,16.309975
115274,2020-01-26,SK00/41,130.021,5.39175,5.8999996,16.309975
115275,2020-01-26,TR14/9,78.834,5.39175,5.8999996,16.309975
115276,2020-01-26,SN00/11,12.699,5.39175,5.8999996,16.309975
115277,2020-01-26,SJ15/13,80.23,5.39175,5.8999996,16.309975
115278,2020-01-26,SY68/34,70.925,5.39175,5.8999996,16.309975
115279,2020-01-26,SU81/1,68.667,5.39175,5.8999996,16.309975
115280,2020-01-26,SU01/5B,101.711,5.39175,5.8999996,16.309975
115281,2020-01-26,NY63/2,131.241,5.39175,5.8999996,16.309975
115282,2020-01-26,SJ62/235,54.77,5.39175,5.8999996,16.309975
115283,2020-01-26,SU71/23,58.225,5.39175,5.8999996,16.309975
115284,2020-01-26,ID30/1,114.79,5.39175,5.8999996,16.309975
115285,2020-01-26,NO20/14,38.708,5.39175,5.8999996,16.309975
115286,2020-01-26,NH95/17,29.807,5.39175,5.8999996,16.309975
115287,2020-01-27,SJ62/235,54.779,3.55425,3.6999998,17.701641
115288,2020-01-27,SU01/5B,101.207,3.55425,3.6999998,17.701641
115289,2020-01-27,SJ15/13,80.248,3.55425,3.6999998,17.701641
115290,2020-01-27,SY68/34,70.937,3.55425,3.6999998,17.701641
115291,2020-01-27,ST07/10,72.029,3.55425,3.6999998,17.701641
115292,2020-01-27,SN00/11,12.648,3.55425,3.6999998,17.701641
115293,2020-01-27,SU81/1,68.457,3.55425,3.6999998,17.701641
115294,2020-01-27,NO20/14,38.713,3.55425,3.6999998,17.701641
115295,2020-01-27,NH95/17,29.815,3.55425,3.6999998,17.701641
115296,2020-01-27,TR14/9,78.88,3.55425,3.6999998,17.701641
115297,2020-01-27,TA10/63,21.42,3.55425,3.6999998,17.701641
115298,2020-01-27,ID30/1,114.66,3.55425,3.6999998,17.701641
115299,2020-01-27,SU71/23,58.098,3.55425,3.6999998,17.701641
115300,2020-01-27,TL44/12,36.59,3.55425,3.6999998,17.701641
115301,2020-01-27,SK00/41,130.04,3.55425,3.6999998,17.701641
115302,2020-01-27,NY63/2,131.262,3.55425,3.6999998,17.701641
115303,2020-01-28,NO20/14,38.703,2.9542503,4.299999,15.700315
115304,2020-01-28,TL44/12,36.68,2.9542503,4.299999,15.700315
115305,2020-01-28,NH95/17,29.804,2.9542503,4.299999,15.700315
115306,2020-01-28,SJ15/13,80.24,2.9542503,4.299999,15.700315
115307,2020-01-28,ST07/10,72.601,2.9542503,4.299999,15.700315
115308,2020-01-28,SY68/34,70.894,2.9542503,4.299999,15.700315
115309,2020-01-28,SU71/23,57.922,2.9542503,4.299999,15.700315
115310,2020-01-28,TL33/67,75.67,2.9542503,4.299999,15.700315
115311,2020-01-28,SJ62/235,54.766,2.9542503,4.299999,15.700315
115312,2020-01-28,TR14/9,78.875,2.9542503,4.299999,15.700315
115313,2020-01-28,SP00/62,102.75,2.9542503,4.299999,15.700315
115314,2020-01-28,NY63/2,131.214,2.9542503,4.299999,15.700315
115315,2020-01-28,SU81/1,68.193,2.9542503,4.299999,15.700315
115316,2020-01-28,TQ25/86,100.69,2.9542503,4.299999,15.700315
115317,2020-01-28,ID30/1,114.58,2.9542503,4.299999,15.700315
115318,2020-01-28,SK00/41,130.064,2.9542503,4.299999,15.700315
115319,2020-01-28,SN00/11,12.578,2.9542503,4.299999,15.700315
115320,2020-01-28,SU17/57,143.12,2.9542503,4.299999,15.700315
115321,2020-01-28,SU01/5B,100.692,2.9542503,4.299999,15.700315
115322,2020-01-29,ID30/1,114.49,5.0604997,8.3,21.505388
115323,2020-01-29,SJ62/235,54.769,5.0604997,8.3,21.505388
115324,2020-01-29,SK00/41,130.037,5.0604997,8.3,21.505388
115325,2020-01-29,SU71/23,57.701,5.0604997,8.3,21.505388
115326,2020-01-29,SN00/11,12.52,5.0604997,8.3,21.505388
115327,2020-01-29,SU01/5B,100.16,5.0604997,8.3,21.505388
115328,2020-01-29,NY63/2,131.178,5.0604997,8.3,21.505388
115329,2020-01-29,TR14/9,78.896,5.0604997,8.3,21.505388
115330,2020-01-29,NH95/17,29.787,5.0604997,8.3,21.505388
115331,2020-01-29,NO20/14,38.647,5.0604997,8.3,21.505388
115332,2020-01-29,ST07/10,72.955,5.0604997,8.3,21.505388
115333,2020-01-29,SU81/1,67.865,5.0604997,8.3,21.505388
115334,2020-01-29,SY68/34,70.84,5.0604997,8.3,21.505388
115335,2020-01-29,TL44/12,36.76,5.0604997,8.3,21.505388
115336,2020-01-29,SJ15/13,80.187,5.0604997,8.3,21.505388
115337,2020-01-30,ST07/10,72.899,7.968834,0.8000001,19.69925
115338,2020-01-30,NH95/17,29.804,7.968834,0.8000001,19.69925
115339,2020-01-30,SJ62/235,54.778,7.968834,0.8000001,19.69925
115340,2020-01-30,ID30/1,114.41,7.968834,0.8000001,19.69925
115341,2020-01-30,TR14/9,78.902,7.968834,0.8000001,19.69925
115342,2020-01-30,SJ15/13,80.195,7.968834,0.8000001,19.69925
115343,2020-01-30,NO20/14,38.667,7.968834,0.8000001,19.69925
115344,2020-01-30,SY68/34,70.803,7.968834,0.8000001,19.69925
115345,2020-01-30,SU01/5B,99.663,7.968834,0.8000001,19.69925
115346,2020-01-30,SU81/1,67.541,7.968834,0.8000001,19.69925
115347,2020-01-30,NY63/2,131.203,7.968834,0.8000001,19.69925
115348,2020-01-30,SN00/11,12.471,7.968834,0.8000001,19.69925
115349,2020-01-30,SK00/41,130.046,7.968834,0.8000001,19.69925
115350,2020-01-30,SU71/23,57.487,7.968834,0.8000001,19.69925
115351,2020-01-30,TL44/12,36.82,7.968834,0.8000001,19.69925
115352,2020-01-31,SN00/11,12.418,8.885501,5.7999997,18.597485
115353,2020-01-31,SJ15/13,80.194,8.885501,5.7999997,18.597485
115354,2020-01-31,SU81/1,67.198,8.885501,5.7999997,18.597485
115355,2020-01-31,ID30/1,114.33,8.885501,5.7999997,18.597485
115356,2020-01-31,NO20/14,38.667,8.885501,5.7999997,18.597485
115357,2020-01-31,TF03/37,22.349,8.885501,5.7999997,18.597485
115358,2020-01-31,SK00/41,130.048,8.885501,5.7999997,18.597485
115359,2020-01-31,NY63/2,131.207,8.885501,5.7999997,18.597485
115360,2020-01-31,SE94/5,22.107,8.885501,5.7999997,18.597485
115361,2020-01-31,TQ25/86,100.58,8.885501,5.7999997,18.597485
115362,2020-01-31,SU01/5B,99.18,8.885501,5.7999997,18.597485
115363,2020-01-31,TL44/12,36.9,8.885501,5.7999997,18.597485
115364,2020-01-31,SE95/6,27.185,8.885501,5.7999997,18.597485
115365,2020-01-31,SY68/34,70.792,8.885501,5.7999997,18.597485
115366,2020-01-31,SP00/62,102.65,8.885501,5.7999997,18.597485
115367,2020-01-31,TR14/9,78.925,8.885501,5.7999997,18.597485
115368,2020-01-31,SJ62/235,54.783,8.885501,5.7999997,18.597485
115369,2020-01-31,NH95/17,29.792,8.885501,5.7999997,18.597485
115370,2020-01-31,SU71/23,57.255,8.885501,5.7999997,18.597485
115371,2020-01-31,TL33/67,75.83,8.885501,5.7999997,18.597485
115372,2020-01-31,ST07/10,72.716,8.885501,5.7999997,18.597485
115373,2020-01-31,SU17/57,143.157,8.885501,5.7999997,18.597485
115374,2020-02-01,SU01/5B,98.72,6.939667,2.2000003,22.845484
115375,2020-02-01,SU71/23,57.015,6.939667,2.2000003,22.845484
115376,2020-02-01,NY63/2,131.174,6.939667,2.2000003,22.845484
115377,2020-02-01,SK00/41,130.062,6.939667,2.2000003,22.845484
115378,2020-02-01,NO20/14,38.67,6.939667,2.2000003,22.845484
115379,2020-02-01,SY68/34,70.789,6.939667,2.2000003,22.845484
115380,2020-02-01,TL44/12,36.97,6.939667,2.2000003,22.845484
115381,2020-02-01,SN00/11,12.413,6.939667,2.2000003,22.845484
115382,2020-02-01,SJ15/13,80.184,6.939667,2.2000003,22.845484
115383,2020-02-01,ID30/1,114.28,6.939667,2.2000003,22.845484
115384,2020-02-01,SJ62/235,54.778,6.939667,2.2000003,22.845484
115385,2020-02-01,SU81/1,66.845,6.939667,2.2000003,22.845484
115386,2020-02-01,TR14/9,78.948,6.939667,2.2000003,22.845484
115387,2020-02-01,NH95/17,29.787,6.939667,2.2000003,22.845484
115388,2020-02-01,ST07/10,72.4318,6.939667,2.2000003,22.845484
115389,2020-02-02,ID30/1,114.29,6.050083,6.5,13.714092
115390,2020-02-02,SU01/5B,98.279,6.050083,6.5,13.714092
115391,2020-02-02,NH95/17,29.823,6.050083,6.5,13.714092
115392,2020-02-02,NY63/2,131.168,6.050083,6.5,13.714092
115393,2020-02-02,SU71/23,56.793,6.050083,6.5,13.714092
115394,2020-02-02,NO20/14,38.641,6.050083,6.5,13.714092
115395,2020-02-02,TL44/12,37.04,6.050083,6.5,13.714092
115396,2020-02-02,SK00/41,130.062,6.050083,6.5,13.714092
115397,2020-02-02,TR14/9,78.939,6.050083,6.5,13.714092
115398,2020-02-02,SY68/34,70.822,6.050083,6.5,13.714092
115399,2020-02-02,SJ62/235,54.778,6.050083,6.5,13.714092
115400,2020-02-02,SU81/1,66.504,6.050083,6.5,13.714092
115401,2020-02-02,SJ15/13,80.169,6.050083,6.5,13.714092
115402,2020-02-02,SN00/11,12.349,6.050083,6.5,13.714092
115403,2020-02-02,ST07/10,73.0778,6.050083,6.5,13.714092
115404,2020-02-03,NH95/17,29.832,5.3000827,2.5000002,24.4552
115405,2020-02-03,SK00/41,130.062,5.3000827,2.5000002,24.4552
115406,2020-02-03,SU01/5B,97.873,5.3000827,2.5000002,24.4552
115407,2020-02-03,TR14/9,78.926,5.3000827,2.5000002,24.4552
115408,2020-02-03,SY68/34,70.841,5.3000827,2.5000002,24.4552
115409,2020-02-03,ID30/1,114.27,5.3000827,2.5000002,24.4552
115410,2020-02-03,SU81/1,66.228,5.3000827,2.5000002,24.4552
115411,2020-02-03,SJ62/235,54.777,5.3000827,2.5000002,24.4552
115412,2020-02-03,SU71/23,56.65,5.3000827,2.5000002,24.4552
115413,2020-02-03,SN00/11,12.343,5.3000827,2.5000002,24.4552
115414,2020-02-03,SU17/57,143.166,5.3000827,2.5000002,24.4552
115415,2020-02-03,NO20/14,38.672,5.3000827,2.5000002,24.4552
115416,2020-02-03,NY63/2,131.143,5.3000827,2.5000002,24.4552
115417,2020-02-03,TL44/12,37.1,5.3000827,2.5000002,24.4552
115418,2020-02-03,SJ15/13,80.141,5.3000827,2.5000002,24.4552
115419,2020-02-03,ST07/10,73.2734,5.3000827,2.5000002,24.4552
115420,2020-02-04,SU81/1,66.018,5.2855005,1.2,20.04735
115421,2020-02-04,SJ62/235,54.759,5.2855005,1.2,20.04735
115422,2020-02-04,SK00/41,130.039,5.2855005,1.2,20.04735
115423,2020-02-04,SU01/5B,97.513,5.2855005,1.2,20.04735
115424,2020-02-04,TR14/9,78.907,5.2855005,1.2,20.04735
115425,2020-02-04,SY68/34,70.879,5.2855005,1.2,20.04735
115426,2020-02-04,ID30/1,114.25,5.2855005,1.2,20.04735
115427,2020-02-04,TQ25/86,100.39,5.2855005,1.2,20.04735
115428,2020-02-04,SJ15/13,80.101,5.2855005,1.2,20.04735
115429,2020-02-04,NY63/2,131.05,5.2855005,1.2,20.04735
115430,2020-02-04,TL33/4,74.353,5.2855005,1.2,20.04735
115431,2020-02-04,TL44/12,37.15,5.2855005,1.2,20.04735
115432,2020-02-04,NH95/17,29.786,5.2855005,1.2,20.04735
115433,2020-02-04,NO20/14,38.616,5.2855005,1.2,20.04735
115434,2020-02-04,SP00/62,102.6,5.2855005,1.2,20.04735
115435,2020-02-04,SN00/11,12.331,5.2855005,1.2,20.04735
115436,2020-02-04,TL33/67,76.36,5.2855005,1.2,20.04735
115437,2020-02-04,SU71/23,56.578,5.2855005,1.2,20.04735
115438,2020-02-04,ST07/10,73.1772,5.2855005,1.2,20.04735
115439,2020-02-05,TR14/9,78.915,3.3521671,0.0,6.21576
115440,2020-02-05,SU01/5B,97.239,3.3521671,0.0,6.21576
115441,2020-02-05,TL44/12,37.2,3.3521671,0.0,6.21576
115442,2020-02-05,SY68/34,70.902,3.3521671,0.0,6.21576
115443,2020-02-05,SN00/11,12.304,3.3521671,0.0,6.21576
115444,2020-02-05,NO20/14,38.573,3.3521671,0.0,6.21576
115445,2020-02-05,ID30/1,114.23,3.3521671,0.0,6.21576
115446,2020-02-05,SU81/1,65.874,3.3521671,0.0,6.21576
115447,2020-02-05,SK00/41,130.02,3.3521671,0.0,6.21576
115448,2020-02-05,NY63/2,131.062,3.3521671,0.0,6.21576
115449,2020-02-05,SJ62/235,54.77,3.3521671,0.0,6.21576
115450,2020-02-05,SJ15/13,80.067,3.3521671,0.0,6.21576
115451,2020-02-05,SU71/23,56.53,3.3521671,0.0,6.21576
115452,2020-02-05,NH95/17,29.772,3.3521671,0.0,6.21576
115453,2020-02-05,ST07/10,72.9491,3.3521671,0.0,6.21576
115454,2020-02-06,ID30/1,114.21,4.2521667,0.0,6.505674
115455,2020-02-06,SK00/41,130.023,4.2521667,0.0,6.505674
115456,2020-02-06,SJ62/235,54.785,4.2521667,0.0,6.505674
115457,2020-02-06,SU71/23,56.512,4.2521667,0.0,6.505674
115458,2020-02-06,SY68/34,70.912,4.2521667,0.0,6.505674
115459,2020-02-06,SU01/5B,97.101,4.2521667,0.0,6.505674
115460,2020-02-06,SN00/11,12.282,4.2521667,0.0,6.505674
115461,2020-02-06,NO20/14,38.62,4.2521667,0.0,6.505674
115462,2020-02-06,SU81/1,65.791,4.2521667,0.0,6.505674
115463,2020-02-06,NY63/2,131.113,4.2521667,0.0,6.505674
115464,2020-02-06,NH95/17,29.776,4.2521667,0.0,6.505674
115465,2020-02-06,SJ15/13,80.096,4.2521667,0.0,6.505674
115466,2020-02-06,TR14/9,78.942,4.2521667,0.0,6.505674
115467,2020-02-06,TL44/12,37.27,4.2521667,0.0,6.505674
115468,2020-02-06,ST07/10,72.4565,4.2521667,0.0,6.505674
115469,2020-02-07,SU01/5B,97.109,4.706333,0.2,20.197765
115470,2020-02-07,NH95/17,29.808,4.706333,0.2,20.197765
115471,2020-02-07,SU81/1,65.748,4.706333,0.2,20.197765
115472,2020-02-07,SJ62/235,54.797,4.706333,0.2,20.197765
115473,2020-02-07,SK00/41,130.039,4.706333,0.2,20.197765
115474,2020-02-07,TR14/9,78.969,4.706333,0.2,20.197765
115475,2020-02-07,SU71/23,56.506,4.706333,0.2,20.197765
115476,2020-02-07,SY68/34,70.909,4.706333,0.2,20.197765
115477,2020-02-07,SN00/11,12.261,4.706333,0.2,20.197765
115478,2020-02-07,NO20/14,38.692,4.706333,0.2,20.197765
115479,2020-02-07,NY63/2,131.2,4.706333,0.2,20.197765
115480,2020-02-07,SJ15/13,80.156,4.706333,0.2,20.197765
115481,2020-02-07,TL44/12,37.34,4.706333,0.2,20.197765
115482,2020-02-07,ID30/1,114.2,4.706333,0.2,20.197765
115483,2020-02-07,ST07/10,72.2384,4.706333,0.2,20.197765
115484,2020-02-08,ID30/1,114.24,6.6209164,19.7,29.027649
115485,2020-02-08,NO20/14,38.74,6.6209164,19.7,29.027649
115486,2020-02-08,SU81/1,65.696,6.6209164,19.7,29.027649
115487,2020-02-08,SU71/23,56.472,6.6209164,19.7,29.027649
115488,2020-02-08,NH95/17,29.849,6.6209164,19.7,29.027649
115489,2020-02-08,TL44/12,37.39,6.6209164,19.7,29.027649
115490,2020-02-08,SY68/34,70.892,6.6209164,19.7,29.027649
115491,2020-02-08,TR14/9,79.032,6.6209164,19.7,29.027649
115492,2020-02-08,SJ15/13,80.181,6.6209164,19.7,29.027649
115493,2020-02-08,SK00/41,130.054,6.6209164,19.7,29.027649
115494,2020-02-08,NY63/2,131.253,6.6209164,19.7,29.027649
115495,2020-02-08,SJ62/235,54.808,6.6209164,19.7,29.027649
115496,2020-02-08,SU01/5B,97.13,6.6209164,19.7,29.027649
115497,2020-02-08,SN00/11,12.236,6.6209164,19.7,29.027649
115498,2020-02-08,ST07/10,71.3399,6.6209164,19.7,29.027649
115499,2020-02-09,SU71/23,56.461,8.464667,42.8,31.658926
115500,2020-02-09,NH95/17,29.878,8.464667,42.8,31.658926
115501,2020-02-09,SN00/11,12.2,8.464667,42.8,31.658926
115502,2020-02-09,SJ15/13,80.317,8.464667,42.8,31.658926
115503,2020-02-09,TL44/12,37.47,8.464667,42.8,31.658926
115504,2020-02-09,SU81/1,65.668,8.464667,42.8,31.658926
115505,2020-02-09,SU01/5B,97.142,8.464667,42.8,31.658926
115506,2020-02-09,NO20/14,38.915,8.464667,42.8,31.658926
115507,2020-02-09,SY68/34,70.909,8.464667,42.8,31.658926
115508,2020-02-09,TR14/9,79.057,8.464667,42.8,31.658926
115509,2020-02-09,SK00/41,130.085,8.464667,42.8,31.658926
115510,2020-02-09,ID30/1,115.63,8.464667,42.8,31.658926
115511,2020-02-09,NY63/2,131.421,8.464667,42.8,31.658926
115512,2020-02-09,SJ62/235,54.811,8.464667,42.8,31.658926
115513,2020-02-09,ST07/10,71.0633,8.464667,42.8,31.658926
115514,2020-02-10,SN00/11,12.178,3.7480001,8.2,29.344067
115515,2020-02-10,TL44/12,37.55,3.7480001,8.2,29.344067
115516,2020-02-10,NO20/14,38.954,3.7480001,8.2,29.344067
115517,2020-02-10,SY68/34,70.887,3.7480001,8.2,29.344067
115518,2020-02-10,TR14/9,79.06,3.7480001,8.2,29.344067
115519,2020-02-10,SU71/23,56.415,3.7480001,8.2,29.344067
115520,2020-02-10,ID30/1,115.81,3.7480001,8.2,29.344067
115521,2020-02-10,SU01/5B,97.064,3.7480001,8.2,29.344067
115522,2020-02-10,NY63/2,131.384,3.7480001,8.2,29.344067
115523,2020-02-10,SK00/41,130.09,3.7480001,8.2,29.344067
115524,2020-02-10,SJ15/13,80.445,3.7480001,8.2,29.344067
115525,2020-02-10,SJ62/235,54.808,3.7480001,8.2,29.344067
115526,2020-02-10,SU81/1,65.616,3.7480001,8.2,29.344067
115527,2020-02-10,NH95/17,29.867,3.7480001,8.2,29.344067
115528,2020-02-10,SU17/57,142.49,3.7480001,8.2,29.344067
115529,2020-02-10,ST07/10,70.4167,3.7480001,8.2,29.344067
115530,2020-02-11,SJ15/13,80.448,2.731333,8.500001,33.33237
115531,2020-02-11,NH95/17,29.885,2.731333,8.500001,33.33237
115532,2020-02-11,TQ25/86,102.3,2.731333,8.500001,33.33237
115533,2020-02-11,TL44/12,37.59,2.731333,8.500001,33.33237
115534,2020-02-11,NO20/14,38.962,2.731333,8.500001,33.33237
115535,2020-02-11,TR14/9,79.064,2.731333,8.500001,33.33237
115536,2020-02-11,SU81/1,65.518,2.731333,8.500001,33.33237
115537,2020-02-11,TL33/67,76.69,2.731333,8.500001,33.33237
115538,2020-02-11,SJ62/235,54.809,2.731333,8.500001,33.33237
115539,2020-02-11,SU01/5B,96.897,2.731333,8.500001,33.33237
115540,2020-02-11,ID30/1,116.72,2.731333,8.500001,33.33237
115541,2020-02-11,SU71/23,56.35,2.731333,8.500001,33.33237
115542,2020-02-11,NY63/2,131.341,2.731333,8.500001,33.33237
115543,2020-02-11,SP00/62,102.62,2.731333,8.500001,33.33237
115544,2020-02-11,SY68/34,70.848,2.731333,8.500001,33.33237
115545,2020-02-11,SN00/11,12.124,2.731333,8.500001,33.33237
115546,2020-02-11,SK00/41,130.083,2.731333,8.500001,33.33237
115547,2020-02-11,ST07/10,69.9647,2.731333,8.500001,33.33237
115548,2020-02-12,NY63/2,131.346,1.7250834,2.9,21.03613
115549,2020-02-12,SU71/23,56.332,1.7250834,2.9,21.03613
115550,2020-02-12,SY68/34,70.837,1.7250834,2.9,21.03613
115551,2020-02-12,TL44/12,37.64,1.7250834,2.9,21.03613
115552,2020-02-12,TR14/9,79.164,1.7250834,2.9,21.03613
115553,2020-02-12,SU81/1,65.421,1.7250834,2.9,21.03613
115554,2020-02-12,NH95/17,29.925,1.7250834,2.9,21.03613
115555,2020-02-12,SK00/41,130.079,1.7250834,2.9,21.03613
115556,2020-02-12,SN00/11,12.075,1.7250834,2.9,21.03613
115557,2020-02-12,NO20/14,38.954,1.7250834,2.9,21.03613
115558,2020-02-12,ID30/1,116.88,1.7250834,2.9,21.03613
115559,2020-02-12,SU01/5B,96.706,1.7250834,2.9,21.03613
115560,2020-02-12,SJ62/235,54.83,1.7250834,2.9,21.03613
115561,2020-02-12,SJ15/13,80.41,1.7250834,2.9,21.03613
115562,2020-02-12,ST07/10,69.5896,1.7250834,2.9,21.03613
115563,2020-02-13,SU01/5B,96.564,2.9938333,8.1,13.010273
115564,2020-02-13,SJ15/13,80.453,2.9938333,8.1,13.010273
115565,2020-02-13,NY63/2,131.361,2.9938333,8.1,13.010273
115566,2020-02-13,ID30/1,117.82,2.9938333,8.1,13.010273
115567,2020-02-13,SU81/1,65.397,2.9938333,8.1,13.010273
115568,2020-02-13,TR14/9,79.203,2.9938333,8.1,13.010273
115569,2020-02-13,SJ62/235,54.814,2.9938333,8.1,13.010273
115570,2020-02-13,TL33/4,74.652,2.9938333,8.1,13.010273
115571,2020-02-13,SY68/34,70.848,2.9938333,8.1,13.010273
115572,2020-02-13,TL44/12,37.68,2.9938333,8.1,13.010273
115573,2020-02-13,SU71/23,56.408,2.9938333,8.1,13.010273
115574,2020-02-13,SN00/11,12.062,2.9938333,8.1,13.010273
115575,2020-02-13,NO20/14,38.978,2.9938333,8.1,13.010273
115576,2020-02-13,NH95/17,29.94,2.9938333,8.1,13.010273
115577,2020-02-13,SK00/41,130.093,2.9938333,8.1,13.010273
115578,2020-02-13,ST07/10,69.4664,2.9938333,8.1,13.010273
115579,2020-02-14,SU71/23,56.553,5.0125833,4.4,18.238111
115580,2020-02-14,SJ62/235,54.826,5.0125833,4.4,18.238111
115581,2020-02-14,NO20/14,38.98,5.0125833,4.4,18.238111
115582,2020-02-14,ID30/1,117.85,5.0125833,4.4,18.238111
115583,2020-02-14,NH95/17,29.95,5.0125833,4.4,18.238111
115584,2020-02-14,SU01/5B,96.524,5.0125833,4.4,18.238111
115585,2020-02-14,TV59/7C,4.06,5.0125833,4.4,18.238111
115586,2020-02-14,SK00/41,130.083,5.0125833,4.4,18.238111
115587,2020-02-14,NY63/2,131.35,5.0125833,4.4,18.238111
115588,2020-02-14,TR14/9,79.329,5.0125833,4.4,18.238111
115589,2020-02-14,SJ15/13,80.42,5.0125833,4.4,18.238111
115590,2020-02-14,SN00/11,12.084,5.0125833,4.4,18.238111
115591,2020-02-14,SY68/34,70.826,5.0125833,4.4,18.238111
115592,2020-02-14,SU81/1,65.465,5.0125833,4.4,18.238111
115593,2020-02-14,TL44/12,37.72,5.0125833,4.4,18.238111
115594,2020-02-14,ST07/10,69.2977,5.0125833,4.4,18.238111
115595,2020-02-15,SU81/1,65.474,7.7146664,26.1,25.889555
115596,2020-02-15,SJ62/235,54.856,7.7146664,26.1,25.889555
115597,2020-02-15,NO20/14,39.051,7.7146664,26.1,25.889555
115598,2020-02-15,SN00/11,12.13,7.7146664,26.1,25.889555
115599,2020-02-15,NH95/17,29.96,7.7146664,26.1,25.889555
115600,2020-02-15,TL44/12,37.79,7.7146664,26.1,25.889555
115601,2020-02-15,TR14/9,79.55,7.7146664,26.1,25.889555
115602,2020-02-15,SY68/34,70.922,7.7146664,26.1,25.889555
115603,2020-02-15,SU01/5B,96.991,7.7146664,26.1,25.889555
115604,2020-02-15,NY63/2,131.516,7.7146664,26.1,25.889555
115605,2020-02-15,SU71/23,56.887,7.7146664,26.1,25.889555
115606,2020-02-15,ID30/1,117.98,7.7146664,26.1,25.889555
115607,2020-02-15,SJ15/13,80.467,7.7146664,26.1,25.889555
115608,2020-02-15,ST07/10,69.7588,7.7146664,26.1,25.889555
115609,2020-02-16,SJ15/13,80.609,6.400084,13.800001,30.339321
115610,2020-02-16,TR14/9,79.766,6.400084,13.800001,30.339321
115611,2020-02-16,SJ62/235,54.855,6.400084,13.800001,30.339321
115612,2020-02-16,SU01/5B,99.806,6.400084,13.800001,30.339321
115613,2020-02-16,SY68/34,71.083,6.400084,13.800001,30.339321
115614,2020-02-16,NO20/14,39.136,6.400084,13.800001,30.339321
115615,2020-02-16,NH95/17,29.966,6.400084,13.800001,30.339321
115616,2020-02-16,SU71/23,58.138,6.400084,13.800001,30.339321
115617,2020-02-16,NY63/2,131.568,6.400084,13.800001,30.339321
115618,2020-02-16,SN00/11,12.322,6.400084,13.800001,30.339321
115619,2020-02-16,SU81/1,66.827,6.400084,13.800001,30.339321
115620,2020-02-16,ID30/1,118.08,6.400084,13.800001,30.339321
115621,2020-02-16,TL44/12,37.88,6.400084,13.800001,30.339321
115622,2020-02-16,ST07/10,70.6587,6.400084,13.800001,30.339321
115623,2020-02-17,SJ15/13,80.624,5.4938335,1.7000002,26.794348
115624,2020-02-17,TL44/12,37.96,5.4938335,1.7000002,26.794348
115625,2020-02-17,SN00/11,13.344,5.4938335,1.7000002,26.794348
115626,2020-02-17,SJ62/235,54.857,5.4938335,1.7000002,26.794348
115627,2020-02-17,SU71/23,60.763,5.4938335,1.7000002,26.794348
115628,2020-02-17,SU81/1,69.415,5.4938335,1.7000002,26.794348
115629,2020-02-17,NH95/17,29.977,5.4938335,1.7000002,26.794348
115630,2020-02-17,ID30/1,117.83,5.4938335,1.7000002,26.794348
115631,2020-02-17,NO20/14,39.08,5.4938335,1.7000002,26.794348
115632,2020-02-17,SY68/34,71.192,5.4938335,1.7000002,26.794348
115633,2020-02-17,TR14/9,80.039,5.4938335,1.7000002,26.794348
115634,2020-02-17,NY63/2,131.5,5.4938335,1.7000002,26.794348
115635,2020-02-17,SU17/57,142.548,5.4938335,1.7000002,26.794348
115636,2020-02-17,SU01/5B,103.69,5.4938335,1.7000002,26.794348
115637,2020-02-17,ST07/10,78.1193,5.4938335,1.7000002,26.794348
115638,2020-02-18,TL33/4,75.093,4.1188335,5.6,21.79619
115639,2020-02-18,SJ15/13,80.575,4.1188335,5.6,21.79619
115640,2020-02-18,ID30/1,117.35,4.1188335,5.6,21.79619
115641,2020-02-18,SN00/11,13.46,4.1188335,5.6,21.79619
115642,2020-02-18,SJ62/235,54.872,4.1188335,5.6,21.79619
115643,2020-02-18,NY63/2,131.497,4.1188335,5.6,21.79619
115644,2020-02-18,TR14/9,80.314,4.1188335,5.6,21.79619
115645,2020-02-18,SU71/23,61.886,4.1188335,5.6,21.79619
115646,2020-02-18,TL44/12,38.07,4.1188335,5.6,21.79619
115647,2020-02-18,SU01/5B,105.642,4.1188335,5.6,21.79619
115648,2020-02-18,SY68/34,71.209,4.1188335,5.6,21.79619
115649,2020-02-18,SP00/62,103.3,4.1188335,5.6,21.79619
115650,2020-02-18,NH95/17,29.983,4.1188335,5.6,21.79619
115651,2020-02-18,NO20/14,39.048,4.1188335,5.6,21.79619
115652,2020-02-18,TL33/67,77.33,4.1188335,5.6,21.79619
115653,2020-02-18,TQ25/86,103.13,4.1188335,5.6,21.79619
115654,2020-02-18,SU81/1,71.007,4.1188335,5.6,21.79619
115655,2020-02-18,ST07/10,79.1315,4.1188335,5.6,21.79619
115656,2020-02-19,SU01/5B,106.573,5.0355,13.4,18.011452
115657,2020-02-19,NO20/14,39.062,5.0355,13.4,18.011452
115658,2020-02-19,SJ15/13,80.551,5.0355,13.4,18.011452
115659,2020-02-19,ID30/1,117.35,5.0355,13.4,18.011452
115660,2020-02-19,SN00/11,13.393,5.0355,13.4,18.011452
115661,2020-02-19,SK00/41,131.04,5.0355,13.4,18.011452
115662,2020-02-19,NH95/17,29.984,5.0355,13.4,18.011452
115663,2020-02-19,TR14/9,80.569,5.0355,13.4,18.011452
115664,2020-02-19,SU71/23,62.405,5.0355,13.4,18.011452
115665,2020-02-19,SY68/34,71.193,5.0355,13.4,18.011452
115666,2020-02-19,SJ62/235,54.892,5.0355,13.4,18.011452
115667,2020-02-19,TL44/12,38.26,5.0355,13.4,18.011452
115668,2020-02-19,TM15/112,25.29,5.0355,13.4,18.011452
115669,2020-02-19,SU81/1,72.003,5.0355,13.4,18.011452
115670,2020-02-19,NY63/2,131.547,5.0355,13.4,18.011452
115671,2020-02-19,ST07/10,79.1466,5.0355,13.4,18.011452
115672,2020-02-20,TL44/12,38.51,5.5521665,22.800003,21.882217
115673,2020-02-20,SN00/11,13.305,5.5521665,22.800003,21.882217
115674,2020-02-20,NY63/2,131.566,5.5521665,22.800003,21.882217
115675,2020-02-20,NH95/17,29.979,5.5521665,22.800003,21.882217
115676,2020-02-20,ID30/1,117.77,5.5521665,22.800003,21.882217
115677,2020-02-20,SK00/41,130.97,5.5521665,22.800003,21.882217
115678,2020-02-20,SU71/23,62.651,5.5521665,22.800003,21.882217
115679,2020-02-20,SU01/5B,106.74,5.5521665,22.800003,21.882217
115680,2020-02-20,SY68/34,71.167,5.5521665,22.800003,21.882217
115681,2020-02-20,TR14/9,80.762,5.5521665,22.800003,21.882217
115682,2020-02-20,SJ15/13,80.564,5.5521665,22.800003,21.882217
115683,2020-02-20,SJ62/235,54.883,5.5521665,22.800003,21.882217
115684,2020-02-20,SU81/1,72.629,5.5521665,22.800003,21.882217
115685,2020-02-20,NO20/14,39.101,5.5521665,22.800003,21.882217
115686,2020-02-20,ST07/10,78.6735,5.5521665,22.800003,21.882217
115687,2020-02-21,SY68/34,71.134,6.9875827,17.699999,25.910275
115688,2020-02-21,ID30/1,117.89,6.9875827,17.699999,25.910275
115689,2020-02-21,TL44/12,38.7,6.9875827,17.699999,25.910275
115690,2020-02-21,SJ62/235,54.905,6.9875827,17.699999,25.910275
115691,2020-02-21,NY63/2,131.613,6.9875827,17.699999,25.910275
115692,2020-02-21,TR14/9,80.958,6.9875827,17.699999,25.910275
115693,2020-02-21,SU71/23,62.732,6.9875827,17.699999,25.910275
115694,2020-02-21,SN00/11,13.198,6.9875827,17.699999,25.910275
115695,2020-02-21,NH95/17,29.977,6.9875827,17.699999,25.910275
115696,2020-02-21,SK00/41,130.854,6.9875827,17.699999,25.910275
115697,2020-02-21,SU01/5B,106.465,6.9875827,17.699999,25.910275
115698,2020-02-21,SJ15/13,80.542,6.9875827,17.699999,25.910275
115699,2020-02-21,SU81/1,72.986,6.9875827,17.699999,25.910275
115700,2020-02-21,NO20/14,39.1,6.9875827,17.699999,25.910275
115701,2020-02-21,ST07/10,78.0989,6.9875827,17.699999,25.910275
115702,2020-02-22,SY68/34,71.108,5.9063325,9.6,27.269459
115703,2020-02-22,NY63/2,131.654,5.9063325,9.6,27.269459
115704,2020-02-22,SK00/41,130.935,5.9063325,9.6,27.269459
115705,2020-02-22,SU81/1,73.171,5.9063325,9.6,27.269459
115706,2020-02-22,NH95/17,29.979,5.9063325,9.6,27.269459
115707,2020-02-22,SU71/23,62.731,5.9063325,9.6,27.269459
115708,2020-02-22,SU01/5B,105.949,5.9063325,9.6,27.269459
115709,2020-02-22,NO20/14,39.222,5.9063325,9.6,27.269459
115710,2020-02-22,SJ62/235,54.907,5.9063325,9.6,27.269459
115711,2020-02-22,TR14/9,81.142,5.9063325,9.6,27.269459
115712,2020-02-22,SN00/11,13.112,5.9063325,9.6,27.269459
115713,2020-02-22,TL44/12,38.87,5.9063325,9.6,27.269459
115714,2020-02-22,SJ15/13,80.568,5.9063325,9.6,27.269459
115715,2020-02-22,ID30/1,117.8,5.9063325,9.6,27.269459
115716,2020-02-22,ST07/10,77.5721,5.9063325,9.6,27.269459
115717,2020-02-23,NY63/2,131.679,4.2834163,13.900001,16.017591
115718,2020-02-23,ID30/1,117.79,4.2834163,13.900001,16.017591
115719,2020-02-23,SY68/34,71.086,4.2834163,13.900001,16.017591
115720,2020-02-23,SN00/11,13.045,4.2834163,13.900001,16.017591
115721,2020-02-23,SU81/1,73.226,4.2834163,13.900001,16.017591
115722,2020-02-23,NH95/17,29.989,4.2834163,13.900001,16.017591
115723,2020-02-23,SJ15/13,80.629,4.2834163,13.900001,16.017591
115724,2020-02-23,SU01/5B,105.327,4.2834163,13.900001,16.017591
115725,2020-02-23,TL44/12,39.02,4.2834163,13.900001,16.017591
115726,2020-02-23,NO20/14,39.248,4.2834163,13.900001,16.017591
115727,2020-02-23,SK00/41,131.147,4.2834163,13.900001,16.017591
115728,2020-02-23,SU71/23,62.672,4.2834163,13.900001,16.017591
115729,2020-02-23,SJ62/235,54.912,4.2834163,13.900001,16.017591
115730,2020-02-23,TR14/9,81.331,4.2834163,13.900001,16.017591
115731,2020-02-23,ST07/10,77.088,4.2834163,13.900001,16.017591
115732,2020-02-24,SU71/23,62.608,4.0209165,15.400001,22.151684
115733,2020-02-24,TR14/9,81.521,4.0209165,15.400001,22.151684
115734,2020-02-24,SN00/11,12.999,4.0209165,15.400001,22.151684
115735,2020-02-24,SK00/41,131.246,4.0209165,15.400001,22.151684
115736,2020-02-24,SE95/6,29.58,4.0209165,15.400001,22.151684
115737,2020-02-24,SJ15/13,80.726,4.0209165,15.400001,22.151684
115738,2020-02-24,SU81/1,73.228,4.0209165,15.400001,22.151684
115739,2020-02-24,NH95/17,29.986,4.0209165,15.400001,22.151684
115740,2020-02-24,NY63/2,131.824,4.0209165,15.400001,22.151684
115741,2020-02-24,SU17/57,143.407,4.0209165,15.400001,22.151684
115742,2020-02-24,ID30/1,118.15,4.0209165,15.400001,22.151684
115743,2020-02-24,SU01/5B,104.711,4.0209165,15.400001,22.151684
115744,2020-02-24,SY68/34,71.078,4.0209165,15.400001,22.151684
115745,2020-02-24,TL44/12,39.18,4.0209165,15.400001,22.151684
115746,2020-02-24,SE94/5,22.36,4.0209165,15.400001,22.151684
115747,2020-02-24,NO20/14,39.271,4.0209165,15.400001,22.151684
115748,2020-02-24,SJ62/235,54.944,4.0209165,15.400001,22.151684
115749,2020-02-24,ST07/10,78.3655,4.0209165,15.400001,22.151684
115750,2020-02-25,TL44/12,39.32,2.7146666,11.4,12.685359
115751,2020-02-25,NH95/17,29.978,2.7146666,11.4,12.685359
115752,2020-02-25,NO20/14,39.314,2.7146666,11.4,12.685359
115753,2020-02-25,SU71/23,62.528,2.7146666,11.4,12.685359
115754,2020-02-25,SN00/11,13.036,2.7146666,11.4,12.685359
115755,2020-02-25,SU01/5B,104.115,2.7146666,11.4,12.685359
115756,2020-02-25,TL33/4,75.358,2.7146666,11.4,12.685359
115757,2020-02-25,SJ15/13,80.784,2.7146666,11.4,12.685359
115758,2020-02-25,TQ25/86,102.78,2.7146666,11.4,12.685359
115759,2020-02-25,SJ62/235,54.957,2.7146666,11.4,12.685359
115760,2020-02-25,SU81/1,73.171,2.7146666,11.4,12.685359
115761,2020-02-25,SK00/41,131.468,2.7146666,11.4,12.685359
115762,2020-02-25,SP00/62,103.07,2.7146666,11.4,12.685359
115763,2020-02-25,SY68/34,71.05,2.7146666,11.4,12.685359
115764,2020-02-25,ID30/1,118.35,2.7146666,11.4,12.685359
115765,2020-02-25,TR14/9,81.681,2.7146666,11.4,12.685359
115766,2020-02-25,NY63/2,131.859,2.7146666,11.4,12.685359
115767,2020-02-25,TL33/67,77.75,2.7146666,11.4,12.685359
115768,2020-02-25,ST07/10,79.5057,2.7146666,11.4,12.685359
115769,2020-02-26,SY68/34,71.039,2.12925,2.7999995,14.383854
115770,2020-02-26,TR14/9,81.836,2.12925,2.7999995,14.383854
115771,2020-02-26,SU01/5B,103.529,2.12925,2.7999995,14.383854
115772,2020-02-26,SU81/1,73.06,2.12925,2.7999995,14.383854
115773,2020-02-26,ID30/1,118.31,2.12925,2.7999995,14.383854
115774,2020-02-26,SJ62/235,54.96,2.12925,2.7999995,14.383854
115775,2020-02-26,NY63/2,131.827,2.12925,2.7999995,14.383854
115776,2020-02-26,TA10/63,21.09,2.12925,2.7999995,14.383854
115777,2020-02-26,TL44/12,39.39,2.12925,2.7999995,14.383854
115778,2020-02-26,NO20/14,39.252,2.12925,2.7999995,14.383854
115779,2020-02-26,SJ15/13,80.752,2.12925,2.7999995,14.383854
115780,2020-02-26,SK00/41,131.622,2.12925,2.7999995,14.383854
115781,2020-02-26,NH95/17,29.981,2.12925,2.7999995,14.383854
115782,2020-02-26,SU71/23,62.425,2.12925,2.7999995,14.383854
115783,2020-02-26,SN00/11,13.082,2.12925,2.7999995,14.383854
115784,2020-02-26,ST07/10,79.3178,2.12925,2.7999995,14.383854
115785,2020-02-27,SN00/11,13.073,2.17925,2.9999998,12.984096
115786,2020-02-27,TL44/12,39.45,2.17925,2.9999998,12.984096
115787,2020-02-27,NO20/14,39.2,2.17925,2.9999998,12.984096
115788,2020-02-27,NH95/17,29.982,2.17925,2.9999998,12.984096
115789,2020-02-27,SU71/23,62.36,2.17925,2.9999998,12.984096
115790,2020-02-27,SU81/1,72.971,2.17925,2.9999998,12.984096
115791,2020-02-27,SY68/34,71.05,2.17925,2.9999998,12.984096
115792,2020-02-27,NY63/2,131.803,2.17925,2.9999998,12.984096
115793,2020-02-27,SJ62/235,54.959,2.17925,2.9999998,12.984096
115794,2020-02-27,SJ15/13,80.713,2.17925,2.9999998,12.984096
115795,2020-02-27,ID30/1,117.98,2.17925,2.9999998,12.984096
115796,2020-02-27,SK00/41,131.782,2.17925,2.9999998,12.984096
115797,2020-02-27,TR14/9,81.959,2.17925,2.9999998,12.984096
115798,2020-02-27,SU01/5B,102.971,2.17925,2.9999998,12.984096
115799,2020-02-27,ST07/10,78.9967,2.17925,2.9999998,12.984096
115800,2020-02-28,SN00/11,13.036,3.8896668,7.899999,17.754494
115801,2020-02-28,SU71/23,62.476,3.8896668,7.899999,17.754494
115802,2020-02-28,SU81/1,72.999,3.8896668,7.899999,17.754494
115803,2020-02-28,TL44/12,39.53,3.8896668,7.899999,17.754494
115804,2020-02-28,ID30/1,117.71,3.8896668,7.899999,17.754494
115805,2020-02-28,NO20/14,39.178,3.8896668,7.899999,17.754494
115806,2020-02-28,SU01/5B,102.459,3.8896668,7.899999,17.754494
115807,2020-02-28,NH95/17,29.98,3.8896668,7.899999,17.754494
115808,2020-02-28,SJ15/13,80.703,3.8896668,7.899999,17.754494
115809,2020-02-28,TR14/9,82.136,3.8896668,7.899999,17.754494
115810,2020-02-28,SJ62/235,55.001,3.8896668,7.899999,17.754494
115811,2020-02-28,SY68/34,71.113,3.8896668,7.899999,17.754494
115812,2020-02-28,SK00/41,131.706,3.8896668,7.899999,17.754494
115813,2020-02-28,NY63/2,131.91,3.8896668,7.899999,17.754494
115814,2020-02-28,ST07/10,82.6737,3.8896668,7.899999,17.754494
115815,2020-02-29,NH95/17,29.966,5.4354997,17.1,25.656048
115816,2020-02-29,SJ62/235,55.006,5.4354997,17.1,25.656048
115817,2020-02-29,SE94/5,22.59,5.4354997,17.1,25.656048
115818,2020-02-29,SK00/41,131.925,5.4354997,17.1,25.656048
115819,2020-02-29,SU01/5B,102.075,5.4354997,17.1,25.656048
115820,2020-02-29,SU17/57,143.247,5.4354997,17.1,25.656048
115821,2020-02-29,TQ25/86,102.728,5.4354997,17.1,25.656048
115822,2020-02-29,SJ15/13,80.778,5.4354997,17.1,25.656048
115823,2020-02-29,SN00/11,13.381,5.4354997,17.1,25.656048
115824,2020-02-29,TF03/37,23.0,5.4354997,17.1,25.656048
115825,2020-02-29,NO20/14,39.293,5.4354997,17.1,25.656048
115826,2020-02-29,TL33/4,75.819,5.4354997,17.1,25.656048
115827,2020-02-29,SE95/6,30.424,5.4354997,17.1,25.656048
115828,2020-02-29,SY68/34,71.143,5.4354997,17.1,25.656048
115829,2020-02-29,TL33/67,78.489,5.4354997,17.1,25.656048
115830,2020-02-29,SU81/1,73.409,5.4354997,17.1,25.656048
115831,2020-02-29,TR14/9,82.254,5.4354997,17.1,25.656048
115832,2020-02-29,NY63/2,131.987,5.4354997,17.1,25.656048
115833,2020-02-29,SP00/62,103.18,5.4354997,17.1,25.656048
115834,2020-02-29,SU71/23,63.063,5.4354997,17.1,25.656048
115835,2020-03-01,NH95/17,29.969,4.2105,4.399999,26.017895
115836,2020-03-01,SJ15/13,80.7907,4.2105,4.399999,26.017895
115837,2020-03-01,SU01/5B,101.986,4.2105,4.399999,26.017895
115838,2020-03-01,ID30/1,117.7,4.2105,4.399999,26.017895
115839,2020-03-01,NO20/14,39.314,4.2105,4.399999,26.017895
115840,2020-03-01,SY68/34,71.179,4.2105,4.399999,26.017895
115841,2020-03-01,SN00/11,13.701,4.2105,4.399999,26.017895
115842,2020-03-01,TL44/12,40.91,4.2105,4.399999,26.017895
115843,2020-03-01,TR14/9,82.396,4.2105,4.399999,26.017895
115844,2020-03-01,ST07/10,88.6425,4.2105,4.399999,26.017895
115845,2020-03-01,SU71/23,63.707,4.2105,4.399999,26.017895
115846,2020-03-01,TF03/37,23.057,4.2105,4.399999,26.017895
115847,2020-03-01,SJ62/235,55.013,4.2105,4.399999,26.017895
115848,2020-03-01,TQ25/86,102.647,4.2105,4.399999,26.017895
115849,2020-03-01,SP00/62,103.193,4.2105,4.399999,26.017895
115850,2020-03-01,SK00/41,131.971,4.2105,4.399999,26.017895
115851,2020-03-01,SU17/57,143.332,4.2105,4.399999,26.017895
115852,2020-03-01,SE94/5,22.609,4.2105,4.399999,26.017895
115853,2020-03-01,NY63/2,131.929,4.2105,4.399999,26.017895
115854,2020-03-01,SE95/6,30.57,4.2105,4.399999,26.017895
115855,2020-03-01,SU81/1,73.868,4.2105,4.399999,26.017895
115856,2020-03-02,SU01/5B,102.273,2.5709164,7.2999997,10.32575
115857,2020-03-02,NH95/17,29.974,2.5709164,7.2999997,10.32575
115858,2020-03-02,SY68/34,71.178,2.5709164,7.2999997,10.32575
115859,2020-03-02,SJ15/13,80.7547,2.5709164,7.2999997,10.32575
115860,2020-03-02,ID30/1,117.42,2.5709164,7.2999997,10.32575
115861,2020-03-02,SN00/11,13.689,2.5709164,7.2999997,10.32575
115862,2020-03-02,NO20/14,39.264,2.5709164,7.2999997,10.32575
115863,2020-03-02,TF03/37,23.062,2.5709164,7.2999997,10.32575
115864,2020-03-02,SE95/6,30.702,2.5709164,7.2999997,10.32575
115865,2020-03-02,SP00/62,103.161,2.5709164,7.2999997,10.32575
115866,2020-03-02,SU71/23,64.116,2.5709164,7.2999997,10.32575
115867,2020-03-02,NY63/2,131.876,2.5709164,7.2999997,10.32575
115868,2020-03-02,SU81/1,74.186,2.5709164,7.2999997,10.32575
115869,2020-03-02,TR14/9,82.508,2.5709164,7.2999997,10.32575
115870,2020-03-02,SK00/41,131.983,2.5709164,7.2999997,10.32575
115871,2020-03-02,ST07/10,88.1052,2.5709164,7.2999997,10.32575
115872,2020-03-02,SE94/5,22.615,2.5709164,7.2999997,10.32575
115873,2020-03-02,SU17/57,143.472,2.5709164,7.2999997,10.32575
115874,2020-03-02,SJ62/235,55.012,2.5709164,7.2999997,10.32575
115875,2020-03-02,TQ25/86,102.557,2.5709164,7.2999997,10.32575
115876,2020-03-02,TF81/2A,47.25,2.5709164,7.2999997,10.32575
115877,2020-03-03,ID30/1,117.2,3.4646666,2.3,11.1267605
115878,2020-03-03,NO20/14,39.184,3.4646666,2.3,11.1267605
115879,2020-03-03,NH95/17,29.98,3.4646666,2.3,11.1267605
115880,2020-03-03,SU01/5B,102.574,3.4646666,2.3,11.1267605
115881,2020-03-03,SY68/34,71.154,3.4646666,2.3,11.1267605
115882,2020-03-03,SJ15/13,80.6855,3.4646666,2.3,11.1267605
115883,2020-03-03,SN00/11,13.573,3.4646666,2.3,11.1267605
115884,2020-03-03,ST07/10,87.3473,3.4646666,2.3,11.1267605
115885,2020-03-03,SU71/23,64.28,3.4646666,2.3,11.1267605
115886,2020-03-03,SE94/5,22.613,3.4646666,2.3,11.1267605
115887,2020-03-03,NY63/2,131.802,3.4646666,2.3,11.1267605
115888,2020-03-03,SU81/1,74.339,3.4646666,2.3,11.1267605
115889,2020-03-03,SJ62/235,55.007,3.4646666,2.3,11.1267605
115890,2020-03-03,TF03/37,23.055,3.4646666,2.3,11.1267605
115891,2020-03-03,TQ25/86,102.505,3.4646666,2.3,11.1267605
115892,2020-03-03,SU17/57,143.628,3.4646666,2.3,11.1267605
115893,2020-03-03,SE95/6,30.8,3.4646666,2.3,11.1267605
115894,2020-03-03,TR14/9,82.616,3.4646666,2.3,11.1267605
115895,2020-03-03,SP00/62,103.118,3.4646666,2.3,11.1267605
115896,2020-03-03,SK00/41,131.949,3.4646666,2.3,11.1267605
115897,2020-03-04,SY68/34,71.154,2.9729996,1.1,5.9421964
115898,2020-03-04,SJ15/13,80.6387,2.9729996,1.1,5.9421964
115899,2020-03-04,NO20/14,39.116,2.9729996,1.1,5.9421964
115900,2020-03-04,ID30/1,116.89,2.9729996,1.1,5.9421964
115901,2020-03-04,SU01/5B,102.671,2.9729996,1.1,5.9421964
115902,2020-03-04,NH95/17,29.986,2.9729996,1.1,5.9421964
115903,2020-03-04,SN00/11,13.442,2.9729996,1.1,5.9421964
115904,2020-03-04,SP00/62,103.093,2.9729996,1.1,5.9421964
115905,2020-03-04,SU71/23,64.311,2.9729996,1.1,5.9421964
115906,2020-03-04,NY63/2,131.803,2.9729996,1.1,5.9421964
115907,2020-03-04,ST07/10,86.5808,2.9729996,1.1,5.9421964
115908,2020-03-04,SJ62/235,55.026,2.9729996,1.1,5.9421964
115909,2020-03-04,SU17/57,143.623,2.9729996,1.1,5.9421964
115910,2020-03-04,SU81/1,74.393,2.9729996,1.1,5.9421964
115911,2020-03-04,SK00/41,131.844,2.9729996,1.1,5.9421964
115912,2020-03-04,TF03/37,23.109,2.9729996,1.1,5.9421964
115913,2020-03-04,TQ25/86,102.553,2.9729996,1.1,5.9421964
115914,2020-03-04,SE95/6,30.895,2.9729996,1.1,5.9421964
115915,2020-03-04,TR14/9,82.902,2.9729996,1.1,5.9421964
115916,2020-03-04,SE94/5,22.626,2.9729996,1.1,5.9421964
115917,2020-03-05,SN00/11,13.353,2.2813334,0.3,4.4252453
115918,2020-03-05,NO20/14,39.122,2.2813334,0.3,4.4252453
115919,2020-03-05,SJ15/13,80.6469,2.2813334,0.3,4.4252453
115920,2020-03-05,SY68/34,71.217,2.2813334,0.3,4.4252453
115921,2020-03-05,NH95/17,29.983,2.2813334,0.3,4.4252453
115922,2020-03-05,SU01/5B,102.6,2.2813334,0.3,4.4252453
115923,2020-03-05,ID30/1,116.58,2.2813334,0.3,4.4252453
115924,2020-03-05,SU17/57,143.6,2.2813334,0.3,4.4252453
115925,2020-03-05,SK00/41,131.858,2.2813334,0.3,4.4252453
115926,2020-03-05,TQ25/86,102.717,2.2813334,0.3,4.4252453
115927,2020-03-05,SU81/1,74.399,2.2813334,0.3,4.4252453
115928,2020-03-05,NY63/2,131.842,2.2813334,0.3,4.4252453
115929,2020-03-05,SE95/6,30.986,2.2813334,0.3,4.4252453
115930,2020-03-05,SU71/23,64.295,2.2813334,0.3,4.4252453
115931,2020-03-05,TR14/9,83.37,2.2813334,0.3,4.4252453
115932,2020-03-05,ST07/10,85.8028,2.2813334,0.3,4.4252453
115933,2020-03-05,SE94/5,22.643,2.2813334,0.3,4.4252453
115934,2020-03-05,SP00/62,103.052,2.2813334,0.3,4.4252453
115935,2020-03-05,TF03/37,23.183,2.2813334,0.3,4.4252453
115936,2020-03-05,SJ62/235,55.033,2.2813334,0.3,4.4252453
115937,2020-03-06,SU01/5B,102.415,3.6979997,1.0,8.026708
115938,2020-03-06,NO20/14,39.094,3.6979997,1.0,8.026708
115939,2020-03-06,ID30/1,116.42,3.6979997,1.0,8.026708
115940,2020-03-06,SJ15/13,80.6196,3.6979997,1.0,8.026708
115941,2020-03-06,SY68/34,71.172,3.6979997,1.0,8.026708
115942,2020-03-06,NH95/17,29.985,3.6979997,1.0,8.026708
115943,2020-03-06,NY63/2,131.793,3.6979997,1.0,8.026708
115944,2020-03-06,SU17/57,143.735,3.6979997,1.0,8.026708
115945,2020-03-06,SU71/23,64.356,3.6979997,1.0,8.026708
115946,2020-03-06,SN00/11,13.1739,3.6979997,1.0,8.026708
115947,2020-03-06,SP00/62,102.993,3.6979997,1.0,8.026708
115948,2020-03-06,SJ62/235,55.023,3.6979997,1.0,8.026708
115949,2020-03-06,SK00/41,131.848,3.6979997,1.0,8.026708
115950,2020-03-06,ST07/10,84.8953,3.6979997,1.0,8.026708
115951,2020-03-06,TF03/37,23.14,3.6979997,1.0,8.026708
115952,2020-03-06,SE95/6,31.041,3.6979997,1.0,8.026708
115953,2020-03-06,SE94/5,22.634,3.6979997,1.0,8.026708
115954,2020-03-06,TQ25/86,102.789,3.6979997,1.0,8.026708
115955,2020-03-06,TR14/9,83.8,3.6979997,1.0,8.026708
115956,2020-03-06,SU81/1,74.348,3.6979997,1.0,8.026708
115957,2020-03-07,SY68/34,71.183,6.7917504,8.2,19.998041
115958,2020-03-07,NH95/17,29.977,6.7917504,8.2,19.998041
115959,2020-03-07,ID30/1,116.19,6.7917504,8.2,19.998041
115960,2020-03-07,SJ15/13,80.5975,6.7917504,8.2,19.998041
115961,2020-03-07,NO20/14,39.093,6.7917504,8.2,19.998041
115962,2020-03-07,SU01/5B,102.274,6.7917504,8.2,19.998041
115963,2020-03-07,TQ25/86,102.868,6.7917504,8.2,19.998041
115964,2020-03-07,TR14/9,84.187,6.7917504,8.2,19.998041
115965,2020-03-07,TF03/37,23.179,6.7917504,8.2,19.998041
115966,2020-03-07,SK00/41,131.782,6.7917504,8.2,19.998041
115967,2020-03-07,SJ62/235,55.046,6.7917504,8.2,19.998041
115968,2020-03-07,SN00/11,13.0973,6.7917504,8.2,19.998041
115969,2020-03-07,ST07/10,83.913,6.7917504,8.2,19.998041
115970,2020-03-07,SE94/5,22.645,6.7917504,8.2,19.998041
115971,2020-03-07,SP00/62,102.969,6.7917504,8.2,19.998041
115972,2020-03-07,SU17/57,143.721,6.7917504,8.2,19.998041
115973,2020-03-07,SE95/6,31.106,6.7917504,8.2,19.998041
115974,2020-03-07,NY63/2,131.839,6.7917504,8.2,19.998041
115975,2020-03-07,SU71/23,64.477,6.7917504,8.2,19.998041
115976,2020-03-07,SU81/1,74.356,6.7917504,8.2,19.998041
115977,2020-03-08,SJ15/13,80.6227,6.6646667,15.299999,18.269962
115978,2020-03-08,NH95/17,29.973,6.6646667,15.299999,18.269962
115979,2020-03-08,SU01/5B,102.283,6.6646667,15.299999,18.269962
115980,2020-03-08,NO20/14,39.11,6.6646667,15.299999,18.269962
115981,2020-03-08,SY68/34,71.182,6.6646667,15.299999,18.269962
115982,2020-03-08,ID30/1,116.01,6.6646667,15.299999,18.269962
115983,2020-03-08,NY63/2,131.845,6.6646667,15.299999,18.269962
115984,2020-03-08,SN00/11,13.0403,6.6646667,15.299999,18.269962
115985,2020-03-08,TQ25/86,102.932,6.6646667,15.299999,18.269962
115986,2020-03-08,SE95/6,31.11,6.6646667,15.299999,18.269962
115987,2020-03-08,SE94/5,22.632,6.6646667,15.299999,18.269962
115988,2020-03-08,SU17/57,143.678,6.6646667,15.299999,18.269962
115989,2020-03-08,SK00/41,131.8,6.6646667,15.299999,18.269962
115990,2020-03-08,TR14/9,84.491,6.6646667,15.299999,18.269962
115991,2020-03-08,ST07/10,82.9105,6.6646667,15.299999,18.269962
115992,2020-03-08,SP00/62,102.932,6.6646667,15.299999,18.269962
115993,2020-03-08,SU71/23,64.547,6.6646667,15.299999,18.269962
115994,2020-03-08,TF03/37,23.16,6.6646667,15.299999,18.269962
115995,2020-03-08,SJ62/235,55.045,6.6646667,15.299999,18.269962
115996,2020-03-08,SU81/1,74.344,6.6646667,15.299999,18.269962
115997,2020-03-09,NH95/17,29.977,6.081333,13.300001,18.498325
115998,2020-03-09,SJ15/13,80.6045,6.081333,13.300001,18.498325
115999,2020-03-09,ID30/1,115.87,6.081333,13.300001,18.498325
116000,2020-03-09,SU01/5B,102.3,6.081333,13.300001,18.498325
116001,2020-03-09,SY68/34,71.163,6.081333,13.300001,18.498325
116002,2020-03-09,NO20/14,39.066,6.081333,13.300001,18.498325
116003,2020-03-09,ST07/10,82.4506,6.081333,13.300001,18.498325
116004,2020-03-09,SE95/6,31.098,6.081333,13.300001,18.498325
116005,2020-03-09,SU71/23,64.513,6.081333,13.300001,18.498325
116006,2020-03-09,TF03/37,23.159,6.081333,13.300001,18.498325
116007,2020-03-09,SJ62/235,55.059,6.081333,13.300001,18.498325
116008,2020-03-09,SU17/57,143.673,6.081333,13.300001,18.498325
116009,2020-03-09,SN00/11,13.0068,6.081333,13.300001,18.498325
116010,2020-03-09,SE94/5,22.649,6.081333,13.300001,18.498325
116011,2020-03-09,SP00/62,102.909,6.081333,13.300001,18.498325
116012,2020-03-09,TQ25/86,102.992,6.081333,13.300001,18.498325
116013,2020-03-09,SU81/1,74.269,6.081333,13.300001,18.498325
116014,2020-03-09,NY63/2,131.85,6.081333,13.300001,18.498325
116015,2020-03-09,TR14/9,84.764,6.081333,13.300001,18.498325
116016,2020-03-09,SK00/41,131.763,6.081333,13.300001,18.498325
116017,2020-03-10,NH95/17,29.972,8.527168,8.0,20.125698
116018,2020-03-10,SU01/5B,102.209,8.527168,8.0,20.125698
116019,2020-03-10,TL33/67,79.017,8.527168,8.0,20.125698
116020,2020-03-10,SJ15/13,80.6197,8.527168,8.0,20.125698
116021,2020-03-10,TL33/4,76.247,8.527168,8.0,20.125698
116022,2020-03-10,NO20/14,39.091,8.527168,8.0,20.125698
116023,2020-03-10,SY68/34,71.137,8.527168,8.0,20.125698
116024,2020-03-10,ID30/1,115.84,8.527168,8.0,20.125698
116025,2020-03-10,SE94/5,22.649,8.527168,8.0,20.125698
116026,2020-03-10,NY63/2,131.853,8.527168,8.0,20.125698
116027,2020-03-10,SP00/62,102.925,8.527168,8.0,20.125698
116028,2020-03-10,SU81/1,74.15,8.527168,8.0,20.125698
116029,2020-03-10,SJ62/235,55.06,8.527168,8.0,20.125698
116030,2020-03-10,TQ25/86,103.023,8.527168,8.0,20.125698
116031,2020-03-10,ST07/10,86.166,8.527168,8.0,20.125698
116032,2020-03-10,SK00/41,131.752,8.527168,8.0,20.125698
116033,2020-03-10,SU71/23,64.413,8.527168,8.0,20.125698
116034,2020-03-10,TR14/9,84.996,8.527168,8.0,20.125698
116035,2020-03-10,SE95/6,31.043,8.527168,8.0,20.125698
116036,2020-03-10,SN00/11,12.9853,8.527168,8.0,20.125698
116037,2020-03-10,TF03/37,23.06,8.527168,8.0,20.125698
116038,2020-03-10,SU17/57,143.664,8.527168,8.0,20.125698
116039,2020-03-11,SY68/34,71.112,5.9709167,14.4,20.073187
116040,2020-03-11,SJ15/13,80.6087,5.9709167,14.4,20.073187
116041,2020-03-11,ID30/1,115.67,5.9709167,14.4,20.073187
116042,2020-03-11,NH95/17,29.974,5.9709167,14.4,20.073187
116043,2020-03-11,NO20/14,39.058,5.9709167,14.4,20.073187
116044,2020-03-11,SU01/5B,101.976,5.9709167,14.4,20.073187
116045,2020-03-11,SN00/11,12.966,5.9709167,14.4,20.073187
116046,2020-03-11,TF03/37,22.994,5.9709167,14.4,20.073187
116047,2020-03-11,SU81/1,73.972,5.9709167,14.4,20.073187
116048,2020-03-11,SJ62/235,55.07,5.9709167,14.4,20.073187
116049,2020-03-11,SU17/57,143.648,5.9709167,14.4,20.073187
116050,2020-03-11,SU71/23,64.239,5.9709167,14.4,20.073187
116051,2020-03-11,SE95/6,30.968,5.9709167,14.4,20.073187
116052,2020-03-11,ST07/10,86.9487,5.9709167,14.4,20.073187
116053,2020-03-11,SK00/41,131.733,5.9709167,14.4,20.073187
116054,2020-03-11,NY63/2,131.87,5.9709167,14.4,20.073187
116055,2020-03-11,TQ25/86,103.023,5.9709167,14.4,20.073187
116056,2020-03-11,SE94/5,22.648,5.9709167,14.4,20.073187
116057,2020-03-11,SP00/62,102.937,5.9709167,14.4,20.073187
116058,2020-03-11,TR14/9,85.218,5.9709167,14.4,20.073187
116059,2020-03-12,SY68/34,71.086,3.9896662,6.599999,27.984566
116060,2020-03-12,SJ15/13,80.6074,3.9896662,6.599999,27.984566
116061,2020-03-12,NH95/17,29.968,3.9896662,6.599999,27.984566
116062,2020-03-12,NO20/14,39.068,3.9896662,6.599999,27.984566
116063,2020-03-12,ID30/1,115.56,3.9896662,6.599999,27.984566
116064,2020-03-12,SU01/5B,101.638,3.9896662,6.599999,27.984566
116065,2020-03-12,ST07/10,86.5401,3.9896662,6.599999,27.984566
116066,2020-03-12,SE94/5,22.646,3.9896662,6.599999,27.984566
116067,2020-03-12,NY63/2,131.862,3.9896662,6.599999,27.984566
116068,2020-03-12,SN00/11,12.9217,3.9896662,6.599999,27.984566
116069,2020-03-12,SU81/1,73.758,3.9896662,6.599999,27.984566
116070,2020-03-12,TF03/37,22.864,3.9896662,6.599999,27.984566
116071,2020-03-12,SJ62/235,55.068,3.9896662,6.599999,27.984566
116072,2020-03-12,TQ25/86,102.993,3.9896662,6.599999,27.984566
116073,2020-03-12,SP00/62,102.925,3.9896662,6.599999,27.984566
116074,2020-03-12,SE95/6,30.851,3.9896662,6.599999,27.984566
116075,2020-03-12,SU71/23,64.013,3.9896662,6.599999,27.984566
116076,2020-03-12,SU17/57,143.682,3.9896662,6.599999,27.984566
116077,2020-03-12,SK00/41,131.704,3.9896662,6.599999,27.984566
116078,2020-03-12,TR14/9,85.393,3.9896662,6.599999,27.984566
116079,2020-03-13,ID30/1,115.51,4.318833,4.2,14.182178
116080,2020-03-13,SY68/34,71.074,4.318833,4.2,14.182178
116081,2020-03-13,SU01/5B,101.249,4.318833,4.2,14.182178
116082,2020-03-13,NH95/17,29.932,4.318833,4.2,14.182178
116083,2020-03-13,SJ15/13,80.5783,4.318833,4.2,14.182178
116084,2020-03-13,NO20/14,38.992,4.318833,4.2,14.182178
116085,2020-03-13,SN00/11,12.871,4.318833,4.2,14.182178
116086,2020-03-13,SE95/6,30.699,4.318833,4.2,14.182178
116087,2020-03-13,TQ25/86,102.961,4.318833,4.2,14.182178
116088,2020-03-13,ST07/10,85.8853,4.318833,4.2,14.182178
116089,2020-03-13,SK00/41,131.661,4.318833,4.2,14.182178
116090,2020-03-13,SU81/1,73.512,4.318833,4.2,14.182178
116091,2020-03-13,SJ62/235,55.071,4.318833,4.2,14.182178
116092,2020-03-13,NY63/2,131.816,4.318833,4.2,14.182178
116093,2020-03-13,SE94/5,22.626,4.318833,4.2,14.182178
116094,2020-03-13,SP00/62,102.9,4.318833,4.2,14.182178
116095,2020-03-13,SU71/23,63.758,4.318833,4.2,14.182178
116096,2020-03-13,TF03/37,22.708,4.318833,4.2,14.182178
116097,2020-03-13,SU17/57,143.709,4.318833,4.2,14.182178
116098,2020-03-13,TR14/9,85.556,4.318833,4.2,14.182178
116099,2020-03-13,TL44/12,41.22,4.318833,4.2,14.182178
116100,2020-03-14,ID30/1,115.57,6.693834,4.2000003,22.145533
116101,2020-03-14,NO20/14,39.046,6.693834,4.2000003,22.145533
116102,2020-03-14,SJ15/13,80.6023,6.693834,4.2000003,22.145533
116103,2020-03-14,SU01/5B,100.904,6.693834,4.2000003,22.145533
116104,2020-03-14,SY68/34,71.06,6.693834,4.2000003,22.145533
116105,2020-03-14,NH95/17,29.956,6.693834,4.2000003,22.145533
116106,2020-03-14,SU81/1,73.276,6.693834,4.2000003,22.145533
116107,2020-03-14,SU71/23,63.509,6.693834,4.2000003,22.145533
116108,2020-03-14,TR14/9,85.739,6.693834,4.2000003,22.145533
116109,2020-03-14,ST07/10,85.092,6.693834,4.2000003,22.145533
116110,2020-03-14,SN00/11,12.8345,6.693834,4.2000003,22.145533
116111,2020-03-14,SP00/62,102.876,6.693834,4.2000003,22.145533
116112,2020-03-14,SK00/41,131.643,6.693834,4.2000003,22.145533
116113,2020-03-14,TF03/37,22.666,6.693834,4.2000003,22.145533
116114,2020-03-14,TQ25/86,102.905,6.693834,4.2000003,22.145533
116115,2020-03-14,NY63/2,131.908,6.693834,4.2000003,22.145533
116116,2020-03-14,SJ62/235,55.092,6.693834,4.2000003,22.145533
116117,2020-03-14,SE95/6,30.576,6.693834,4.2000003,22.145533
116118,2020-03-14,SE94/5,22.633,6.693834,4.2000003,22.145533
116119,2020-03-14,SU17/57,143.643,6.693834,4.2000003,22.145533
116120,2020-03-15,ID30/1,115.6,7.110501,2.6999998,21.94891
116121,2020-03-15,NO20/14,39.078,7.110501,2.6999998,21.94891
116122,2020-03-15,SJ15/13,80.6306,7.110501,2.6999998,21.94891
116123,2020-03-15,SU01/5B,100.634,7.110501,2.6999998,21.94891
116124,2020-03-15,NH95/17,29.941,7.110501,2.6999998,21.94891
116125,2020-03-15,SY68/34,71.039,7.110501,2.6999998,21.94891
116126,2020-03-15,TR14/9,85.891,7.110501,2.6999998,21.94891
116127,2020-03-15,SJ62/235,55.083,7.110501,2.6999998,21.94891
116128,2020-03-15,SP00/62,102.866,7.110501,2.6999998,21.94891
116129,2020-03-15,SU71/23,63.25,7.110501,2.6999998,21.94891
116130,2020-03-15,NY63/2,131.886,7.110501,2.6999998,21.94891
116131,2020-03-15,SU81/1,73.011,7.110501,2.6999998,21.94891
116132,2020-03-15,TQ25/86,102.808,7.110501,2.6999998,21.94891
116133,2020-03-15,SN00/11,12.8519,7.110501,2.6999998,21.94891
116134,2020-03-15,SE95/6,30.396,7.110501,2.6999998,21.94891
116135,2020-03-15,SE94/5,22.617,7.110501,2.6999998,21.94891
116136,2020-03-15,SU17/57,143.648,7.110501,2.6999998,21.94891
116137,2020-03-15,SK00/41,131.624,7.110501,2.6999998,21.94891
116138,2020-03-15,TF03/37,22.564,7.110501,2.6999998,21.94891
116139,2020-03-15,ST07/10,84.5321,7.110501,2.6999998,21.94891
116140,2020-03-16,TV59/7C,3.23,6.420917,3.1,15.728461
116141,2020-03-16,NH95/17,29.934,6.420917,3.1,15.728461
116142,2020-03-16,SU01/5B,100.378,6.420917,3.1,15.728461
116143,2020-03-16,NO20/14,39.0,6.420917,3.1,15.728461
116144,2020-03-16,SY68/34,71.007,6.420917,3.1,15.728461
116145,2020-03-16,ID30/1,115.57,6.420917,3.1,15.728461
116146,2020-03-16,SJ15/13,80.6067,6.420917,3.1,15.728461
116147,2020-03-16,TR14/9,86.054,6.420917,3.1,15.728461
116148,2020-03-16,SU17/57,143.755,6.420917,3.1,15.728461
116149,2020-03-16,SU71/23,62.944,6.420917,3.1,15.728461
116150,2020-03-16,SE95/6,30.194,6.420917,3.1,15.728461
116151,2020-03-16,TF03/37,22.436,6.420917,3.1,15.728461
116152,2020-03-16,SP00/62,102.843,6.420917,3.1,15.728461
116153,2020-03-16,SK00/41,131.569,6.420917,3.1,15.728461
116154,2020-03-16,ST07/10,84.1445,6.420917,3.1,15.728461
116155,2020-03-16,TQ25/86,102.712,6.420917,3.1,15.728461
116156,2020-03-16,NY63/2,131.836,6.420917,3.1,15.728461
116157,2020-03-16,SN00/11,12.8719,6.420917,3.1,15.728461
116158,2020-03-16,SU81/1,72.692,6.420917,3.1,15.728461
116159,2020-03-16,SJ62/235,55.085,6.420917,3.1,15.728461
116160,2020-03-16,SE94/5,22.59,6.420917,3.1,15.728461
116161,2020-03-17,TL33/67,79.566,9.270917,8.799999,19.8051
116162,2020-03-17,NH95/17,29.916,9.270917,8.799999,19.8051
116163,2020-03-17,TL33/4,76.703,9.270917,8.799999,19.8051
116164,2020-03-17,SJ15/13,80.5968,9.270917,8.799999,19.8051
116165,2020-03-17,ID30/1,115.65,9.270917,8.799999,19.8051
116166,2020-03-17,SY68/34,70.979,9.270917,8.799999,19.8051
116167,2020-03-17,NO20/14,39.01,9.270917,8.799999,19.8051
116168,2020-03-17,SU01/5B,100.114,9.270917,8.799999,19.8051
116169,2020-03-17,SK00/41,131.545,9.270917,8.799999,19.8051
116170,2020-03-17,SN00/11,12.8742,9.270917,8.799999,19.8051
116171,2020-03-17,SU17/57,143.753,9.270917,8.799999,19.8051
116172,2020-03-17,TR14/9,86.307,9.270917,8.799999,19.8051
116173,2020-03-17,NY63/2,131.846,9.270917,8.799999,19.8051
116174,2020-03-17,TQ25/86,102.617,9.270917,8.799999,19.8051
116175,2020-03-17,SU71/23,62.635,9.270917,8.799999,19.8051
116176,2020-03-17,SJ62/235,55.097,9.270917,8.799999,19.8051
116177,2020-03-17,SE95/6,29.999,9.270917,8.799999,19.8051
116178,2020-03-17,SE94/5,22.578,9.270917,8.799999,19.8051
116179,2020-03-17,TF03/37,22.381,9.270917,8.799999,19.8051
116180,2020-03-17,ST07/10,83.5055,9.270917,8.799999,19.8051
116181,2020-03-17,SP00/62,102.835,9.270917,8.799999,19.8051
116182,2020-03-17,SU81/1,72.362,9.270917,8.799999,19.8051
116183,2020-03-17,TM15/112,25.36,9.270917,8.799999,19.8051
116184,2020-03-18,NH95/17,29.901,5.7667503,0.4,13.147197
116185,2020-03-18,SJ15/13,80.5941,5.7667503,0.4,13.147197
116186,2020-03-18,SU01/5B,99.841,5.7667503,0.4,13.147197
116187,2020-03-18,NO20/14,39.006,5.7667503,0.4,13.147197
116188,2020-03-18,SY68/34,70.953,5.7667503,0.4,13.147197
116189,2020-03-18,ID30/1,115.9,5.7667503,0.4,13.147197
116190,2020-03-18,SE95/6,29.763,5.7667503,0.4,13.147197
116191,2020-03-18,SP00/62,102.82,5.7667503,0.4,13.147197
116192,2020-03-18,SU71/23,62.324,5.7667503,0.4,13.147197
116193,2020-03-18,TQ25/86,102.514,5.7667503,0.4,13.147197
116194,2020-03-18,ST07/10,82.6964,5.7667503,0.4,13.147197
116195,2020-03-18,SE94/5,22.556,5.7667503,0.4,13.147197
116196,2020-03-18,TR14/9,86.55,5.7667503,0.4,13.147197
116197,2020-03-18,SU81/1,72.02,5.7667503,0.4,13.147197
116198,2020-03-18,SK00/41,131.543,5.7667503,0.4,13.147197
116199,2020-03-18,SU17/57,143.721,5.7667503,0.4,13.147197
116200,2020-03-18,TF03/37,22.28,5.7667503,0.4,13.147197
116201,2020-03-18,SJ62/235,55.098,5.7667503,0.4,13.147197
116202,2020-03-18,NY63/2,131.822,5.7667503,0.4,13.147197
116203,2020-03-18,SN00/11,12.8441,5.7667503,0.4,13.147197
116204,2020-03-19,NO20/14,38.975,4.1771665,0.2,6.3890133
116205,2020-03-19,SY68/34,70.925,4.1771665,0.2,6.3890133
116206,2020-03-19,ID30/1,115.85,4.1771665,0.2,6.3890133
116207,2020-03-19,SU01/5B,99.541,4.1771665,0.2,6.3890133
116208,2020-03-19,NH95/17,29.873,4.1771665,0.2,6.3890133
116209,2020-03-19,SJ15/13,80.5953,4.1771665,0.2,6.3890133
116210,2020-03-19,TR14/9,86.684,4.1771665,0.2,6.3890133
116211,2020-03-19,SK00/41,131.544,4.1771665,0.2,6.3890133
116212,2020-03-19,SN00/11,12.8078,4.1771665,0.2,6.3890133
116213,2020-03-19,SU17/57,143.715,4.1771665,0.2,6.3890133
116214,2020-03-19,SP00/62,102.817,4.1771665,0.2,6.3890133
116215,2020-03-19,NY63/2,131.799,4.1771665,0.2,6.3890133
116216,2020-03-19,SE95/6,29.537,4.1771665,0.2,6.3890133
116217,2020-03-19,ST07/10,81.785,4.1771665,0.2,6.3890133
116218,2020-03-19,SJ62/235,55.103,4.1771665,0.2,6.3890133
116219,2020-03-19,SU81/1,71.657,4.1771665,0.2,6.3890133
116220,2020-03-19,SU71/23,62.007,4.1771665,0.2,6.3890133
116221,2020-03-19,SE94/5,22.53,4.1771665,0.2,6.3890133
116222,2020-03-19,TF03/37,22.211,4.1771665,0.2,6.3890133
116223,2020-03-19,TQ25/86,102.411,4.1771665,0.2,6.3890133
116224,2020-03-20,SJ15/13,80.5885,3.2146666,0.0,9.316275
116225,2020-03-20,NH95/17,29.853,3.2146666,0.0,9.316275
116226,2020-03-20,SY68/34,70.885,3.2146666,0.0,9.316275
116227,2020-03-20,ID30/1,115.75,3.2146666,0.0,9.316275
116228,2020-03-20,SU01/5B,99.218,3.2146666,0.0,9.316275
116229,2020-03-20,NO20/14,38.943,3.2146666,0.0,9.316275
116230,2020-03-20,SE94/5,22.509,3.2146666,0.0,9.316275
116231,2020-03-20,NY63/2,131.792,3.2146666,0.0,9.316275
116232,2020-03-20,TR14/9,86.611,3.2146666,0.0,9.316275
116233,2020-03-20,TF03/37,22.149,3.2146666,0.0,9.316275
116234,2020-03-20,SU71/23,61.682,3.2146666,0.0,9.316275
116235,2020-03-20,TQ25/86,102.316,3.2146666,0.0,9.316275
116236,2020-03-20,SP00/62,102.803,3.2146666,0.0,9.316275
116237,2020-03-20,SK00/41,131.545,3.2146666,0.0,9.316275
116238,2020-03-20,SU81/1,71.281,3.2146666,0.0,9.316275
116239,2020-03-20,SE95/6,29.302,3.2146666,0.0,9.316275
116240,2020-03-20,SJ62/235,55.11,3.2146666,0.0,9.316275
116241,2020-03-20,ST07/10,80.6953,3.2146666,0.0,9.316275
116242,2020-03-20,SU17/57,143.697,3.2146666,0.0,9.316275
116243,2020-03-20,SN00/11,12.7728,3.2146666,0.0,9.316275
116244,2020-03-21,NH95/17,29.859,4.6375833,0.0,15.999261
116245,2020-03-21,SJ15/13,80.5989,4.6375833,0.0,15.999261
116246,2020-03-21,SY68/34,70.845,4.6375833,0.0,15.999261
116247,2020-03-21,SU01/5B,98.892,4.6375833,0.0,15.999261
116248,2020-03-21,NO20/14,38.959,4.6375833,0.0,15.999261
116249,2020-03-21,ID30/1,115.66,4.6375833,0.0,15.999261
116250,2020-03-21,SK00/41,131.544,4.6375833,0.0,15.999261
116251,2020-03-21,SP00/62,102.778,4.6375833,0.0,15.999261
116252,2020-03-21,TQ25/86,102.22,4.6375833,0.0,15.999261
116253,2020-03-21,NY63/2,131.823,4.6375833,0.0,15.999261
116254,2020-03-21,SU71/23,61.362,4.6375833,0.0,15.999261
116255,2020-03-21,TF03/37,22.125,4.6375833,0.0,15.999261
116256,2020-03-21,SU81/1,70.902,4.6375833,0.0,15.999261
116257,2020-03-21,SJ62/235,55.117,4.6375833,0.0,15.999261
116258,2020-03-21,SN00/11,12.7451,4.6375833,0.0,15.999261
116259,2020-03-21,TR14/9,86.545,4.6375833,0.0,15.999261
116260,2020-03-21,SE94/5,22.489,4.6375833,0.0,15.999261
116261,2020-03-21,SE95/6,29.07,4.6375833,0.0,15.999261
116262,2020-03-21,ST07/10,79.7236,4.6375833,0.0,15.999261
116263,2020-03-21,SU17/57,143.64,4.6375833,0.0,15.999261
116264,2020-03-22,NH95/17,29.864,4.8834167,0.0,14.222103
116265,2020-03-22,SJ15/13,80.5952,4.8834167,0.0,14.222103
116266,2020-03-22,ID30/1,115.56,4.8834167,0.0,14.222103
116267,2020-03-22,SY68/34,70.806,4.8834167,0.0,14.222103
116268,2020-03-22,NO20/14,38.966,4.8834167,0.0,14.222103
116269,2020-03-22,SU01/5B,98.56,4.8834167,0.0,14.222103
116270,2020-03-22,SE94/5,22.455,4.8834167,0.0,14.222103
116271,2020-03-22,TF03/37,22.069,4.8834167,0.0,14.222103
116272,2020-03-22,SJ62/235,55.122,4.8834167,0.0,14.222103
116273,2020-03-22,SN00/11,12.7072,4.8834167,0.0,14.222103
116274,2020-03-22,SU71/23,61.032,4.8834167,0.0,14.222103
116275,2020-03-22,ST07/10,78.8483,4.8834167,0.0,14.222103
116276,2020-03-22,SU17/57,143.615,4.8834167,0.0,14.222103
116277,2020-03-22,SE95/6,28.822,4.8834167,0.0,14.222103
116278,2020-03-22,NY63/2,131.827,4.8834167,0.0,14.222103
116279,2020-03-22,SK00/41,131.542,4.8834167,0.0,14.222103
116280,2020-03-22,TR14/9,86.541,4.8834167,0.0,14.222103
116281,2020-03-22,TQ25/86,102.127,4.8834167,0.0,14.222103
116282,2020-03-22,SU81/1,70.511,4.8834167,0.0,14.222103
116283,2020-03-22,SP00/62,102.749,4.8834167,0.0,14.222103
116284,2020-03-23,SU01/5B,98.225,5.9938335,0.0,19.47383
116285,2020-03-23,NO20/14,38.977,5.9938335,0.0,19.47383
116286,2020-03-23,SY68/34,70.769,5.9938335,0.0,19.47383
116287,2020-03-23,TL33/67,80.049,5.9938335,0.0,19.47383
116288,2020-03-23,ID30/1,115.5,5.9938335,0.0,19.47383
116289,2020-03-23,NH95/17,29.861,5.9938335,0.0,19.47383
116290,2020-03-23,SJ15/13,80.5984,5.9938335,0.0,19.47383
116291,2020-03-23,SU81/1,70.111,5.9938335,0.0,19.47383
116292,2020-03-23,ST07/10,77.766,5.9938335,0.0,19.47383
116293,2020-03-23,SE94/5,22.442,5.9938335,0.0,19.47383
116294,2020-03-23,SJ62/235,55.13,5.9938335,0.0,19.47383
116295,2020-03-23,SU71/23,60.697,5.9938335,0.0,19.47383
116296,2020-03-23,SE95/6,28.598,5.9938335,0.0,19.47383
116297,2020-03-23,SN00/11,12.6634,5.9938335,0.0,19.47383
116298,2020-03-23,TF03/37,21.986,5.9938335,0.0,19.47383
116299,2020-03-23,TQ25/86,102.038,5.9938335,0.0,19.47383
116300,2020-03-23,SU17/57,143.575,5.9938335,0.0,19.47383
116301,2020-03-23,NY63/2,131.846,5.9938335,0.0,19.47383
116302,2020-03-23,TR14/9,86.539,5.9938335,0.0,19.47383
116303,2020-03-23,SK00/41,131.542,5.9938335,0.0,19.47383
116304,2020-03-23,SP00/62,102.72,5.9938335,0.0,19.47383
116305,2020-03-24,NO20/14,38.979,8.629251,0.0,20.0603
116306,2020-03-24,NH95/17,29.851,8.629251,0.0,20.0603
116307,2020-03-24,TL33/4,77.198,8.629251,0.0,20.0603
116308,2020-03-24,SJ15/13,80.6029,8.629251,0.0,20.0603
116309,2020-03-24,ID30/1,115.39,8.629251,0.0,20.0603
116310,2020-03-24,SU01/5B,97.896,8.629251,0.0,20.0603
116311,2020-03-24,SY68/34,70.736,8.629251,0.0,20.0603
116312,2020-03-24,SE95/6,28.377,8.629251,0.0,20.0603
116313,2020-03-24,SE94/5,22.428,8.629251,0.0,20.0603
116314,2020-03-24,TF03/37,21.905,8.629251,0.0,20.0603
116315,2020-03-24,NY63/2,131.847,8.629251,0.0,20.0603
116316,2020-03-24,SK00/41,131.538,8.629251,0.0,20.0603
116317,2020-03-24,SN00/11,12.61,8.629251,0.0,20.0603
116318,2020-03-24,SU81/1,69.713,8.629251,0.0,20.0603
116319,2020-03-24,SJ62/235,55.134,8.629251,0.0,20.0603
116320,2020-03-24,SU71/23,60.36,8.629251,0.0,20.0603
116321,2020-03-24,SP00/62,102.689,8.629251,0.0,20.0603
116322,2020-03-24,TQ25/86,101.953,8.629251,0.0,20.0603
116323,2020-03-24,ST07/10,76.6353,8.629251,0.0,20.0603
116324,2020-03-24,TR14/9,86.543,8.629251,0.0,20.0603
116325,2020-03-24,SU17/57,143.531,8.629251,0.0,20.0603
116326,2020-03-25,SU01/5B,97.573,10.250083,0.0,10.740434
116327,2020-03-25,SJ15/13,80.5887,10.250083,0.0,10.740434
116328,2020-03-25,SY68/34,70.704,10.250083,0.0,10.740434
116329,2020-03-25,NH95/17,29.827,10.250083,0.0,10.740434
116330,2020-03-25,NO20/14,38.942,10.250083,0.0,10.740434
116331,2020-03-25,ID30/1,115.29,10.250083,0.0,10.740434
116332,2020-03-25,SU81/1,69.308,10.250083,0.0,10.740434
116333,2020-03-25,SU71/23,60.024,10.250083,0.0,10.740434
116334,2020-03-25,SJ62/235,55.135,10.250083,0.0,10.740434
116335,2020-03-25,SK00/41,131.533,10.250083,0.0,10.740434
116336,2020-03-25,TF03/37,21.794,10.250083,0.0,10.740434
116337,2020-03-25,TQ25/86,101.868,10.250083,0.0,10.740434
116338,2020-03-25,NY63/2,131.817,10.250083,0.0,10.740434
116339,2020-03-25,SP00/62,102.657,10.250083,0.0,10.740434
116340,2020-03-25,TR14/9,86.547,10.250083,0.0,10.740434
116341,2020-03-25,SE95/6,28.141,10.250083,0.0,10.740434
116342,2020-03-25,ST07/10,75.6111,10.250083,0.0,10.740434
116343,2020-03-25,SN00/11,12.5524,10.250083,0.0,10.740434
116344,2020-03-25,SU17/57,143.484,10.250083,0.0,10.740434
116345,2020-03-25,SE94/5,22.388,10.250083,0.0,10.740434
116346,2020-03-26,NH95/17,29.81,9.393834,1.1,5.3977494
116347,2020-03-26,SY68/34,70.672,9.393834,1.1,5.3977494
116348,2020-03-26,SU01/5B,97.252,9.393834,1.1,5.3977494
116349,2020-03-26,SJ15/13,80.5742,9.393834,1.1,5.3977494
116350,2020-03-26,ID30/1,115.17,9.393834,1.1,5.3977494
116351,2020-03-26,NO20/14,38.9,9.393834,1.1,5.3977494
116352,2020-03-26,NY63/2,131.797,9.393834,1.1,5.3977494
116353,2020-03-26,SP00/62,102.626,9.393834,1.1,5.3977494
116354,2020-03-26,SE95/6,27.907,9.393834,1.1,5.3977494
116355,2020-03-26,TR14/9,86.541,9.393834,1.1,5.3977494
116356,2020-03-26,SU17/57,143.444,9.393834,1.1,5.3977494
116357,2020-03-26,TQ25/86,101.784,9.393834,1.1,5.3977494
116358,2020-03-26,SN00/11,12.4741,9.393834,1.1,5.3977494
116359,2020-03-26,SK00/41,131.527,9.393834,1.1,5.3977494
116360,2020-03-26,SU71/23,59.675,9.393834,1.1,5.3977494
116361,2020-03-26,ST07/10,74.6437,9.393834,1.1,5.3977494
116362,2020-03-26,SU81/1,68.902,9.393834,1.1,5.3977494
116363,2020-03-26,SJ62/235,55.137,9.393834,1.1,5.3977494
116364,2020-03-26,TF03/37,21.697,9.393834,1.1,5.3977494
116365,2020-03-26,SE94/5,22.356,9.393834,1.1,5.3977494
116366,2020-03-27,NO20/14,38.88,6.643833,0.0,7.669734
116367,2020-03-27,SJ15/13,80.556,6.643833,0.0,7.669734
116368,2020-03-27,NH95/17,29.798,6.643833,0.0,7.669734
116369,2020-03-27,SU01/5B,96.93,6.643833,0.0,7.669734
116370,2020-03-27,ID30/1,115.06,6.643833,0.0,7.669734
116371,2020-03-27,SY68/34,70.641,6.643833,0.0,7.669734
116372,2020-03-27,SU71/23,59.324,6.643833,0.0,7.669734
116373,2020-03-27,SK00/41,131.521,6.643833,0.0,7.669734
116374,2020-03-27,SU81/1,68.488,6.643833,0.0,7.669734
116375,2020-03-27,ST07/10,73.7141,6.643833,0.0,7.669734
116376,2020-03-27,TF03/37,21.588,6.643833,0.0,7.669734
116377,2020-03-27,SE94/5,22.322,6.643833,0.0,7.669734
116378,2020-03-27,NY63/2,131.769,6.643833,0.0,7.669734
116379,2020-03-27,TR14/9,86.547,6.643833,0.0,7.669734
116380,2020-03-27,SP00/62,102.601,6.643833,0.0,7.669734
116381,2020-03-27,TQ25/86,101.69,6.643833,0.0,7.669734
116382,2020-03-27,SU17/57,143.419,6.643833,0.0,7.669734
116383,2020-03-27,SE95/6,27.68,6.643833,0.0,7.669734
116384,2020-03-27,SJ62/235,55.137,6.643833,0.0,7.669734
116385,2020-03-27,SN00/11,12.3994,6.643833,0.0,7.669734
116386,2020-03-28,SU01/5B,96.603,5.4584174,0.1,17.049429
116387,2020-03-28,NH95/17,29.776,5.4584174,0.1,17.049429
116388,2020-03-28,ID30/1,114.95,5.4584174,0.1,17.049429
116389,2020-03-28,SJ15/13,80.5256,5.4584174,0.1,17.049429
116390,2020-03-28,NO20/14,38.842,5.4584174,0.1,17.049429
116391,2020-03-28,SY68/34,70.608,5.4584174,0.1,17.049429
116392,2020-03-28,SU71/23,58.966,5.4584174,0.1,17.049429
116393,2020-03-28,SU81/1,68.074,5.4584174,0.1,17.049429
116394,2020-03-28,SE95/6,27.441,5.4584174,0.1,17.049429
116395,2020-03-28,TF03/37,21.448,5.4584174,0.1,17.049429
116396,2020-03-28,TR14/9,86.539,5.4584174,0.1,17.049429
116397,2020-03-28,SJ62/235,55.128,5.4584174,0.1,17.049429
116398,2020-03-28,SN00/11,12.3231,5.4584174,0.1,17.049429
116399,2020-03-28,ST07/10,72.8761,5.4584174,0.1,17.049429
116400,2020-03-28,NY63/2,131.716,5.4584174,0.1,17.049429
116401,2020-03-28,TQ25/86,101.599,5.4584174,0.1,17.049429
116402,2020-03-28,SP00/62,102.57,5.4584174,0.1,17.049429
116403,2020-03-28,SK00/41,131.508,5.4584174,0.1,17.049429
116404,2020-03-28,SE94/5,22.278,5.4584174,0.1,17.049429
116405,2020-03-28,SU17/57,143.448,5.4584174,0.1,17.049429
116406,2020-03-29,NO20/14,38.818,3.47925,0.0,16.455355
116407,2020-03-29,SY68/34,70.576,3.47925,0.0,16.455355
116408,2020-03-29,SJ15/13,80.4911,3.47925,0.0,16.455355
116409,2020-03-29,NH95/17,29.768,3.47925,0.0,16.455355
116410,2020-03-29,SU01/5B,96.274,3.47925,0.0,16.455355
116411,2020-03-29,ID30/1,114.85,3.47925,0.0,16.455355
116412,2020-03-29,SE94/5,22.223,3.47925,0.0,16.455355
116413,2020-03-29,SU81/1,67.649,3.47925,0.0,16.455355
116414,2020-03-29,SJ62/235,55.134,3.47925,0.0,16.455355
116415,2020-03-29,TQ25/86,101.529,3.47925,0.0,16.455355
116416,2020-03-29,SU17/57,143.453,3.47925,0.0,16.455355
116417,2020-03-29,SK00/41,131.492,3.47925,0.0,16.455355
116418,2020-03-29,NY63/2,131.704,3.47925,0.0,16.455355
116419,2020-03-29,SP00/62,102.54,3.47925,0.0,16.455355
116420,2020-03-29,ST07/10,72.1417,3.47925,0.0,16.455355
116421,2020-03-29,TF03/37,21.372,3.47925,0.0,16.455355
116422,2020-03-29,SU71/23,58.597,3.47925,0.0,16.455355
116423,2020-03-29,TR14/9,86.512,3.47925,0.0,16.455355
116424,2020-03-29,SE95/6,27.214,3.47925,0.0,16.455355
116425,2020-03-29,SN00/11,12.2502,3.47925,0.0,16.455355
116426,2020-03-30,NO20/14,38.85,5.9563336,0.0,11.185401
116427,2020-03-30,TL33/67,80.204,5.9563336,0.0,11.185401
116428,2020-03-30,SU01/5B,95.951,5.9563336,0.0,11.185401
116429,2020-03-30,NH95/17,29.786,5.9563336,0.0,11.185401
116430,2020-03-30,SY68/34,70.55,5.9563336,0.0,11.185401
116431,2020-03-30,ID30/1,114.74,5.9563336,0.0,11.185401
116432,2020-03-30,SJ15/13,80.5052,5.9563336,0.0,11.185401
116433,2020-03-30,SU17/57,143.404,5.9563336,0.0,11.185401
116434,2020-03-30,SP00/62,102.516,5.9563336,0.0,11.185401
116435,2020-03-30,ST07/10,71.4243,5.9563336,0.0,11.185401
116436,2020-03-30,SJ62/235,55.145,5.9563336,0.0,11.185401
116437,2020-03-30,TQ25/86,101.44,5.9563336,0.0,11.185401
116438,2020-03-30,TF03/37,21.319,5.9563336,0.0,11.185401
116439,2020-03-30,SE95/6,27.005,5.9563336,0.0,11.185401
116440,2020-03-30,NY63/2,131.74,5.9563336,0.0,11.185401
116441,2020-03-30,TR14/9,86.514,5.9563336,0.0,11.185401
116442,2020-03-30,SN00/11,12.1947,5.9563336,0.0,11.185401
116443,2020-03-30,SU71/23,58.255,5.9563336,0.0,11.185401
116444,2020-03-30,SK00/41,131.489,5.9563336,0.0,11.185401
116445,2020-03-30,SE94/5,22.209,5.9563336,0.0,11.185401
116446,2020-03-30,SU81/1,67.227,5.9563336,0.0,11.185401
116447,2020-03-31,ID30/1,114.62,5.9271665,0.0,6.1993804
116448,2020-03-31,NH95/17,29.794,5.9271665,0.0,6.1993804
116449,2020-03-31,TR14/9,86.515,5.9271665,0.0,6.1993804
116450,2020-03-31,SJ15/13,80.5183,5.9271665,0.0,6.1993804
116451,2020-03-31,NO20/14,38.861,5.9271665,0.0,6.1993804
116452,2020-03-31,TL33/4,77.265,5.9271665,0.0,6.1993804
116453,2020-03-31,SY68/34,70.525,5.9271665,0.0,6.1993804
116454,2020-03-31,SU01/5B,95.637,5.9271665,0.0,6.1993804
116455,2020-03-31,SJ62/235,55.153,5.9271665,0.0,6.1993804
116456,2020-03-31,TF03/37,21.256,5.9271665,0.0,6.1993804
116457,2020-03-31,ST07/10,70.7208,5.9271665,0.0,6.1993804
116458,2020-03-31,SN00/11,12.1369,5.9271665,0.0,6.1993804
116459,2020-03-31,SU81/1,67.008,5.9271665,0.0,6.1993804
116460,2020-03-31,TA10/63,20.634,5.9271665,0.0,6.1993804
116461,2020-03-31,SE94/5,22.179,5.9271665,0.0,6.1993804
116462,2020-03-31,SE95/6,26.811,5.9271665,0.0,6.1993804
116463,2020-04-01,SU01/5B,95.337,6.227167,0.1,12.539677
116464,2020-04-01,NO20/14,38.9,6.227167,0.1,12.539677
116465,2020-04-01,SU17/57,143.257,6.227167,0.1,12.539677
116466,2020-04-01,NH95/17,29.815,6.227167,0.1,12.539677
116467,2020-04-01,SU81/1,66.384,6.227167,0.1,12.539677
116468,2020-04-01,SJ15/13,80.5461,6.227167,0.1,12.539677
116469,2020-04-01,SJ62/235,55.167,6.227167,0.1,12.539677
116470,2020-04-01,ID30/1,114.54,6.227167,0.1,12.539677
116471,2020-04-01,SP00/62,102.48,6.227167,0.1,12.539677
116472,2020-04-01,SY68/34,70.495,6.227167,0.1,12.539677
116473,2020-04-01,TR14/9,86.502,6.227167,0.1,12.539677
116474,2020-04-01,TQ25/86,101.02,6.227167,0.1,12.539677
116475,2020-04-01,SE94/5,22.147,6.227167,0.1,12.539677
116476,2020-04-01,TL33/67,80.56,6.227167,0.1,12.539677
116477,2020-04-01,TL33/4,77.714,6.227167,0.1,12.539677
116478,2020-04-01,SU71/23,57.534,6.227167,0.1,12.539677
116479,2020-04-01,ST07/10,70.0398,6.227167,0.1,12.539677
116480,2020-04-01,SK00/41,131.492,6.227167,0.1,12.539677
116481,2020-04-01,TF03/37,21.159,6.227167,0.1,12.539677
116482,2020-04-01,SN00/11,12.0275,6.227167,0.1,12.539677
116483,2020-04-01,NY63/2,131.817,6.227167,0.1,12.539677
116484,2020-04-01,TA10/63,20.615,6.227167,0.1,12.539677
116485,2020-04-01,SE95/6,26.607,6.227167,0.1,12.539677
116486,2020-04-02,SJ15/13,80.5698,6.970917,1.1,20.956022
116487,2020-04-02,SU01/5B,95.043,6.970917,1.1,20.956022
116488,2020-04-02,SU81/1,65.965,6.970917,1.1,20.956022
116489,2020-04-02,NO20/14,38.917,6.970917,1.1,20.956022
116490,2020-04-02,NH95/17,29.812,6.970917,1.1,20.956022
116491,2020-04-02,SE94/5,22.112,6.970917,1.1,20.956022
116492,2020-04-02,SU71/23,57.186,6.970917,1.1,20.956022
116493,2020-04-02,SY68/34,70.467,6.970917,1.1,20.956022
116494,2020-04-02,TR14/9,86.495,6.970917,1.1,20.956022
116495,2020-04-02,SJ62/235,55.166,6.970917,1.1,20.956022
116496,2020-04-02,ID30/1,114.46,6.970917,1.1,20.956022
116497,2020-04-02,SK00/41,131.5,6.970917,1.1,20.956022
116498,2020-04-02,TF03/37,21.081,6.970917,1.1,20.956022
116499,2020-04-02,ST07/10,69.3225,6.970917,1.1,20.956022
116500,2020-04-02,SE95/6,26.415,6.970917,1.1,20.956022
116501,2020-04-02,TA10/63,20.578,6.970917,1.1,20.956022
116502,2020-04-02,NY63/2,131.822,6.970917,1.1,20.956022
116503,2020-04-02,SN00/11,11.9922,6.970917,1.1,20.956022
116504,2020-04-02,TF81/2A,46.9,6.970917,1.1,20.956022
116505,2020-04-03,SU01/5B,94.745,5.6375833,0.8000001,12.715949
116506,2020-04-03,NO20/14,38.867,5.6375833,0.8000001,12.715949
116507,2020-04-03,SU71/23,56.833,5.6375833,0.8000001,12.715949
116508,2020-04-03,SU81/1,65.549,5.6375833,0.8000001,12.715949
116509,2020-04-03,TR14/9,86.475,5.6375833,0.8000001,12.715949
116510,2020-04-03,NH95/17,29.797,5.6375833,0.8000001,12.715949
116511,2020-04-03,SE94/5,22.065,5.6375833,0.8000001,12.715949
116512,2020-04-03,ID30/1,114.38,5.6375833,0.8000001,12.715949
116513,2020-04-03,SJ15/13,80.5588,5.6375833,0.8000001,12.715949
116514,2020-04-03,SY68/34,70.434,5.6375833,0.8000001,12.715949
116515,2020-04-03,SJ62/235,55.163,5.6375833,0.8000001,12.715949
116516,2020-04-03,TA10/63,20.53,5.6375833,0.8000001,12.715949
116517,2020-04-03,TF03/37,20.965,5.6375833,0.8000001,12.715949
116518,2020-04-03,SE95/6,26.221,5.6375833,0.8000001,12.715949
116519,2020-04-03,SN00/11,11.9343,5.6375833,0.8000001,12.715949
116520,2020-04-03,SK00/41,131.495,5.6375833,0.8000001,12.715949
116521,2020-04-03,ST07/10,68.5692,5.6375833,0.8000001,12.715949
116522,2020-04-03,NY63/2,131.779,5.6375833,0.8000001,12.715949
116523,2020-04-04,TR14/9,86.455,8.052168,0.3,15.0225935
116524,2020-04-04,SJ15/13,80.5493,8.052168,0.3,15.0225935
116525,2020-04-04,ID30/1,114.28,8.052168,0.3,15.0225935
116526,2020-04-04,SJ62/235,55.169,8.052168,0.3,15.0225935
116527,2020-04-04,SU71/23,56.481,8.052168,0.3,15.0225935
116528,2020-04-04,NO20/14,38.836,8.052168,0.3,15.0225935
116529,2020-04-04,SE94/5,22.02,8.052168,0.3,15.0225935
116530,2020-04-04,SU01/5B,94.444,8.052168,0.3,15.0225935
116531,2020-04-04,SU81/1,65.127,8.052168,0.3,15.0225935
116532,2020-04-04,NH95/17,29.779,8.052168,0.3,15.0225935
116533,2020-04-04,SY68/34,70.403,8.052168,0.3,15.0225935
116534,2020-04-04,NY63/2,131.761,8.052168,0.3,15.0225935
116535,2020-04-04,TA10/63,20.493,8.052168,0.3,15.0225935
116536,2020-04-04,SN00/11,11.8578,8.052168,0.3,15.0225935
116537,2020-04-04,SK00/41,131.489,8.052168,0.3,15.0225935
116538,2020-04-04,TF03/37,20.868,8.052168,0.3,15.0225935
116539,2020-04-04,ST07/10,67.866,8.052168,0.3,15.0225935
116540,2020-04-04,SE95/6,26.044,8.052168,0.3,15.0225935
116541,2020-04-05,SE94/5,21.892,12.208419,0.5,23.083841
116542,2020-04-05,NH95/17,29.777,12.208419,0.5,23.083841
116543,2020-04-05,TR14/9,86.432,12.208419,0.5,23.083841
116544,2020-04-05,SU81/1,65.716,12.208419,0.5,23.083841
116545,2020-04-05,SY68/34,70.372,12.208419,0.5,23.083841
116546,2020-04-05,NO20/14,38.847,12.208419,0.5,23.083841
116547,2020-04-05,SJ15/13,80.5683,12.208419,0.5,23.083841
116548,2020-04-05,SJ62/235,55.177,12.208419,0.5,23.083841
116549,2020-04-05,SU01/5B,94.153,12.208419,0.5,23.083841
116550,2020-04-05,SU71/23,56.137,12.208419,0.5,23.083841
116551,2020-04-05,ID30/1,114.23,12.208419,0.5,23.083841
116552,2020-04-05,TF03/37,20.806,12.208419,0.5,23.083841
116553,2020-04-05,SN00/11,11.7743,12.208419,0.5,23.083841
116554,2020-04-05,NY63/2,131.79,12.208419,0.5,23.083841
116555,2020-04-05,TA10/63,20.469,12.208419,0.5,23.083841
116556,2020-04-05,ST07/10,67.2024,12.208419,0.5,23.083841
116557,2020-04-05,SE95/6,25.879,12.208419,0.5,23.083841
116558,2020-04-05,SK00/41,131.492,12.208419,0.5,23.083841
116559,2020-04-06,SU71/23,55.776,9.931333,4.7999997,17.87966
116560,2020-04-06,SE94/5,21.925,9.931333,4.7999997,17.87966
116561,2020-04-06,SJ62/235,55.143,9.931333,4.7999997,17.87966
116562,2020-04-06,SJ15/13,80.5353,9.931333,4.7999997,17.87966
116563,2020-04-06,ID30/1,114.2,9.931333,4.7999997,17.87966
116564,2020-04-06,SU81/1,64.301,9.931333,4.7999997,17.87966
116565,2020-04-06,NH95/17,29.752,9.931333,4.7999997,17.87966
116566,2020-04-06,NO20/14,38.824,9.931333,4.7999997,17.87966
116567,2020-04-06,SY68/34,70.335,9.931333,4.7999997,17.87966
116568,2020-04-06,SU01/5B,93.857,9.931333,4.7999997,17.87966
116569,2020-04-06,TR14/9,86.36,9.931333,4.7999997,17.87966
116570,2020-04-06,TA10/63,20.402,9.931333,4.7999997,17.87966
116571,2020-04-06,ST07/10,66.5301,9.931333,4.7999997,17.87966
116572,2020-04-06,NY63/2,131.69,9.931333,4.7999997,17.87966
116573,2020-04-06,TF03/37,20.623,9.931333,4.7999997,17.87966
116574,2020-04-06,SN00/11,11.6963,9.931333,4.7999997,17.87966
116575,2020-04-06,SK00/41,131.479,9.931333,4.7999997,17.87966
116576,2020-04-06,SE95/6,25.681,9.931333,4.7999997,17.87966
116577,2020-04-06,TL44/12,41.02,9.931333,4.7999997,17.87966
116578,2020-04-07,TR14/9,86.298,8.704249,0.0,12.086028
116579,2020-04-07,SP00/62,102.26,8.704249,0.0,12.086028
116580,2020-04-07,SJ62/235,55.153,8.704249,0.0,12.086028
116581,2020-04-07,NO20/14,38.745,8.704249,0.0,12.086028
116582,2020-04-07,SU71/23,55.418,8.704249,0.0,12.086028
116583,2020-04-07,TL33/4,78.13,8.704249,0.0,12.086028
116584,2020-04-07,TQ25/86,100.61,8.704249,0.0,12.086028
116585,2020-04-07,SJ15/13,80.4823,8.704249,0.0,12.086028
116586,2020-04-07,SE94/5,21.875,8.704249,0.0,12.086028
116587,2020-04-07,SU81/1,63.881,8.704249,0.0,12.086028
116588,2020-04-07,SU17/57,142.82,8.704249,0.0,12.086028
116589,2020-04-07,ID30/1,114.16,8.704249,0.0,12.086028
116590,2020-04-07,SY68/34,70.297,8.704249,0.0,12.086028
116591,2020-04-07,TL33/67,80.79,8.704249,0.0,12.086028
116592,2020-04-07,NH95/17,29.733,8.704249,0.0,12.086028
116593,2020-04-07,SU01/5B,93.554,8.704249,0.0,12.086028
116594,2020-04-07,TF03/37,20.501,8.704249,0.0,12.086028
116595,2020-04-07,TA10/63,20.362,8.704249,0.0,12.086028
116596,2020-04-07,ST07/10,65.9247,8.704249,0.0,12.086028
116597,2020-04-07,SN00/11,11.6217,8.704249,0.0,12.086028
116598,2020-04-07,SE95/6,25.516,8.704249,0.0,12.086028
116599,2020-04-07,SK00/41,131.455,8.704249,0.0,12.086028
116600,2020-04-07,NY63/2,131.652,8.704249,0.0,12.086028
116601,2020-04-08,TR14/9,86.244,10.2105,0.0,9.58364
116602,2020-04-08,SU01/5B,93.257,10.2105,0.0,9.58364
116603,2020-04-08,SU81/1,63.465,10.2105,0.0,9.58364
116604,2020-04-08,SU71/23,55.07,10.2105,0.0,9.58364
116605,2020-04-08,SE94/5,21.828,10.2105,0.0,9.58364
116606,2020-04-08,SY68/34,70.261,10.2105,0.0,9.58364
116607,2020-04-08,NO20/14,38.758,10.2105,0.0,9.58364
116608,2020-04-08,ID30/1,114.11,10.2105,0.0,9.58364
116609,2020-04-08,NH95/17,29.735,10.2105,0.0,9.58364
116610,2020-04-08,SJ15/13,80.4636,10.2105,0.0,9.58364
116611,2020-04-08,SJ62/235,55.159,10.2105,0.0,9.58364
116612,2020-04-08,NY63/2,131.654,10.2105,0.0,9.58364
116613,2020-04-08,ST07/10,65.354,10.2105,0.0,9.58364
116614,2020-04-08,TA10/63,20.328,10.2105,0.0,9.58364
116615,2020-04-08,TF03/37,20.426,10.2105,0.0,9.58364
116616,2020-04-08,SK00/41,131.446,10.2105,0.0,9.58364
116617,2020-04-08,SN00/11,11.5247,10.2105,0.0,9.58364
116618,2020-04-08,SE95/6,25.352,10.2105,0.0,9.58364
116619,2020-04-09,SU01/5B,92.961,10.102168,0.0,10.821405
116620,2020-04-09,SU81/1,63.042,10.102168,0.0,10.821405
116621,2020-04-09,SE94/5,21.772,10.102168,0.0,10.821405
116622,2020-04-09,SU71/23,54.724,10.102168,0.0,10.821405
116623,2020-04-09,SJ62/235,55.16,10.102168,0.0,10.821405
116624,2020-04-09,SY68/34,70.222,10.102168,0.0,10.821405
116625,2020-04-09,NO20/14,38.733,10.102168,0.0,10.821405
116626,2020-04-09,SJ15/13,80.4811,10.102168,0.0,10.821405
116627,2020-04-09,ID30/1,114.06,10.102168,0.0,10.821405
116628,2020-04-09,TR14/9,86.177,10.102168,0.0,10.821405
116629,2020-04-09,NH95/17,29.726,10.102168,0.0,10.821405
116630,2020-04-09,TA10/63,20.284,10.102168,0.0,10.821405
116631,2020-04-09,ST07/10,64.8082,10.102168,0.0,10.821405
116632,2020-04-09,NY63/2,131.638,10.102168,0.0,10.821405
116633,2020-04-09,SE95/6,25.178,10.102168,0.0,10.821405
116634,2020-04-09,SK00/41,131.439,10.102168,0.0,10.821405
116635,2020-04-09,SN00/11,11.4701,10.102168,0.0,10.821405
116636,2020-04-09,TF03/37,20.282,10.102168,0.0,10.821405
116637,2020-04-10,NH95/17,29.726,13.0146675,2.8999999,11.821268
116638,2020-04-10,TR14/9,86.12,13.0146675,2.8999999,11.821268
116639,2020-04-10,ID30/1,114.0,13.0146675,2.8999999,11.821268
116640,2020-04-10,SJ15/13,80.4848,13.0146675,2.8999999,11.821268
116641,2020-04-10,SJ62/235,55.166,13.0146675,2.8999999,11.821268
116642,2020-04-10,SU81/1,62.625,13.0146675,2.8999999,11.821268
116643,2020-04-10,SY68/34,70.183,13.0146675,2.8999999,11.821268
116644,2020-04-10,SE94/5,21.73,13.0146675,2.8999999,11.821268
116645,2020-04-10,SU71/23,54.384,13.0146675,2.8999999,11.821268
116646,2020-04-10,NO20/14,38.75,13.0146675,2.8999999,11.821268
116647,2020-04-10,SU01/5B,92.667,13.0146675,2.8999999,11.821268
116648,2020-04-10,ST07/10,64.2776,13.0146675,2.8999999,11.821268
116649,2020-04-10,TF03/37,20.176,13.0146675,2.8999999,11.821268
116650,2020-04-10,TA10/63,20.254,13.0146675,2.8999999,11.821268
116651,2020-04-10,SN00/11,11.369,13.0146675,2.8999999,11.821268
116652,2020-04-10,SE95/6,25.033,13.0146675,2.8999999,11.821268
116653,2020-04-10,NY63/2,131.648,13.0146675,2.8999999,11.821268
116654,2020-04-10,SK00/41,131.433,13.0146675,2.8999999,11.821268
116655,2020-04-11,ID30/1,113.97,12.418832,0.9000001,10.263157
116656,2020-04-11,SU71/23,54.044,12.418832,0.9000001,10.263157
116657,2020-04-11,SU81/1,62.215,12.418832,0.9000001,10.263157
116658,2020-04-11,TR14/9,86.078,12.418832,0.9000001,10.263157
116659,2020-04-11,SJ62/235,55.172,12.418832,0.9000001,10.263157
116660,2020-04-11,SY68/34,70.143,12.418832,0.9000001,10.263157
116661,2020-04-11,NO20/14,38.76,12.418832,0.9000001,10.263157
116662,2020-04-11,SU01/5B,92.375,12.418832,0.9000001,10.263157
116663,2020-04-11,NH95/17,29.726,12.418832,0.9000001,10.263157
116664,2020-04-11,SJ15/13,80.4924,12.418832,0.9000001,10.263157
116665,2020-04-11,SE94/5,21.674,12.418832,0.9000001,10.263157
116666,2020-04-11,TF03/37,20.081,12.418832,0.9000001,10.263157
116667,2020-04-11,TA10/63,20.224,12.418832,0.9000001,10.263157
116668,2020-04-11,ST07/10,63.7836,12.418832,0.9000001,10.263157
116669,2020-04-11,SE95/6,24.885,12.418832,0.9000001,10.263157
116670,2020-04-11,NY63/2,131.655,12.418832,0.9000001,10.263157
116671,2020-04-11,SK00/41,131.432,12.418832,0.9000001,10.263157
116672,2020-04-11,SN00/11,11.3023,12.418832,0.9000001,10.263157
116673,2020-04-12,SU01/5B,92.091,9.598001,0.0,13.08435
116674,2020-04-12,SJ15/13,80.5135,9.598001,0.0,13.08435
116675,2020-04-12,NH95/17,29.707,9.598001,0.0,13.08435
116676,2020-04-12,SY68/34,70.104,9.598001,0.0,13.08435
116677,2020-04-12,SE94/5,21.634,9.598001,0.0,13.08435
116678,2020-04-12,SU81/1,61.815,9.598001,0.0,13.08435
116679,2020-04-12,TR14/9,86.021,9.598001,0.0,13.08435
116680,2020-04-12,SU71/23,53.707,9.598001,0.0,13.08435
116681,2020-04-12,ID30/1,113.91,9.598001,0.0,13.08435
116682,2020-04-12,SJ62/235,55.164,9.598001,0.0,13.08435
116683,2020-04-12,NO20/14,38.74,9.598001,0.0,13.08435
116684,2020-04-12,TF03/37,19.977,9.598001,0.0,13.08435
116685,2020-04-12,TA10/63,20.175,9.598001,0.0,13.08435
116686,2020-04-12,SE95/6,24.728,9.598001,0.0,13.08435
116687,2020-04-12,ST07/10,63.3168,9.598001,0.0,13.08435
116688,2020-04-12,SN00/11,11.1945,9.598001,0.0,13.08435
116689,2020-04-12,NY63/2,131.633,9.598001,0.0,13.08435
116690,2020-04-12,SK00/41,131.458,9.598001,0.0,13.08435
116691,2020-04-13,NH95/17,29.687,4.9146667,0.0,11.651125
116692,2020-04-13,SY68/34,70.058,4.9146667,0.0,11.651125
116693,2020-04-13,ID30/1,113.88,4.9146667,0.0,11.651125
116694,2020-04-13,TR14/9,85.942,4.9146667,0.0,11.651125
116695,2020-04-13,NO20/14,38.678,4.9146667,0.0,11.651125
116696,2020-04-13,SU81/1,61.405,4.9146667,0.0,11.651125
116697,2020-04-13,SJ15/13,80.4733,4.9146667,0.0,11.651125
116698,2020-04-13,SU71/23,53.357,4.9146667,0.0,11.651125
116699,2020-04-13,SE94/5,21.569,4.9146667,0.0,11.651125
116700,2020-04-13,SJ62/235,55.149,4.9146667,0.0,11.651125
116701,2020-04-13,SU01/5B,91.798,4.9146667,0.0,11.651125
116702,2020-04-13,TA10/63,20.121,4.9146667,0.0,11.651125
116703,2020-04-13,NY63/2,131.569,4.9146667,0.0,11.651125
116704,2020-04-13,TF03/37,19.818,4.9146667,0.0,11.651125
116705,2020-04-13,ST07/10,62.888,4.9146667,0.0,11.651125
116706,2020-04-13,SN00/11,11.0909,4.9146667,0.0,11.651125
116707,2020-04-13,SE95/6,24.574,4.9146667,0.0,11.651125
116708,2020-04-13,SK00/41,131.465,4.9146667,0.0,11.651125
116709,2020-04-14,SP00/62,101.93,5.202167,0.0,7.5169673
116710,2020-04-14,SY68/34,70.013,5.202167,0.0,7.5169673
116711,2020-04-14,SE94/5,21.529,5.202167,0.0,7.5169673
116712,2020-04-14,NO20/14,38.704,5.202167,0.0,7.5169673
116713,2020-04-14,ID30/1,113.88,5.202167,0.0,7.5169673
116714,2020-04-14,TQ25/86,100.22,5.202167,0.0,7.5169673
116715,2020-04-14,TR14/9,85.868,5.202167,0.0,7.5169673
116716,2020-04-14,SU17/57,142.093,5.202167,0.0,7.5169673
116717,2020-04-14,TL33/4,78.716,5.202167,0.0,7.5169673
116718,2020-04-14,TL33/67,81.01,5.202167,0.0,7.5169673
116719,2020-04-14,SU81/1,61.001,5.202167,0.0,7.5169673
116720,2020-04-14,SU71/23,53.025,5.202167,0.0,7.5169673
116721,2020-04-14,SJ62/235,55.16,5.202167,0.0,7.5169673
116722,2020-04-14,SU01/5B,91.504,5.202167,0.0,7.5169673
116723,2020-04-14,SJ15/13,80.4658,5.202167,0.0,7.5169673
116724,2020-04-14,NH95/17,29.696,5.202167,0.0,7.5169673
116725,2020-04-14,SE95/6,24.45,5.202167,0.0,7.5169673
116726,2020-04-14,TF03/37,19.753,5.202167,0.0,7.5169673
116727,2020-04-14,TA10/63,20.093,5.202167,0.0,7.5169673
116728,2020-04-14,ST07/10,62.5253,5.202167,0.0,7.5169673
116729,2020-04-14,SN00/11,11.0031,5.202167,0.0,7.5169673
116730,2020-04-14,NY63/2,131.59,5.202167,0.0,7.5169673
116731,2020-04-14,SK00/41,131.408,5.202167,0.0,7.5169673
116732,2020-04-15,SU81/1,60.614,8.379251,0.0,5.7953377
116733,2020-04-15,NH95/17,29.701,8.379251,0.0,5.7953377
116734,2020-04-15,SJ15/13,80.4816,8.379251,0.0,5.7953377
116735,2020-04-15,ID30/1,113.87,8.379251,0.0,5.7953377
116736,2020-04-15,NO20/14,38.717,8.379251,0.0,5.7953377
116737,2020-04-15,SE94/5,21.48,8.379251,0.0,5.7953377
116738,2020-04-15,SU01/5B,91.224,8.379251,0.0,5.7953377
116739,2020-04-15,TR14/9,85.802,8.379251,0.0,5.7953377
116740,2020-04-15,SU71/23,52.709,8.379251,0.0,5.7953377
116741,2020-04-15,SY68/34,69.968,8.379251,0.0,5.7953377
116742,2020-04-15,SJ62/235,55.173,8.379251,0.0,5.7953377
116743,2020-04-15,TF03/37,19.672,8.379251,0.0,5.7953377
116744,2020-04-15,TA10/63,20.062,8.379251,0.0,5.7953377
116745,2020-04-15,SK00/41,131.412,8.379251,0.0,5.7953377
116746,2020-04-15,ST07/10,62.1648,8.379251,0.0,5.7953377
116747,2020-04-15,SE95/6,24.331,8.379251,0.0,5.7953377
116748,2020-04-15,SN00/11,10.9275,8.379251,0.0,5.7953377
116749,2020-04-15,NY63/2,131.611,8.379251,0.0,5.7953377
116750,2020-04-16,NH95/17,29.684,9.848001,0.0,11.200678
116751,2020-04-16,SU81/1,60.23,9.848001,0.0,11.200678
116752,2020-04-16,ID30/1,113.83,9.848001,0.0,11.200678
116753,2020-04-16,NO20/14,38.697,9.848001,0.0,11.200678
116754,2020-04-16,SU01/5B,90.949,9.848001,0.0,11.200678
116755,2020-04-16,SU71/23,52.394,9.848001,0.0,11.200678
116756,2020-04-16,SY68/34,69.922,9.848001,0.0,11.200678
116757,2020-04-16,TR14/9,85.729,9.848001,0.0,11.200678
116758,2020-04-16,SJ15/13,80.4952,9.848001,0.0,11.200678
116759,2020-04-16,SJ62/235,55.17,9.848001,0.0,11.200678
116760,2020-04-16,SE94/5,21.427,9.848001,0.0,11.200678
116761,2020-04-16,SE95/6,24.202,9.848001,0.0,11.200678
116762,2020-04-16,TF03/37,19.556,9.848001,0.0,11.200678
116763,2020-04-16,ST07/10,61.7898,9.848001,0.0,11.200678
116764,2020-04-16,TA10/63,20.018,9.848001,0.0,11.200678
116765,2020-04-16,SN00/11,10.8517,9.848001,0.0,11.200678
116766,2020-04-16,NY63/2,131.595,9.848001,0.0,11.200678
116767,2020-04-16,SK00/41,131.414,9.848001,0.0,11.200678
116768,2020-04-17,SJ62/235,55.168,8.045918,0.0,12.835938
116769,2020-04-17,SU81/1,59.852,8.045918,0.0,12.835938
116770,2020-04-17,SU01/5B,90.675,8.045918,0.0,12.835938
116771,2020-04-17,NH95/17,29.681,8.045918,0.0,12.835938
116772,2020-04-17,SJ15/13,80.4841,8.045918,0.0,12.835938
116773,2020-04-17,ID30/1,113.81,8.045918,0.0,12.835938
116774,2020-04-17,NO20/14,38.682,8.045918,0.0,12.835938
116775,2020-04-17,SE94/5,21.371,8.045918,0.0,12.835938
116776,2020-04-17,SU71/23,52.075,8.045918,0.0,12.835938
116777,2020-04-17,TR14/9,85.672,8.045918,0.0,12.835938
116778,2020-04-17,SY68/34,69.877,8.045918,0.0,12.835938
116779,2020-04-17,SK00/41,131.417,8.045918,0.0,12.835938
116780,2020-04-17,ST07/10,61.44,8.045918,0.0,12.835938
116781,2020-04-17,SN00/11,10.7571,8.045918,0.0,12.835938
116782,2020-04-17,SE95/6,24.071,8.045918,0.0,12.835938
116783,2020-04-17,TF03/37,19.451,8.045918,0.0,12.835938
116784,2020-04-17,NY63/2,131.572,8.045918,0.0,12.835938
116785,2020-04-17,TA10/63,19.978,8.045918,0.0,12.835938
116786,2020-04-18,ID30/1,113.78,6.950084,0.0,8.3834095
116787,2020-04-18,SU71/23,51.757,6.950084,0.0,8.3834095
116788,2020-04-18,SJ62/235,55.161,6.950084,0.0,8.3834095
116789,2020-04-18,SU01/5B,90.398,6.950084,0.0,8.3834095
116790,2020-04-18,SU81/1,59.468,6.950084,0.0,8.3834095
116791,2020-04-18,TR14/9,85.575,6.950084,0.0,8.3834095
116792,2020-04-18,SJ15/13,80.4723,6.950084,0.0,8.3834095
116793,2020-04-18,SE94/5,21.315,6.950084,0.0,8.3834095
116794,2020-04-18,NO20/14,38.675,6.950084,0.0,8.3834095
116795,2020-04-18,NH95/17,29.68,6.950084,0.0,8.3834095
116796,2020-04-18,SY68/34,69.828,6.950084,0.0,8.3834095
116797,2020-04-18,SE95/6,23.95,6.950084,0.0,8.3834095
116798,2020-04-18,ST07/10,61.1047,6.950084,0.0,8.3834095
116799,2020-04-18,TA10/63,19.937,6.950084,0.0,8.3834095
116800,2020-04-18,SK00/41,131.412,6.950084,0.0,8.3834095
116801,2020-04-18,TF03/37,19.336,6.950084,0.0,8.3834095
116802,2020-04-18,SN00/11,10.6602,6.950084,0.0,8.3834095
116803,2020-04-18,NY63/2,131.551,6.950084,0.0,8.3834095
116804,2020-04-19,SE94/5,21.256,8.385501,0.0,10.513472
116805,2020-04-19,NH95/17,29.667,8.385501,0.0,10.513472
116806,2020-04-19,SU01/5B,90.119,8.385501,0.0,10.513472
116807,2020-04-19,SJ62/235,55.159,8.385501,0.0,10.513472
116808,2020-04-19,SU81/1,59.087,8.385501,0.0,10.513472
116809,2020-04-19,NO20/14,38.659,8.385501,0.0,10.513472
116810,2020-04-19,SY68/34,69.779,8.385501,0.0,10.513472
116811,2020-04-19,SU71/23,51.435,8.385501,0.0,10.513472
116812,2020-04-19,SJ15/13,80.4571,8.385501,0.0,10.513472
116813,2020-04-19,ID30/1,113.74,8.385501,0.0,10.513472
116814,2020-04-19,TR14/9,85.485,8.385501,0.0,10.513472
116815,2020-04-19,TF03/37,19.25,8.385501,0.0,10.513472
116816,2020-04-19,TA10/63,19.893,8.385501,0.0,10.513472
116817,2020-04-19,SK00/41,131.404,8.385501,0.0,10.513472
116818,2020-04-19,ST07/10,60.795,8.385501,0.0,10.513472
116819,2020-04-19,NY63/2,131.526,8.385501,0.0,10.513472
116820,2020-04-19,SE95/6,23.836,8.385501,0.0,10.513472
116821,2020-04-19,SN00/11,10.5757,8.385501,0.0,10.513472
116822,2020-04-20,TR14/9,85.408,7.964667,0.0,13.8146515
116823,2020-04-20,SJ15/13,80.452,7.964667,0.0,13.8146515
116824,2020-04-20,SU71/23,51.114,7.964667,0.0,13.8146515
116825,2020-04-20,SY68/34,69.729,7.964667,0.0,13.8146515
116826,2020-04-20,NO20/14,38.645,7.964667,0.0,13.8146515
116827,2020-04-20,SU81/1,58.716,7.964667,0.0,13.8146515
116828,2020-04-20,ID30/1,113.73,7.964667,0.0,13.8146515
116829,2020-04-20,SK00/41,131.4,7.964667,0.0,13.8146515
116830,2020-04-20,SE94/5,21.183,7.964667,0.0,13.8146515
116831,2020-04-20,NH95/17,29.651,7.964667,0.0,13.8146515
116832,2020-04-20,TL33/67,81.18,7.964667,0.0,13.8146515
116833,2020-04-20,SJ62/235,55.161,7.964667,0.0,13.8146515
116834,2020-04-20,SU01/5B,89.846,7.964667,0.0,13.8146515
116835,2020-04-20,TF03/37,19.17,7.964667,0.0,13.8146515
116836,2020-04-20,NY63/2,131.517,7.964667,0.0,13.8146515
116837,2020-04-20,TA10/63,19.855,7.964667,0.0,13.8146515
116838,2020-04-20,SN00/11,10.4957,7.964667,0.0,13.8146515
116839,2020-04-20,ST07/10,60.5096,7.964667,0.0,13.8146515
116840,2020-04-20,SE95/6,23.725,7.964667,0.0,13.8146515
116841,2020-04-21,SU01/5B,89.575,9.1917515,0.0,13.336207
116842,2020-04-21,SY68/34,69.677,9.1917515,0.0,13.336207
116843,2020-04-21,SU71/23,50.795,9.1917515,0.0,13.336207
116844,2020-04-21,SE94/5,21.134,9.1917515,0.0,13.336207
116845,2020-04-21,NH95/17,29.646,9.1917515,0.0,13.336207
116846,2020-04-21,SJ62/235,55.157,9.1917515,0.0,13.336207
116847,2020-04-21,TR14/9,85.32,9.1917515,0.0,13.336207
116848,2020-04-21,NO20/14,38.638,9.1917515,0.0,13.336207
116849,2020-04-21,TQ25/86,99.91,9.1917515,0.0,13.336207
116850,2020-04-21,SU81/1,58.344,9.1917515,0.0,13.336207
116851,2020-04-21,SP00/62,101.63,9.1917515,0.0,13.336207
116852,2020-04-21,ID30/1,113.7,9.1917515,0.0,13.336207
116853,2020-04-21,SU17/57,141.287,9.1917515,0.0,13.336207
116854,2020-04-21,TL33/4,79.106,9.1917515,0.0,13.336207
116855,2020-04-21,SJ15/13,80.448,9.1917515,0.0,13.336207
116856,2020-04-21,TA10/63,19.814,9.1917515,0.0,13.336207
116857,2020-04-21,SN00/11,10.4058,9.1917515,0.0,13.336207
116858,2020-04-21,SE95/6,23.615,9.1917515,0.0,13.336207
116859,2020-04-21,ST07/10,60.2327,9.1917515,0.0,13.336207
116860,2020-04-21,SK00/41,131.395,9.1917515,0.0,13.336207
116861,2020-04-21,TF03/37,18.985,9.1917515,0.0,13.336207
116862,2020-04-22,ID30/1,113.65,10.0250845,0.0,9.88675
116863,2020-04-22,NO20/14,38.63,10.0250845,0.0,9.88675
116864,2020-04-22,TR14/9,85.209,10.0250845,0.0,9.88675
116865,2020-04-22,SJ62/235,55.153,10.0250845,0.0,9.88675
116866,2020-04-22,SE94/5,21.073,10.0250845,0.0,9.88675
116867,2020-04-22,SJ15/13,80.4354,10.0250845,0.0,9.88675
116868,2020-04-22,NH95/17,29.64,10.0250845,0.0,9.88675
116869,2020-04-22,SU01/5B,89.305,10.0250845,0.0,9.88675
116870,2020-04-22,SU71/23,50.479,10.0250845,0.0,9.88675
116871,2020-04-22,SU81/1,57.97,10.0250845,0.0,9.88675
116872,2020-04-22,SY68/34,69.623,10.0250845,0.0,9.88675
116873,2020-04-22,TF03/37,18.739,10.0250845,0.0,9.88675
116874,2020-04-22,TA10/63,19.77,10.0250845,0.0,9.88675
116875,2020-04-22,ST07/10,59.9831,10.0250845,0.0,9.88675
116876,2020-04-22,SE95/6,23.506,10.0250845,0.0,9.88675
116877,2020-04-22,SK00/41,131.384,10.0250845,0.0,9.88675
116878,2020-04-22,SN00/11,10.3224,10.0250845,0.0,9.88675
116879,2020-04-23,TR14/9,85.107,11.100083,0.0,5.239854
116880,2020-04-23,NH95/17,29.641,11.100083,0.0,5.239854
116881,2020-04-23,SU71/23,50.172,11.100083,0.0,5.239854
116882,2020-04-23,SY68/34,69.569,11.100083,0.0,5.239854
116883,2020-04-23,ID30/1,113.63,11.100083,0.0,5.239854
116884,2020-04-23,SU01/5B,89.041,11.100083,0.0,5.239854
116885,2020-04-23,NO20/14,38.637,11.100083,0.0,5.239854
116886,2020-04-23,SU81/1,57.608,11.100083,0.0,5.239854
116887,2020-04-23,SE94/5,21.019,11.100083,0.0,5.239854
116888,2020-04-23,SJ15/13,80.4348,11.100083,0.0,5.239854
116889,2020-04-23,SJ62/235,55.158,11.100083,0.0,5.239854
116890,2020-04-23,TF03/37,18.627,11.100083,0.0,5.239854
116891,2020-04-23,TA10/63,19.734,11.100083,0.0,5.239854
116892,2020-04-23,ST07/10,59.7659,11.100083,0.0,5.239854
116893,2020-04-23,SE95/6,23.405,11.100083,0.0,5.239854
116894,2020-04-23,SK00/41,131.384,11.100083,0.0,5.239854
116895,2020-04-23,SN00/11,10.2206,11.100083,0.0,5.239854
116896,2020-04-24,SY68/34,69.514,11.131333,0.0,4.9096193
116897,2020-04-24,TR14/9,85.0,11.131333,0.0,4.9096193
116898,2020-04-24,SE94/5,20.968,11.131333,0.0,4.9096193
116899,2020-04-24,SJ15/13,80.4462,11.131333,0.0,4.9096193
116900,2020-04-24,NO20/14,38.65,11.131333,0.0,4.9096193
116901,2020-04-24,SU01/5B,88.787,11.131333,0.0,4.9096193
116902,2020-04-24,SU71/23,49.872,11.131333,0.0,4.9096193
116903,2020-04-24,ID30/1,113.61,11.131333,0.0,4.9096193
116904,2020-04-24,SU81/1,57.26,11.131333,0.0,4.9096193
116905,2020-04-24,SJ62/235,55.158,11.131333,0.0,4.9096193
116906,2020-04-24,NH95/17,29.638,11.131333,0.0,4.9096193
116907,2020-04-24,TF03/37,18.623,11.131333,0.0,4.9096193
116908,2020-04-24,SK00/41,131.383,11.131333,0.0,4.9096193
116909,2020-04-24,SN00/11,10.1542,11.131333,0.0,4.9096193
116910,2020-04-24,ST07/10,59.5651,11.131333,0.0,4.9096193
116911,2020-04-24,SE95/6,23.308,11.131333,0.0,4.9096193
116912,2020-04-24,TA10/63,19.699,11.131333,0.0,4.9096193
116913,2020-04-25,NH95/17,29.645,11.875081,0.0,8.400015
116914,2020-04-25,TR14/9,84.886,11.875081,0.0,8.400015
116915,2020-04-25,SJ15/13,80.4473,11.875081,0.0,8.400015
116916,2020-04-25,SE94/5,20.902,11.875081,0.0,8.400015
116917,2020-04-25,SU01/5B,88.539,11.875081,0.0,8.400015
116918,2020-04-25,SU81/1,56.919,11.875081,0.0,8.400015
116919,2020-04-25,SY68/34,69.458,11.875081,0.0,8.400015
116920,2020-04-25,ID30/1,113.58,11.875081,0.0,8.400015
116921,2020-04-25,NO20/14,38.651,11.875081,0.0,8.400015
116922,2020-04-25,SJ62/235,55.158,11.875081,0.0,8.400015
116923,2020-04-25,SU71/23,49.574,11.875081,0.0,8.400015
116924,2020-04-25,TA10/63,19.662,11.875081,0.0,8.400015
116925,2020-04-25,SE95/6,23.21,11.875081,0.0,8.400015
116926,2020-04-25,NY63/2,131.508,11.875081,0.0,8.400015
116927,2020-04-25,ST07/10,59.3799,11.875081,0.0,8.400015
116928,2020-04-25,SN00/11,10.0745,11.875081,0.0,8.400015
116929,2020-04-25,TF03/37,18.511,11.875081,0.0,8.400015
116930,2020-04-25,SK00/41,131.387,11.875081,0.0,8.400015
116931,2020-04-26,SU81/1,56.584,9.783417,0.2,8.687257
116932,2020-04-26,ID30/1,113.56,9.783417,0.2,8.687257
116933,2020-04-26,NH95/17,29.652,9.783417,0.2,8.687257
116934,2020-04-26,SU01/5B,88.296,9.783417,0.2,8.687257
116935,2020-04-26,SJ62/235,55.158,9.783417,0.2,8.687257
116936,2020-04-26,SJ15/13,80.4487,9.783417,0.2,8.687257
116937,2020-04-26,NO20/14,38.656,9.783417,0.2,8.687257
116938,2020-04-26,SY68/34,69.402,9.783417,0.2,8.687257
116939,2020-04-26,TR14/9,84.776,9.783417,0.2,8.687257
116940,2020-04-26,SU71/23,49.284,9.783417,0.2,8.687257
116941,2020-04-26,SE94/5,20.861,9.783417,0.2,8.687257
116942,2020-04-26,NY63/2,131.509,9.783417,0.2,8.687257
116943,2020-04-26,TA10/63,19.624,9.783417,0.2,8.687257
116944,2020-04-26,SE95/6,23.129,9.783417,0.2,8.687257
116945,2020-04-26,TF03/37,18.466,9.783417,0.2,8.687257
116946,2020-04-26,ST07/10,59.2082,9.783417,0.2,8.687257
116947,2020-04-26,SN00/11,9.98789,9.783417,0.2,8.687257
116948,2020-04-26,SK00/41,131.389,9.783417,0.2,8.687257
116949,2020-04-27,SJ62/235,55.157,7.629251,0.0,6.644705
116950,2020-04-27,TR14/9,84.669,7.629251,0.0,6.644705
116951,2020-04-27,SY68/34,69.345,7.629251,0.0,6.644705
116952,2020-04-27,TL33/67,81.25,7.629251,0.0,6.644705
116953,2020-04-27,ID30/1,113.55,7.629251,0.0,6.644705
116954,2020-04-27,NO20/14,38.639,7.629251,0.0,6.644705
116955,2020-04-27,SU01/5B,88.056,7.629251,0.0,6.644705
116956,2020-04-27,NH95/17,29.648,7.629251,0.0,6.644705
116957,2020-04-27,SE94/5,20.803,7.629251,0.0,6.644705
116958,2020-04-27,SJ15/13,80.45,7.629251,0.0,6.644705
116959,2020-04-27,SU81/1,56.259,7.629251,0.0,6.644705
116960,2020-04-27,SU71/23,48.991,7.629251,0.0,6.644705
116961,2020-04-27,SN00/11,9.88877,7.629251,0.0,6.644705
116962,2020-04-27,SK00/41,131.393,7.629251,0.0,6.644705
116963,2020-04-27,SE95/6,23.033,7.629251,0.0,6.644705
116964,2020-04-27,NY63/2,131.493,7.629251,0.0,6.644705
116965,2020-04-27,TF03/37,18.377,7.629251,0.0,6.644705
116966,2020-04-27,TA10/63,19.578,7.629251,0.0,6.644705
116967,2020-04-27,ST07/10,59.0434,7.629251,0.0,6.644705
116968,2020-04-28,SP00/62,101.35,7.72925,1.1,7.3870215
116969,2020-04-28,SE95/6,22.946,7.72925,1.1,7.3870215
116970,2020-04-28,SJ15/13,80.454,7.72925,1.1,7.3870215
116971,2020-04-28,TR14/9,84.551,7.72925,1.1,7.3870215
116972,2020-04-28,SE94/5,20.744,7.72925,1.1,7.3870215
116973,2020-04-28,SY68/34,69.29,7.72925,1.1,7.3870215
116974,2020-04-28,SU81/1,55.95,7.72925,1.1,7.3870215
116975,2020-04-28,ID30/1,113.54,7.72925,1.1,7.3870215
116976,2020-04-28,SK00/41,131.395,7.72925,1.1,7.3870215
116977,2020-04-28,TL33/4,79.25,7.72925,1.1,7.3870215
116978,2020-04-28,SJ62/235,55.159,7.72925,1.1,7.3870215
116979,2020-04-28,SU17/57,140.293,7.72925,1.1,7.3870215
116980,2020-04-28,NO20/14,38.63,7.72925,1.1,7.3870215
116981,2020-04-28,TQ25/86,99.83,7.72925,1.1,7.3870215
116982,2020-04-28,SU01/5B,87.821,7.72925,1.1,7.3870215
116983,2020-04-28,SU71/23,48.7,7.72925,1.1,7.3870215
116984,2020-04-28,NH95/17,29.647,7.72925,1.1,7.3870215
116985,2020-04-28,SN00/11,9.81293,7.72925,1.1,7.3870215
116986,2020-04-28,ST07/10,58.922,7.72925,1.1,7.3870215
116987,2020-04-28,TF03/37,18.304,7.72925,1.1,7.3870215
116988,2020-04-28,NY63/2,131.488,7.72925,1.1,7.3870215
116989,2020-04-28,TA10/63,19.536,7.72925,1.1,7.3870215
116990,2020-04-29,SE94/5,20.688,7.2209163,2.5,15.044288
116991,2020-04-29,NO20/14,38.645,7.2209163,2.5,15.044288
116992,2020-04-29,SJ15/13,80.4731,7.2209163,2.5,15.044288
116993,2020-04-29,SY68/34,69.234,7.2209163,2.5,15.044288
116994,2020-04-29,TR14/9,84.444,7.2209163,2.5,15.044288
116995,2020-04-29,ID30/1,113.54,7.2209163,2.5,15.044288
116996,2020-04-29,NH95/17,29.652,7.2209163,2.5,15.044288
116997,2020-04-29,SU01/5B,87.592,7.2209163,2.5,15.044288
116998,2020-04-29,SJ62/235,55.175,7.2209163,2.5,15.044288
116999,2020-04-29,SU71/23,48.435,7.2209163,2.5,15.044288
117000,2020-04-29,SU81/1,55.64,7.2209163,2.5,15.044288
117001,2020-04-29,ST07/10,58.8386,7.2209163,2.5,15.044288
117002,2020-04-29,TF03/37,18.316,7.2209163,2.5,15.044288
117003,2020-04-29,SN00/11,9.74313,7.2209163,2.5,15.044288
117004,2020-04-29,SK00/41,131.403,7.2209163,2.5,15.044288
117005,2020-04-29,SE95/6,22.868,7.2209163,2.5,15.044288
117006,2020-04-29,NY63/2,131.527,7.2209163,2.5,15.044288
117007,2020-04-29,TA10/63,19.51,7.2209163,2.5,15.044288
117008,2020-04-30,SE94/5,20.635,7.952166,2.2999997,13.178506
117009,2020-04-30,TF81/2A,46.31,7.952166,2.2999997,13.178506
117010,2020-04-30,SJ62/235,55.167,7.952166,2.2999997,13.178506
117011,2020-04-30,NH95/17,29.66,7.952166,2.2999997,13.178506
117012,2020-04-30,NO20/14,38.646,7.952166,2.2999997,13.178506
117013,2020-04-30,ID30/1,113.63,7.952166,2.2999997,13.178506
117014,2020-04-30,TR14/9,84.325,7.952166,2.2999997,13.178506
117015,2020-04-30,SJ15/13,80.491,7.952166,2.2999997,13.178506
117016,2020-04-30,TL44/12,40.647,7.952166,2.2999997,13.178506
117017,2020-04-30,SU81/1,55.49,7.952166,2.2999997,13.178506
117018,2020-04-30,SU01/5B,87.369,7.952166,2.2999997,13.178506
117019,2020-04-30,NY63/2,131.522,7.952166,2.2999997,13.178506
117020,2020-04-30,SK00/41,131.414,7.952166,2.2999997,13.178506
117021,2020-04-30,TF03/37,18.302,7.952166,2.2999997,13.178506
117022,2020-04-30,SY68/34,69.184,7.952166,2.2999997,13.178506
117023,2020-04-30,SN00/11,9.67331,7.952166,2.2999997,13.178506
117024,2020-04-30,ST07/10,58.775,7.952166,2.2999997,13.178506
117025,2020-04-30,TA10/63,19.466,7.952166,2.2999997,13.178506
117026,2020-04-30,SU71/23,48.15,7.952166,2.2999997,13.178506
117027,2020-04-30,SE95/6,22.797,7.952166,2.2999997,13.178506
117028,2020-05-01,ID30/1,113.59,7.7688336,7.8999996,9.083104
117029,2020-05-01,SU17/57,139.729,7.7688336,7.8999996,9.083104
117030,2020-05-01,TQ25/86,99.67,7.7688336,7.8999996,9.083104
117031,2020-05-01,SJ62/235,55.142,7.7688336,7.8999996,9.083104
117032,2020-05-01,NO20/14,38.521,7.7688336,7.8999996,9.083104
117033,2020-05-01,TL33/4,79.422,7.7688336,7.8999996,9.083104
117034,2020-05-01,SP00/62,101.27,7.7688336,7.8999996,9.083104
117035,2020-05-01,SJ15/13,80.4532,7.7688336,7.8999996,9.083104
117036,2020-05-01,TR14/9,84.178,7.7688336,7.8999996,9.083104
117037,2020-05-01,NH95/17,29.65,7.7688336,7.8999996,9.083104
117038,2020-05-01,TL33/67,81.111,7.7688336,7.8999996,9.083104
117039,2020-05-01,SK00/41,131.405,7.7688336,7.8999996,9.083104
117040,2020-05-01,SY68/34,69.123,7.7688336,7.8999996,9.083104
117041,2020-05-01,ST07/10,58.6191,7.7688336,7.8999996,9.083104
117042,2020-05-01,SE95/6,22.711,7.7688336,7.8999996,9.083104
117043,2020-05-01,NY63/2,131.451,7.7688336,7.8999996,9.083104
117044,2020-05-01,TA10/63,19.411,7.7688336,7.8999996,9.083104
117045,2020-05-01,SE94/5,20.56,7.7688336,7.8999996,9.083104
117046,2020-05-01,SN00/11,9.6035,7.7688336,7.8999996,9.083104
117047,2020-05-01,TF03/37,18.204,7.7688336,7.8999996,9.083104
117048,2020-05-01,SU71/23,47.875,7.7688336,7.8999996,9.083104
117049,2020-05-01,SU81/1,55.045,7.7688336,7.8999996,9.083104
117050,2020-05-01,SU01/5B,87.143,7.7688336,7.8999996,9.083104
117051,2020-05-02,NH95/17,29.622,9.706334,0.90000004,9.650843
117052,2020-05-02,ID30/1,113.57,9.706334,0.90000004,9.650843
117053,2020-05-02,SJ15/13,80.4026,9.706334,0.90000004,9.650843
117054,2020-05-02,TR14/9,84.041,9.706334,0.90000004,9.650843
117055,2020-05-02,NO20/14,38.402,9.706334,0.90000004,9.650843
117056,2020-05-02,SJ62/235,55.119,9.706334,0.90000004,9.650843
117057,2020-05-02,TA10/63,19.347,9.706334,0.90000004,9.650843
117058,2020-05-02,SU81/1,54.73,9.706334,0.90000004,9.650843
117059,2020-05-02,SN00/11,9.534,9.706334,0.90000004,9.650843
117060,2020-05-02,SU71/23,47.6,9.706334,0.90000004,9.650843
117061,2020-05-02,NY63/2,131.378,9.706334,0.90000004,9.650843
117062,2020-05-02,SU01/5B,86.915,9.706334,0.90000004,9.650843
117063,2020-05-02,SK00/41,131.382,9.706334,0.90000004,9.650843
117064,2020-05-02,ST07/10,58.4728,9.706334,0.90000004,9.650843
117065,2020-05-02,SY68/34,69.062,9.706334,0.90000004,9.650843
117066,2020-05-02,SE94/5,20.472,9.706334,0.90000004,9.650843
117067,2020-05-02,SE95/6,22.633,9.706334,0.90000004,9.650843
117068,2020-05-02,TF03/37,18.107,9.706334,0.90000004,9.650843
117069,2020-05-03,ID30/1,113.56,9.295918,0.6,7.181673
117070,2020-05-03,NH95/17,29.61,9.295918,0.6,7.181673
117071,2020-05-03,SJ15/13,80.3772,9.295918,0.6,7.181673
117072,2020-05-03,SJ62/235,55.115,9.295918,0.6,7.181673
117073,2020-05-03,TR14/9,83.89,9.295918,0.6,7.181673
117074,2020-05-03,NO20/14,38.326,9.295918,0.6,7.181673
117075,2020-05-03,ST07/10,58.331,9.295918,0.6,7.181673
117076,2020-05-03,SU01/5B,86.7,9.295918,0.6,7.181673
117077,2020-05-03,SU81/1,54.432,9.295918,0.6,7.181673
117078,2020-05-03,SE94/5,20.421,9.295918,0.6,7.181673
117079,2020-05-03,TF03/37,18.056,9.295918,0.6,7.181673
117080,2020-05-03,NY63/2,131.351,9.295918,0.6,7.181673
117081,2020-05-03,TA10/63,19.299,9.295918,0.6,7.181673
117082,2020-05-03,SK00/41,131.362,9.295918,0.6,7.181673
117083,2020-05-03,SY68/34,69.003,9.295918,0.6,7.181673
117084,2020-05-03,SE95/6,22.557,9.295918,0.6,7.181673
117085,2020-05-03,SN00/11,9.464,9.295918,0.6,7.181673
117086,2020-05-03,SU71/23,47.332,9.295918,0.6,7.181673
117087,2020-05-04,ID30/1,113.57,8.760501,0.70000005,9.598683
117088,2020-05-04,SU17/57,139.507,8.760501,0.70000005,9.598683
117089,2020-05-04,SJ15/13,80.3594,8.760501,0.70000005,9.598683
117090,2020-05-04,SJ62/235,55.106,8.760501,0.70000005,9.598683
117091,2020-05-04,NO20/14,38.275,8.760501,0.70000005,9.598683
117092,2020-05-04,NH95/17,29.593,8.760501,0.70000005,9.598683
117093,2020-05-04,NY63/2,131.325,8.760501,0.70000005,9.598683
117094,2020-05-04,SU71/23,47.07,8.760501,0.70000005,9.598683
117095,2020-05-04,SK00/41,131.345,8.760501,0.70000005,9.598683
117096,2020-05-04,SU01/5B,86.497,8.760501,0.70000005,9.598683
117097,2020-05-04,TR14/9,83.753,8.760501,0.70000005,9.598683
117098,2020-05-04,SN00/11,9.394,8.760501,0.70000005,9.598683
117099,2020-05-04,TF03/37,17.99,8.760501,0.70000005,9.598683
117100,2020-05-04,TA10/63,19.251,8.760501,0.70000005,9.598683
117101,2020-05-04,SY68/34,68.942,8.760501,0.70000005,9.598683
117102,2020-05-04,SE95/6,22.473,8.760501,0.70000005,9.598683
117103,2020-05-04,ST07/10,58.1838,8.760501,0.70000005,9.598683
117104,2020-05-04,SE94/5,20.356,8.760501,0.70000005,9.598683
117105,2020-05-04,SU81/1,54.13,8.760501,0.70000005,9.598683
117106,2020-05-05,SJ15/13,80.3516,8.373,0.0,10.027592
117107,2020-05-05,NH95/17,29.588,8.373,0.0,10.027592
117108,2020-05-05,TQ25/86,99.44,8.373,0.0,10.027592
117109,2020-05-05,SP00/62,101.13,8.373,0.0,10.027592
117110,2020-05-05,NO20/14,38.25,8.373,0.0,10.027592
117111,2020-05-05,SJ62/235,55.1,8.373,0.0,10.027592
117112,2020-05-05,TL33/67,81.053,8.373,0.0,10.027592
117113,2020-05-05,ID30/1,113.56,8.373,0.0,10.027592
117114,2020-05-05,TL33/4,79.663,8.373,0.0,10.027592
117115,2020-05-05,TF03/37,17.913,8.373,0.0,10.027592
117116,2020-05-05,ST07/10,58.0275,8.373,0.0,10.027592
117117,2020-05-05,SU01/5B,86.309,8.373,0.0,10.027592
117118,2020-05-05,SN00/11,9.324,8.373,0.0,10.027592
117119,2020-05-05,SK00/41,131.332,8.373,0.0,10.027592
117120,2020-05-05,NY63/2,131.318,8.373,0.0,10.027592
117121,2020-05-05,TR14/9,83.607,8.373,0.0,10.027592
117122,2020-05-05,SY68/34,68.88,8.373,0.0,10.027592
117123,2020-05-05,SE95/6,22.396,8.373,0.0,10.027592
117124,2020-05-05,TA10/63,19.207,8.373,0.0,10.027592
117125,2020-05-05,SU71/23,46.767,8.373,0.0,10.027592
117126,2020-05-05,SU81/1,53.838,8.373,0.0,10.027592
117127,2020-05-05,SE94/5,20.294,8.373,0.0,10.027592
117128,2020-05-06,SJ62/235,55.098,9.6188345,0.0,6.86979
117129,2020-05-06,ID30/1,113.54,9.6188345,0.0,6.86979
117130,2020-05-06,SJ15/13,80.3394,9.6188345,0.0,6.86979
117131,2020-05-06,NO20/14,38.23,9.6188345,0.0,6.86979
117132,2020-05-06,NH95/17,29.584,9.6188345,0.0,6.86979
117133,2020-05-06,SN00/11,9.259,9.6188345,0.0,6.86979
117134,2020-05-06,TF03/37,17.805,9.6188345,0.0,6.86979
117135,2020-05-06,ST07/10,57.8867,9.6188345,0.0,6.86979
117136,2020-05-06,SE94/5,20.229,9.6188345,0.0,6.86979
117137,2020-05-06,SE95/6,22.327,9.6188345,0.0,6.86979
117138,2020-05-06,SU81/1,53.548,9.6188345,0.0,6.86979
117139,2020-05-06,TA10/63,19.17,9.6188345,0.0,6.86979
117140,2020-05-06,SY68/34,68.819,9.6188345,0.0,6.86979
117141,2020-05-06,TR14/9,83.446,9.6188345,0.0,6.86979
117142,2020-05-06,SK00/41,131.318,9.6188345,0.0,6.86979
117143,2020-05-06,SU01/5B,86.126,9.6188345,0.0,6.86979
117144,2020-05-06,SU71/23,46.558,9.6188345,0.0,6.86979
117145,2020-05-06,NY63/2,131.316,9.6188345,0.0,6.86979
117146,2020-05-07,ID30/1,113.53,12.250084,0.3,9.292223
117147,2020-05-07,SJ62/235,55.104,12.250084,0.3,9.292223
117148,2020-05-07,NO20/14,38.246,12.250084,0.3,9.292223
117149,2020-05-07,NH95/17,29.591,12.250084,0.3,9.292223
117150,2020-05-07,SJ15/13,80.3512,12.250084,0.3,9.292223
117151,2020-05-07,ST07/10,57.7555,12.250084,0.3,9.292223
117152,2020-05-07,SU01/5B,85.956,12.250084,0.3,9.292223
117153,2020-05-07,SN00/11,9.223,12.250084,0.3,9.292223
117154,2020-05-07,SE95/6,22.271,12.250084,0.3,9.292223
117155,2020-05-07,TA10/63,19.139,12.250084,0.3,9.292223
117156,2020-05-07,SU81/1,53.268,12.250084,0.3,9.292223
117157,2020-05-07,SY68/34,68.76,12.250084,0.3,9.292223
117158,2020-05-07,SE94/5,20.157,12.250084,0.3,9.292223
117159,2020-05-07,SK00/41,131.316,12.250084,0.3,9.292223
117160,2020-05-07,NY63/2,131.337,12.250084,0.3,9.292223
117161,2020-05-07,TR14/9,83.303,12.250084,0.3,9.292223
117162,2020-05-07,TF03/37,17.712,12.250084,0.3,9.292223
117163,2020-05-07,SU71/23,46.312,12.250084,0.3,9.292223
117164,2020-05-08,SJ15/13,80.3597,13.2125845,0.2,8.237892
117165,2020-05-08,NH95/17,29.584,13.2125845,0.2,8.237892
117166,2020-05-08,NO20/14,38.233,13.2125845,0.2,8.237892
117167,2020-05-08,ID30/1,113.5,13.2125845,0.2,8.237892
117168,2020-05-08,SJ62/235,55.102,13.2125845,0.2,8.237892
117169,2020-05-08,SY68/34,68.701,13.2125845,0.2,8.237892
117170,2020-05-08,NY63/2,131.333,13.2125845,0.2,8.237892
117171,2020-05-08,SE95/6,22.205,13.2125845,0.2,8.237892
117172,2020-05-08,SU81/1,52.998,13.2125845,0.2,8.237892
117173,2020-05-08,SU01/5B,85.795,13.2125845,0.2,8.237892
117174,2020-05-08,SK00/41,131.321,13.2125845,0.2,8.237892
117175,2020-05-08,ST07/10,57.6186,13.2125845,0.2,8.237892
117176,2020-05-08,SN00/11,9.155,13.2125845,0.2,8.237892
117177,2020-05-08,TR14/9,83.157,13.2125845,0.2,8.237892
117178,2020-05-08,SE94/5,20.106,13.2125845,0.2,8.237892
117179,2020-05-08,TF03/37,17.619,13.2125845,0.2,8.237892
117180,2020-05-08,SU71/23,46.067,13.2125845,0.2,8.237892
117181,2020-05-08,TA10/63,19.1,13.2125845,0.2,8.237892
117182,2020-05-09,SJ62/235,55.106,14.177166,0.90000004,4.193729
117183,2020-05-09,SJ15/13,80.3699,14.177166,0.90000004,4.193729
117184,2020-05-09,NH95/17,29.588,14.177166,0.90000004,4.193729
117185,2020-05-09,NO20/14,38.207,14.177166,0.90000004,4.193729
117186,2020-05-09,ID30/1,113.49,14.177166,0.90000004,4.193729
117187,2020-05-09,SK00/41,131.328,14.177166,0.90000004,4.193729
117188,2020-05-09,SN00/11,9.091,14.177166,0.90000004,4.193729
117189,2020-05-09,SE95/6,22.142,14.177166,0.90000004,4.193729
117190,2020-05-09,TR14/9,83.032,14.177166,0.90000004,4.193729
117191,2020-05-09,SU81/1,52.741,14.177166,0.90000004,4.193729
117192,2020-05-09,TA10/63,19.062,14.177166,0.90000004,4.193729
117193,2020-05-09,ST07/10,57.4874,14.177166,0.90000004,4.193729
117194,2020-05-09,TF03/37,17.553,14.177166,0.90000004,4.193729
117195,2020-05-09,SE94/5,20.034,14.177166,0.90000004,4.193729
117196,2020-05-09,SU01/5B,85.64,14.177166,0.90000004,4.193729
117197,2020-05-09,SU71/23,45.833,14.177166,0.90000004,4.193729
117198,2020-05-09,SY68/34,68.644,14.177166,0.90000004,4.193729
117199,2020-05-09,NY63/2,131.342,14.177166,0.90000004,4.193729
117200,2020-05-10,NH95/17,29.577,6.637584,0.7,20.778822
117201,2020-05-10,ID30/1,113.46,6.637584,0.7,20.778822
117202,2020-05-10,SJ15/13,80.3618,6.637584,0.7,20.778822
117203,2020-05-10,NO20/14,38.153,6.637584,0.7,20.778822
117204,2020-05-10,SJ62/235,55.078,6.637584,0.7,20.778822
117205,2020-05-10,SU81/1,52.489,6.637584,0.7,20.778822
117206,2020-05-10,SN00/11,9.005,6.637584,0.7,20.778822
117207,2020-05-10,SE94/5,19.98,6.637584,0.7,20.778822
117208,2020-05-10,TA10/63,19.004,6.637584,0.7,20.778822
117209,2020-05-10,SK00/41,131.327,6.637584,0.7,20.778822
117210,2020-05-10,NY63/2,131.282,6.637584,0.7,20.778822
117211,2020-05-10,ST07/10,57.3438,6.637584,0.7,20.778822
117212,2020-05-10,SU01/5B,85.484,6.637584,0.7,20.778822
117213,2020-05-10,TF03/37,17.456,6.637584,0.7,20.778822
117214,2020-05-10,TR14/9,82.878,6.637584,0.7,20.778822
117215,2020-05-10,SU71/23,45.596,6.637584,0.7,20.778822
117216,2020-05-10,SY68/34,68.584,6.637584,0.7,20.778822
117217,2020-05-10,SE95/6,22.058,6.637584,0.7,20.778822
117218,2020-05-11,NH95/17,29.568,5.6105,0.0,12.508059
117219,2020-05-11,ID30/1,113.43,5.6105,0.0,12.508059
117220,2020-05-11,SJ15/13,80.3259,5.6105,0.0,12.508059
117221,2020-05-11,NO20/14,38.129,5.6105,0.0,12.508059
117222,2020-05-11,SJ62/235,55.072,5.6105,0.0,12.508059
117223,2020-05-11,SU17/57,138.593,5.6105,0.0,12.508059
117224,2020-05-11,TF03/37,17.365,5.6105,0.0,12.508059
117225,2020-05-11,NY63/2,131.264,5.6105,0.0,12.508059
117226,2020-05-11,SY68/34,68.524,5.6105,0.0,12.508059
117227,2020-05-11,SU01/5B,85.318,5.6105,0.0,12.508059
117228,2020-05-11,TR14/9,82.696,5.6105,0.0,12.508059
117229,2020-05-11,SE94/5,19.913,5.6105,0.0,12.508059
117230,2020-05-11,SU81/1,52.213,5.6105,0.0,12.508059
117231,2020-05-11,SN00/11,8.928,5.6105,0.0,12.508059
117232,2020-05-11,ST07/10,57.2167,5.6105,0.0,12.508059
117233,2020-05-11,SK00/41,131.312,5.6105,0.0,12.508059
117234,2020-05-11,SE95/6,21.992,5.6105,0.0,12.508059
117235,2020-05-11,SU71/23,45.355,5.6105,0.0,12.508059
117236,2020-05-11,TA10/63,18.962,5.6105,0.0,12.508059
117237,2020-05-12,SP00/62,100.93,7.1167507,1.2,13.468527
117238,2020-05-12,SJ62/235,55.075,7.1167507,1.2,13.468527
117239,2020-05-12,SJ15/13,80.3326,7.1167507,1.2,13.468527
117240,2020-05-12,TL33/67,80.94,7.1167507,1.2,13.468527
117241,2020-05-12,TQ25/86,99.17,7.1167507,1.2,13.468527
117242,2020-05-12,ID30/1,113.39,7.1167507,1.2,13.468527
117243,2020-05-12,NH95/17,29.582,7.1167507,1.2,13.468527
117244,2020-05-12,NO20/14,38.142,7.1167507,1.2,13.468527
117245,2020-05-12,TL33/4,79.838,7.1167507,1.2,13.468527
117246,2020-05-12,ST07/10,57.1092,7.1167507,1.2,13.468527
117247,2020-05-12,SE94/5,19.82,7.1167507,1.2,13.468527
117248,2020-05-12,SU71/23,45.122,7.1167507,1.2,13.468527
117249,2020-05-12,TR14/9,82.551,7.1167507,1.2,13.468527
117250,2020-05-12,NY63/2,131.29,7.1167507,1.2,13.468527
117251,2020-05-12,SU01/5B,85.155,7.1167507,1.2,13.468527
117252,2020-05-12,TA10/63,18.93,7.1167507,1.2,13.468527
117253,2020-05-12,SK00/41,131.309,7.1167507,1.2,13.468527
117254,2020-05-12,SN00/11,8.869,7.1167507,1.2,13.468527
117255,2020-05-12,SU81/1,51.962,7.1167507,1.2,13.468527
117256,2020-05-12,TF03/37,17.321,7.1167507,1.2,13.468527
117257,2020-05-12,SY68/34,68.465,7.1167507,1.2,13.468527
117258,2020-05-12,SE95/6,21.942,7.1167507,1.2,13.468527
117259,2020-05-13,ID30/1,113.4,5.54175,0.0,9.523506
117260,2020-05-13,SJ62/235,55.065,5.54175,0.0,9.523506
117261,2020-05-13,NO20/14,38.107,5.54175,0.0,9.523506
117262,2020-05-13,NH95/17,29.572,5.54175,0.0,9.523506
117263,2020-05-13,SJ15/13,80.3357,5.54175,0.0,9.523506
117264,2020-05-13,TF03/37,17.136,5.54175,0.0,9.523506
117265,2020-05-13,SN00/11,8.791,5.54175,0.0,9.523506
117266,2020-05-13,SY68/34,68.408,5.54175,0.0,9.523506
117267,2020-05-13,SU81/1,51.719,5.54175,0.0,9.523506
117268,2020-05-13,SU71/23,44.895,5.54175,0.0,9.523506
117269,2020-05-13,SE94/5,19.747,5.54175,0.0,9.523506
117270,2020-05-13,SE95/6,21.873,5.54175,0.0,9.523506
117271,2020-05-13,TA10/63,18.88,5.54175,0.0,9.523506
117272,2020-05-13,NY63/2,131.255,5.54175,0.0,9.523506
117273,2020-05-13,SK00/41,131.307,5.54175,0.0,9.523506
117274,2020-05-13,SU01/5B,84.993,5.54175,0.0,9.523506
117275,2020-05-13,ST07/10,56.9782,5.54175,0.0,9.523506
117276,2020-05-13,TR14/9,82.394,5.54175,0.0,9.523506
117277,2020-05-14,SJ62/235,55.058,7.6688347,0.0,10.528633
117278,2020-05-14,SJ15/13,80.3156,7.6688347,0.0,10.528633
117279,2020-05-14,ID30/1,113.36,7.6688347,0.0,10.528633
117280,2020-05-14,NO20/14,38.089,7.6688347,0.0,10.528633
117281,2020-05-14,NH95/17,29.569,7.6688347,0.0,10.528633
117282,2020-05-14,TR14/9,82.225,7.6688347,0.0,10.528633
117283,2020-05-14,SU81/1,51.47,7.6688347,0.0,10.528633
117284,2020-05-14,ST07/10,56.8641,7.6688347,0.0,10.528633
117285,2020-05-14,TL44/12,40.608,7.6688347,0.0,10.528633
117286,2020-05-14,SN00/11,8.725,7.6688347,0.0,10.528633
117287,2020-05-14,SY68/34,68.349,7.6688347,0.0,10.528633
117288,2020-05-14,SE94/5,19.701,7.6688347,0.0,10.528633
117289,2020-05-14,SK00/41,131.297,7.6688347,0.0,10.528633
117290,2020-05-14,SU71/23,44.663,7.6688347,0.0,10.528633
117291,2020-05-14,SE95/6,21.826,7.6688347,0.0,10.528633
117292,2020-05-14,SU01/5B,84.823,7.6688347,0.0,10.528633
117293,2020-05-14,TF03/37,16.884,7.6688347,0.0,10.528633
117294,2020-05-14,TA10/63,18.84,7.6688347,0.0,10.528633
117295,2020-05-14,NY63/2,131.242,7.6688347,0.0,10.528633
117296,2020-05-15,NH95/17,29.558,8.748,0.0,12.72858
117297,2020-05-15,ID30/1,113.33,8.748,0.0,12.72858
117298,2020-05-15,SJ62/235,54.928,8.748,0.0,12.72858
117299,2020-05-15,NO20/14,38.065,8.748,0.0,12.72858
117300,2020-05-15,SJ15/13,80.3083,8.748,0.0,12.72858
117301,2020-05-15,SN00/11,8.656,8.748,0.0,12.72858
117302,2020-05-15,SE94/5,19.653,8.748,0.0,12.72858
117303,2020-05-15,SK00/41,131.289,8.748,0.0,12.72858
117304,2020-05-15,SU81/1,51.223,8.748,0.0,12.72858
117305,2020-05-15,ST07/10,56.7571,8.748,0.0,12.72858
117306,2020-05-15,TL44/12,40.576,8.748,0.0,12.72858
117307,2020-05-15,SY68/34,68.292,8.748,0.0,12.72858
117308,2020-05-15,SE95/6,21.77,8.748,0.0,12.72858
117309,2020-05-15,SU71/23,44.438,8.748,0.0,12.72858
117310,2020-05-15,SU01/5B,84.649,8.748,0.0,12.72858
117311,2020-05-15,TF03/37,16.692,8.748,0.0,12.72858
117312,2020-05-15,TR14/9,82.056,8.748,0.0,12.72858
117313,2020-05-15,TA10/63,18.8,8.748,0.0,12.72858
117314,2020-05-15,NY63/2,131.237,8.748,0.0,12.72858
117315,2020-05-16,NO20/14,38.055,9.525083,0.70000005,13.480969
117316,2020-05-16,NH95/17,29.555,9.525083,0.70000005,13.480969
117317,2020-05-16,ID30/1,113.31,9.525083,0.70000005,13.480969
117318,2020-05-16,SJ62/235,54.993,9.525083,0.70000005,13.480969
117319,2020-05-16,SJ15/13,80.309,9.525083,0.70000005,13.480969
117320,2020-05-16,SK00/41,131.284,9.525083,0.70000005,13.480969
117321,2020-05-16,TF03/37,16.54,9.525083,0.70000005,13.480969
117322,2020-05-16,TR14/9,81.885,9.525083,0.70000005,13.480969
117323,2020-05-16,SU01/5B,84.476,9.525083,0.70000005,13.480969
117324,2020-05-16,SE94/5,19.591,9.525083,0.70000005,13.480969
117325,2020-05-16,NY63/2,131.237,9.525083,0.70000005,13.480969
117326,2020-05-16,SU71/23,44.215,9.525083,0.70000005,13.480969
117327,2020-05-16,SN00/11,8.599,9.525083,0.70000005,13.480969
117328,2020-05-16,SE95/6,21.716,9.525083,0.70000005,13.480969
117329,2020-05-16,ST07/10,56.6574,9.525083,0.70000005,13.480969
117330,2020-05-16,SU81/1,50.984,9.525083,0.70000005,13.480969
117331,2020-05-16,SY68/34,68.235,9.525083,0.70000005,13.480969
117332,2020-05-16,TA10/63,18.758,9.525083,0.70000005,13.480969
117333,2020-05-16,TL44/12,40.537,9.525083,0.70000005,13.480969
117334,2020-05-17,SJ15/13,80.311,11.383418,1.4000002,13.585632
117335,2020-05-17,ID30/1,113.31,11.383418,1.4000002,13.585632
117336,2020-05-17,NH95/17,29.548,11.383418,1.4000002,13.585632
117337,2020-05-17,NO20/14,38.045,11.383418,1.4000002,13.585632
117338,2020-05-17,SJ62/235,55.009,11.383418,1.4000002,13.585632
117339,2020-05-17,SY68/34,68.18,11.383418,1.4000002,13.585632
117340,2020-05-17,SU81/1,50.749,11.383418,1.4000002,13.585632
117341,2020-05-17,SU71/23,43.993,11.383418,1.4000002,13.585632
117342,2020-05-17,SE95/6,21.662,11.383418,1.4000002,13.585632
117343,2020-05-17,ST07/10,56.5544,11.383418,1.4000002,13.585632
117344,2020-05-17,SK00/41,131.282,11.383418,1.4000002,13.585632
117345,2020-05-17,SU01/5B,84.299,11.383418,1.4000002,13.585632
117346,2020-05-17,SE94/5,19.53,11.383418,1.4000002,13.585632
117347,2020-05-17,TR14/9,81.719,11.383418,1.4000002,13.585632
117348,2020-05-17,TA10/63,18.716,11.383418,1.4000002,13.585632
117349,2020-05-17,TL44/12,40.507,11.383418,1.4000002,13.585632
117350,2020-05-17,TF03/37,16.579,11.383418,1.4000002,13.585632
117351,2020-05-17,NY63/2,131.235,11.383418,1.4000002,13.585632
117352,2020-05-17,SN00/11,8.544,11.383418,1.4000002,13.585632
117353,2020-05-18,ID30/1,113.32,12.30425,1.7000002,14.706846
117354,2020-05-18,SU17/57,137.819,12.30425,1.7000002,14.706846
117355,2020-05-18,NO20/14,38.025,12.30425,1.7000002,14.706846
117356,2020-05-18,NH95/17,29.552,12.30425,1.7000002,14.706846
117357,2020-05-18,SJ62/235,55.011,12.30425,1.7000002,14.706846
117358,2020-05-18,SJ15/13,80.3093,12.30425,1.7000002,14.706846
117359,2020-05-18,SE95/6,21.608,12.30425,1.7000002,14.706846
117360,2020-05-18,SY68/34,68.124,12.30425,1.7000002,14.706846
117361,2020-05-18,ST07/10,56.4479,12.30425,1.7000002,14.706846
117362,2020-05-18,SU81/1,50.517,12.30425,1.7000002,14.706846
117363,2020-05-18,SU71/23,43.776,12.30425,1.7000002,14.706846
117364,2020-05-18,SN00/11,8.492,12.30425,1.7000002,14.706846
117365,2020-05-18,SK00/41,131.28,12.30425,1.7000002,14.706846
117366,2020-05-18,TA10/63,18.675,12.30425,1.7000002,14.706846
117367,2020-05-18,SE94/5,19.469,12.30425,1.7000002,14.706846
117368,2020-05-18,TL44/12,40.471,12.30425,1.7000002,14.706846
117369,2020-05-18,TF03/37,16.572,12.30425,1.7000002,14.706846
117370,2020-05-18,SU01/5B,84.122,12.30425,1.7000002,14.706846
117371,2020-05-18,NY63/2,131.224,12.30425,1.7000002,14.706846
117372,2020-05-18,TR14/9,81.555,12.30425,1.7000002,14.706846
117373,2020-05-19,NO20/14,37.992,13.8375845,4.799999,10.983036
117374,2020-05-19,ID30/1,113.36,13.8375845,4.799999,10.983036
117375,2020-05-19,TL33/4,79.949,13.8375845,4.799999,10.983036
117376,2020-05-19,TQ25/86,98.86,13.8375845,4.799999,10.983036
117377,2020-05-19,SP00/62,100.75,13.8375845,4.799999,10.983036
117378,2020-05-19,TL33/67,80.732,13.8375845,4.799999,10.983036
117379,2020-05-19,SJ15/13,80.3015,13.8375845,4.799999,10.983036
117380,2020-05-19,SJ62/235,55.01,13.8375845,4.799999,10.983036
117381,2020-05-19,NH95/17,29.53,13.8375845,4.799999,10.983036
117382,2020-05-19,SY68/34,68.07,13.8375845,4.799999,10.983036
117383,2020-05-19,NY63/2,131.204,13.8375845,4.799999,10.983036
117384,2020-05-19,TR14/9,81.395,13.8375845,4.799999,10.983036
117385,2020-05-19,SK00/41,131.277,13.8375845,4.799999,10.983036
117386,2020-05-19,SE95/6,21.564,13.8375845,4.799999,10.983036
117387,2020-05-19,TA10/63,18.632,13.8375845,4.799999,10.983036
117388,2020-05-19,TF03/37,16.501,13.8375845,4.799999,10.983036
117389,2020-05-19,SU01/5B,83.946,13.8375845,4.799999,10.983036
117390,2020-05-19,TL44/12,40.442,13.8375845,4.799999,10.983036
117391,2020-05-19,ST07/10,56.352,13.8375845,4.799999,10.983036
117392,2020-05-19,SU81/1,50.297,13.8375845,4.799999,10.983036
117393,2020-05-19,SN00/11,8.441,13.8375845,4.799999,10.983036
117394,2020-05-19,SE94/5,19.407,13.8375845,4.799999,10.983036
117395,2020-05-19,SU71/23,43.565,13.8375845,4.799999,10.983036
117396,2020-05-20,ID30/1,113.36,16.000082,0.0,9.468413
117397,2020-05-20,NO20/14,37.976,16.000082,0.0,9.468413
117398,2020-05-20,SJ62/235,55.017,16.000082,0.0,9.468413
117399,2020-05-20,SJ15/13,80.3053,16.000082,0.0,9.468413
117400,2020-05-20,NH95/17,29.525,16.000082,0.0,9.468413
117401,2020-05-20,SE95/6,21.517,16.000082,0.0,9.468413
117402,2020-05-20,SU81/1,50.082,16.000082,0.0,9.468413
117403,2020-05-20,SU01/5B,83.774,16.000082,0.0,9.468413
117404,2020-05-20,SY68/34,68.014,16.000082,0.0,9.468413
117405,2020-05-20,SN00/11,8.395,16.000082,0.0,9.468413
117406,2020-05-20,TR14/9,81.235,16.000082,0.0,9.468413
117407,2020-05-20,SE94/5,19.335,16.000082,0.0,9.468413
117408,2020-05-20,TL44/12,40.415,16.000082,0.0,9.468413
117409,2020-05-20,TF03/37,16.44,16.000082,0.0,9.468413
117410,2020-05-20,TA10/63,18.595,16.000082,0.0,9.468413
117411,2020-05-20,ST07/10,56.2506,16.000082,0.0,9.468413
117412,2020-05-20,NY63/2,131.209,16.000082,0.0,9.468413
117413,2020-05-20,SU71/23,43.357,16.000082,0.0,9.468413
117414,2020-05-20,SK00/41,131.278,16.000082,0.0,9.468413
117415,2020-05-21,SJ62/235,55.023,14.141751,1.0,11.0406275
117416,2020-05-21,SJ15/13,80.3073,14.141751,1.0,11.0406275
117417,2020-05-21,NH95/17,29.523,14.141751,1.0,11.0406275
117418,2020-05-21,NO20/14,37.954,14.141751,1.0,11.0406275
117419,2020-05-21,ID30/1,113.35,14.141751,1.0,11.0406275
117420,2020-05-21,SU71/23,43.151,14.141751,1.0,11.0406275
117421,2020-05-21,TF03/37,16.48,14.141751,1.0,11.0406275
117422,2020-05-21,SE94/5,19.285,14.141751,1.0,11.0406275
117423,2020-05-21,SU01/5B,83.603,14.141751,1.0,11.0406275
117424,2020-05-21,SK00/41,131.279,14.141751,1.0,11.0406275
117425,2020-05-21,SU81/1,49.877,14.141751,1.0,11.0406275
117426,2020-05-21,SN00/11,8.357,14.141751,1.0,11.0406275
117427,2020-05-21,NY63/2,131.221,14.141751,1.0,11.0406275
117428,2020-05-21,ST07/10,56.1571,14.141751,1.0,11.0406275
117429,2020-05-21,TL44/12,40.392,14.141751,1.0,11.0406275
117430,2020-05-21,TR14/9,81.102,14.141751,1.0,11.0406275
117431,2020-05-21,SY68/34,67.961,14.141751,1.0,11.0406275
117432,2020-05-21,TA10/63,18.558,14.141751,1.0,11.0406275
117433,2020-05-21,SE95/6,21.465,14.141751,1.0,11.0406275
117434,2020-05-22,SJ62/235,55.01,13.106332,9.600003,29.333227
117435,2020-05-22,SJ15/13,80.3261,13.106332,9.600003,29.333227
117436,2020-05-22,NO20/14,37.978,13.106332,9.600003,29.333227
117437,2020-05-22,NH95/17,29.56,13.106332,9.600003,29.333227
117438,2020-05-22,ID30/1,113.39,13.106332,9.600003,29.333227
117439,2020-05-22,TF81/2A,45.26,13.106332,9.600003,29.333227
117440,2020-05-22,SN00/11,8.319,13.106332,9.600003,29.333227
117441,2020-05-22,SK00/41,131.278,13.106332,9.600003,29.333227
117442,2020-05-22,ST07/10,56.0485,13.106332,9.600003,29.333227
117443,2020-05-22,TA10/63,18.517,13.106332,9.600003,29.333227
117444,2020-05-22,SU71/23,42.945,13.106332,9.600003,29.333227
117445,2020-05-22,SY68/34,67.906,13.106332,9.600003,29.333227
117446,2020-05-22,SE95/6,21.417,13.106332,9.600003,29.333227
117447,2020-05-22,TR14/9,80.944,13.106332,9.600003,29.333227
117448,2020-05-22,SU81/1,49.67,13.106332,9.600003,29.333227
117449,2020-05-22,TL44/12,40.348,13.106332,9.600003,29.333227
117450,2020-05-22,SU01/5B,83.431,13.106332,9.600003,29.333227
117451,2020-05-22,NY63/2,131.231,13.106332,9.600003,29.333227
117452,2020-05-22,TF03/37,16.377,13.106332,9.600003,29.333227
117453,2020-05-22,SE94/5,19.225,13.106332,9.600003,29.333227
117454,2020-05-23,SJ15/13,80.294,10.758418,1.5000001,26.78231
117455,2020-05-23,SJ62/235,54.986,10.758418,1.5000001,26.78231
117456,2020-05-23,ID30/1,113.35,10.758418,1.5000001,26.78231
117457,2020-05-23,NH95/17,29.524,10.758418,1.5000001,26.78231
117458,2020-05-23,NO20/14,37.945,10.758418,1.5000001,26.78231
117459,2020-05-23,SU01/5B,83.251,10.758418,1.5000001,26.78231
117460,2020-05-23,TA10/63,18.464,10.758418,1.5000001,26.78231
117461,2020-05-23,SU81/1,49.462,10.758418,1.5000001,26.78231
117462,2020-05-23,SK00/41,131.269,10.758418,1.5000001,26.78231
117463,2020-05-23,TL44/12,40.292,10.758418,1.5000001,26.78231
117464,2020-05-23,ST07/10,55.9431,10.758418,1.5000001,26.78231
117465,2020-05-23,NY63/2,131.174,10.758418,1.5000001,26.78231
117466,2020-05-23,SE94/5,19.141,10.758418,1.5000001,26.78231
117467,2020-05-23,TF03/37,16.256,10.758418,1.5000001,26.78231
117468,2020-05-23,TR14/9,80.78,10.758418,1.5000001,26.78231
117469,2020-05-23,SN00/11,8.26,10.758418,1.5000001,26.78231
117470,2020-05-23,SU71/23,42.735,10.758418,1.5000001,26.78231
117471,2020-05-23,SE95/6,21.363,10.758418,1.5000001,26.78231
117472,2020-05-23,SY68/34,67.85,10.758418,1.5000001,26.78231
117473,2020-05-24,ID30/1,113.35,12.377166,3.1,18.393518
117474,2020-05-24,SJ62/235,54.97,12.377166,3.1,18.393518
117475,2020-05-24,NH95/17,29.499,12.377166,3.1,18.393518
117476,2020-05-24,SJ15/13,80.2495,12.377166,3.1,18.393518
117477,2020-05-24,NO20/14,37.868,12.377166,3.1,18.393518
117478,2020-05-24,SE94/5,19.088,12.377166,3.1,18.393518
117479,2020-05-24,SN00/11,8.212,12.377166,3.1,18.393518
117480,2020-05-24,SU71/23,42.528,12.377166,3.1,18.393518
117481,2020-05-24,SU81/1,49.247,12.377166,3.1,18.393518
117482,2020-05-24,TA10/63,18.408,12.377166,3.1,18.393518
117483,2020-05-24,TL44/12,40.24,12.377166,3.1,18.393518
117484,2020-05-24,NY63/2,131.105,12.377166,3.1,18.393518
117485,2020-05-24,SU01/5B,83.069,12.377166,3.1,18.393518
117486,2020-05-24,ST07/10,55.8609,12.377166,3.1,18.393518
117487,2020-05-24,SE95/6,21.314,12.377166,3.1,18.393518
117488,2020-05-24,TR14/9,80.614,12.377166,3.1,18.393518
117489,2020-05-24,SY68/34,67.796,12.377166,3.1,18.393518
117490,2020-05-24,TF03/37,16.183,12.377166,3.1,18.393518
117491,2020-05-24,SK00/41,131.251,12.377166,3.1,18.393518
117492,2020-05-25,NH95/17,29.486,12.708416,0.0,12.929634
117493,2020-05-25,ID30/1,113.34,12.708416,0.0,12.929634
117494,2020-05-25,NO20/14,37.829,12.708416,0.0,12.929634
117495,2020-05-25,TL33/67,80.632,12.708416,0.0,12.929634
117496,2020-05-25,SJ15/13,80.2316,12.708416,0.0,12.929634
117497,2020-05-25,SJ62/235,54.968,12.708416,0.0,12.929634
117498,2020-05-25,SU17/57,137.235,12.708416,0.0,12.929634
117499,2020-05-25,TL44/12,40.192,12.708416,0.0,12.929634
117500,2020-05-25,TF03/37,16.062,12.708416,0.0,12.929634
117501,2020-05-25,SN00/11,8.179,12.708416,0.0,12.929634
117502,2020-05-25,SU71/23,42.325,12.708416,0.0,12.929634
117503,2020-05-25,SE95/6,21.277,12.708416,0.0,12.929634
117504,2020-05-25,SE94/5,19.006,12.708416,0.0,12.929634
117505,2020-05-25,SU81/1,49.041,12.708416,0.0,12.929634
117506,2020-05-25,TR14/9,80.453,12.708416,0.0,12.929634
117507,2020-05-25,ST07/10,55.8042,12.708416,0.0,12.929634
117508,2020-05-25,SY68/34,67.741,12.708416,0.0,12.929634
117509,2020-05-25,TA10/63,18.368,12.708416,0.0,12.929634
117510,2020-05-25,NY63/2,131.098,12.708416,0.0,12.929634
117511,2020-05-25,SK00/41,131.234,12.708416,0.0,12.929634
117512,2020-05-25,SU01/5B,82.893,12.708416,0.0,12.929634
117513,2020-05-26,NO20/14,37.793,13.562583,0.2,9.594995
117514,2020-05-26,TQ25/86,98.61,13.562583,0.2,9.594995
117515,2020-05-26,NH95/17,29.475,13.562583,0.2,9.594995
117516,2020-05-26,SP00/62,100.62,13.562583,0.2,9.594995
117517,2020-05-26,SJ15/13,80.2211,13.562583,0.2,9.594995
117518,2020-05-26,TL33/4,79.995,13.562583,0.2,9.594995
117519,2020-05-26,SJ62/235,54.96,13.562583,0.2,9.594995
117520,2020-05-26,ID30/1,113.32,13.562583,0.2,9.594995
117521,2020-05-26,SU81/1,48.847,13.562583,0.2,9.594995
117522,2020-05-26,TF03/37,15.907,13.562583,0.2,9.594995
117523,2020-05-26,SU01/5B,82.719,13.562583,0.2,9.594995
117524,2020-05-26,TA10/63,18.325,13.562583,0.2,9.594995
117525,2020-05-26,ST07/10,55.7186,13.562583,0.2,9.594995
117526,2020-05-26,SU71/23,42.129,13.562583,0.2,9.594995
117527,2020-05-26,SE94/5,18.96,13.562583,0.2,9.594995
117528,2020-05-26,TR14/9,80.295,13.562583,0.2,9.594995
117529,2020-05-26,SK00/41,131.221,13.562583,0.2,9.594995
117530,2020-05-26,SE95/6,21.227,13.562583,0.2,9.594995
117531,2020-05-26,TL44/12,40.145,13.562583,0.2,9.594995
117532,2020-05-26,SY68/34,67.687,13.562583,0.2,9.594995
117533,2020-05-26,SN00/11,8.14,13.562583,0.2,9.594995
117534,2020-05-26,NY63/2,131.083,13.562583,0.2,9.594995
117535,2020-05-27,SJ62/235,54.959,13.331334,0.0,6.2218113
117536,2020-05-27,NO20/14,37.674,13.331334,0.0,6.2218113
117537,2020-05-27,NH95/17,29.47,13.331334,0.0,6.2218113
117538,2020-05-27,SJ15/13,80.2199,13.331334,0.0,6.2218113
117539,2020-05-27,ID30/1,113.33,13.331334,0.0,6.2218113
117540,2020-05-27,TA10/63,18.306,13.331334,0.0,6.2218113
117541,2020-05-27,TL44/12,40.108,13.331334,0.0,6.2218113
117542,2020-05-27,TF03/37,15.796,13.331334,0.0,6.2218113
117543,2020-05-27,SU71/23,41.935,13.331334,0.0,6.2218113
117544,2020-05-27,NY63/2,131.084,13.331334,0.0,6.2218113
117545,2020-05-27,SN00/11,8.104,13.331334,0.0,6.2218113
117546,2020-05-27,SU01/5B,82.545,13.331334,0.0,6.2218113
117547,2020-05-27,SY68/34,67.635,13.331334,0.0,6.2218113
117548,2020-05-27,SK00/41,131.213,13.331334,0.0,6.2218113
117549,2020-05-27,ST07/10,55.6231,13.331334,0.0,6.2218113
117550,2020-05-27,SU81/1,48.657,13.331334,0.0,6.2218113
117551,2020-05-27,SE95/6,21.17,13.331334,0.0,6.2218113
117552,2020-05-27,SE94/5,18.899,13.331334,0.0,6.2218113
117553,2020-05-27,TR14/9,80.128,13.331334,0.0,6.2218113
117554,2020-05-28,ID30/1,113.34,16.450087,0.4,7.991332
117555,2020-05-28,NO20/14,37.637,16.450087,0.4,7.991332
117556,2020-05-28,SJ62/235,54.964,16.450087,0.4,7.991332
117557,2020-05-28,NH95/17,29.477,16.450087,0.4,7.991332
117558,2020-05-28,SJ15/13,80.232,16.450087,0.4,7.991332
117559,2020-05-28,SU01/5B,82.377,16.450087,0.4,7.991332
117560,2020-05-28,TA10/63,18.234,16.450087,0.4,7.991332
117561,2020-05-28,NY63/2,131.106,16.450087,0.4,7.991332
117562,2020-05-28,SK00/41,131.213,16.450087,0.4,7.991332
117563,2020-05-28,SY68/34,67.583,16.450087,0.4,7.991332
117564,2020-05-28,ST07/10,55.5352,16.450087,0.4,7.991332
117565,2020-05-28,TR14/9,79.974,16.450087,0.4,7.991332
117566,2020-05-28,TL44/12,40.082,16.450087,0.4,7.991332
117567,2020-05-28,SE95/6,21.126,16.450087,0.4,7.991332
117568,2020-05-28,TF03/37,15.781,16.450087,0.4,7.991332
117569,2020-05-28,SE94/5,18.837,16.450087,0.4,7.991332
117570,2020-05-28,SN00/11,8.068,16.450087,0.4,7.991332
117571,2020-05-28,SU71/23,41.749,16.450087,0.4,7.991332
117572,2020-05-28,SU81/1,48.476,16.450087,0.4,7.991332
117573,2020-05-29,NH95/17,29.479,17.995916,0.0,11.144841
117574,2020-05-29,NO20/14,37.566,17.995916,0.0,11.144841
117575,2020-05-29,ID30/1,113.31,17.995916,0.0,11.144841
117576,2020-05-29,SJ62/235,54.963,17.995916,0.0,11.144841
117577,2020-05-29,SJ15/13,80.2467,17.995916,0.0,11.144841
117578,2020-05-29,SE95/6,21.078,17.995916,0.0,11.144841
117579,2020-05-29,ST07/10,55.4587,17.995916,0.0,11.144841
117580,2020-05-29,SE94/5,18.762,17.995916,0.0,11.144841
117581,2020-05-29,SY68/34,67.53,17.995916,0.0,11.144841
117582,2020-05-29,SU71/23,41.567,17.995916,0.0,11.144841
117583,2020-05-29,TL44/12,40.049,17.995916,0.0,11.144841
117584,2020-05-29,SU01/5B,82.213,17.995916,0.0,11.144841
117585,2020-05-29,TR14/9,79.82,17.995916,0.0,11.144841
117586,2020-05-29,SK00/41,131.221,17.995916,0.0,11.144841
117587,2020-05-29,SU81/1,48.303,17.995916,0.0,11.144841
117588,2020-05-29,TA10/63,18.199,17.995916,0.0,11.144841
117589,2020-05-29,SN00/11,8.035,17.995916,0.0,11.144841
117590,2020-05-29,TF03/37,15.724,17.995916,0.0,11.144841
117591,2020-05-29,NY63/2,131.114,17.995916,0.0,11.144841
117592,2020-05-30,SJ62/235,54.956,15.679249,0.0,13.691462
117593,2020-05-30,SJ15/13,80.2526,15.679249,0.0,13.691462
117594,2020-05-30,NO20/14,37.297,15.679249,0.0,13.691462
117595,2020-05-30,ID30/1,113.29,15.679249,0.0,13.691462
117596,2020-05-30,NH95/17,29.473,15.679249,0.0,13.691462
117597,2020-05-30,TF03/37,15.596,15.679249,0.0,13.691462
117598,2020-05-30,SK00/41,131.229,15.679249,0.0,13.691462
117599,2020-05-30,SN00/11,8.003,15.679249,0.0,13.691462
117600,2020-05-30,NY63/2,131.105,15.679249,0.0,13.691462
117601,2020-05-30,SU01/5B,82.046,15.679249,0.0,13.691462
117602,2020-05-30,SY68/34,67.484,15.679249,0.0,13.691462
117603,2020-05-30,TR14/9,79.675,15.679249,0.0,13.691462
117604,2020-05-30,SU81/1,48.129,15.679249,0.0,13.691462
117605,2020-05-30,TL44/12,39.935,15.679249,0.0,13.691462
117606,2020-05-30,TA10/63,18.163,15.679249,0.0,13.691462
117607,2020-05-30,SE95/6,21.035,15.679249,0.0,13.691462
117608,2020-05-30,SE94/5,18.716,15.679249,0.0,13.691462
117609,2020-05-30,SU71/23,41.383,15.679249,0.0,13.691462
117610,2020-05-31,NO20/14,37.18,16.262583,0.0,12.737462
117611,2020-05-31,SJ62/235,54.946,16.262583,0.0,12.737462
117612,2020-05-31,SJ15/13,80.2449,16.262583,0.0,12.737462
117613,2020-05-31,NH95/17,29.467,16.262583,0.0,12.737462
117614,2020-05-31,ID30/1,113.28,16.262583,0.0,12.737462
117615,2020-05-31,TL44/12,40.005,16.262583,0.0,12.737462
117616,2020-05-31,SU01/5B,81.97,16.262583,0.0,12.737462
117617,2020-05-31,SE94/5,18.641,16.262583,0.0,12.737462
117618,2020-05-31,TF03/37,15.545,16.262583,0.0,12.737462
117619,2020-05-31,ST07/10,55.2549,16.262583,0.0,12.737462
117620,2020-05-31,TR14/9,79.501,16.262583,0.0,12.737462
117621,2020-05-31,NY63/2,131.092,16.262583,0.0,12.737462
117622,2020-05-31,SU71/23,41.207,16.262583,0.0,12.737462
117623,2020-05-31,SE95/6,20.996,16.262583,0.0,12.737462
117624,2020-05-31,SU81/1,48.045,16.262583,0.0,12.737462
117625,2020-05-31,SN00/11,7.967,16.262583,0.0,12.737462
117626,2020-05-31,TA10/63,18.123,16.262583,0.0,12.737462
117627,2020-06-01,NO20/14,37.093,16.308416,0.0,6.4742794
117628,2020-06-01,TL44/12,39.929,16.308416,0.0,6.4742794
117629,2020-06-01,SP00/62,100.53,16.308416,0.0,6.4742794
117630,2020-06-01,ID30/1,113.26,16.308416,0.0,6.4742794
117631,2020-06-01,SJ62/235,54.94,16.308416,0.0,6.4742794
117632,2020-06-01,NH95/17,29.459,16.308416,0.0,6.4742794
117633,2020-06-01,SU17/57,136.549,16.308416,0.0,6.4742794
117634,2020-06-01,TL33/67,80.357,16.308416,0.0,6.4742794
117635,2020-06-01,TL33/4,80.011,16.308416,0.0,6.4742794
117636,2020-06-01,TQ25/86,98.25,16.308416,0.0,6.4742794
117637,2020-06-01,SJ15/13,80.2331,16.308416,0.0,6.4742794
117638,2020-06-01,ST07/10,55.1616,16.308416,0.0,6.4742794
117639,2020-06-01,TF03/37,15.572,16.308416,0.0,6.4742794
117640,2020-06-01,SY68/34,67.398,16.308416,0.0,6.4742794
117641,2020-06-01,SU81/1,47.785,16.308416,0.0,6.4742794
117642,2020-06-01,TR14/9,79.335,16.308416,0.0,6.4742794
117643,2020-06-01,SE95/6,20.953,16.308416,0.0,6.4742794
117644,2020-06-01,SE94/5,18.597,16.308416,0.0,6.4742794
117645,2020-06-01,SN00/11,7.934,16.308416,0.0,6.4742794
117646,2020-06-01,NY63/2,131.08,16.308416,0.0,6.4742794
117647,2020-06-01,SU01/5B,81.708,16.308416,0.0,6.4742794
117648,2020-06-01,SU71/23,41.019,16.308416,0.0,6.4742794
117649,2020-06-01,SK00/41,131.231,16.308416,0.0,6.4742794
117650,2020-06-01,TA10/63,18.086,16.308416,0.0,6.4742794
117651,2020-06-02,NH95/17,29.47,16.823002,0.1,7.2457414
117652,2020-06-02,SJ62/235,54.952,16.823002,0.1,7.2457414
117653,2020-06-02,NO20/14,37.091,16.823002,0.1,7.2457414
117654,2020-06-02,SJ15/13,80.2416,16.823002,0.1,7.2457414
117655,2020-06-02,ID30/1,113.27,16.823002,0.1,7.2457414
117656,2020-06-02,TR14/9,79.177,16.823002,0.1,7.2457414
117657,2020-06-02,NY63/2,131.115,16.823002,0.1,7.2457414
117658,2020-06-02,ST07/10,55.0791,16.823002,0.1,7.2457414
117659,2020-06-02,SE95/6,20.916,16.823002,0.1,7.2457414
117660,2020-06-02,SK00/41,131.239,16.823002,0.1,7.2457414
117661,2020-06-02,TF03/37,15.573,16.823002,0.1,7.2457414
117662,2020-06-02,SY68/34,67.349,16.823002,0.1,7.2457414
117663,2020-06-02,SU71/23,40.842,16.823002,0.1,7.2457414
117664,2020-06-02,SU81/1,47.627,16.823002,0.1,7.2457414
117665,2020-06-02,TL44/12,39.906,16.823002,0.1,7.2457414
117666,2020-06-02,SN00/11,7.8995,16.823002,0.1,7.2457414
117667,2020-06-02,TA10/63,18.057,16.823002,0.1,7.2457414
117668,2020-06-02,SE94/5,18.542,16.823002,0.1,7.2457414
117669,2020-06-02,SU01/5B,81.54,16.823002,0.1,7.2457414
117670,2020-06-03,NO20/14,37.277,11.381333,8.8,17.095251
117671,2020-06-03,NH95/17,29.484,11.381333,8.8,17.095251
117672,2020-06-03,ID30/1,113.26,11.381333,8.8,17.095251
117673,2020-06-03,SJ15/13,80.2644,11.381333,8.8,17.095251
117674,2020-06-03,SJ62/235,54.948,11.381333,8.8,17.095251
117675,2020-06-03,SY68/34,67.302,11.381333,8.8,17.095251
117676,2020-06-03,SU81/1,47.473,11.381333,8.8,17.095251
117677,2020-06-03,ST07/10,55.0254,11.381333,8.8,17.095251
117678,2020-06-03,SN00/11,7.87494,11.381333,8.8,17.095251
117679,2020-06-03,SE95/6,20.861,11.381333,8.8,17.095251
117680,2020-06-03,SU71/23,40.669,11.381333,8.8,17.095251
117681,2020-06-03,NY63/2,131.128,11.381333,8.8,17.095251
117682,2020-06-03,TF03/37,15.575,11.381333,8.8,17.095251
117683,2020-06-03,TR14/9,79.023,11.381333,8.8,17.095251
117684,2020-06-03,TA10/63,18.022,11.381333,8.8,17.095251
117685,2020-06-03,SE94/5,18.486,11.381333,8.8,17.095251
117686,2020-06-03,SU01/5B,81.379,11.381333,8.8,17.095251
117687,2020-06-03,SK00/41,131.253,11.381333,8.8,17.095251
117688,2020-06-03,TL44/12,39.873,11.381333,8.8,17.095251
117689,2020-06-04,NO20/14,37.342,9.725083,6.1,7.534162
117690,2020-06-04,NH95/17,29.499,9.725083,6.1,7.534162
117691,2020-06-04,SJ62/235,54.873,9.725083,6.1,7.534162
117692,2020-06-04,SJ15/13,80.2814,9.725083,6.1,7.534162
117693,2020-06-04,ID30/1,113.21,9.725083,6.1,7.534162
117694,2020-06-04,SU01/5B,81.215,9.725083,6.1,7.534162
117695,2020-06-04,NY63/2,131.163,9.725083,6.1,7.534162
117696,2020-06-04,SE95/6,20.826,9.725083,6.1,7.534162
117697,2020-06-04,TF03/37,15.631,9.725083,6.1,7.534162
117698,2020-06-04,SY68/34,67.253,9.725083,6.1,7.534162
117699,2020-06-04,TL44/12,39.844,9.725083,6.1,7.534162
117700,2020-06-04,TR14/9,78.887,9.725083,6.1,7.534162
117701,2020-06-04,SN00/11,7.8506,9.725083,6.1,7.534162
117702,2020-06-04,SE94/5,18.432,9.725083,6.1,7.534162
117703,2020-06-04,ST07/10,54.9417,9.725083,6.1,7.534162
117704,2020-06-04,SU81/1,47.308,9.725083,6.1,7.534162
117705,2020-06-04,SU71/23,40.492,9.725083,6.1,7.534162
117706,2020-06-04,SK00/41,131.269,9.725083,6.1,7.534162
117707,2020-06-04,TA10/63,18.005,9.725083,6.1,7.534162
117708,2020-06-05,NO20/14,37.35,8.973,7.299999,19.089882
117709,2020-06-05,NH95/17,29.513,8.973,7.299999,19.089882
117710,2020-06-05,ID30/1,113.2,8.973,7.299999,19.089882
117711,2020-06-05,SJ62/235,54.907,8.973,7.299999,19.089882
117712,2020-06-05,SJ15/13,80.2925,8.973,7.299999,19.089882
117713,2020-06-05,SK00/41,131.284,8.973,7.299999,19.089882
117714,2020-06-05,SU71/23,40.312,8.973,7.299999,19.089882
117715,2020-06-05,ST07/10,54.8339,8.973,7.299999,19.089882
117716,2020-06-05,SE95/6,20.801,8.973,7.299999,19.089882
117717,2020-06-05,NY63/2,131.17,8.973,7.299999,19.089882
117718,2020-06-05,TR14/9,78.735,8.973,7.299999,19.089882
117719,2020-06-05,SN00/11,7.81431,8.973,7.299999,19.089882
117720,2020-06-05,SU01/5B,81.052,8.973,7.299999,19.089882
117721,2020-06-05,TA10/63,17.96,8.973,7.299999,19.089882
117722,2020-06-05,SY68/34,67.204,8.973,7.299999,19.089882
117723,2020-06-05,SE94/5,18.379,8.973,7.299999,19.089882
117724,2020-06-05,TF03/37,15.592,8.973,7.299999,19.089882
117725,2020-06-05,SU81/1,47.133,8.973,7.299999,19.089882
117726,2020-06-05,TL44/12,39.797,8.973,7.299999,19.089882
117727,2020-06-06,NY63/2,131.18,10.406334,10.8,18.099583
117728,2020-06-06,ID30/1,113.21,10.406334,10.8,18.099583
117729,2020-06-06,SE95/6,20.78,10.406334,10.8,18.099583
117730,2020-06-06,SU17/57,135.85,10.406334,10.8,18.099583
117731,2020-06-06,SJ62/235,54.904,10.406334,10.8,18.099583
117732,2020-06-06,NH95/17,29.526,10.406334,10.8,18.099583
117733,2020-06-06,NO20/14,37.365,10.406334,10.8,18.099583
117734,2020-06-06,SJ15/13,80.2808,10.406334,10.8,18.099583
117735,2020-06-06,ST07/10,54.7347,10.406334,10.8,18.099583
117736,2020-06-06,TA10/63,17.911,10.406334,10.8,18.099583
117737,2020-06-06,SY68/34,67.155,10.406334,10.8,18.099583
117738,2020-06-06,SN00/11,7.77933,10.406334,10.8,18.099583
117739,2020-06-06,TR14/9,78.57,10.406334,10.8,18.099583
117740,2020-06-06,SU81/1,46.949,10.406334,10.8,18.099583
117741,2020-06-06,SU71/23,40.125,10.406334,10.8,18.099583
117742,2020-06-06,TF03/37,15.538,10.406334,10.8,18.099583
117743,2020-06-06,SK00/41,131.286,10.406334,10.8,18.099583
117744,2020-06-06,SE94/5,18.32,10.406334,10.8,18.099583
117745,2020-06-06,SU01/5B,80.879,10.406334,10.8,18.099583
117746,2020-06-06,TL44/12,39.731,10.406334,10.8,18.099583
117747,2020-06-07,ID30/1,113.2,11.693833,2.3999996,12.057736
117748,2020-06-07,NH95/17,29.51,11.693833,2.3999996,12.057736
117749,2020-06-07,NY63/2,131.1,11.693833,2.3999996,12.057736
117750,2020-06-07,SJ15/13,80.2311,11.693833,2.3999996,12.057736
117751,2020-06-07,SJ62/235,54.836,11.693833,2.3999996,12.057736
117752,2020-06-07,NO20/14,37.315,11.693833,2.3999996,12.057736
117753,2020-06-07,SE95/6,20.75,11.693833,2.3999996,12.057736
117754,2020-06-07,SU17/57,135.82,11.693833,2.3999996,12.057736
117755,2020-06-07,TL44/12,39.66,11.693833,2.3999996,12.057736
117756,2020-06-07,ST07/10,54.6291,11.693833,2.3999996,12.057736
117757,2020-06-07,SE94/5,18.256,11.693833,2.3999996,12.057736
117758,2020-06-07,TA10/63,17.852,11.693833,2.3999996,12.057736
117759,2020-06-07,SU01/5B,80.693,11.693833,2.3999996,12.057736
117760,2020-06-07,TF03/37,15.46,11.693833,2.3999996,12.057736
117761,2020-06-07,TR14/9,78.415,11.693833,2.3999996,12.057736
117762,2020-06-07,SK00/41,131.266,11.693833,2.3999996,12.057736
117763,2020-06-07,SU81/1,46.753,11.693833,2.3999996,12.057736
117764,2020-06-07,SY68/34,67.107,11.693833,2.3999996,12.057736
117765,2020-06-07,SU71/23,39.938,11.693833,2.3999996,12.057736
117766,2020-06-07,SN00/11,7.74527,11.693833,2.3999996,12.057736
117767,2020-06-08,ID30/1,113.2,10.743833,0.0,6.0135446
117768,2020-06-08,NH95/17,29.492,10.743833,0.0,6.0135446
117769,2020-06-08,SJ62/235,54.872,10.743833,0.0,6.0135446
117770,2020-06-08,SE95/6,20.73,10.743833,0.0,6.0135446
117771,2020-06-08,SU17/57,135.85,10.743833,0.0,6.0135446
117772,2020-06-08,NY63/2,131.02,10.743833,0.0,6.0135446
117773,2020-06-08,NO20/14,37.234,10.743833,0.0,6.0135446
117774,2020-06-08,SJ15/13,80.1959,10.743833,0.0,6.0135446
117775,2020-06-08,SU71/23,39.762,10.743833,0.0,6.0135446
117776,2020-06-08,SU81/1,46.564,10.743833,0.0,6.0135446
117777,2020-06-08,SK00/41,131.242,10.743833,0.0,6.0135446
117778,2020-06-08,SU01/5B,80.502,10.743833,0.0,6.0135446
117779,2020-06-08,TL44/12,39.598,10.743833,0.0,6.0135446
117780,2020-06-08,ST07/10,54.5591,10.743833,0.0,6.0135446
117781,2020-06-08,SE94/5,18.194,10.743833,0.0,6.0135446
117782,2020-06-08,TA10/63,17.807,10.743833,0.0,6.0135446
117783,2020-06-08,TF03/37,15.4,10.743833,0.0,6.0135446
117784,2020-06-08,SY68/34,67.059,10.743833,0.0,6.0135446
117785,2020-06-08,TR14/9,78.242,10.743833,0.0,6.0135446
117786,2020-06-08,SN00/11,7.71213,10.743833,0.0,6.0135446
117787,2020-06-09,NO20/14,37.213,11.502167,1.6,8.040345
117788,2020-06-09,SP00/62,100.43,11.502167,1.6,8.040345
117789,2020-06-09,SE95/6,20.69,11.502167,1.6,8.040345
117790,2020-06-09,TL33/67,80.177,11.502167,1.6,8.040345
117791,2020-06-09,NY63/2,131.01,11.502167,1.6,8.040345
117792,2020-06-09,SJ15/13,80.1893,11.502167,1.6,8.040345
117793,2020-06-09,TL33/4,79.973,11.502167,1.6,8.040345
117794,2020-06-09,SU17/57,135.82,11.502167,1.6,8.040345
117795,2020-06-09,TQ25/86,97.99,11.502167,1.6,8.040345
117796,2020-06-09,ID30/1,113.2,11.502167,1.6,8.040345
117797,2020-06-09,SJ62/235,54.881,11.502167,1.6,8.040345
117798,2020-06-09,NH95/17,29.491,11.502167,1.6,8.040345
117799,2020-06-09,TA10/63,17.776,11.502167,1.6,8.040345
117800,2020-06-09,SU71/23,39.597,11.502167,1.6,8.040345
117801,2020-06-09,SK00/41,131.229,11.502167,1.6,8.040345
117802,2020-06-09,ST07/10,54.4792,11.502167,1.6,8.040345
117803,2020-06-09,SU01/5B,80.319,11.502167,1.6,8.040345
117804,2020-06-09,SY68/34,67.014,11.502167,1.6,8.040345
117805,2020-06-09,SU81/1,46.385,11.502167,1.6,8.040345
117806,2020-06-09,SE94/5,18.138,11.502167,1.6,8.040345
117807,2020-06-09,TR14/9,78.074,11.502167,1.6,8.040345
117808,2020-06-09,TL44/12,39.549,11.502167,1.6,8.040345
117809,2020-06-09,SN00/11,7.69063,11.502167,1.6,8.040345
117810,2020-06-09,TF03/37,15.343,11.502167,1.6,8.040345
117811,2020-06-10,ID30/1,113.19,10.981334,9.900002,12.174846
117812,2020-06-10,SE95/6,20.68,10.981334,9.900002,12.174846
117813,2020-06-10,NY63/2,131.03,10.981334,9.900002,12.174846
117814,2020-06-10,SJ62/235,54.886,10.981334,9.900002,12.174846
117815,2020-06-10,NO20/14,37.254,10.981334,9.900002,12.174846
117816,2020-06-10,NH95/17,29.492,10.981334,9.900002,12.174846
117817,2020-06-10,SU17/57,135.72,10.981334,9.900002,12.174846
117818,2020-06-10,SJ15/13,80.2069,10.981334,9.900002,12.174846
117819,2020-06-10,SE94/5,18.085,10.981334,9.900002,12.174846
117820,2020-06-10,TF03/37,15.335,10.981334,9.900002,12.174846
117821,2020-06-10,SU71/23,39.437,10.981334,9.900002,12.174846
117822,2020-06-10,TL44/12,39.499,10.981334,9.900002,12.174846
117823,2020-06-10,SN00/11,7.74327,10.981334,9.900002,12.174846
117824,2020-06-10,TR14/9,77.916,10.981334,9.900002,12.174846
117825,2020-06-10,ST07/10,54.5144,10.981334,9.900002,12.174846
117826,2020-06-10,SU81/1,46.222,10.981334,9.900002,12.174846
117827,2020-06-10,SY68/34,66.968,10.981334,9.900002,12.174846
117828,2020-06-10,SU01/5B,80.148,10.981334,9.900002,12.174846
117829,2020-06-10,SK00/41,131.228,10.981334,9.900002,12.174846
117830,2020-06-10,TA10/63,17.743,10.981334,9.900002,12.174846
117831,2020-06-11,NH95/17,29.472,12.106332,5.1,21.109074
117832,2020-06-11,NY63/2,131.03,12.106332,5.1,21.109074
117833,2020-06-11,SE95/6,20.65,12.106332,5.1,21.109074
117834,2020-06-11,ID30/1,113.2,12.106332,5.1,21.109074
117835,2020-06-11,NO20/14,37.194,12.106332,5.1,21.109074
117836,2020-06-11,SJ15/13,80.199,12.106332,5.1,21.109074
117837,2020-06-11,SU17/57,135.57,12.106332,5.1,21.109074
117838,2020-06-11,SJ62/235,54.879,12.106332,5.1,21.109074
117839,2020-06-11,SY68/34,66.924,12.106332,5.1,21.109074
117840,2020-06-11,SK00/41,131.226,12.106332,5.1,21.109074
117841,2020-06-11,TL44/12,39.449,12.106332,5.1,21.109074
117842,2020-06-11,TR14/9,77.77,12.106332,5.1,21.109074
117843,2020-06-11,TF03/37,15.295,12.106332,5.1,21.109074
117844,2020-06-11,SN00/11,7.90748,12.106332,5.1,21.109074
117845,2020-06-11,TA10/63,17.707,12.106332,5.1,21.109074
117846,2020-06-11,SE94/5,18.031,12.106332,5.1,21.109074
117847,2020-06-11,ST07/10,54.6598,12.106332,5.1,21.109074
117848,2020-06-11,SU81/1,46.063,12.106332,5.1,21.109074
117849,2020-06-11,SU71/23,39.281,12.106332,5.1,21.109074
117850,2020-06-11,SU01/5B,79.975,12.106332,5.1,21.109074
117851,2020-06-12,SJ62/235,54.886,12.8605,6.3999996,17.55353
117852,2020-06-12,NO20/14,37.144,12.8605,6.3999996,17.55353
117853,2020-06-12,SE95/6,20.63,12.8605,6.3999996,17.55353
117854,2020-06-12,NY63/2,131.02,12.8605,6.3999996,17.55353
117855,2020-06-12,SJ15/13,80.2188,12.8605,6.3999996,17.55353
117856,2020-06-12,SU17/57,135.49,12.8605,6.3999996,17.55353
117857,2020-06-12,NH95/17,29.481,12.8605,6.3999996,17.55353
117858,2020-06-12,ID30/1,113.32,12.8605,6.3999996,17.55353
117859,2020-06-12,SE94/5,17.951,12.8605,6.3999996,17.55353
117860,2020-06-12,TL44/12,39.395,12.8605,6.3999996,17.55353
117861,2020-06-12,SU81/1,45.926,12.8605,6.3999996,17.55353
117862,2020-06-12,SU01/5B,79.807,12.8605,6.3999996,17.55353
117863,2020-06-12,TF03/37,15.237,12.8605,6.3999996,17.55353
117864,2020-06-12,SY68/34,66.885,12.8605,6.3999996,17.55353
117865,2020-06-12,TA10/63,17.681,12.8605,6.3999996,17.55353
117866,2020-06-12,TR14/9,77.625,12.8605,6.3999996,17.55353
117867,2020-06-12,SN00/11,7.95817,12.8605,6.3999996,17.55353
117868,2020-06-12,ST07/10,54.7192,12.8605,6.3999996,17.55353
117869,2020-06-12,SU71/23,39.127,12.8605,6.3999996,17.55353
117870,2020-06-12,SK00/41,131.232,12.8605,6.3999996,17.55353
117871,2020-06-13,SU17/57,135.37,16.0355,5.9999995,8.465553
117872,2020-06-13,NO20/14,37.09,16.0355,5.9999995,8.465553
117873,2020-06-13,SJ62/235,54.865,16.0355,5.9999995,8.465553
117874,2020-06-13,NH95/17,29.48,16.0355,5.9999995,8.465553
117875,2020-06-13,ID30/1,113.3,16.0355,5.9999995,8.465553
117876,2020-06-13,NY63/2,131.04,16.0355,5.9999995,8.465553
117877,2020-06-13,SE95/6,20.6,16.0355,5.9999995,8.465553
117878,2020-06-13,SJ15/13,80.2121,16.0355,5.9999995,8.465553
117879,2020-06-13,TF03/37,15.149,16.0355,5.9999995,8.465553
117880,2020-06-13,SE94/5,17.932,16.0355,5.9999995,8.465553
117881,2020-06-13,TR14/9,77.47,16.0355,5.9999995,8.465553
117882,2020-06-13,SU81/1,45.782,16.0355,5.9999995,8.465553
117883,2020-06-13,TA10/63,17.644,16.0355,5.9999995,8.465553
117884,2020-06-13,TL44/12,39.336,16.0355,5.9999995,8.465553
117885,2020-06-13,SU01/5B,79.63,16.0355,5.9999995,8.465553
117886,2020-06-13,SU71/23,38.968,16.0355,5.9999995,8.465553
117887,2020-06-13,ST07/10,54.7566,16.0355,5.9999995,8.465553
117888,2020-06-13,SN00/11,7.98,16.0355,5.9999995,8.465553
117889,2020-06-13,SK00/41,131.23,16.0355,5.9999995,8.465553
117890,2020-06-13,SY68/34,66.843,16.0355,5.9999995,8.465553
117891,2020-06-14,NY63/2,131.0,17.1355,1.0,4.704291
117892,2020-06-14,SE95/6,20.59,17.1355,1.0,4.704291
117893,2020-06-14,ID30/1,113.28,17.1355,1.0,4.704291
117894,2020-06-14,SU17/57,135.37,17.1355,1.0,4.704291
117895,2020-06-14,NO20/14,37.203,17.1355,1.0,4.704291
117896,2020-06-14,SJ15/13,80.1915,17.1355,1.0,4.704291
117897,2020-06-14,SJ62/235,54.861,17.1355,1.0,4.704291
117898,2020-06-14,NH95/17,29.47,17.1355,1.0,4.704291
117899,2020-06-14,TL44/12,39.28,17.1355,1.0,4.704291
117900,2020-06-14,SY68/34,66.8,17.1355,1.0,4.704291
117901,2020-06-14,TR14/9,77.306,17.1355,1.0,4.704291
117902,2020-06-14,TF03/37,15.086,17.1355,1.0,4.704291
117903,2020-06-14,SU71/23,38.813,17.1355,1.0,4.704291
117904,2020-06-14,SU01/5B,79.448,17.1355,1.0,4.704291
117905,2020-06-14,SE94/5,17.88,17.1355,1.0,4.704291
117906,2020-06-14,ST07/10,54.6399,17.1355,1.0,4.704291
117907,2020-06-14,SK00/41,131.219,17.1355,1.0,4.704291
117908,2020-06-14,SN00/11,7.98146,17.1355,1.0,4.704291
117909,2020-06-14,SU81/1,45.639,17.1355,1.0,4.704291
117910,2020-06-14,TA10/63,17.605,17.1355,1.0,4.704291
117911,2020-06-15,SU17/57,135.34,17.408415,4.1,5.6443105
117912,2020-06-15,SE95/6,20.56,17.408415,4.1,5.6443105
117913,2020-06-15,SJ15/13,80.183,17.408415,4.1,5.6443105
117914,2020-06-15,ID30/1,113.24,17.408415,4.1,5.6443105
117915,2020-06-15,NY63/2,130.98,17.408415,4.1,5.6443105
117916,2020-06-15,SJ62/235,54.862,17.408415,4.1,5.6443105
117917,2020-06-15,NH95/17,29.463,17.408415,4.1,5.6443105
117918,2020-06-15,NO20/14,37.217,17.408415,4.1,5.6443105
117919,2020-06-15,TL33/67,79.884,17.408415,4.1,5.6443105
117920,2020-06-15,TF03/37,15.03,17.408415,4.1,5.6443105
117921,2020-06-15,SE94/5,17.829,17.408415,4.1,5.6443105
117922,2020-06-15,SK00/41,131.21,17.408415,4.1,5.6443105
117923,2020-06-15,SY68/34,66.756,17.408415,4.1,5.6443105
117924,2020-06-15,SU01/5B,79.27,17.408415,4.1,5.6443105
117925,2020-06-15,ST07/10,54.5095,17.408415,4.1,5.6443105
117926,2020-06-15,SN00/11,7.96171,17.408415,4.1,5.6443105
117927,2020-06-15,TL44/12,39.226,17.408415,4.1,5.6443105
117928,2020-06-15,SU71/23,38.664,17.408415,4.1,5.6443105
117929,2020-06-15,TR14/9,77.137,17.408415,4.1,5.6443105
117930,2020-06-15,TA10/63,17.571,17.408415,4.1,5.6443105
117931,2020-06-15,SU81/1,45.505,17.408415,4.1,5.6443105
117932,2020-06-16,SP00/62,100.37,16.745916,13.0,5.2853417
117933,2020-06-16,TL33/4,79.902,16.745916,13.0,5.2853417
117934,2020-06-16,SE95/6,20.54,16.745916,13.0,5.2853417
117935,2020-06-16,SJ62/235,54.866,16.745916,13.0,5.2853417
117936,2020-06-16,SJ15/13,80.1863,16.745916,13.0,5.2853417
117937,2020-06-16,SU17/57,135.26,16.745916,13.0,5.2853417
117938,2020-06-16,NY63/2,130.99,16.745916,13.0,5.2853417
117939,2020-06-16,ID30/1,113.22,16.745916,13.0,5.2853417
117940,2020-06-16,TQ25/86,97.77,16.745916,13.0,5.2853417
117941,2020-06-16,NO20/14,37.22,16.745916,13.0,5.2853417
117942,2020-06-16,NH95/17,29.453,16.745916,13.0,5.2853417
117943,2020-06-16,SK00/41,131.207,16.745916,13.0,5.2853417
117944,2020-06-16,SN00/11,7.95917,16.745916,13.0,5.2853417
117945,2020-06-16,TA10/63,17.537,16.745916,13.0,5.2853417
117946,2020-06-16,TL44/12,39.176,16.745916,13.0,5.2853417
117947,2020-06-16,SE94/5,17.778,16.745916,13.0,5.2853417
117948,2020-06-16,TR14/9,76.977,16.745916,13.0,5.2853417
117949,2020-06-16,SU01/5B,79.095,16.745916,13.0,5.2853417
117950,2020-06-16,ST07/10,54.3988,16.745916,13.0,5.2853417
117951,2020-06-16,SU71/23,38.522,16.745916,13.0,5.2853417
117952,2020-06-16,SY68/34,66.713,16.745916,13.0,5.2853417
117953,2020-06-16,TF03/37,14.999,16.745916,13.0,5.2853417
117954,2020-06-16,SU81/1,45.382,16.745916,13.0,5.2853417
117955,2020-06-17,NY63/2,130.99,17.150084,12.1,5.806657
117956,2020-06-17,SJ15/13,80.189,17.150084,12.1,5.806657
117957,2020-06-17,SU17/57,135.16,17.150084,12.1,5.806657
117958,2020-06-17,SJ62/235,54.871,17.150084,12.1,5.806657
117959,2020-06-17,NH95/17,29.446,17.150084,12.1,5.806657
117960,2020-06-17,NO20/14,37.172,17.150084,12.1,5.806657
117961,2020-06-17,ID30/1,113.19,17.150084,12.1,5.806657
117962,2020-06-17,SE95/6,20.51,17.150084,12.1,5.806657
117963,2020-06-17,TA10/63,17.505,17.150084,12.1,5.806657
117964,2020-06-17,TR14/9,76.84,17.150084,12.1,5.806657
117965,2020-06-17,SN00/11,7.94367,17.150084,12.1,5.806657
117966,2020-06-17,SK00/41,131.204,17.150084,12.1,5.806657
117967,2020-06-17,ST07/10,54.3941,17.150084,12.1,5.806657
117968,2020-06-17,SE94/5,17.726,17.150084,12.1,5.806657
117969,2020-06-17,SU71/23,38.383,17.150084,12.1,5.806657
117970,2020-06-17,SY68/34,66.67,17.150084,12.1,5.806657
117971,2020-06-17,SU01/5B,78.922,17.150084,12.1,5.806657
117972,2020-06-17,TF03/37,14.976,17.150084,12.1,5.806657
117973,2020-06-17,SU81/1,45.26,17.150084,12.1,5.806657
117974,2020-06-17,TL44/12,39.128,17.150084,12.1,5.806657
117975,2020-06-18,SE95/6,20.49,15.193832,0.1,8.16235
117976,2020-06-18,SJ62/235,54.882,15.193832,0.1,8.16235
117977,2020-06-18,NO20/14,37.114,15.193832,0.1,8.16235
117978,2020-06-18,SJ15/13,80.1977,15.193832,0.1,8.16235
117979,2020-06-18,NH95/17,29.438,15.193832,0.1,8.16235
117980,2020-06-18,NY63/2,130.98,15.193832,0.1,8.16235
117981,2020-06-18,ID30/1,113.18,15.193832,0.1,8.16235
117982,2020-06-18,SU17/57,135.07,15.193832,0.1,8.16235
117983,2020-06-18,TF03/37,14.983,15.193832,0.1,8.16235
117984,2020-06-18,SE94/5,17.678,15.193832,0.1,8.16235
117985,2020-06-18,SU01/5B,78.602,15.193832,0.1,8.16235
117986,2020-06-18,SU71/23,38.242,15.193832,0.1,8.16235
117987,2020-06-18,ST07/10,55.4104,15.193832,0.1,8.16235
117988,2020-06-18,TR14/9,76.696,15.193832,0.1,8.16235
117989,2020-06-18,SK00/41,131.207,15.193832,0.1,8.16235
117990,2020-06-18,SN00/11,7.95067,15.193832,0.1,8.16235
117991,2020-06-18,SY68/34,66.631,15.193832,0.1,8.16235
117992,2020-06-18,TL44/12,39.078,15.193832,0.1,8.16235
117993,2020-06-18,SU81/1,45.142,15.193832,0.1,8.16235
117994,2020-06-18,TA10/63,17.474,15.193832,0.1,8.16235
117995,2020-06-19,NH95/17,29.437,15.025082,7.3,12.6244335
117996,2020-06-19,SU17/57,134.99,15.025082,7.3,12.6244335
117997,2020-06-19,ID30/1,113.23,15.025082,7.3,12.6244335
117998,2020-06-19,NO20/14,37.099,15.025082,7.3,12.6244335
117999,2020-06-19,SJ62/235,54.873,15.025082,7.3,12.6244335
118000,2020-06-19,NY63/2,130.98,15.025082,7.3,12.6244335
118001,2020-06-19,SE95/6,20.46,15.025082,7.3,12.6244335
118002,2020-06-19,SJ15/13,80.1982,15.025082,7.3,12.6244335
118003,2020-06-19,SY68/34,66.595,15.025082,7.3,12.6244335
118004,2020-06-19,TR14/9,76.527,15.025082,7.3,12.6244335
118005,2020-06-19,SE94/5,17.624,15.025082,7.3,12.6244335
118006,2020-06-19,ST07/10,57.2728,15.025082,7.3,12.6244335
118007,2020-06-19,TL44/12,39.022,15.025082,7.3,12.6244335
118008,2020-06-19,SN00/11,8.0014,15.025082,7.3,12.6244335
118009,2020-06-19,TA10/63,17.433,15.025082,7.3,12.6244335
118010,2020-06-19,SK00/41,131.202,15.025082,7.3,12.6244335
118011,2020-06-19,SU01/5B,78.419,15.025082,7.3,12.6244335
118012,2020-06-19,SU71/23,38.098,15.025082,7.3,12.6244335
118013,2020-06-19,TF03/37,14.925,15.025082,7.3,12.6244335
118014,2020-06-19,SU81/1,45.02,15.025082,7.3,12.6244335
118015,2020-06-20,NY63/2,130.97,15.3584175,1.0,14.058706
118016,2020-06-20,ID30/1,113.32,15.3584175,1.0,14.058706
118017,2020-06-20,NH95/17,29.425,15.3584175,1.0,14.058706
118018,2020-06-20,SJ15/13,80.1794,15.3584175,1.0,14.058706
118019,2020-06-20,SJ62/235,54.886,15.3584175,1.0,14.058706
118020,2020-06-20,SU17/57,135.0,15.3584175,1.0,14.058706
118021,2020-06-20,SE95/6,20.43,15.3584175,1.0,14.058706
118022,2020-06-20,NO20/14,37.075,15.3584175,1.0,14.058706
118023,2020-06-20,TR14/9,76.378,15.3584175,1.0,14.058706
118024,2020-06-20,ST07/10,57.816,15.3584175,1.0,14.058706
118025,2020-06-20,SU71/23,37.962,15.3584175,1.0,14.058706
118026,2020-06-20,TA10/63,17.403,15.3584175,1.0,14.058706
118027,2020-06-20,SY68/34,66.553,15.3584175,1.0,14.058706
118028,2020-06-20,SE94/5,17.562,15.3584175,1.0,14.058706
118029,2020-06-20,SN00/11,8.03079,15.3584175,1.0,14.058706
118030,2020-06-20,TF03/37,14.905,15.3584175,1.0,14.058706
118031,2020-06-20,SU81/1,44.897,15.3584175,1.0,14.058706
118032,2020-06-20,TL44/12,38.971,15.3584175,1.0,14.058706
118033,2020-06-20,SU01/5B,78.244,15.3584175,1.0,14.058706
118034,2020-06-20,SK00/41,131.191,15.3584175,1.0,14.058706
118035,2020-06-21,SU17/57,134.91,14.09175,11.8,17.363886
118036,2020-06-21,ID30/1,113.38,14.09175,11.8,17.363886
118037,2020-06-21,SJ15/13,80.1814,14.09175,11.8,17.363886
118038,2020-06-21,SJ62/235,54.876,14.09175,11.8,17.363886
118039,2020-06-21,NY63/2,130.97,14.09175,11.8,17.363886
118040,2020-06-21,NH95/17,29.431,14.09175,11.8,17.363886
118041,2020-06-21,SE95/6,20.41,14.09175,11.8,17.363886
118042,2020-06-21,NO20/14,37.093,14.09175,11.8,17.363886
118043,2020-06-21,SU71/23,37.826,14.09175,11.8,17.363886
118044,2020-06-21,SY68/34,66.515,14.09175,11.8,17.363886
118045,2020-06-21,TL44/12,38.916,14.09175,11.8,17.363886
118046,2020-06-21,TA10/63,17.367,14.09175,11.8,17.363886
118047,2020-06-21,ST07/10,58.1139,14.09175,11.8,17.363886
118048,2020-06-21,TF03/37,14.86,14.09175,11.8,17.363886
118049,2020-06-21,SK00/41,131.185,14.09175,11.8,17.363886
118050,2020-06-21,SU01/5B,78.072,14.09175,11.8,17.363886
118051,2020-06-21,SU81/1,44.78,14.09175,11.8,17.363886
118052,2020-06-21,SE94/5,17.525,14.09175,11.8,17.363886
118053,2020-06-21,SN00/11,8.123,14.09175,11.8,17.363886
118054,2020-06-21,TR14/9,76.215,14.09175,11.8,17.363886
118055,2020-06-22,SU17/57,134.92,14.308417,1.3000001,20.311098
118056,2020-06-22,NO20/14,37.141,14.308417,1.3000001,20.311098
118057,2020-06-22,ID30/1,113.37,14.308417,1.3000001,20.311098
118058,2020-06-22,SE95/6,20.37,14.308417,1.3000001,20.311098
118059,2020-06-22,NH95/17,29.415,14.308417,1.3000001,20.311098
118060,2020-06-22,NY63/2,130.92,14.308417,1.3000001,20.311098
118061,2020-06-22,SJ15/13,80.1555,14.308417,1.3000001,20.311098
118062,2020-06-22,SJ62/235,54.879,14.308417,1.3000001,20.311098
118063,2020-06-22,SU71/23,37.686,14.308417,1.3000001,20.311098
118064,2020-06-22,SN00/11,8.14704,14.308417,1.3000001,20.311098
118065,2020-06-22,SE94/5,17.47,14.308417,1.3000001,20.311098
118066,2020-06-22,SU81/1,44.663,14.308417,1.3000001,20.311098
118067,2020-06-22,SK00/41,131.17,14.308417,1.3000001,20.311098
118068,2020-06-22,ST07/10,58.1163,14.308417,1.3000001,20.311098
118069,2020-06-22,SU01/5B,77.896,14.308417,1.3000001,20.311098
118070,2020-06-22,TF03/37,14.799,14.308417,1.3000001,20.311098
118071,2020-06-22,TR14/9,76.043,14.308417,1.3000001,20.311098
118072,2020-06-22,TL44/12,38.865,14.308417,1.3000001,20.311098
118073,2020-06-22,TA10/63,17.329,14.308417,1.3000001,20.311098
118074,2020-06-22,SY68/34,66.474,14.308417,1.3000001,20.311098
118075,2020-06-23,SE95/6,20.35,16.998,1.3000001,18.460238
118076,2020-06-23,TL33/67,79.704,16.998,1.3000001,18.460238
118077,2020-06-23,NY63/2,130.93,16.998,1.3000001,18.460238
118078,2020-06-23,SP00/62,100.39,16.998,1.3000001,18.460238
118079,2020-06-23,SJ62/235,54.879,16.998,1.3000001,18.460238
118080,2020-06-23,SJ15/13,80.1495,16.998,1.3000001,18.460238
118081,2020-06-23,ID30/1,113.35,16.998,1.3000001,18.460238
118082,2020-06-23,NH95/17,29.397,16.998,1.3000001,18.460238
118083,2020-06-23,TQ25/86,97.58,16.998,1.3000001,18.460238
118084,2020-06-23,NO20/14,37.119,16.998,1.3000001,18.460238
118085,2020-06-23,SU17/57,134.85,16.998,1.3000001,18.460238
118086,2020-06-23,TL33/4,79.799,16.998,1.3000001,18.460238
118087,2020-06-23,SU01/5B,77.727,16.998,1.3000001,18.460238
118088,2020-06-23,TF03/37,14.737,16.998,1.3000001,18.460238
118089,2020-06-23,SU71/23,37.554,16.998,1.3000001,18.460238
118090,2020-06-23,TL44/12,38.815,16.998,1.3000001,18.460238
118091,2020-06-23,SE94/5,17.401,16.998,1.3000001,18.460238
118092,2020-06-23,SK00/41,131.16,16.998,1.3000001,18.460238
118093,2020-06-23,SY68/34,66.435,16.998,1.3000001,18.460238
118094,2020-06-23,ST07/10,58.0191,16.998,1.3000001,18.460238
118095,2020-06-23,TA10/63,17.295,16.998,1.3000001,18.460238
118096,2020-06-23,SU81/1,44.548,16.998,1.3000001,18.460238
118097,2020-06-23,SN00/11,8.15429,16.998,1.3000001,18.460238
118098,2020-06-23,TR14/9,75.881,16.998,1.3000001,18.460238
118099,2020-06-24,SJ62/235,54.882,19.837584,0.0,8.568021
118100,2020-06-24,NO20/14,37.053,19.837584,0.0,8.568021
118101,2020-06-24,SJ15/13,80.1463,19.837584,0.0,8.568021
118102,2020-06-24,SU17/57,134.76,19.837584,0.0,8.568021
118103,2020-06-24,SE95/6,20.33,19.837584,0.0,8.568021
118104,2020-06-24,NH95/17,29.392,19.837584,0.0,8.568021
118105,2020-06-24,ID30/1,113.36,19.837584,0.0,8.568021
118106,2020-06-24,NY63/2,130.91,19.837584,0.0,8.568021
118107,2020-06-24,SU01/5B,77.563,19.837584,0.0,8.568021
118108,2020-06-24,TA10/63,17.279,19.837584,0.0,8.568021
118109,2020-06-24,TF03/37,14.659,19.837584,0.0,8.568021
118110,2020-06-24,SU71/23,37.428,19.837584,0.0,8.568021
118111,2020-06-24,TR14/9,75.723,19.837584,0.0,8.568021
118112,2020-06-24,TL44/12,38.771,19.837584,0.0,8.568021
118113,2020-06-24,SK00/41,131.156,19.837584,0.0,8.568021
118114,2020-06-24,SN00/11,8.14581,19.837584,0.0,8.568021
118115,2020-06-24,SY68/34,66.397,19.837584,0.0,8.568021
118116,2020-06-24,SE94/5,17.373,19.837584,0.0,8.568021
118117,2020-06-24,SU81/1,44.439,19.837584,0.0,8.568021
118118,2020-06-24,ST07/10,57.8445,19.837584,0.0,8.568021
118119,2020-06-25,SJ62/235,54.893,21.698,0.0,13.975355
118120,2020-06-25,NY63/2,130.9,21.698,0.0,13.975355
118121,2020-06-25,SU17/57,134.66,21.698,0.0,13.975355
118122,2020-06-25,NO20/14,37.005,21.698,0.0,13.975355
118123,2020-06-25,SE95/6,20.3,21.698,0.0,13.975355
118124,2020-06-25,NH95/17,29.394,21.698,0.0,13.975355
118125,2020-06-25,SJ15/13,80.1579,21.698,0.0,13.975355
118126,2020-06-25,ID30/1,113.41,21.698,0.0,13.975355
118127,2020-06-25,SU01/5B,77.404,21.698,0.0,13.975355
118128,2020-06-25,SK00/41,131.159,21.698,0.0,13.975355
118129,2020-06-25,ST07/10,57.5453,21.698,0.0,13.975355
118130,2020-06-25,TL44/12,38.736,21.698,0.0,13.975355
118131,2020-06-25,TF03/37,14.63,21.698,0.0,13.975355
118132,2020-06-25,SU71/23,37.301,21.698,0.0,13.975355
118133,2020-06-25,SE94/5,17.328,21.698,0.0,13.975355
118134,2020-06-25,SY68/34,66.36,21.698,0.0,13.975355
118135,2020-06-25,TR14/9,75.569,21.698,0.0,13.975355
118136,2020-06-25,SU81/1,44.32,21.698,0.0,13.975355
118137,2020-06-25,SN00/11,8.12548,21.698,0.0,13.975355
118138,2020-06-26,ID30/1,113.38,19.568832,5.0999994,9.585132
118139,2020-06-26,SU17/57,134.52,19.568832,5.0999994,9.585132
118140,2020-06-26,SJ15/13,80.1767,19.568832,5.0999994,9.585132
118141,2020-06-26,NY63/2,130.93,19.568832,5.0999994,9.585132
118142,2020-06-26,NO20/14,36.985,19.568832,5.0999994,9.585132
118143,2020-06-26,NH95/17,29.405,19.568832,5.0999994,9.585132
118144,2020-06-26,SJ62/235,54.9,19.568832,5.0999994,9.585132
118145,2020-06-26,TA10/63,17.29,19.568832,5.0999994,9.585132
118146,2020-06-26,SE95/6,20.27,19.568832,5.0999994,9.585132
118147,2020-06-26,SN00/11,8.1116,19.568832,5.0999994,9.585132
118148,2020-06-26,SU81/1,44.199,19.568832,5.0999994,9.585132
118149,2020-06-26,TL44/12,38.7,19.568832,5.0999994,9.585132
118150,2020-06-26,TR14/9,75.427,19.568832,5.0999994,9.585132
118151,2020-06-26,SK00/41,131.171,19.568832,5.0999994,9.585132
118152,2020-06-26,SU01/5B,77.249,19.568832,5.0999994,9.585132
118153,2020-06-26,SY68/34,66.323,19.568832,5.0999994,9.585132
118154,2020-06-26,SU71/23,37.171,19.568832,5.0999994,9.585132
118155,2020-06-26,TF03/37,14.58,19.568832,5.0999994,9.585132
118156,2020-06-26,SE94/5,17.284,19.568832,5.0999994,9.585132
118157,2020-06-26,ST07/10,57.3091,19.568832,5.0999994,9.585132
118158,2020-06-27,SJ62/235,54.895,15.0355,8.0,14.291582
118159,2020-06-27,ID30/1,113.35,15.0355,8.0,14.291582
118160,2020-06-27,NO20/14,37.037,15.0355,8.0,14.291582
118161,2020-06-27,SU17/57,134.41,15.0355,8.0,14.291582
118162,2020-06-27,SE95/6,20.25,15.0355,8.0,14.291582
118163,2020-06-27,NH95/17,29.42,15.0355,8.0,14.291582
118164,2020-06-27,NY63/2,130.97,15.0355,8.0,14.291582
118165,2020-06-27,SJ15/13,80.1966,15.0355,8.0,14.291582
118166,2020-06-27,SU01/5B,77.097,15.0355,8.0,14.291582
118167,2020-06-27,TF03/37,14.57,15.0355,8.0,14.291582
118168,2020-06-27,SU81/1,44.07,15.0355,8.0,14.291582
118169,2020-06-27,TL44/12,38.66,15.0355,8.0,14.291582
118170,2020-06-27,SE94/5,17.242,15.0355,8.0,14.291582
118171,2020-06-27,SU71/23,37.043,15.0355,8.0,14.291582
118172,2020-06-27,SK00/41,131.184,15.0355,8.0,14.291582
118173,2020-06-27,TR14/9,75.28,15.0355,8.0,14.291582
118174,2020-06-27,SN00/11,8.1219,15.0355,8.0,14.291582
118175,2020-06-27,ST07/10,57.1145,15.0355,8.0,14.291582
118176,2020-06-27,SY68/34,66.289,15.0355,8.0,14.291582
118177,2020-06-28,SE95/6,20.21,11.756335,19.7,22.68095
118178,2020-06-28,NY63/2,131.0,11.756335,19.7,22.68095
118179,2020-06-28,NO20/14,37.05,11.756335,19.7,22.68095
118180,2020-06-28,ID30/1,113.51,11.756335,19.7,22.68095
118181,2020-06-28,SJ15/13,80.1835,11.756335,19.7,22.68095
118182,2020-06-28,SJ62/235,54.88,11.756335,19.7,22.68095
118183,2020-06-28,NH95/17,29.429,11.756335,19.7,22.68095
118184,2020-06-28,SU17/57,134.34,11.756335,19.7,22.68095
118185,2020-06-28,SU81/1,43.935,11.756335,19.7,22.68095
118186,2020-06-28,SK00/41,131.182,11.756335,19.7,22.68095
118187,2020-06-28,TF03/37,14.56,11.756335,19.7,22.68095
118188,2020-06-28,SU01/5B,76.935,11.756335,19.7,22.68095
118189,2020-06-28,TL44/12,38.615,11.756335,19.7,22.68095
118190,2020-06-28,SY68/34,66.253,11.756335,19.7,22.68095
118191,2020-06-28,SN00/11,8.09058,11.756335,19.7,22.68095
118192,2020-06-28,TR14/9,75.114,11.756335,19.7,22.68095
118193,2020-06-28,ST07/10,56.9669,11.756335,19.7,22.68095
118194,2020-06-28,SU71/23,36.908,11.756335,19.7,22.68095
118195,2020-06-28,SE94/5,17.193,11.756335,19.7,22.68095
118196,2020-06-29,ID30/1,113.81,13.081334,17.500002,21.8614
118197,2020-06-29,SJ62/235,54.873,13.081334,17.500002,21.8614
118198,2020-06-29,SJ15/13,80.1724,13.081334,17.500002,21.8614
118199,2020-06-29,NH95/17,29.422,13.081334,17.500002,21.8614
118200,2020-06-29,SU17/57,134.3,13.081334,17.500002,21.8614
118201,2020-06-29,NY63/2,130.97,13.081334,17.500002,21.8614
118202,2020-06-29,TL33/67,79.664,13.081334,17.500002,21.8614
118203,2020-06-29,NO20/14,37.047,13.081334,17.500002,21.8614
118204,2020-06-29,SE95/6,20.2,13.081334,17.500002,21.8614
118205,2020-06-29,TF03/37,14.528,13.081334,17.500002,21.8614
118206,2020-06-29,SU01/5B,76.776,13.081334,17.500002,21.8614
118207,2020-06-29,SU71/23,36.778,13.081334,17.500002,21.8614
118208,2020-06-29,SK00/41,131.177,13.081334,17.500002,21.8614
118209,2020-06-29,SU81/1,43.814,13.081334,17.500002,21.8614
118210,2020-06-29,ST07/10,56.7621,13.081334,17.500002,21.8614
118211,2020-06-29,TL44/12,38.568,13.081334,17.500002,21.8614
118212,2020-06-29,SE94/5,17.141,13.081334,17.500002,21.8614
118213,2020-06-29,SY68/34,66.217,13.081334,17.500002,21.8614
118214,2020-06-29,SN00/11,8.0635,13.081334,17.500002,21.8614
118215,2020-06-29,TR14/9,74.959,13.081334,17.500002,21.8614
118216,2020-06-30,NY63/2,130.94,13.4313345,2.4,10.899848
118217,2020-06-30,SE95/6,20.18,13.4313345,2.4,10.899848
118218,2020-06-30,SJ62/235,54.873,13.4313345,2.4,10.899848
118219,2020-06-30,SP00/62,100.34,13.4313345,2.4,10.899848
118220,2020-06-30,TQ25/86,97.56,13.4313345,2.4,10.899848
118221,2020-06-30,NH95/17,29.4,13.4313345,2.4,10.899848
118222,2020-06-30,SU17/57,134.23,13.4313345,2.4,10.899848
118223,2020-06-30,TL33/4,79.782,13.4313345,2.4,10.899848
118224,2020-06-30,NO20/14,37.024,13.4313345,2.4,10.899848
118225,2020-06-30,ID30/1,113.72,13.4313345,2.4,10.899848
118226,2020-06-30,SU71/23,36.452,13.4313345,2.4,10.899848
118227,2020-06-30,TR14/9,74.814,13.4313345,2.4,10.899848
118228,2020-06-30,SJ15/13,80.1675,13.4313345,2.4,10.899848
118229,2020-06-30,SU81/1,43.77,13.4313345,2.4,10.899848
118230,2020-06-30,TF03/37,14.543,13.4313345,2.4,10.899848
118231,2020-06-30,SN00/11,8.035,13.4313345,2.4,10.899848
118232,2020-06-30,TL44/12,38.524,13.4313345,2.4,10.899848
118233,2020-06-30,SU01/5B,76.641,13.4313345,2.4,10.899848
118234,2020-06-30,SY68/34,66.188,13.4313345,2.4,10.899848
118235,2020-06-30,SE94/5,17.07,13.4313345,2.4,10.899848
118236,2020-06-30,ST07/10,56.5679,13.4313345,2.4,10.899848
118237,2020-07-01,TF81/2A,44.58,13.441751,5.3999996,6.7208433
118238,2020-07-01,SU17/57,134.12,13.441751,5.3999996,6.7208433
118239,2020-07-01,NY63/2,130.93,13.441751,5.3999996,6.7208433
118240,2020-07-01,TL33/67,79.5,13.441751,5.3999996,6.7208433
118241,2020-07-01,SJ62/235,54.858,13.441751,5.3999996,6.7208433
118242,2020-07-01,TQ25/86,97.36,13.441751,5.3999996,6.7208433
118243,2020-07-01,NO20/14,37.011,13.441751,5.3999996,6.7208433
118244,2020-07-01,NH95/17,29.403,13.441751,5.3999996,6.7208433
118245,2020-07-01,TL33/4,79.71,13.441751,5.3999996,6.7208433
118246,2020-07-01,ID30/1,113.54,13.441751,5.3999996,6.7208433
118247,2020-07-01,SU71/23,36.63,13.441751,5.3999996,6.7208433
118248,2020-07-01,SE95/6,20.15,13.441751,5.3999996,6.7208433
118249,2020-07-01,SE94/5,17.045,13.441751,5.3999996,6.7208433
118250,2020-07-01,SY68/34,66.151,13.441751,5.3999996,6.7208433
118251,2020-07-01,TF03/37,14.504,13.441751,5.3999996,6.7208433
118252,2020-07-01,TR14/9,74.67,13.441751,5.3999996,6.7208433
118253,2020-07-01,TA10/63,17.038,13.441751,5.3999996,6.7208433
118254,2020-07-01,SK00/41,131.171,13.441751,5.3999996,6.7208433
118255,2020-07-01,SU01/5B,76.472,13.441751,5.3999996,6.7208433
118256,2020-07-01,ST07/10,56.4075,13.441751,5.3999996,6.7208433
118257,2020-07-01,TL44/12,38.475,13.441751,5.3999996,6.7208433
118258,2020-07-01,SJ15/13,80.156,13.441751,5.3999996,6.7208433
118259,2020-07-01,SN00/11,7.99227,13.441751,5.3999996,6.7208433
118260,2020-07-01,SU81/1,43.605,13.441751,5.3999996,6.7208433
118261,2020-07-02,SE95/6,20.12,12.09175,4.899999,7.682486
118262,2020-07-02,NO20/14,36.993,12.09175,4.899999,7.682486
118263,2020-07-02,NY63/2,130.9,12.09175,4.899999,7.682486
118264,2020-07-02,SU71/23,36.51,12.09175,4.899999,7.682486
118265,2020-07-02,NH95/17,29.383,12.09175,4.899999,7.682486
118266,2020-07-02,ID30/1,113.44,12.09175,4.899999,7.682486
118267,2020-07-02,SU17/57,134.09,12.09175,4.899999,7.682486
118268,2020-07-02,SJ62/235,54.844,12.09175,4.899999,7.682486
118269,2020-07-02,TA10/63,16.996,12.09175,4.899999,7.682486
118270,2020-07-02,SU81/1,43.497,12.09175,4.899999,7.682486
118271,2020-07-02,TL44/12,38.42,12.09175,4.899999,7.682486
118272,2020-07-02,SJ15/13,80.1287,12.09175,4.899999,7.682486
118273,2020-07-02,SK00/41,131.159,12.09175,4.899999,7.682486
118274,2020-07-02,TR14/9,74.505,12.09175,4.899999,7.682486
118275,2020-07-02,SE94/5,17.001,12.09175,4.899999,7.682486
118276,2020-07-02,SU01/5B,76.309,12.09175,4.899999,7.682486
118277,2020-07-02,SN00/11,7.94075,12.09175,4.899999,7.682486
118278,2020-07-02,ST07/10,56.2392,12.09175,4.899999,7.682486
118279,2020-07-02,TF03/37,14.469,12.09175,4.899999,7.682486
118280,2020-07-02,SY68/34,66.117,12.09175,4.899999,7.682486
118281,2020-07-03,SJ62/235,54.851,13.908417,14.600001,15.498631
118282,2020-07-03,SE95/6,20.1,13.908417,14.600001,15.498631
118283,2020-07-03,ID30/1,113.52,13.908417,14.600001,15.498631
118284,2020-07-03,SU71/23,36.38,13.908417,14.600001,15.498631
118285,2020-07-03,NY63/2,130.88,13.908417,14.600001,15.498631
118286,2020-07-03,NO20/14,37.006,13.908417,14.600001,15.498631
118287,2020-07-03,SU17/57,134.1,13.908417,14.600001,15.498631
118288,2020-07-03,NH95/17,29.402,13.908417,14.600001,15.498631
118289,2020-07-03,SU81/1,43.401,13.908417,14.600001,15.498631
118290,2020-07-03,SJ15/13,80.1404,13.908417,14.600001,15.498631
118291,2020-07-03,TR14/9,74.345,13.908417,14.600001,15.498631
118292,2020-07-03,TF03/37,14.42,13.908417,14.600001,15.498631
118293,2020-07-03,ST07/10,56.2604,13.908417,14.600001,15.498631
118294,2020-07-03,SE94/5,16.959,13.908417,14.600001,15.498631
118295,2020-07-03,TL44/12,38.368,13.908417,14.600001,15.498631
118296,2020-07-03,SU01/5B,76.152,13.908417,14.600001,15.498631
118297,2020-07-03,TA10/63,16.969,13.908417,14.600001,15.498631
118298,2020-07-03,SN00/11,7.97438,13.908417,14.600001,15.498631
118299,2020-07-03,SK00/41,131.149,13.908417,14.600001,15.498631
118300,2020-07-03,SY68/34,66.083,13.908417,14.600001,15.498631
118301,2020-07-04,SE95/6,20.05,15.268832,13.900002,11.281509
118302,2020-07-04,NH95/17,29.41,15.268832,13.900002,11.281509
118303,2020-07-04,NY63/2,130.91,15.268832,13.900002,11.281509
118304,2020-07-04,ID30/1,113.79,15.268832,13.900002,11.281509
118305,2020-07-04,SU17/57,133.99,15.268832,13.900002,11.281509
118306,2020-07-04,SJ62/235,54.846,15.268832,13.900002,11.281509
118307,2020-07-04,SU71/23,36.26,15.268832,13.900002,11.281509
118308,2020-07-04,NO20/14,37.001,15.268832,13.900002,11.281509
118309,2020-07-04,TR14/9,74.216,15.268832,13.900002,11.281509
118310,2020-07-04,SK00/41,131.149,15.268832,13.900002,11.281509
118311,2020-07-04,TF03/37,14.37,15.268832,13.900002,11.281509
118312,2020-07-04,TA10/63,16.943,15.268832,13.900002,11.281509
118313,2020-07-04,SN00/11,8.02373,15.268832,13.900002,11.281509
118314,2020-07-04,SU01/5B,76.003,15.268832,13.900002,11.281509
118315,2020-07-04,SU81/1,43.305,15.268832,13.900002,11.281509
118316,2020-07-04,TL44/12,38.324,15.268832,13.900002,11.281509
118317,2020-07-04,SE94/5,16.913,15.268832,13.900002,11.281509
118318,2020-07-04,SJ15/13,80.1428,15.268832,13.900002,11.281509
118319,2020-07-04,SY68/34,66.052,15.268832,13.900002,11.281509
118320,2020-07-04,ST07/10,56.7327,15.268832,13.900002,11.281509
118321,2020-07-05,TL33/67,79.42,13.237583,16.3,25.874079
118322,2020-07-05,NH95/17,29.434,13.237583,16.3,25.874079
118323,2020-07-05,SU71/23,36.15,13.237583,16.3,25.874079
118324,2020-07-05,NY63/2,130.94,13.237583,16.3,25.874079
118325,2020-07-05,SJ62/235,54.833,13.237583,16.3,25.874079
118326,2020-07-05,SE95/6,20.05,13.237583,16.3,25.874079
118327,2020-07-05,TL33/4,79.69,13.237583,16.3,25.874079
118328,2020-07-05,ID30/1,113.81,13.237583,16.3,25.874079
118329,2020-07-05,SU17/57,133.9,13.237583,16.3,25.874079
118330,2020-07-05,NO20/14,37.007,13.237583,16.3,25.874079
118331,2020-07-05,TF03/37,14.334,13.237583,16.3,25.874079
118332,2020-07-05,SN00/11,8.01462,13.237583,16.3,25.874079
118333,2020-07-05,TR14/9,74.077,13.237583,16.3,25.874079
118334,2020-07-05,SJ15/13,80.1174,13.237583,16.3,25.874079
118335,2020-07-05,SY68/34,66.02,13.237583,16.3,25.874079
118336,2020-07-05,ST07/10,57.1207,13.237583,16.3,25.874079
118337,2020-07-05,SU81/1,43.199,13.237583,16.3,25.874079
118338,2020-07-05,TA10/63,16.904,13.237583,16.3,25.874079
118339,2020-07-05,TL44/12,38.265,13.237583,16.3,25.874079
118340,2020-07-05,SE94/5,16.866,13.237583,16.3,25.874079
118341,2020-07-05,SU01/5B,75.846,13.237583,16.3,25.874079
118342,2020-07-05,SK00/41,131.144,13.237583,16.3,25.874079
118343,2020-07-06,TL33/67,79.33,12.812584,2.9999995,18.68392
118344,2020-07-06,SE95/6,20.04,12.812584,2.9999995,18.68392
118345,2020-07-06,SU17/57,133.89,12.812584,2.9999995,18.68392
118346,2020-07-06,SJ62/235,54.818,12.812584,2.9999995,18.68392
118347,2020-07-06,NH95/17,29.411,12.812584,2.9999995,18.68392
118348,2020-07-06,TL33/4,79.67,12.812584,2.9999995,18.68392
118349,2020-07-06,ID30/1,113.69,12.812584,2.9999995,18.68392
118350,2020-07-06,NY63/2,130.88,12.812584,2.9999995,18.68392
118351,2020-07-06,NO20/14,36.942,12.812584,2.9999995,18.68392
118352,2020-07-06,SU71/23,36.03,12.812584,2.9999995,18.68392
118353,2020-07-06,SE94/5,16.813,12.812584,2.9999995,18.68392
118354,2020-07-06,TA10/63,16.857,12.812584,2.9999995,18.68392
118355,2020-07-06,TF03/37,14.252,12.812584,2.9999995,18.68392
118356,2020-07-06,TR14/9,73.909,12.812584,2.9999995,18.68392
118357,2020-07-06,SN00/11,7.99969,12.812584,2.9999995,18.68392
118358,2020-07-06,SU01/5B,75.688,12.812584,2.9999995,18.68392
118359,2020-07-06,ST07/10,57.2657,12.812584,2.9999995,18.68392
118360,2020-07-06,SY68/34,65.987,12.812584,2.9999995,18.68392
118361,2020-07-06,SK00/41,131.126,12.812584,2.9999995,18.68392
118362,2020-07-06,SU81/1,43.089,12.812584,2.9999995,18.68392
118363,2020-07-06,SJ15/13,80.081,12.812584,2.9999995,18.68392
118364,2020-07-06,TL44/12,38.208,12.812584,2.9999995,18.68392
118365,2020-07-07,NY63/2,130.82,11.139667,3.8000002,6.343669
118366,2020-07-07,SJ62/235,54.834,11.139667,3.8000002,6.343669
118367,2020-07-07,SU71/23,35.9,11.139667,3.8000002,6.343669
118368,2020-07-07,ID30/1,113.58,11.139667,3.8000002,6.343669
118369,2020-07-07,SU17/57,133.91,11.139667,3.8000002,6.343669
118370,2020-07-07,SE95/6,20.02,11.139667,3.8000002,6.343669
118371,2020-07-07,NO20/14,36.939,11.139667,3.8000002,6.343669
118372,2020-07-07,TQ25/86,97.09,11.139667,3.8000002,6.343669
118373,2020-07-07,NH95/17,29.391,11.139667,3.8000002,6.343669
118374,2020-07-07,TL33/67,79.36,11.139667,3.8000002,6.343669
118375,2020-07-07,TL33/4,79.65,11.139667,3.8000002,6.343669
118376,2020-07-07,SP00/62,100.27,11.139667,3.8000002,6.343669
118377,2020-07-07,TL44/12,38.16,11.139667,3.8000002,6.343669
118378,2020-07-07,SU81/1,42.993,11.139667,3.8000002,6.343669
118379,2020-07-07,TF03/37,14.261,11.139667,3.8000002,6.343669
118380,2020-07-07,ST07/10,57.6059,11.139667,3.8000002,6.343669
118381,2020-07-07,TA10/63,16.831,11.139667,3.8000002,6.343669
118382,2020-07-07,TR14/9,73.768,11.139667,3.8000002,6.343669
118383,2020-07-07,SU01/5B,75.541,11.139667,3.8000002,6.343669
118384,2020-07-07,SK00/41,131.115,11.139667,3.8000002,6.343669
118385,2020-07-07,SY68/34,65.956,11.139667,3.8000002,6.343669
118386,2020-07-07,SE94/5,16.752,11.139667,3.8000002,6.343669
118387,2020-07-07,SJ15/13,80.103,11.139667,3.8000002,6.343669
118388,2020-07-07,SN00/11,8.01515,11.139667,3.8000002,6.343669
118389,2020-07-08,TL33/4,79.63,13.325084,5.7,9.705975
118390,2020-07-08,NO20/14,36.947,13.325084,5.7,9.705975
118391,2020-07-08,SE95/6,20.01,13.325084,5.7,9.705975
118392,2020-07-08,NH95/17,29.381,13.325084,5.7,9.705975
118393,2020-07-08,TL33/67,79.33,13.325084,5.7,9.705975
118394,2020-07-08,SJ62/235,54.832,13.325084,5.7,9.705975
118395,2020-07-08,ID30/1,113.47,13.325084,5.7,9.705975
118396,2020-07-08,SU17/57,133.77,13.325084,5.7,9.705975
118397,2020-07-08,NY63/2,130.85,13.325084,5.7,9.705975
118398,2020-07-08,SU71/23,35.79,13.325084,5.7,9.705975
118399,2020-07-08,SY68/34,65.925,13.325084,5.7,9.705975
118400,2020-07-08,SN00/11,8.08633,13.325084,5.7,9.705975
118401,2020-07-08,SE94/5,16.725,13.325084,5.7,9.705975
118402,2020-07-08,TA10/63,16.801,13.325084,5.7,9.705975
118403,2020-07-08,SU81/1,42.899,13.325084,5.7,9.705975
118404,2020-07-08,TL44/12,38.113,13.325084,5.7,9.705975
118405,2020-07-08,SU01/5B,75.4,13.325084,5.7,9.705975
118406,2020-07-08,TR14/9,73.629,13.325084,5.7,9.705975
118407,2020-07-08,SK00/41,131.116,13.325084,5.7,9.705975
118408,2020-07-08,SJ15/13,80.1146,13.325084,5.7,9.705975
118409,2020-07-08,ST07/10,60.3976,13.325084,5.7,9.705975
118410,2020-07-08,TF03/37,14.257,13.325084,5.7,9.705975
118411,2020-07-09,NY63/2,130.85,13.756333,3.2,7.731514
118412,2020-07-09,TL33/4,79.61,13.756333,3.2,7.731514
118413,2020-07-09,ID30/1,113.44,13.756333,3.2,7.731514
118414,2020-07-09,NO20/14,36.957,13.756333,3.2,7.731514
118415,2020-07-09,SJ62/235,54.819,13.756333,3.2,7.731514
118416,2020-07-09,SE95/6,19.99,13.756333,3.2,7.731514
118417,2020-07-09,TL33/67,79.28,13.756333,3.2,7.731514
118418,2020-07-09,SU17/57,133.69,13.756333,3.2,7.731514
118419,2020-07-09,SU71/23,35.68,13.756333,3.2,7.731514
118420,2020-07-09,NH95/17,29.379,13.756333,3.2,7.731514
118421,2020-07-09,SK00/41,131.115,13.756333,3.2,7.731514
118422,2020-07-09,SU01/5B,75.262,13.756333,3.2,7.731514
118423,2020-07-09,SU81/1,42.809,13.756333,3.2,7.731514
118424,2020-07-09,SN00/11,8.18467,13.756333,3.2,7.731514
118425,2020-07-09,TL44/12,38.06,13.756333,3.2,7.731514
118426,2020-07-09,ST07/10,62.8081,13.756333,3.2,7.731514
118427,2020-07-09,SJ15/13,80.1148,13.756333,3.2,7.731514
118428,2020-07-09,SY68/34,65.895,13.756333,3.2,7.731514
118429,2020-07-09,TR14/9,73.509,13.756333,3.2,7.731514
118430,2020-07-09,SE94/5,16.686,13.756333,3.2,7.731514
118431,2020-07-09,TF03/37,14.222,13.756333,3.2,7.731514
118432,2020-07-09,TA10/63,16.773,13.756333,3.2,7.731514
118433,2020-07-10,TL33/4,79.59,12.343833,1.2,13.826868
118434,2020-07-10,NO20/14,36.921,12.343833,1.2,13.826868
118435,2020-07-10,SJ62/235,54.811,12.343833,1.2,13.826868
118436,2020-07-10,SU71/23,35.58,12.343833,1.2,13.826868
118437,2020-07-10,NH95/17,29.372,12.343833,1.2,13.826868
118438,2020-07-10,SE95/6,19.97,12.343833,1.2,13.826868
118439,2020-07-10,TL33/67,79.18,12.343833,1.2,13.826868
118440,2020-07-10,SU17/57,133.63,12.343833,1.2,13.826868
118441,2020-07-10,NY63/2,130.84,12.343833,1.2,13.826868
118442,2020-07-10,ID30/1,113.53,12.343833,1.2,13.826868
118443,2020-07-10,TL44/12,38.0,12.343833,1.2,13.826868
118444,2020-07-10,SU81/1,42.694,12.343833,1.2,13.826868
118445,2020-07-10,SE94/5,16.641,12.343833,1.2,13.826868
118446,2020-07-10,SY68/34,65.864,12.343833,1.2,13.826868
118447,2020-07-10,SN00/11,8.18823,12.343833,1.2,13.826868
118448,2020-07-10,ST07/10,63.8441,12.343833,1.2,13.826868
118449,2020-07-10,SK00/41,131.102,12.343833,1.2,13.826868
118450,2020-07-10,SJ15/13,80.0861,12.343833,1.2,13.826868
118451,2020-07-10,SU01/5B,75.114,12.343833,1.2,13.826868
118452,2020-07-10,TA10/63,16.735,12.343833,1.2,13.826868
118453,2020-07-10,TR14/9,73.368,12.343833,1.2,13.826868
118454,2020-07-10,TF03/37,14.16,12.343833,1.2,13.826868
118455,2020-07-11,ID30/1,113.55,12.181335,1.0,13.669873
118456,2020-07-11,SU17/57,133.67,12.181335,1.0,13.669873
118457,2020-07-11,NY63/2,130.81,12.181335,1.0,13.669873
118458,2020-07-11,TL33/67,79.12,12.181335,1.0,13.669873
118459,2020-07-11,NH95/17,29.362,12.181335,1.0,13.669873
118460,2020-07-11,SJ62/235,54.807,12.181335,1.0,13.669873
118461,2020-07-11,NO20/14,36.885,12.181335,1.0,13.669873
118462,2020-07-11,SE95/6,19.93,12.181335,1.0,13.669873
118463,2020-07-11,TL33/4,79.57,12.181335,1.0,13.669873
118464,2020-07-11,SU71/23,35.46,12.181335,1.0,13.669873
118465,2020-07-11,TF03/37,14.126,12.181335,1.0,13.669873
118466,2020-07-11,SU81/1,42.566,12.181335,1.0,13.669873
118467,2020-07-11,ST07/10,63.955,12.181335,1.0,13.669873
118468,2020-07-11,TL44/12,37.946,12.181335,1.0,13.669873
118469,2020-07-11,SE94/5,16.598,12.181335,1.0,13.669873
118470,2020-07-11,SK00/41,131.082,12.181335,1.0,13.669873
118471,2020-07-11,SJ15/13,80.0676,12.181335,1.0,13.669873
118472,2020-07-11,SY68/34,65.833,12.181335,1.0,13.669873
118473,2020-07-11,TR14/9,73.212,12.181335,1.0,13.669873
118474,2020-07-11,TA10/63,16.699,12.181335,1.0,13.669873
118475,2020-07-11,SN00/11,8.18565,12.181335,1.0,13.669873
118476,2020-07-11,SU01/5B,74.968,12.181335,1.0,13.669873
118477,2020-07-12,SU17/57,133.65,13.195918,0.0,10.128755
118478,2020-07-12,NH95/17,29.348,13.195918,0.0,10.128755
118479,2020-07-12,NY63/2,130.79,13.195918,0.0,10.128755
118480,2020-07-12,TL33/67,79.11,13.195918,0.0,10.128755
118481,2020-07-12,TL33/4,79.54,13.195918,0.0,10.128755
118482,2020-07-12,SJ62/235,54.813,13.195918,0.0,10.128755
118483,2020-07-12,NO20/14,36.88,13.195918,0.0,10.128755
118484,2020-07-12,SE95/6,19.91,13.195918,0.0,10.128755
118485,2020-07-12,ID30/1,113.56,13.195918,0.0,10.128755
118486,2020-07-12,SU71/23,35.33,13.195918,0.0,10.128755
118487,2020-07-12,ST07/10,63.653,13.195918,0.0,10.128755
118488,2020-07-12,TA10/63,16.673,13.195918,0.0,10.128755
118489,2020-07-12,TF03/37,14.1,13.195918,0.0,10.128755
118490,2020-07-12,SJ15/13,80.0738,13.195918,0.0,10.128755
118491,2020-07-12,SU01/5B,74.831,13.195918,0.0,10.128755
118492,2020-07-12,SE94/5,16.554,13.195918,0.0,10.128755
118493,2020-07-12,SY68/34,65.803,13.195918,0.0,10.128755
118494,2020-07-12,SU81/1,42.438,13.195918,0.0,10.128755
118495,2020-07-12,SK00/41,131.069,13.195918,0.0,10.128755
118496,2020-07-12,TR14/9,73.06,13.195918,0.0,10.128755
118497,2020-07-12,TL44/12,37.895,13.195918,0.0,10.128755
118498,2020-07-12,SN00/11,8.18385,13.195918,0.0,10.128755
118499,2020-07-13,SU17/57,133.57,14.945915,2.8000002,14.950973
118500,2020-07-13,NO20/14,36.895,14.945915,2.8000002,14.950973
118501,2020-07-13,TL33/67,79.13,14.945915,2.8000002,14.950973
118502,2020-07-13,NY63/2,130.81,14.945915,2.8000002,14.950973
118503,2020-07-13,TL33/4,79.52,14.945915,2.8000002,14.950973
118504,2020-07-13,NH95/17,29.352,14.945915,2.8000002,14.950973
118505,2020-07-13,SE95/6,19.9,14.945915,2.8000002,14.950973
118506,2020-07-13,SJ62/235,54.787,14.945915,2.8000002,14.950973
118507,2020-07-13,SU71/23,35.23,14.945915,2.8000002,14.950973
118508,2020-07-13,ID30/1,113.55,14.945915,2.8000002,14.950973
118509,2020-07-13,SY68/34,65.773,14.945915,2.8000002,14.950973
118510,2020-07-13,SE94/5,16.514,14.945915,2.8000002,14.950973
118511,2020-07-13,ST07/10,63.2694,14.945915,2.8000002,14.950973
118512,2020-07-13,TL44/12,37.85,14.945915,2.8000002,14.950973
118513,2020-07-13,SN00/11,8.21702,14.945915,2.8000002,14.950973
118514,2020-07-13,SU01/5B,74.703,14.945915,2.8000002,14.950973
118515,2020-07-13,TF03/37,14.092,14.945915,2.8000002,14.950973
118516,2020-07-13,TA10/63,16.649,14.945915,2.8000002,14.950973
118517,2020-07-13,TR14/9,72.925,14.945915,2.8000002,14.950973
118518,2020-07-13,SK00/41,131.068,14.945915,2.8000002,14.950973
118519,2020-07-13,SJ15/13,80.0932,14.945915,2.8000002,14.950973
118520,2020-07-13,SU81/1,42.313,14.945915,2.8000002,14.950973
118521,2020-07-14,SE95/6,19.88,12.789666,1.0,12.538175
118522,2020-07-14,SP00/62,100.25,12.789666,1.0,12.538175
118523,2020-07-14,TL33/67,79.09,12.789666,1.0,12.538175
118524,2020-07-14,NO20/14,36.878,12.789666,1.0,12.538175
118525,2020-07-14,SJ62/235,54.76,12.789666,1.0,12.538175
118526,2020-07-14,SU71/23,35.13,12.789666,1.0,12.538175
118527,2020-07-14,SU17/57,133.43,12.789666,1.0,12.538175
118528,2020-07-14,ID30/1,113.53,12.789666,1.0,12.538175
118529,2020-07-14,NY63/2,130.83,12.789666,1.0,12.538175
118530,2020-07-14,NH95/17,29.34,12.789666,1.0,12.538175
118531,2020-07-14,TL33/4,79.5,12.789666,1.0,12.538175
118532,2020-07-14,TQ25/86,96.78,12.789666,1.0,12.538175
118533,2020-07-14,SK00/41,131.072,12.789666,1.0,12.538175
118534,2020-07-14,TA10/63,16.62,12.789666,1.0,12.538175
118535,2020-07-14,ST07/10,62.7713,12.789666,1.0,12.538175
118536,2020-07-14,TL44/12,37.808,12.789666,1.0,12.538175
118537,2020-07-14,SE94/5,16.474,12.789666,1.0,12.538175
118538,2020-07-14,TR14/9,72.8,12.789666,1.0,12.538175
118539,2020-07-14,SY68/34,65.746,12.789666,1.0,12.538175
118540,2020-07-14,SU01/5B,74.579,12.789666,1.0,12.538175
118541,2020-07-14,SN00/11,8.21708,12.789666,1.0,12.538175
118542,2020-07-14,SJ15/13,80.0991,12.789666,1.0,12.538175
118543,2020-07-14,SU81/1,42.191,12.789666,1.0,12.538175
118544,2020-07-14,TF03/37,14.066,12.789666,1.0,12.538175
118545,2020-07-15,SU17/57,133.36,13.537583,5.6,13.037839
118546,2020-07-15,TL33/4,79.47,13.537583,5.6,13.037839
118547,2020-07-15,NO20/14,36.86,13.537583,5.6,13.037839
118548,2020-07-15,SJ62/235,54.789,13.537583,5.6,13.037839
118549,2020-07-15,NH95/17,29.347,13.537583,5.6,13.037839
118550,2020-07-15,SU71/23,35.03,13.537583,5.6,13.037839
118551,2020-07-15,ID30/1,113.54,13.537583,5.6,13.037839
118552,2020-07-15,TL33/67,79.03,13.537583,5.6,13.037839
118553,2020-07-15,SE95/6,19.83,13.537583,5.6,13.037839
118554,2020-07-15,NY63/2,130.83,13.537583,5.6,13.037839
118555,2020-07-15,SU81/1,42.064,13.537583,5.6,13.037839
118556,2020-07-15,TR14/9,72.674,13.537583,5.6,13.037839
118557,2020-07-15,ST07/10,62.0895,13.537583,5.6,13.037839
118558,2020-07-15,TA10/63,16.588,13.537583,5.6,13.037839
118559,2020-07-15,SK00/41,131.073,13.537583,5.6,13.037839
118560,2020-07-15,SJ15/13,80.0906,13.537583,5.6,13.037839
118561,2020-07-15,TF03/37,14.001,13.537583,5.6,13.037839
118562,2020-07-15,SY68/34,65.718,13.537583,5.6,13.037839
118563,2020-07-15,SN00/11,8.19633,13.537583,5.6,13.037839
118564,2020-07-15,SU01/5B,74.45,13.537583,5.6,13.037839
118565,2020-07-15,TL44/12,37.759,13.537583,5.6,13.037839
118566,2020-07-15,SE94/5,16.433,13.537583,5.6,13.037839
118567,2020-07-16,SE95/6,19.84,15.943832,0.8000001,13.258813
118568,2020-07-16,NH95/17,29.338,15.943832,0.8000001,13.258813
118569,2020-07-16,SU71/23,34.93,15.943832,0.8000001,13.258813
118570,2020-07-16,SU17/57,133.32,15.943832,0.8000001,13.258813
118571,2020-07-16,NY63/2,130.8,15.943832,0.8000001,13.258813
118572,2020-07-16,ID30/1,113.51,15.943832,0.8000001,13.258813
118573,2020-07-16,TL33/4,79.45,15.943832,0.8000001,13.258813
118574,2020-07-16,NO20/14,36.834,15.943832,0.8000001,13.258813
118575,2020-07-16,SJ62/235,54.788,15.943832,0.8000001,13.258813
118576,2020-07-16,TL33/67,78.97,15.943832,0.8000001,13.258813
118577,2020-07-16,ST07/10,61.5087,15.943832,0.8000001,13.258813
118578,2020-07-16,TR14/9,72.53,15.943832,0.8000001,13.258813
118579,2020-07-16,TA10/63,16.554,15.943832,0.8000001,13.258813
118580,2020-07-16,SU01/5B,74.318,15.943832,0.8000001,13.258813
118581,2020-07-16,SJ15/13,80.076,15.943832,0.8000001,13.258813
118582,2020-07-16,SN00/11,8.16638,15.943832,0.8000001,13.258813
118583,2020-07-16,SU81/1,41.932,15.943832,0.8000001,13.258813
118584,2020-07-16,TF03/37,13.944,15.943832,0.8000001,13.258813
118585,2020-07-16,SY68/34,65.689,15.943832,0.8000001,13.258813
118586,2020-07-16,TL44/12,37.713,15.943832,0.8000001,13.258813
118587,2020-07-16,SK00/41,131.064,15.943832,0.8000001,13.258813
118588,2020-07-16,SE94/5,16.377,15.943832,0.8000001,13.258813
118589,2020-07-17,NH95/17,29.335,16.075083,3.2,13.756287
118590,2020-07-17,TL33/4,79.43,16.075083,3.2,13.756287
118591,2020-07-17,NO20/14,36.746,16.075083,3.2,13.756287
118592,2020-07-17,ID30/1,113.52,16.075083,3.2,13.756287
118593,2020-07-17,SE95/6,19.83,16.075083,3.2,13.756287
118594,2020-07-17,NY63/2,130.79,16.075083,3.2,13.756287
118595,2020-07-17,SU71/23,34.82,16.075083,3.2,13.756287
118596,2020-07-17,TL33/67,78.94,16.075083,3.2,13.756287
118597,2020-07-17,SU17/57,133.29,16.075083,3.2,13.756287
118598,2020-07-17,SJ62/235,54.794,16.075083,3.2,13.756287
118599,2020-07-17,ST07/10,61.0516,16.075083,3.2,13.756287
118600,2020-07-17,TR14/9,72.389,16.075083,3.2,13.756287
118601,2020-07-17,SU81/1,41.813,16.075083,3.2,13.756287
118602,2020-07-17,TF03/37,13.91,16.075083,3.2,13.756287
118603,2020-07-17,SJ15/13,80.0787,16.075083,3.2,13.756287
118604,2020-07-17,SY68/34,65.661,16.075083,3.2,13.756287
118605,2020-07-17,SK00/41,131.059,16.075083,3.2,13.756287
118606,2020-07-17,SU01/5B,74.195,16.075083,3.2,13.756287
118607,2020-07-17,TL44/12,37.677,16.075083,3.2,13.756287
118608,2020-07-17,SE94/5,16.35,16.075083,3.2,13.756287
118609,2020-07-17,SN00/11,8.13642,16.075083,3.2,13.756287
118610,2020-07-17,TA10/63,16.525,16.075083,3.2,13.756287
118611,2020-07-18,SU71/23,34.72,15.150085,9.4,11.237824
118612,2020-07-18,NO20/14,36.547,15.150085,9.4,11.237824
118613,2020-07-18,SE95/6,19.82,15.150085,9.4,11.237824
118614,2020-07-18,NY63/2,130.79,15.150085,9.4,11.237824
118615,2020-07-18,SJ62/235,54.792,15.150085,9.4,11.237824
118616,2020-07-18,SU17/57,133.22,15.150085,9.4,11.237824
118617,2020-07-18,TL33/4,79.4,15.150085,9.4,11.237824
118618,2020-07-18,TL33/67,78.92,15.150085,9.4,11.237824
118619,2020-07-18,NH95/17,29.335,15.150085,9.4,11.237824
118620,2020-07-18,ID30/1,113.63,15.150085,9.4,11.237824
118621,2020-07-18,SE94/5,16.305,15.150085,9.4,11.237824
118622,2020-07-18,SY68/34,65.633,15.150085,9.4,11.237824
118623,2020-07-18,TF03/37,13.89,15.150085,9.4,11.237824
118624,2020-07-18,SJ15/13,80.0788,15.150085,9.4,11.237824
118625,2020-07-18,TA10/63,16.493,15.150085,9.4,11.237824
118626,2020-07-18,SU01/5B,74.076,15.150085,9.4,11.237824
118627,2020-07-18,SN00/11,8.1326,15.150085,9.4,11.237824
118628,2020-07-18,SU81/1,41.71,15.150085,9.4,11.237824
118629,2020-07-18,ST07/10,60.6775,15.150085,9.4,11.237824
118630,2020-07-18,TL44/12,37.643,15.150085,9.4,11.237824
118631,2020-07-18,TR14/9,72.275,15.150085,9.4,11.237824
118632,2020-07-18,SK00/41,131.058,15.150085,9.4,11.237824
118633,2020-07-19,SJ62/235,54.782,12.323002,0.0,12.882133
118634,2020-07-19,TL33/4,79.38,12.323002,0.0,12.882133
118635,2020-07-19,TL33/67,78.85,12.323002,0.0,12.882133
118636,2020-07-19,SE95/6,19.8,12.323002,0.0,12.882133
118637,2020-07-19,SU71/23,34.62,12.323002,0.0,12.882133
118638,2020-07-19,NO20/14,36.508,12.323002,0.0,12.882133
118639,2020-07-19,NY63/2,130.78,12.323002,0.0,12.882133
118640,2020-07-19,ID30/1,113.58,12.323002,0.0,12.882133
118641,2020-07-19,NH95/17,29.315,12.323002,0.0,12.882133
118642,2020-07-19,SU17/57,133.13,12.323002,0.0,12.882133
118643,2020-07-19,ST07/10,60.3876,12.323002,0.0,12.882133
118644,2020-07-19,SN00/11,8.10248,12.323002,0.0,12.882133
118645,2020-07-19,SK00/41,131.053,12.323002,0.0,12.882133
118646,2020-07-19,SY68/34,65.606,12.323002,0.0,12.882133
118647,2020-07-19,SE94/5,16.24,12.323002,0.0,12.882133
118648,2020-07-19,SU81/1,41.605,12.323002,0.0,12.882133
118649,2020-07-19,SJ15/13,80.0585,12.323002,0.0,12.882133
118650,2020-07-19,SU01/5B,73.959,12.323002,0.0,12.882133
118651,2020-07-19,TL44/12,37.601,12.323002,0.0,12.882133
118652,2020-07-19,TA10/63,16.457,12.323002,0.0,12.882133
118653,2020-07-19,TR14/9,72.149,12.323002,0.0,12.882133
118654,2020-07-19,TF03/37,13.857,12.323002,0.0,12.882133
118655,2020-07-20,TL33/4,79.35,11.916749,1.7,12.206692
118656,2020-07-20,NH95/17,29.294,11.916749,1.7,12.206692
118657,2020-07-20,SE95/6,19.77,11.916749,1.7,12.206692
118658,2020-07-20,SU71/23,34.52,11.916749,1.7,12.206692
118659,2020-07-20,SJ62/235,54.777,11.916749,1.7,12.206692
118660,2020-07-20,SU17/57,133.12,11.916749,1.7,12.206692
118661,2020-07-20,SE94/5,16.27,11.916749,1.7,12.206692
118662,2020-07-20,TL33/67,78.79,11.916749,1.7,12.206692
118663,2020-07-20,NO20/14,36.464,11.916749,1.7,12.206692
118664,2020-07-20,NY63/2,130.75,11.916749,1.7,12.206692
118665,2020-07-20,ID30/1,113.53,11.916749,1.7,12.206692
118666,2020-07-20,TF03/37,13.839,11.916749,1.7,12.206692
118667,2020-07-20,SU81/1,41.488,11.916749,1.7,12.206692
118668,2020-07-20,ST07/10,60.0895,11.916749,1.7,12.206692
118669,2020-07-20,SJ15/13,80.0439,11.916749,1.7,12.206692
118670,2020-07-20,SK00/41,131.042,11.916749,1.7,12.206692
118671,2020-07-20,SY68/34,65.578,11.916749,1.7,12.206692
118672,2020-07-20,TL44/12,37.56,11.916749,1.7,12.206692
118673,2020-07-20,SU01/5B,73.838,11.916749,1.7,12.206692
118674,2020-07-20,SN00/11,8.0605,11.916749,1.7,12.206692
118675,2020-07-20,TA10/63,16.423,11.916749,1.7,12.206692
118676,2020-07-20,TR14/9,72.012,11.916749,1.7,12.206692
118677,2020-07-21,ID30/1,113.49,12.648002,0.1,7.49965
118678,2020-07-21,SJ62/235,54.778,12.648002,0.1,7.49965
118679,2020-07-21,NY63/2,130.74,12.648002,0.1,7.49965
118680,2020-07-21,TQ25/86,96.41,12.648002,0.1,7.49965
118681,2020-07-21,TL33/4,79.33,12.648002,0.1,7.49965
118682,2020-07-21,TL33/67,78.75,12.648002,0.1,7.49965
118683,2020-07-21,SE95/6,19.72,12.648002,0.1,7.49965
118684,2020-07-21,SU71/23,34.4,12.648002,0.1,7.49965
118685,2020-07-21,NH95/17,29.303,12.648002,0.1,7.49965
118686,2020-07-21,SP00/62,100.2,12.648002,0.1,7.49965
118687,2020-07-21,NO20/14,36.401,12.648002,0.1,7.49965
118688,2020-07-21,SU17/57,133.1,12.648002,0.1,7.49965
118689,2020-07-21,TA10/63,16.4,12.648002,0.1,7.49965
118690,2020-07-21,TF03/37,13.819,12.648002,0.1,7.49965
118691,2020-07-21,SU81/1,41.375,12.648002,0.1,7.49965
118692,2020-07-21,TR14/9,71.865,12.648002,0.1,7.49965
118693,2020-07-21,ST07/10,59.7653,12.648002,0.1,7.49965
118694,2020-07-21,SU01/5B,73.724,12.648002,0.1,7.49965
118695,2020-07-21,TL44/12,37.52,12.648002,0.1,7.49965
118696,2020-07-21,SK00/41,131.031,12.648002,0.1,7.49965
118697,2020-07-21,SJ15/13,80.0431,12.648002,0.1,7.49965
118698,2020-07-21,SE94/5,16.179,12.648002,0.1,7.49965
118699,2020-07-21,SY68/34,65.551,12.648002,0.1,7.49965
118700,2020-07-21,SN00/11,8.01879,12.648002,0.1,7.49965
118701,2020-07-22,TL33/4,79.3,14.018834,7.8,13.007464
118702,2020-07-22,SU71/23,34.3,14.018834,7.8,13.007464
118703,2020-07-22,ID30/1,113.46,14.018834,7.8,13.007464
118704,2020-07-22,SU17/57,133.05,14.018834,7.8,13.007464
118705,2020-07-22,NH95/17,29.314,14.018834,7.8,13.007464
118706,2020-07-22,TL33/67,78.76,14.018834,7.8,13.007464
118707,2020-07-22,NY63/2,130.73,14.018834,7.8,13.007464
118708,2020-07-22,SE95/6,19.71,14.018834,7.8,13.007464
118709,2020-07-22,NO20/14,36.494,14.018834,7.8,13.007464
118710,2020-07-22,SJ62/235,54.785,14.018834,7.8,13.007464
118711,2020-07-22,SU01/5B,73.615,14.018834,7.8,13.007464
118712,2020-07-22,TF03/37,13.809,14.018834,7.8,13.007464
118713,2020-07-22,SU81/1,41.266,14.018834,7.8,13.007464
118714,2020-07-22,ST07/10,59.5173,14.018834,7.8,13.007464
118715,2020-07-22,TA10/63,16.365,14.018834,7.8,13.007464
118716,2020-07-22,SN00/11,7.99023,14.018834,7.8,13.007464
118717,2020-07-22,TL44/12,37.481,14.018834,7.8,13.007464
118718,2020-07-22,SK00/41,131.029,14.018834,7.8,13.007464
118719,2020-07-22,SY68/34,65.522,14.018834,7.8,13.007464
118720,2020-07-22,SE94/5,16.139,14.018834,7.8,13.007464
118721,2020-07-22,SJ15/13,80.0594,14.018834,7.8,13.007464
118722,2020-07-22,TR14/9,71.732,14.018834,7.8,13.007464
118723,2020-07-23,TL33/67,78.75,15.56675,14.0,11.036304
118724,2020-07-23,SU71/23,34.19,15.56675,14.0,11.036304
118725,2020-07-23,SE95/6,19.67,15.56675,14.0,11.036304
118726,2020-07-23,NH95/17,29.325,15.56675,14.0,11.036304
118727,2020-07-23,SU17/57,132.95,15.56675,14.0,11.036304
118728,2020-07-23,NO20/14,36.545,15.56675,14.0,11.036304
118729,2020-07-23,SJ62/235,54.789,15.56675,14.0,11.036304
118730,2020-07-23,ID30/1,113.51,15.56675,14.0,11.036304
118731,2020-07-23,TL33/4,79.28,15.56675,14.0,11.036304
118732,2020-07-23,NY63/2,130.76,15.56675,14.0,11.036304
118733,2020-07-23,TR14/9,71.608,15.56675,14.0,11.036304
118734,2020-07-23,SK00/41,131.036,15.56675,14.0,11.036304
118735,2020-07-23,SE94/5,16.102,15.56675,14.0,11.036304
118736,2020-07-23,SU81/1,41.166,15.56675,14.0,11.036304
118737,2020-07-23,SY68/34,65.492,15.56675,14.0,11.036304
118738,2020-07-23,TF03/37,13.803,15.56675,14.0,11.036304
118739,2020-07-23,SU01/5B,73.515,15.56675,14.0,11.036304
118740,2020-07-23,SN00/11,7.97904,15.56675,14.0,11.036304
118741,2020-07-23,ST07/10,59.267,15.56675,14.0,11.036304
118742,2020-07-23,SJ15/13,80.0781,15.56675,14.0,11.036304
118743,2020-07-23,TA10/63,16.338,15.56675,14.0,11.036304
118744,2020-07-23,TL44/12,37.448,15.56675,14.0,11.036304
118745,2020-07-24,NY63/2,130.78,15.050083,2.4,9.358304
118746,2020-07-24,NO20/14,36.485,15.050083,2.4,9.358304
118747,2020-07-24,TL33/4,79.25,15.050083,2.4,9.358304
118748,2020-07-24,NH95/17,29.32,15.050083,2.4,9.358304
118749,2020-07-24,SU71/23,34.09,15.050083,2.4,9.358304
118750,2020-07-24,SE95/6,19.67,15.050083,2.4,9.358304
118751,2020-07-24,TL33/67,78.71,15.050083,2.4,9.358304
118752,2020-07-24,ID30/1,113.53,15.050083,2.4,9.358304
118753,2020-07-24,SJ62/235,54.788,15.050083,2.4,9.358304
118754,2020-07-24,SU17/57,132.82,15.050083,2.4,9.358304
118755,2020-07-24,ST07/10,58.9818,15.050083,2.4,9.358304
118756,2020-07-24,SU01/5B,73.414,15.050083,2.4,9.358304
118757,2020-07-24,SJ15/13,80.0853,15.050083,2.4,9.358304
118758,2020-07-24,TL44/12,37.416,15.050083,2.4,9.358304
118759,2020-07-24,TA10/63,16.308,15.050083,2.4,9.358304
118760,2020-07-24,SU81/1,41.066,15.050083,2.4,9.358304
118761,2020-07-24,SY68/34,65.462,15.050083,2.4,9.358304
118762,2020-07-24,SE94/5,16.05,15.050083,2.4,9.358304
118763,2020-07-24,SN00/11,7.95706,15.050083,2.4,9.358304
118764,2020-07-24,SK00/41,131.043,15.050083,2.4,9.358304
118765,2020-07-24,TR14/9,71.491,15.050083,2.4,9.358304
118766,2020-07-24,TF03/37,13.774,15.050083,2.4,9.358304
118767,2020-07-25,NY63/2,130.79,16.047998,6.199999,13.388096
118768,2020-07-25,ID30/1,113.52,16.047998,6.199999,13.388096
118769,2020-07-25,SJ62/235,54.781,16.047998,6.199999,13.388096
118770,2020-07-25,NO20/14,36.647,16.047998,6.199999,13.388096
118771,2020-07-25,NH95/17,29.332,16.047998,6.199999,13.388096
118772,2020-07-25,TL33/4,79.23,16.047998,6.199999,13.388096
118773,2020-07-25,SE95/6,19.64,16.047998,6.199999,13.388096
118774,2020-07-25,SU71/23,33.99,16.047998,6.199999,13.388096
118775,2020-07-25,SU17/57,132.74,16.047998,6.199999,13.388096
118776,2020-07-25,TL33/67,78.69,16.047998,6.199999,13.388096
118777,2020-07-25,SN00/11,7.93821,16.047998,6.199999,13.388096
118778,2020-07-25,SJ15/13,80.0868,16.047998,6.199999,13.388096
118779,2020-07-25,SE94/5,16.021,16.047998,6.199999,13.388096
118780,2020-07-25,SU81/1,40.976,16.047998,6.199999,13.388096
118781,2020-07-25,TL44/12,37.382,16.047998,6.199999,13.388096
118782,2020-07-25,SY68/34,65.437,16.047998,6.199999,13.388096
118783,2020-07-25,TA10/63,16.277,16.047998,6.199999,13.388096
118784,2020-07-25,SK00/41,131.052,16.047998,6.199999,13.388096
118785,2020-07-25,TR14/9,71.388,16.047998,6.199999,13.388096
118786,2020-07-25,ST07/10,58.7457,16.047998,6.199999,13.388096
118787,2020-07-25,SU01/5B,73.318,16.047998,6.199999,13.388096
118788,2020-07-25,TF03/37,13.72,16.047998,6.199999,13.388096
118789,2020-07-26,NH95/17,29.327,14.589665,4.2,14.909053
118790,2020-07-26,ID30/1,113.5,14.589665,4.2,14.909053
118791,2020-07-26,NO20/14,36.664,14.589665,4.2,14.909053
118792,2020-07-26,SE95/6,19.62,14.589665,4.2,14.909053
118793,2020-07-26,TL33/4,79.2,14.589665,4.2,14.909053
118794,2020-07-26,NY63/2,130.78,14.589665,4.2,14.909053
118795,2020-07-26,SJ62/235,54.772,14.589665,4.2,14.909053
118796,2020-07-26,TL33/67,78.6,14.589665,4.2,14.909053
118797,2020-07-26,SU71/23,33.89,14.589665,4.2,14.909053
118798,2020-07-26,SU17/57,132.65,14.589665,4.2,14.909053
118799,2020-07-26,TL44/12,37.348,14.589665,4.2,14.909053
118800,2020-07-26,TA10/63,16.236,14.589665,4.2,14.909053
118801,2020-07-26,SE94/5,15.98,14.589665,4.2,14.909053
118802,2020-07-26,ST07/10,58.4999,14.589665,4.2,14.909053
118803,2020-07-26,TR14/9,71.262,14.589665,4.2,14.909053
118804,2020-07-26,SJ15/13,80.0701,14.589665,4.2,14.909053
118805,2020-07-26,SN00/11,7.90921,14.589665,4.2,14.909053
118806,2020-07-26,SU81/1,40.863,14.589665,4.2,14.909053
118807,2020-07-26,TF03/37,13.703,14.589665,4.2,14.909053
118808,2020-07-26,SU01/5B,73.213,14.589665,4.2,14.909053
118809,2020-07-26,SY68/34,65.42,14.589665,4.2,14.909053
118810,2020-07-26,SK00/41,131.049,14.589665,4.2,14.909053
118811,2020-07-27,SE95/6,19.62,14.466751,16.1,19.773743
118812,2020-07-27,SJ62/235,54.77,14.466751,16.1,19.773743
118813,2020-07-27,SU71/23,33.78,14.466751,16.1,19.773743
118814,2020-07-27,ID30/1,113.6,14.466751,16.1,19.773743
118815,2020-07-27,NY63/2,130.74,14.466751,16.1,19.773743
118816,2020-07-27,SU17/57,132.66,14.466751,16.1,19.773743
118817,2020-07-27,TL33/67,78.58,14.466751,16.1,19.773743
118818,2020-07-27,NH95/17,29.333,14.466751,16.1,19.773743
118819,2020-07-27,TL33/4,79.17,14.466751,16.1,19.773743
118820,2020-07-27,NO20/14,36.684,14.466751,16.1,19.773743
118821,2020-07-27,SE94/5,16.082,14.466751,16.1,19.773743
118822,2020-07-27,SN00/11,7.92667,14.466751,16.1,19.773743
118823,2020-07-27,TF03/37,13.675,14.466751,16.1,19.773743
118824,2020-07-27,TR14/9,71.164,14.466751,16.1,19.773743
118825,2020-07-27,TA10/63,16.208,14.466751,16.1,19.773743
118826,2020-07-27,SJ15/13,80.0724,14.466751,16.1,19.773743
118827,2020-07-27,SU01/5B,73.117,14.466751,16.1,19.773743
118828,2020-07-27,SU81/1,40.769,14.466751,16.1,19.773743
118829,2020-07-27,SK00/41,131.052,14.466751,16.1,19.773743
118830,2020-07-27,TL44/12,37.313,14.466751,16.1,19.773743
118831,2020-07-27,ST07/10,58.5311,14.466751,16.1,19.773743
118832,2020-07-27,SY68/34,65.398,14.466751,16.1,19.773743
118833,2020-07-28,SU71/23,33.69,12.291749,2.1999998,23.563765
118834,2020-07-28,NO20/14,36.677,12.291749,2.1999998,23.563765
118835,2020-07-28,NY63/2,130.76,12.291749,2.1999998,23.563765
118836,2020-07-28,NH95/17,29.344,12.291749,2.1999998,23.563765
118837,2020-07-28,TL33/4,79.15,12.291749,2.1999998,23.563765
118838,2020-07-28,SP00/62,100.17,12.291749,2.1999998,23.563765
118839,2020-07-28,SU17/57,132.58,12.291749,2.1999998,23.563765
118840,2020-07-28,TQ25/86,96.17,12.291749,2.1999998,23.563765
118841,2020-07-28,TL33/67,78.47,12.291749,2.1999998,23.563765
118842,2020-07-28,ID30/1,113.68,12.291749,2.1999998,23.563765
118843,2020-07-28,SJ62/235,54.75,12.291749,2.1999998,23.563765
118844,2020-07-28,SE95/6,19.59,12.291749,2.1999998,23.563765
118845,2020-07-28,TF03/37,13.604,12.291749,2.1999998,23.563765
118846,2020-07-28,SK00/41,131.039,12.291749,2.1999998,23.563765
118847,2020-07-28,TR14/9,71.042,12.291749,2.1999998,23.563765
118848,2020-07-28,SY68/34,65.374,12.291749,2.1999998,23.563765
118849,2020-07-28,SN00/11,7.90123,12.291749,2.1999998,23.563765
118850,2020-07-28,TL44/12,37.27,12.291749,2.1999998,23.563765
118851,2020-07-28,ST07/10,58.4211,12.291749,2.1999998,23.563765
118852,2020-07-28,SU01/5B,73.005,12.291749,2.1999998,23.563765
118853,2020-07-28,TA10/63,16.162,12.291749,2.1999998,23.563765
118854,2020-07-28,SU81/1,40.66,12.291749,2.1999998,23.563765
118855,2020-07-28,SJ15/13,80.0264,12.291749,2.1999998,23.563765
118856,2020-07-29,SE95/6,19.58,12.591748,0.1,12.794752
118857,2020-07-29,NY63/2,130.69,12.591748,0.1,12.794752
118858,2020-07-29,TL33/4,79.12,12.591748,0.1,12.794752
118859,2020-07-29,ID30/1,113.59,12.591748,0.1,12.794752
118860,2020-07-29,SU71/23,33.57,12.591748,0.1,12.794752
118861,2020-07-29,TL33/67,78.45,12.591748,0.1,12.794752
118862,2020-07-29,SJ62/235,54.752,12.591748,0.1,12.794752
118863,2020-07-29,NO20/14,36.65,12.591748,0.1,12.794752
118864,2020-07-29,NH95/17,29.327,12.591748,0.1,12.794752
118865,2020-07-29,SU17/57,132.64,12.591748,0.1,12.794752
118866,2020-07-29,SN00/11,7.88423,12.591748,0.1,12.794752
118867,2020-07-29,SY68/34,65.345,12.591748,0.1,12.794752
118868,2020-07-29,TL44/12,37.0,12.591748,0.1,12.794752
118869,2020-07-29,TA10/63,16.126,12.591748,0.1,12.794752
118870,2020-07-29,SJ15/13,80.0168,12.591748,0.1,12.794752
118871,2020-07-29,SU01/5B,72.901,12.591748,0.1,12.794752
118872,2020-07-29,SU81/1,40.563,12.591748,0.1,12.794752
118873,2020-07-29,TR14/9,70.918,12.591748,0.1,12.794752
118874,2020-07-29,SK00/41,131.023,12.591748,0.1,12.794752
118875,2020-07-29,ST07/10,58.2864,12.591748,0.1,12.794752
118876,2020-07-29,TF03/37,13.572,12.591748,0.1,12.794752
118877,2020-07-30,TL33/4,79.09,15.104249,9.299999,13.457074
118878,2020-07-30,NH95/17,29.323,15.104249,9.299999,13.457074
118879,2020-07-30,NO20/14,36.643,15.104249,9.299999,13.457074
118880,2020-07-30,SU17/57,132.59,15.104249,9.299999,13.457074
118881,2020-07-30,TM15/112,25.33,15.104249,9.299999,13.457074
118882,2020-07-30,SE95/6,19.52,15.104249,9.299999,13.457074
118883,2020-07-30,ID30/1,113.59,15.104249,9.299999,13.457074
118884,2020-07-30,SU71/23,33.47,15.104249,9.299999,13.457074
118885,2020-07-30,TF81/2A,43.92,15.104249,9.299999,13.457074
118886,2020-07-30,TL33/67,78.44,15.104249,9.299999,13.457074
118887,2020-07-30,SJ62/235,54.758,15.104249,9.299999,13.457074
118888,2020-07-30,NY63/2,130.69,15.104249,9.299999,13.457074
118889,2020-07-30,SY68/34,65.314,15.104249,9.299999,13.457074
118890,2020-07-30,SN00/11,7.86715,15.104249,9.299999,13.457074
118891,2020-07-30,SJ15/13,80.0279,15.104249,9.299999,13.457074
118892,2020-07-30,SK00/41,131.014,15.104249,9.299999,13.457074
118893,2020-07-30,TR14/9,70.817,15.104249,9.299999,13.457074
118894,2020-07-30,TF03/37,13.538,15.104249,9.299999,13.457074
118895,2020-07-30,SU01/5B,72.808,15.104249,9.299999,13.457074
118896,2020-07-30,TA10/63,16.097,15.104249,9.299999,13.457074
118897,2020-07-30,ST07/10,58.1306,15.104249,9.299999,13.457074
118898,2020-07-30,SU81/1,40.473,15.104249,9.299999,13.457074
118899,2020-07-31,SU71/23,33.38,21.256334,0.4,15.182207
118900,2020-07-31,NY63/2,130.71,21.256334,0.4,15.182207
118901,2020-07-31,ID30/1,113.55,21.256334,0.4,15.182207
118902,2020-07-31,NO20/14,36.655,21.256334,0.4,15.182207
118903,2020-07-31,TL33/4,79.06,21.256334,0.4,15.182207
118904,2020-07-31,NH95/17,29.328,21.256334,0.4,15.182207
118905,2020-07-31,SU17/57,132.49,21.256334,0.4,15.182207
118906,2020-07-31,TL33/67,78.42,21.256334,0.4,15.182207
118907,2020-07-31,SE95/6,19.56,21.256334,0.4,15.182207
118908,2020-07-31,SJ62/235,54.754,21.256334,0.4,15.182207
118909,2020-07-31,ST07/10,57.9442,21.256334,0.4,15.182207
118910,2020-07-31,TF03/37,13.579,21.256334,0.4,15.182207
118911,2020-07-31,SN00/11,7.84025,21.256334,0.4,15.182207
118912,2020-07-31,TA10/63,16.068,21.256334,0.4,15.182207
118913,2020-07-31,SU81/1,40.42,21.256334,0.4,15.182207
118914,2020-07-31,SJ15/13,80.0305,21.256334,0.4,15.182207
118915,2020-07-31,SY68/34,65.287,21.256334,0.4,15.182207
118916,2020-07-31,SU01/5B,72.727,21.256334,0.4,15.182207
118917,2020-07-31,TR14/9,70.72,21.256334,0.4,15.182207
118918,2020-07-31,SK00/41,131.015,21.256334,0.4,15.182207
118919,2020-08-01,SU71/23,33.29,15.729249,2.4999998,9.848659
118920,2020-08-01,SE95/6,19.54,15.729249,2.4999998,9.848659
118921,2020-08-01,SU17/57,132.44,15.729249,2.4999998,9.848659
118922,2020-08-01,NY63/2,130.71,15.729249,2.4999998,9.848659
118923,2020-08-01,TQ25/86,95.93,15.729249,2.4999998,9.848659
118924,2020-08-01,ID30/1,113.51,15.729249,2.4999998,9.848659
118925,2020-08-01,TL33/67,78.35,15.729249,2.4999998,9.848659
118926,2020-08-01,SJ62/235,54.743,15.729249,2.4999998,9.848659
118927,2020-08-01,SP00/62,100.15,15.729249,2.4999998,9.848659
118928,2020-08-01,TL33/4,79.03,15.729249,2.4999998,9.848659
118929,2020-08-01,NO20/14,36.633,15.729249,2.4999998,9.848659
118930,2020-08-01,NH95/17,29.317,15.729249,2.4999998,9.848659
118931,2020-08-01,ST07/10,57.7377,15.729249,2.4999998,9.848659
118932,2020-08-01,SE94/5,15.769,15.729249,2.4999998,9.848659
118933,2020-08-01,SU01/5B,72.619,15.729249,2.4999998,9.848659
118934,2020-08-01,TR14/9,70.596,15.729249,2.4999998,9.848659
118935,2020-08-01,TA10/63,16.028,15.729249,2.4999998,9.848659
118936,2020-08-01,SJ15/13,80.0113,15.729249,2.4999998,9.848659
118937,2020-08-01,SU81/1,40.284,15.729249,2.4999998,9.848659
118938,2020-08-01,SN00/11,7.80777,15.729249,2.4999998,9.848659
118939,2020-08-01,SK00/41,131.008,15.729249,2.4999998,9.848659
118940,2020-08-01,SY68/34,65.255,15.729249,2.4999998,9.848659
118941,2020-08-01,TF03/37,13.437,15.729249,2.4999998,9.848659
118942,2020-08-02,NY63/2,130.68,13.727166,9.200001,9.026765
118943,2020-08-02,NO20/14,36.623,13.727166,9.200001,9.026765
118944,2020-08-02,ID30/1,113.53,13.727166,9.200001,9.026765
118945,2020-08-02,TL33/4,79.0,13.727166,9.200001,9.026765
118946,2020-08-02,SJ62/235,54.739,13.727166,9.200001,9.026765
118947,2020-08-02,SE95/6,19.51,13.727166,9.200001,9.026765
118948,2020-08-02,NH95/17,29.304,13.727166,9.200001,9.026765
118949,2020-08-02,TL33/67,78.32,13.727166,9.200001,9.026765
118950,2020-08-02,SU17/57,132.42,13.727166,9.200001,9.026765
118951,2020-08-02,SN00/11,7.78096,13.727166,9.200001,9.026765
118952,2020-08-02,SU01/5B,72.526,13.727166,9.200001,9.026765
118953,2020-08-02,SK00/41,130.999,13.727166,9.200001,9.026765
118954,2020-08-02,SU81/1,40.194,13.727166,9.200001,9.026765
118955,2020-08-02,TR14/9,70.498,13.727166,9.200001,9.026765
118956,2020-08-02,ST07/10,57.556,13.727166,9.200001,9.026765
118957,2020-08-02,TA10/63,15.994,13.727166,9.200001,9.026765
118958,2020-08-02,TF03/37,13.416,13.727166,9.200001,9.026765
118959,2020-08-02,SE94/5,15.737,13.727166,9.200001,9.026765
118960,2020-08-02,SJ15/13,80.0053,13.727166,9.200001,9.026765
118961,2020-08-02,SU71/23,33.104,13.727166,9.200001,9.026765
118962,2020-08-02,SY68/34,65.226,13.727166,9.200001,9.026765
118963,2020-08-03,SJ62/235,54.736,12.487584,0.2,9.189639
118964,2020-08-03,SE95/6,19.48,12.487584,0.2,9.189639
118965,2020-08-03,NO20/14,36.612,12.487584,0.2,9.189639
118966,2020-08-03,ID30/1,113.57,12.487584,0.2,9.189639
118967,2020-08-03,SU17/57,132.36,12.487584,0.2,9.189639
118968,2020-08-03,NY63/2,130.67,12.487584,0.2,9.189639
118969,2020-08-03,TL33/67,78.26,12.487584,0.2,9.189639
118970,2020-08-03,TL33/4,78.97,12.487584,0.2,9.189639
118971,2020-08-03,NH95/17,29.306,12.487584,0.2,9.189639
118972,2020-08-03,SJ15/13,79.9996,12.487584,0.2,9.189639
118973,2020-08-03,ST07/10,57.3814,12.487584,0.2,9.189639
118974,2020-08-03,SU01/5B,72.436,12.487584,0.2,9.189639
118975,2020-08-03,SE94/5,15.686,12.487584,0.2,9.189639
118976,2020-08-03,SU81/1,40.105,12.487584,0.2,9.189639
118977,2020-08-03,TR14/9,70.378,12.487584,0.2,9.189639
118978,2020-08-03,SU71/23,31.364,12.487584,0.2,9.189639
118979,2020-08-03,TF03/37,13.384,12.487584,0.2,9.189639
118980,2020-08-03,TA10/63,15.96,12.487584,0.2,9.189639
118981,2020-08-03,SY68/34,65.199,12.487584,0.2,9.189639
118982,2020-08-03,SK00/41,130.991,12.487584,0.2,9.189639
118983,2020-08-03,SN00/11,7.74923,12.487584,0.2,9.189639
118984,2020-08-04,TL44/12,35.92,13.752166,8.0,21.364222
118985,2020-08-04,NY63/2,130.66,13.752166,8.0,21.364222
118986,2020-08-04,TL33/4,78.95,13.752166,8.0,21.364222
118987,2020-08-04,NO20/14,36.64,13.752166,8.0,21.364222
118988,2020-08-04,SP00/62,100.12,13.752166,8.0,21.364222
118989,2020-08-04,SJ62/235,54.745,13.752166,8.0,21.364222
118990,2020-08-04,NH95/17,29.335,13.752166,8.0,21.364222
118991,2020-08-04,TL33/67,78.26,13.752166,8.0,21.364222
118992,2020-08-04,TQ25/86,95.38,13.752166,8.0,21.364222
118993,2020-08-04,SU17/57,132.34,13.752166,8.0,21.364222
118994,2020-08-04,SE95/6,19.46,13.752166,8.0,21.364222
118995,2020-08-04,ID30/1,113.63,13.752166,8.0,21.364222
118996,2020-08-04,ST07/10,57.2205,13.752166,8.0,21.364222
118997,2020-08-04,SK00/41,130.988,13.752166,8.0,21.364222
118998,2020-08-04,SY68/34,65.17,13.752166,8.0,21.364222
118999,2020-08-04,SU71/23,32.202,13.752166,8.0,21.364222
119000,2020-08-04,TF03/37,13.368,13.752166,8.0,21.364222
119001,2020-08-04,SU81/1,40.014,13.752166,8.0,21.364222
119002,2020-08-04,SN00/11,7.73431,13.752166,8.0,21.364222
119003,2020-08-04,TR14/9,70.272,13.752166,8.0,21.364222
119004,2020-08-04,SE94/5,15.692,13.752166,8.0,21.364222
119005,2020-08-04,SU01/5B,72.349,13.752166,8.0,21.364222
119006,2020-08-04,SJ15/13,80.0227,13.752166,8.0,21.364222
119007,2020-08-04,TA10/63,15.931,13.752166,8.0,21.364222
119008,2020-08-05,SJ62/235,54.73,17.59175,3.9,17.401325
119009,2020-08-05,ID30/1,113.87,17.59175,3.9,17.401325
119010,2020-08-05,TL33/4,78.92,17.59175,3.9,17.401325
119011,2020-08-05,NH95/17,29.318,17.59175,3.9,17.401325
119012,2020-08-05,TL33/67,78.19,17.59175,3.9,17.401325
119013,2020-08-05,NY63/2,130.71,17.59175,3.9,17.401325
119014,2020-08-05,SE95/6,19.44,17.59175,3.9,17.401325
119015,2020-08-05,NO20/14,36.638,17.59175,3.9,17.401325
119016,2020-08-05,SU17/57,132.24,17.59175,3.9,17.401325
119017,2020-08-05,SJ15/13,80.0099,17.59175,3.9,17.401325
119018,2020-08-05,SU71/23,32.564,17.59175,3.9,17.401325
119019,2020-08-05,SK00/41,130.988,17.59175,3.9,17.401325
119020,2020-08-05,TF03/37,13.316,17.59175,3.9,17.401325
119021,2020-08-05,SU01/5B,72.262,17.59175,3.9,17.401325
119022,2020-08-05,SN00/11,7.72042,17.59175,3.9,17.401325
119023,2020-08-05,TR14/9,70.168,17.59175,3.9,17.401325
119024,2020-08-05,SU81/1,39.923,17.59175,3.9,17.401325
119025,2020-08-05,SE94/5,15.594,17.59175,3.9,17.401325
119026,2020-08-05,SY68/34,65.141,17.59175,3.9,17.401325
119027,2020-08-05,ST07/10,57.0801,17.59175,3.9,17.401325
119028,2020-08-05,TA10/63,15.893,17.59175,3.9,17.401325
119029,2020-08-06,TL33/4,78.89,17.852169,0.0,8.858643
119030,2020-08-06,SE95/6,19.44,17.852169,0.0,8.858643
119031,2020-08-06,NH95/17,29.289,17.852169,0.0,8.858643
119032,2020-08-06,NY63/2,130.66,17.852169,0.0,8.858643
119033,2020-08-06,TL33/67,78.13,17.852169,0.0,8.858643
119034,2020-08-06,ID30/1,114.2,17.852169,0.0,8.858643
119035,2020-08-06,NO20/14,36.596,17.852169,0.0,8.858643
119036,2020-08-06,SU17/57,132.2,17.852169,0.0,8.858643
119037,2020-08-06,SJ62/235,54.72,17.852169,0.0,8.858643
119038,2020-08-06,SU81/1,39.831,17.852169,0.0,8.858643
119039,2020-08-06,TF03/37,13.237,17.852169,0.0,8.858643
119040,2020-08-06,SJ15/13,79.986,17.852169,0.0,8.858643
119041,2020-08-06,SU01/5B,72.173,17.852169,0.0,8.858643
119042,2020-08-06,SU71/23,32.424,17.852169,0.0,8.858643
119043,2020-08-06,SK00/41,130.977,17.852169,0.0,8.858643
119044,2020-08-06,TA10/63,15.854,17.852169,0.0,8.858643
119045,2020-08-06,SY68/34,65.113,17.852169,0.0,8.858643
119046,2020-08-06,TR14/9,70.05,17.852169,0.0,8.858643
119047,2020-08-06,SN00/11,7.69785,17.852169,0.0,8.858643
119048,2020-08-06,ST07/10,56.9534,17.852169,0.0,8.858643
119049,2020-08-06,SE94/5,15.553,17.852169,0.0,8.858643
119050,2020-08-07,ID30/1,114.18,18.245916,0.6,12.123997
119051,2020-08-07,NH95/17,29.279,18.245916,0.6,12.123997
119052,2020-08-07,SJ62/235,54.713,18.245916,0.6,12.123997
119053,2020-08-07,NO20/14,36.597,18.245916,0.6,12.123997
119054,2020-08-07,TL33/67,78.1,18.245916,0.6,12.123997
119055,2020-08-07,TL33/4,78.86,18.245916,0.6,12.123997
119056,2020-08-07,NY63/2,130.64,18.245916,0.6,12.123997
119057,2020-08-07,SE95/6,19.41,18.245916,0.6,12.123997
119058,2020-08-07,SU17/57,132.2,18.245916,0.6,12.123997
119059,2020-08-07,ST07/10,56.7896,18.245916,0.6,12.123997
119060,2020-08-07,TA10/63,15.816,18.245916,0.6,12.123997
119061,2020-08-07,TF03/37,13.163,18.245916,0.6,12.123997
119062,2020-08-07,SU01/5B,72.088,18.245916,0.6,12.123997
119063,2020-08-07,SU71/23,32.28,18.245916,0.6,12.123997
119064,2020-08-07,SU81/1,39.746,18.245916,0.6,12.123997
119065,2020-08-07,SE94/5,15.515,18.245916,0.6,12.123997
119066,2020-08-07,SN00/11,7.69975,18.245916,0.6,12.123997
119067,2020-08-07,SK00/41,130.966,18.245916,0.6,12.123997
119068,2020-08-07,TR14/9,69.942,18.245916,0.6,12.123997
119069,2020-08-07,SJ15/13,79.9703,18.245916,0.6,12.123997
119070,2020-08-07,SY68/34,65.085,18.245916,0.6,12.123997
119071,2020-08-08,SE95/6,19.39,16.727167,0.1,7.0618744
119072,2020-08-08,TL33/67,78.05,16.727167,0.1,7.0618744
119073,2020-08-08,NO20/14,36.568,16.727167,0.1,7.0618744
119074,2020-08-08,SJ62/235,54.709,16.727167,0.1,7.0618744
119075,2020-08-08,SU17/57,132.16,16.727167,0.1,7.0618744
119076,2020-08-08,TL33/4,78.83,16.727167,0.1,7.0618744
119077,2020-08-08,NY63/2,130.62,16.727167,0.1,7.0618744
119078,2020-08-08,ID30/1,114.13,16.727167,0.1,7.0618744
119079,2020-08-08,NH95/17,29.268,16.727167,0.1,7.0618744
119080,2020-08-08,SU81/1,39.656,16.727167,0.1,7.0618744
119081,2020-08-08,SK00/41,130.955,16.727167,0.1,7.0618744
119082,2020-08-08,SU71/23,32.016,16.727167,0.1,7.0618744
119083,2020-08-08,SJ15/13,79.9592,16.727167,0.1,7.0618744
119084,2020-08-08,TF03/37,13.102,16.727167,0.1,7.0618744
119085,2020-08-08,SU01/5B,72.013,16.727167,0.1,7.0618744
119086,2020-08-08,SE94/5,15.447,16.727167,0.1,7.0618744
119087,2020-08-08,ST07/10,56.648,16.727167,0.1,7.0618744
119088,2020-08-08,SN00/11,7.67904,16.727167,0.1,7.0618744
119089,2020-08-08,TA10/63,15.777,16.727167,0.1,7.0618744
119090,2020-08-08,TR14/9,69.815,16.727167,0.1,7.0618744
119091,2020-08-08,SY68/34,65.06,16.727167,0.1,7.0618744
119092,2020-08-09,SJ62/235,54.712,15.92925,2.8000002,8.641163
119093,2020-08-09,TL33/67,78.04,15.92925,2.8000002,8.641163
119094,2020-08-09,NO20/14,36.575,15.92925,2.8000002,8.641163
119095,2020-08-09,NY63/2,130.6,15.92925,2.8000002,8.641163
119096,2020-08-09,TL33/4,78.8,15.92925,2.8000002,8.641163
119097,2020-08-09,SU17/57,132.12,15.92925,2.8000002,8.641163
119098,2020-08-09,ID30/1,114.05,15.92925,2.8000002,8.641163
119099,2020-08-09,NH95/17,29.267,15.92925,2.8000002,8.641163
119100,2020-08-09,SE95/6,19.35,15.92925,2.8000002,8.641163
119101,2020-08-09,SY68/34,65.033,15.92925,2.8000002,8.641163
119102,2020-08-09,SU81/1,39.574,15.92925,2.8000002,8.641163
119103,2020-08-09,TF03/37,13.123,15.92925,2.8000002,8.641163
119104,2020-08-09,TA10/63,15.749,15.92925,2.8000002,8.641163
119105,2020-08-09,SU71/23,31.276,15.92925,2.8000002,8.641163
119106,2020-08-09,SU01/5B,71.947,15.92925,2.8000002,8.641163
119107,2020-08-09,SJ15/13,79.9681,15.92925,2.8000002,8.641163
119108,2020-08-09,SK00/41,130.948,15.92925,2.8000002,8.641163
119109,2020-08-09,SE94/5,15.442,15.92925,2.8000002,8.641163
119110,2020-08-09,SN00/11,7.66044,15.92925,2.8000002,8.641163
119111,2020-08-09,ST07/10,56.5165,15.92925,2.8000002,8.641163
119112,2020-08-09,TR14/9,69.705,15.92925,2.8000002,8.641163
119113,2020-08-10,SJ62/235,54.71,19.158417,2.6,5.569183
119114,2020-08-10,NO20/14,36.578,19.158417,2.6,5.569183
119115,2020-08-10,NY63/2,130.62,19.158417,2.6,5.569183
119116,2020-08-10,ID30/1,113.99,19.158417,2.6,5.569183
119117,2020-08-10,TL33/67,78.01,19.158417,2.6,5.569183
119118,2020-08-10,TL33/4,78.77,19.158417,2.6,5.569183
119119,2020-08-10,NH95/17,29.266,19.158417,2.6,5.569183
119120,2020-08-10,SE95/6,19.35,19.158417,2.6,5.569183
119121,2020-08-10,SU17/57,132.04,19.158417,2.6,5.569183
119122,2020-08-10,TF03/37,13.099,19.158417,2.6,5.569183
119123,2020-08-10,SJ15/13,79.9745,19.158417,2.6,5.569183
119124,2020-08-10,SK00/41,130.947,19.158417,2.6,5.569183
119125,2020-08-10,TR14/9,69.6,19.158417,2.6,5.569183
119126,2020-08-10,TA10/63,15.715,19.158417,2.6,5.569183
119127,2020-08-10,SE94/5,15.407,19.158417,2.6,5.569183
119128,2020-08-10,SN00/11,7.65204,19.158417,2.6,5.569183
119129,2020-08-10,SU71/23,30.575,19.158417,2.6,5.569183
119130,2020-08-10,SU81/1,39.49,19.158417,2.6,5.569183
119131,2020-08-10,SY68/34,65.005,19.158417,2.6,5.569183
119132,2020-08-10,SU01/5B,71.88,19.158417,2.6,5.569183
119133,2020-08-10,ST07/10,56.4048,19.158417,2.6,5.569183
119134,2020-08-11,NO20/14,36.569,21.116753,30.3,6.7746196
119135,2020-08-11,SJ62/235,54.707,21.116753,30.3,6.7746196
119136,2020-08-11,SP00/62,100.07,21.116753,30.3,6.7746196
119137,2020-08-11,TL33/67,77.97,21.116753,30.3,6.7746196
119138,2020-08-11,NY63/2,130.62,21.116753,30.3,6.7746196
119139,2020-08-11,TL33/4,78.74,21.116753,30.3,6.7746196
119140,2020-08-11,ID30/1,113.94,21.116753,30.3,6.7746196
119141,2020-08-11,SU17/57,131.98,21.116753,30.3,6.7746196
119142,2020-08-11,NH95/17,29.27,21.116753,30.3,6.7746196
119143,2020-08-11,TQ25/86,94.98,21.116753,30.3,6.7746196
119144,2020-08-11,SE95/6,19.32,21.116753,30.3,6.7746196
119145,2020-08-11,ST07/10,56.3418,21.116753,30.3,6.7746196
119146,2020-08-11,SU01/5B,71.816,21.116753,30.3,6.7746196
119147,2020-08-11,SY68/34,64.977,21.116753,30.3,6.7746196
119148,2020-08-11,SK00/41,130.945,21.116753,30.3,6.7746196
119149,2020-08-11,TR14/9,69.49,21.116753,30.3,6.7746196
119150,2020-08-11,SN00/11,7.63344,21.116753,30.3,6.7746196
119151,2020-08-11,SE94/5,15.342,21.116753,30.3,6.7746196
119152,2020-08-11,SU81/1,39.403,21.116753,30.3,6.7746196
119153,2020-08-11,SU71/23,30.499,21.116753,30.3,6.7746196
119154,2020-08-11,TA10/63,15.679,21.116753,30.3,6.7746196
119155,2020-08-11,SJ15/13,79.9794,21.116753,30.3,6.7746196
119156,2020-08-11,TF03/37,13.062,21.116753,30.3,6.7746196
119157,2020-08-12,SE95/6,19.31,22.350084,0.5,4.2385206
119158,2020-08-12,NY63/2,130.63,22.350084,0.5,4.2385206
119159,2020-08-12,NH95/17,29.277,22.350084,0.5,4.2385206
119160,2020-08-12,SJ62/235,54.71,22.350084,0.5,4.2385206
119161,2020-08-12,TL33/4,78.7,22.350084,0.5,4.2385206
119162,2020-08-12,ID30/1,113.99,22.350084,0.5,4.2385206
119163,2020-08-12,TL33/67,77.93,22.350084,0.5,4.2385206
119164,2020-08-12,NO20/14,36.787,22.350084,0.5,4.2385206
119165,2020-08-12,SU17/57,131.92,22.350084,0.5,4.2385206
119166,2020-08-12,SY68/34,64.95,22.350084,0.5,4.2385206
119167,2020-08-12,ST07/10,56.1877,22.350084,0.5,4.2385206
119168,2020-08-12,TF03/37,12.959,22.350084,0.5,4.2385206
119169,2020-08-12,SJ15/13,79.9816,22.350084,0.5,4.2385206
119170,2020-08-12,SU81/1,39.322,22.350084,0.5,4.2385206
119171,2020-08-12,SK00/41,130.941,22.350084,0.5,4.2385206
119172,2020-08-12,SU71/23,30.27,22.350084,0.5,4.2385206
119173,2020-08-12,TR14/9,69.385,22.350084,0.5,4.2385206
119174,2020-08-12,SN00/11,7.61404,22.350084,0.5,4.2385206
119175,2020-08-12,SE94/5,15.339,22.350084,0.5,4.2385206
119176,2020-08-12,SU01/5B,71.744,22.350084,0.5,4.2385206
119177,2020-08-12,TA10/63,15.647,22.350084,0.5,4.2385206
119178,2020-08-13,NY63/2,130.61,18.670916,0.1,10.348911
119179,2020-08-13,NH95/17,29.272,18.670916,0.1,10.348911
119180,2020-08-13,SJ62/235,54.719,18.670916,0.1,10.348911
119181,2020-08-13,SU17/57,131.86,18.670916,0.1,10.348911
119182,2020-08-13,TL33/4,78.68,18.670916,0.1,10.348911
119183,2020-08-13,ID30/1,113.94,18.670916,0.1,10.348911
119184,2020-08-13,SE95/6,19.29,18.670916,0.1,10.348911
119185,2020-08-13,TL33/67,77.89,18.670916,0.1,10.348911
119186,2020-08-13,NO20/14,36.862,18.670916,0.1,10.348911
119187,2020-08-13,SU01/5B,71.677,18.670916,0.1,10.348911
119188,2020-08-13,SY68/34,64.924,18.670916,0.1,10.348911
119189,2020-08-13,ST07/10,56.0346,18.670916,0.1,10.348911
119190,2020-08-13,TA10/63,15.612,18.670916,0.1,10.348911
119191,2020-08-13,TF03/37,12.888,18.670916,0.1,10.348911
119192,2020-08-13,SN00/11,7.59485,18.670916,0.1,10.348911
119193,2020-08-13,SK00/41,130.939,18.670916,0.1,10.348911
119194,2020-08-13,SE94/5,15.3,18.670916,0.1,10.348911
119195,2020-08-13,SU71/23,30.26,18.670916,0.1,10.348911
119196,2020-08-13,SU81/1,39.241,18.670916,0.1,10.348911
119197,2020-08-13,TR14/9,69.287,18.670916,0.1,10.348911
119198,2020-08-13,SJ15/13,79.9781,18.670916,0.1,10.348911
119199,2020-08-14,NY63/2,130.6,17.995918,0.2,7.193523
119200,2020-08-14,ID30/1,113.9,17.995918,0.2,7.193523
119201,2020-08-14,SU17/57,131.84,17.995918,0.2,7.193523
119202,2020-08-14,SJ62/235,54.683,17.995918,0.2,7.193523
119203,2020-08-14,NH95/17,29.283,17.995918,0.2,7.193523
119204,2020-08-14,TL33/67,77.84,17.995918,0.2,7.193523
119205,2020-08-14,TL33/4,78.65,17.995918,0.2,7.193523
119206,2020-08-14,SE95/6,19.27,17.995918,0.2,7.193523
119207,2020-08-14,NO20/14,36.823,17.995918,0.2,7.193523
119208,2020-08-14,SN00/11,7.56756,17.995918,0.2,7.193523
119209,2020-08-14,ST07/10,55.8998,17.995918,0.2,7.193523
119210,2020-08-14,SJ15/13,79.9692,17.995918,0.2,7.193523
119211,2020-08-14,SU81/1,39.16,17.995918,0.2,7.193523
119212,2020-08-14,SK00/41,130.933,17.995918,0.2,7.193523
119213,2020-08-14,SU71/23,30.257,17.995918,0.2,7.193523
119214,2020-08-14,SE94/5,15.247,17.995918,0.2,7.193523
119215,2020-08-14,TR14/9,69.173,17.995918,0.2,7.193523
119216,2020-08-14,TF03/37,12.831,17.995918,0.2,7.193523
119217,2020-08-14,TA10/63,15.575,17.995918,0.2,7.193523
119218,2020-08-14,SY68/34,64.898,17.995918,0.2,7.193523
119219,2020-08-14,SU01/5B,71.606,17.995918,0.2,7.193523
119220,2020-08-15,SJ62/235,54.647,18.070917,0.0,5.720138
119221,2020-08-15,SU17/57,131.81,18.070917,0.0,5.720138
119222,2020-08-15,NH95/17,29.27,18.070917,0.0,5.720138
119223,2020-08-15,TL33/4,78.62,18.070917,0.0,5.720138
119224,2020-08-15,NO20/14,36.799,18.070917,0.0,5.720138
119225,2020-08-15,NY63/2,130.59,18.070917,0.0,5.720138
119226,2020-08-15,SE95/6,19.26,18.070917,0.0,5.720138
119227,2020-08-15,ID30/1,113.9,18.070917,0.0,5.720138
119228,2020-08-15,TL33/67,77.82,18.070917,0.0,5.720138
119229,2020-08-15,TR14/9,69.058,18.070917,0.0,5.720138
119230,2020-08-15,SE94/5,15.209,18.070917,0.0,5.720138
119231,2020-08-15,TA10/63,15.541,18.070917,0.0,5.720138
119232,2020-08-15,SY68/34,64.873,18.070917,0.0,5.720138
119233,2020-08-15,ST07/10,55.8138,18.070917,0.0,5.720138
119234,2020-08-15,SJ15/13,79.9671,18.070917,0.0,5.720138
119235,2020-08-15,SU01/5B,71.541,18.070917,0.0,5.720138
119236,2020-08-15,SK00/41,130.926,18.070917,0.0,5.720138
119237,2020-08-15,SU71/23,30.305,18.070917,0.0,5.720138
119238,2020-08-15,TF03/37,12.796,18.070917,0.0,5.720138
119239,2020-08-15,SU81/1,39.074,18.070917,0.0,5.720138
119240,2020-08-15,SN00/11,7.56642,18.070917,0.0,5.720138
119241,2020-08-16,ID30/1,113.86,16.139666,3.3999999,8.650792
119242,2020-08-16,SE95/6,19.23,16.139666,3.3999999,8.650792
119243,2020-08-16,NO20/14,36.79,16.139666,3.3999999,8.650792
119244,2020-08-16,NY63/2,130.59,16.139666,3.3999999,8.650792
119245,2020-08-16,NH95/17,29.279,16.139666,3.3999999,8.650792
119246,2020-08-16,SJ62/235,54.717,16.139666,3.3999999,8.650792
119247,2020-08-16,SU17/57,131.74,16.139666,3.3999999,8.650792
119248,2020-08-16,TL33/4,78.59,16.139666,3.3999999,8.650792
119249,2020-08-16,TL33/67,77.81,16.139666,3.3999999,8.650792
119250,2020-08-16,SU01/5B,71.478,16.139666,3.3999999,8.650792
119251,2020-08-16,TF03/37,12.81,16.139666,3.3999999,8.650792
119252,2020-08-16,SN00/11,7.56679,16.139666,3.3999999,8.650792
119253,2020-08-16,SY68/34,64.85,16.139666,3.3999999,8.650792
119254,2020-08-16,SE94/5,15.202,16.139666,3.3999999,8.650792
119255,2020-08-16,SU81/1,39.004,16.139666,3.3999999,8.650792
119256,2020-08-16,SJ15/13,79.9797,16.139666,3.3999999,8.650792
119257,2020-08-16,ST07/10,55.6529,16.139666,3.3999999,8.650792
119258,2020-08-16,SU71/23,30.417,16.139666,3.3999999,8.650792
119259,2020-08-16,SK00/41,130.927,16.139666,3.3999999,8.650792
119260,2020-08-16,TA10/63,15.51,16.139666,3.3999999,8.650792
119261,2020-08-16,TR14/9,68.956,16.139666,3.3999999,8.650792
119262,2020-08-17,NH95/17,29.283,16.418833,10.700002,5.9528127
119263,2020-08-17,TL33/67,77.76,16.418833,10.700002,5.9528127
119264,2020-08-17,SJ62/235,54.727,16.418833,10.700002,5.9528127
119265,2020-08-17,ID30/1,113.83,16.418833,10.700002,5.9528127
119266,2020-08-17,TL33/4,78.56,16.418833,10.700002,5.9528127
119267,2020-08-17,SU17/57,131.66,16.418833,10.700002,5.9528127
119268,2020-08-17,NO20/14,36.794,16.418833,10.700002,5.9528127
119269,2020-08-17,NY63/2,130.61,16.418833,10.700002,5.9528127
119270,2020-08-17,SE95/6,19.21,16.418833,10.700002,5.9528127
119271,2020-08-17,SU81/1,38.96,16.418833,10.700002,5.9528127
119272,2020-08-17,TR14/9,68.851,16.418833,10.700002,5.9528127
119273,2020-08-17,TF03/37,12.845,16.418833,10.700002,5.9528127
119274,2020-08-17,SU71/23,30.511,16.418833,10.700002,5.9528127
119275,2020-08-17,SE94/5,15.172,16.418833,10.700002,5.9528127
119276,2020-08-17,SJ15/13,79.9903,16.418833,10.700002,5.9528127
119277,2020-08-17,SN00/11,7.57535,16.418833,10.700002,5.9528127
119278,2020-08-17,ST07/10,55.556,16.418833,10.700002,5.9528127
119279,2020-08-17,SU01/5B,71.412,16.418833,10.700002,5.9528127
119280,2020-08-17,SK00/41,130.93,16.418833,10.700002,5.9528127
119281,2020-08-17,TA10/63,15.478,16.418833,10.700002,5.9528127
119282,2020-08-17,SY68/34,64.827,16.418833,10.700002,5.9528127
119283,2020-08-18,NY63/2,130.62,16.227165,16.1,12.49304
119284,2020-08-18,SP00/62,100.05,16.227165,16.1,12.49304
119285,2020-08-18,ID30/1,113.83,16.227165,16.1,12.49304
119286,2020-08-18,SJ62/235,54.731,16.227165,16.1,12.49304
119287,2020-08-18,NH95/17,29.293,16.227165,16.1,12.49304
119288,2020-08-18,SE95/6,19.21,16.227165,16.1,12.49304
119289,2020-08-18,TQ25/86,94.58,16.227165,16.1,12.49304
119290,2020-08-18,SU17/57,131.62,16.227165,16.1,12.49304
119291,2020-08-18,NO20/14,36.781,16.227165,16.1,12.49304
119292,2020-08-18,TL33/4,78.53,16.227165,16.1,12.49304
119293,2020-08-18,TL33/67,77.71,16.227165,16.1,12.49304
119294,2020-08-18,TA10/63,15.443,16.227165,16.1,12.49304
119295,2020-08-18,SU01/5B,71.346,16.227165,16.1,12.49304
119296,2020-08-18,SN00/11,7.59644,16.227165,16.1,12.49304
119297,2020-08-18,SU81/1,38.903,16.227165,16.1,12.49304
119298,2020-08-18,TF03/37,12.85,16.227165,16.1,12.49304
119299,2020-08-18,SY68/34,64.806,16.227165,16.1,12.49304
119300,2020-08-18,SJ15/13,79.9845,16.227165,16.1,12.49304
119301,2020-08-18,TR14/9,68.741,16.227165,16.1,12.49304
119302,2020-08-18,SU71/23,30.589,16.227165,16.1,12.49304
119303,2020-08-18,SE94/5,15.138,16.227165,16.1,12.49304
119304,2020-08-18,ST07/10,55.4679,16.227165,16.1,12.49304
119305,2020-08-18,SK00/41,130.93,16.227165,16.1,12.49304
119306,2020-08-19,SJ62/235,54.748,18.293835,1.4000001,14.726855
119307,2020-08-19,NO20/14,36.766,18.293835,1.4000001,14.726855
119308,2020-08-19,ID30/1,113.84,18.293835,1.4000001,14.726855
119309,2020-08-19,NH95/17,29.291,18.293835,1.4000001,14.726855
119310,2020-08-19,NY63/2,130.61,18.293835,1.4000001,14.726855
119311,2020-08-19,TL33/67,77.74,18.293835,1.4000001,14.726855
119312,2020-08-19,TL33/4,78.5,18.293835,1.4000001,14.726855
119313,2020-08-19,SU17/57,131.58,18.293835,1.4000001,14.726855
119314,2020-08-19,SE95/6,19.2,18.293835,1.4000001,14.726855
119315,2020-08-19,SK00/41,130.936,18.293835,1.4000001,14.726855
119316,2020-08-19,SU71/23,30.655,18.293835,1.4000001,14.726855
119317,2020-08-19,TF03/37,12.885,18.293835,1.4000001,14.726855
119318,2020-08-19,TA10/63,15.417,18.293835,1.4000001,14.726855
119319,2020-08-19,SU01/5B,71.289,18.293835,1.4000001,14.726855
119320,2020-08-19,TR14/9,68.646,18.293835,1.4000001,14.726855
119321,2020-08-19,SE94/5,15.106,18.293835,1.4000001,14.726855
119322,2020-08-19,SJ15/13,80.0081,18.293835,1.4000001,14.726855
119323,2020-08-19,SU81/1,38.839,18.293835,1.4000001,14.726855
119324,2020-08-19,SY68/34,64.824,18.293835,1.4000001,14.726855
119325,2020-08-19,SN00/11,7.65998,18.293835,1.4000001,14.726855
119326,2020-08-19,ST07/10,56.0515,18.293835,1.4000001,14.726855
119327,2020-08-20,TL33/67,77.67,17.895916,3.4,21.008781
119328,2020-08-20,NY63/2,130.65,17.895916,3.4,21.008781
119329,2020-08-20,SU17/57,131.43,17.895916,3.4,21.008781
119330,2020-08-20,SJ62/235,54.749,17.895916,3.4,21.008781
119331,2020-08-20,ID30/1,114.03,17.895916,3.4,21.008781
119332,2020-08-20,NO20/14,36.761,17.895916,3.4,21.008781
119333,2020-08-20,TL33/4,78.47,17.895916,3.4,21.008781
119334,2020-08-20,SE95/6,19.2,17.895916,3.4,21.008781
119335,2020-08-20,NH95/17,29.296,17.895916,3.4,21.008781
119336,2020-08-20,TA10/63,15.385,17.895916,3.4,21.008781
119337,2020-08-20,SU01/5B,71.212,17.895916,3.4,21.008781
119338,2020-08-20,SU71/23,30.707,17.895916,3.4,21.008781
119339,2020-08-20,SY68/34,64.811,17.895916,3.4,21.008781
119340,2020-08-20,TR14/9,68.556,17.895916,3.4,21.008781
119341,2020-08-20,SJ15/13,80.0034,17.895916,3.4,21.008781
119342,2020-08-20,ST07/10,56.298,17.895916,3.4,21.008781
119343,2020-08-20,SE94/5,15.072,17.895916,3.4,21.008781
119344,2020-08-20,SK00/41,130.939,17.895916,3.4,21.008781
119345,2020-08-20,SN00/11,7.71177,17.895916,3.4,21.008781
119346,2020-08-20,TF03/37,12.881,17.895916,3.4,21.008781
119347,2020-08-20,SU81/1,38.766,17.895916,3.4,21.008781
119348,2020-08-21,TL33/67,77.58,16.0605,13.700001,26.274426
119349,2020-08-21,ID30/1,114.39,16.0605,13.700001,26.274426
119350,2020-08-21,SU17/57,131.4,16.0605,13.700001,26.274426
119351,2020-08-21,SE95/6,19.18,16.0605,13.700001,26.274426
119352,2020-08-21,TL33/4,78.44,16.0605,13.700001,26.274426
119353,2020-08-21,NY63/2,130.62,16.0605,13.700001,26.274426
119354,2020-08-21,NH95/17,29.292,16.0605,13.700001,26.274426
119355,2020-08-21,NO20/14,36.764,16.0605,13.700001,26.274426
119356,2020-08-21,SJ62/235,54.736,16.0605,13.700001,26.274426
119357,2020-08-21,TA10/63,15.347,16.0605,13.700001,26.274426
119358,2020-08-21,SJ15/13,79.9854,16.0605,13.700001,26.274426
119359,2020-08-21,SN00/11,7.8494,16.0605,13.700001,26.274426
119360,2020-08-21,SK00/41,130.938,16.0605,13.700001,26.274426
119361,2020-08-21,ST07/10,56.5983,16.0605,13.700001,26.274426
119362,2020-08-21,SY68/34,64.793,16.0605,13.700001,26.274426
119363,2020-08-21,SE94/5,15.036,16.0605,13.700001,26.274426
119364,2020-08-21,TF03/37,12.849,16.0605,13.700001,26.274426
119365,2020-08-21,SU81/1,38.678,16.0605,13.700001,26.274426
119366,2020-08-21,SU01/5B,71.135,16.0605,13.700001,26.274426
119367,2020-08-21,TR14/9,68.454,16.0605,13.700001,26.274426
119368,2020-08-21,SU71/23,30.746,16.0605,13.700001,26.274426
119369,2020-08-22,SU17/57,131.46,14.768833,15.699999,13.101196
119370,2020-08-22,SE95/6,19.16,14.768833,15.699999,13.101196
119371,2020-08-22,ID30/1,114.64,14.768833,15.699999,13.101196
119372,2020-08-22,TL33/67,77.53,14.768833,15.699999,13.101196
119373,2020-08-22,NH95/17,29.27,14.768833,15.699999,13.101196
119374,2020-08-22,SJ62/235,54.723,14.768833,15.699999,13.101196
119375,2020-08-22,NY63/2,130.59,14.768833,15.699999,13.101196
119376,2020-08-22,TL33/4,78.41,14.768833,15.699999,13.101196
119377,2020-08-22,NO20/14,36.712,14.768833,15.699999,13.101196
119378,2020-08-22,TF03/37,12.844,14.768833,15.699999,13.101196
119379,2020-08-22,SU81/1,38.6,14.768833,15.699999,13.101196
119380,2020-08-22,SN00/11,7.98306,14.768833,15.699999,13.101196
119381,2020-08-22,ST07/10,56.7002,14.768833,15.699999,13.101196
119382,2020-08-22,SE94/5,14.966,14.768833,15.699999,13.101196
119383,2020-08-22,SJ15/13,79.9524,14.768833,15.699999,13.101196
119384,2020-08-22,SK00/41,130.922,14.768833,15.699999,13.101196
119385,2020-08-22,TA10/63,15.309,14.768833,15.699999,13.101196
119386,2020-08-22,SU71/23,30.29,14.768833,15.699999,13.101196
119387,2020-08-22,SU01/5B,71.056,14.768833,15.699999,13.101196
119388,2020-08-22,TR14/9,68.346,14.768833,15.699999,13.101196
119389,2020-08-22,SY68/34,64.776,14.768833,15.699999,13.101196
119390,2020-08-23,NO20/14,36.684,14.304252,22.300003,10.791766
119391,2020-08-23,NH95/17,29.247,14.304252,22.300003,10.791766
119392,2020-08-23,ID30/1,114.85,14.304252,22.300003,10.791766
119393,2020-08-23,NY63/2,130.56,14.304252,22.300003,10.791766
119394,2020-08-23,SU17/57,131.48,14.304252,22.300003,10.791766
119395,2020-08-23,TL33/67,77.48,14.304252,22.300003,10.791766
119396,2020-08-23,SE95/6,19.16,14.304252,22.300003,10.791766
119397,2020-08-23,TL33/4,78.37,14.304252,22.300003,10.791766
119398,2020-08-23,TA10/63,15.274,14.304252,22.300003,10.791766
119399,2020-08-23,SJ15/13,79.9368,14.304252,22.300003,10.791766
119400,2020-08-23,SU01/5B,70.99,14.304252,22.300003,10.791766
119401,2020-08-23,SN00/11,8.06898,14.304252,22.300003,10.791766
119402,2020-08-23,SE94/5,14.966,14.304252,22.300003,10.791766
119403,2020-08-23,SU81/1,38.522,14.304252,22.300003,10.791766
119404,2020-08-23,TF03/37,12.875,14.304252,22.300003,10.791766
119405,2020-08-23,SY68/34,64.758,14.304252,22.300003,10.791766
119406,2020-08-23,ST07/10,56.7516,14.304252,22.300003,10.791766
119407,2020-08-23,TR14/9,68.226,14.304252,22.300003,10.791766
119408,2020-08-23,SK00/41,130.904,14.304252,22.300003,10.791766
119409,2020-08-23,SU71/23,30.195,14.304252,22.300003,10.791766
119410,2020-08-24,NY63/2,130.57,13.012584,1.3000001,8.996909
119411,2020-08-24,TL33/67,77.49,13.012584,1.3000001,8.996909
119412,2020-08-24,SE95/6,19.14,13.012584,1.3000001,8.996909
119413,2020-08-24,ID30/1,115.23,13.012584,1.3000001,8.996909
119414,2020-08-24,SU17/57,131.48,13.012584,1.3000001,8.996909
119415,2020-08-24,TL33/4,78.35,13.012584,1.3000001,8.996909
119416,2020-08-24,SJ62/235,54.767,13.012584,1.3000001,8.996909
119417,2020-08-24,NH95/17,29.249,13.012584,1.3000001,8.996909
119418,2020-08-24,NO20/14,36.682,13.012584,1.3000001,8.996909
119419,2020-08-24,SU01/5B,70.94,13.012584,1.3000001,8.996909
119420,2020-08-24,SE94/5,14.933,13.012584,1.3000001,8.996909
119421,2020-08-24,SU71/23,30.227,13.012584,1.3000001,8.996909
119422,2020-08-24,TR14/9,68.135,13.012584,1.3000001,8.996909
119423,2020-08-24,SK00/41,130.895,13.012584,1.3000001,8.996909
119424,2020-08-24,TF03/37,12.872,13.012584,1.3000001,8.996909
119425,2020-08-24,SY68/34,64.745,13.012584,1.3000001,8.996909
119426,2020-08-24,SU81/1,38.456,13.012584,1.3000001,8.996909
119427,2020-08-24,SN00/11,8.19429,13.012584,1.3000001,8.996909
119428,2020-08-24,TA10/63,15.246,13.012584,1.3000001,8.996909
119429,2020-08-24,SJ15/13,79.9618,13.012584,1.3000001,8.996909
119430,2020-08-24,ST07/10,56.8931,13.012584,1.3000001,8.996909
119431,2020-08-25,SU17/57,131.36,14.835498,21.1,19.631174
119432,2020-08-25,TQ25/86,94.25,14.835498,21.1,19.631174
119433,2020-08-25,TL33/67,77.51,14.835498,21.1,19.631174
119434,2020-08-25,SE95/6,19.12,14.835498,21.1,19.631174
119435,2020-08-25,NO20/14,36.747,14.835498,21.1,19.631174
119436,2020-08-25,SJ62/235,54.747,14.835498,21.1,19.631174
119437,2020-08-25,NH95/17,29.273,14.835498,21.1,19.631174
119438,2020-08-25,SP00/62,100.11,14.835498,21.1,19.631174
119439,2020-08-25,TL33/4,78.31,14.835498,21.1,19.631174
119440,2020-08-25,NY63/2,130.59,14.835498,21.1,19.631174
119441,2020-08-25,ID30/1,116.11,14.835498,21.1,19.631174
119442,2020-08-25,TA10/63,15.244,14.835498,21.1,19.631174
119443,2020-08-25,SY68/34,64.75,14.835498,21.1,19.631174
119444,2020-08-25,SE94/5,14.911,14.835498,21.1,19.631174
119445,2020-08-25,SK00/41,130.946,14.835498,21.1,19.631174
119446,2020-08-25,SU71/23,29.996,14.835498,21.1,19.631174
119447,2020-08-25,SU01/5B,70.906,14.835498,21.1,19.631174
119448,2020-08-25,TF03/37,12.899,14.835498,21.1,19.631174
119449,2020-08-25,ST07/10,59.5883,14.835498,21.1,19.631174
119450,2020-08-25,SU81/1,38.412,14.835498,21.1,19.631174
119451,2020-08-25,SJ15/13,80.0057,14.835498,21.1,19.631174
119452,2020-08-25,SN00/11,9.07287,14.835498,21.1,19.631174
119453,2020-08-25,TR14/9,68.043,14.835498,21.1,19.631174
119454,2020-08-26,TL33/67,77.34,14.031334,10.400002,10.717942
119455,2020-08-26,TM15/112,25.19,14.031334,10.400002,10.717942
119456,2020-08-26,NY63/2,130.66,14.031334,10.400002,10.717942
119457,2020-08-26,TL33/4,78.28,14.031334,10.400002,10.717942
119458,2020-08-26,SU17/57,131.26,14.031334,10.400002,10.717942
119459,2020-08-26,NH95/17,29.248,14.031334,10.400002,10.717942
119460,2020-08-26,SJ62/235,54.725,14.031334,10.400002,10.717942
119461,2020-08-26,NO20/14,36.783,14.031334,10.400002,10.717942
119462,2020-08-26,SE95/6,19.15,14.031334,10.400002,10.717942
119463,2020-08-26,ID30/1,117.17,14.031334,10.400002,10.717942
119464,2020-08-26,SN00/11,10.0364,14.031334,10.400002,10.717942
119465,2020-08-26,SY68/34,64.742,14.031334,10.400002,10.717942
119466,2020-08-26,SU01/5B,70.846,14.031334,10.400002,10.717942
119467,2020-08-26,SE94/5,14.88,14.031334,10.400002,10.717942
119468,2020-08-26,SJ15/13,79.9509,14.031334,10.400002,10.717942
119469,2020-08-26,SU71/23,29.939,14.031334,10.400002,10.717942
119470,2020-08-26,TF03/37,12.867,14.031334,10.400002,10.717942
119471,2020-08-26,ST07/10,61.2225,14.031334,10.400002,10.717942
119472,2020-08-26,SK00/41,130.897,14.031334,10.400002,10.717942
119473,2020-08-26,TR14/9,67.925,14.031334,10.400002,10.717942
119474,2020-08-26,SU81/1,38.333,14.031334,10.400002,10.717942
119475,2020-08-27,NO20/14,36.873,13.46675,9.2,8.64306
119476,2020-08-27,NH95/17,29.246,13.46675,9.2,8.64306
119477,2020-08-27,NY63/2,130.57,13.46675,9.2,8.64306
119478,2020-08-27,SE95/6,19.13,13.46675,9.2,8.64306
119479,2020-08-27,SJ62/235,54.756,13.46675,9.2,8.64306
119480,2020-08-27,TL33/67,77.43,13.46675,9.2,8.64306
119481,2020-08-27,ID30/1,117.44,13.46675,9.2,8.64306
119482,2020-08-27,SU17/57,131.37,13.46675,9.2,8.64306
119483,2020-08-27,TL33/4,78.25,13.46675,9.2,8.64306
119484,2020-08-27,SU01/5B,70.819,13.46675,9.2,8.64306
119485,2020-08-27,SE94/5,14.85,13.46675,9.2,8.64306
119486,2020-08-27,SY68/34,64.798,13.46675,9.2,8.64306
119487,2020-08-27,SK00/41,130.889,13.46675,9.2,8.64306
119488,2020-08-27,SU81/1,38.297,13.46675,9.2,8.64306
119489,2020-08-27,ST07/10,65.142,13.46675,9.2,8.64306
119490,2020-08-27,SU71/23,29.969,13.46675,9.2,8.64306
119491,2020-08-27,TF03/37,12.908,13.46675,9.2,8.64306
119492,2020-08-27,SN00/11,10.8075,13.46675,9.2,8.64306
119493,2020-08-27,TR14/9,67.834,13.46675,9.2,8.64306
119494,2020-08-27,SJ15/13,79.9891,13.46675,9.2,8.64306
119495,2020-08-28,NY63/2,130.64,11.9938345,9.100001,18.25498
119496,2020-08-28,TF81/2A,43.54,11.9938345,9.100001,18.25498
119497,2020-08-28,SU17/57,131.18,11.9938345,9.100001,18.25498
119498,2020-08-28,SJ62/235,54.745,11.9938345,9.100001,18.25498
119499,2020-08-28,NH95/17,29.246,11.9938345,9.100001,18.25498
119500,2020-08-28,TL33/67,77.37,11.9938345,9.100001,18.25498
119501,2020-08-28,TL33/4,78.22,11.9938345,9.100001,18.25498
119502,2020-08-28,NO20/14,36.87,11.9938345,9.100001,18.25498
119503,2020-08-28,ID30/1,118.3,11.9938345,9.100001,18.25498
119504,2020-08-28,SE95/6,19.12,11.9938345,9.100001,18.25498
119505,2020-08-28,TR14/9,67.754,11.9938345,9.100001,18.25498
119506,2020-08-28,TF03/37,12.907,11.9938345,9.100001,18.25498
119507,2020-08-28,SU01/5B,70.798,11.9938345,9.100001,18.25498
119508,2020-08-28,SU71/23,29.998,11.9938345,9.100001,18.25498
119509,2020-08-28,SN00/11,11.6959,11.9938345,9.100001,18.25498
119510,2020-08-28,ST07/10,74.6091,11.9938345,9.100001,18.25498
119511,2020-08-28,SU81/1,38.279,11.9938345,9.100001,18.25498
119512,2020-08-28,SY68/34,64.83,11.9938345,9.100001,18.25498
119513,2020-08-28,SK00/41,130.892,11.9938345,9.100001,18.25498
119514,2020-08-28,SJ15/13,79.9736,11.9938345,9.100001,18.25498
119515,2020-08-28,SE94/5,14.818,11.9938345,9.100001,18.25498
119516,2020-08-29,NH95/17,29.225,10.770916,0.0,16.124332
119517,2020-08-29,ID30/1,118.32,10.770916,0.0,16.124332
119518,2020-08-29,TL33/67,77.26,10.770916,0.0,16.124332
119519,2020-08-29,SJ62/235,54.73,10.770916,0.0,16.124332
119520,2020-08-29,NO20/14,36.836,10.770916,0.0,16.124332
119521,2020-08-29,NY63/2,130.62,10.770916,0.0,16.124332
119522,2020-08-29,SU17/57,131.18,10.770916,0.0,16.124332
119523,2020-08-29,SE95/6,19.12,10.770916,0.0,16.124332
119524,2020-08-29,TL33/4,78.19,10.770916,0.0,16.124332
119525,2020-08-29,SY68/34,64.825,10.770916,0.0,16.124332
119526,2020-08-29,SN00/11,11.8005,10.770916,0.0,16.124332
119527,2020-08-29,TF03/37,12.898,10.770916,0.0,16.124332
119528,2020-08-29,SJ15/13,79.9411,10.770916,0.0,16.124332
119529,2020-08-29,SU71/23,30.023,10.770916,0.0,16.124332
119530,2020-08-29,SK00/41,130.877,10.770916,0.0,16.124332
119531,2020-08-29,SU81/1,38.216,10.770916,0.0,16.124332
119532,2020-08-29,ST07/10,75.629,10.770916,0.0,16.124332
119533,2020-08-29,SE94/5,14.823,10.770916,0.0,16.124332
119534,2020-08-29,TR14/9,67.655,10.770916,0.0,16.124332
119535,2020-08-29,SU01/5B,70.76,10.770916,0.0,16.124332
119536,2020-08-30,NY63/2,130.58,10.59175,0.0,6.271712
119537,2020-08-30,TL33/67,77.19,10.59175,0.0,6.271712
119538,2020-08-30,SJ62/235,54.724,10.59175,0.0,6.271712
119539,2020-08-30,NH95/17,29.236,10.59175,0.0,6.271712
119540,2020-08-30,NO20/14,36.812,10.59175,0.0,6.271712
119541,2020-08-30,SU17/57,131.25,10.59175,0.0,6.271712
119542,2020-08-30,ID30/1,118.25,10.59175,0.0,6.271712
119543,2020-08-30,SE95/6,19.16,10.59175,0.0,6.271712
119544,2020-08-30,TL33/4,78.16,10.59175,0.0,6.271712
119545,2020-08-30,SU01/5B,70.723,10.59175,0.0,6.271712
119546,2020-08-30,SE94/5,14.745,10.59175,0.0,6.271712
119547,2020-08-30,TR14/9,67.554,10.59175,0.0,6.271712
119548,2020-08-30,SK00/41,130.856,10.59175,0.0,6.271712
119549,2020-08-30,TF03/37,12.905,10.59175,0.0,6.271712
119550,2020-08-30,SU71/23,29.941,10.59175,0.0,6.271712
119551,2020-08-30,ST07/10,75.1217,10.59175,0.0,6.271712
119552,2020-08-30,SY68/34,64.817,10.59175,0.0,6.271712
119553,2020-08-30,SU81/1,38.142,10.59175,0.0,6.271712
119554,2020-08-30,SJ15/13,79.9246,10.59175,0.0,6.271712
119555,2020-08-30,SN00/11,11.6575,10.59175,0.0,6.271712
119556,2020-08-31,SU17/57,131.28,11.6105,0.0,7.5503607
119557,2020-08-31,NO20/14,36.808,11.6105,0.0,7.5503607
119558,2020-08-31,NH95/17,29.236,11.6105,0.0,7.5503607
119559,2020-08-31,TL33/4,78.12,11.6105,0.0,7.5503607
119560,2020-08-31,SJ62/235,54.724,11.6105,0.0,7.5503607
119561,2020-08-31,SE95/6,19.15,11.6105,0.0,7.5503607
119562,2020-08-31,NY63/2,130.57,11.6105,0.0,7.5503607
119563,2020-08-31,ID30/1,117.83,11.6105,0.0,7.5503607
119564,2020-08-31,TL33/67,77.18,11.6105,0.0,7.5503607
119565,2020-08-31,SN00/11,11.4805,11.6105,0.0,7.5503607
119566,2020-08-31,SU01/5B,70.7,11.6105,0.0,7.5503607
119567,2020-08-31,TF03/37,12.938,11.6105,0.0,7.5503607
119568,2020-08-31,SU81/1,38.1,11.6105,0.0,7.5503607
119569,2020-08-31,TR14/9,67.438,11.6105,0.0,7.5503607
119570,2020-08-31,SJ15/13,79.9246,11.6105,0.0,7.5503607
119571,2020-08-31,SU71/23,29.927,11.6105,0.0,7.5503607
119572,2020-08-31,ST07/10,74.3604,11.6105,0.0,7.5503607
119573,2020-08-31,SE94/5,14.772,11.6105,0.0,7.5503607
119574,2020-08-31,SY68/34,64.807,11.6105,0.0,7.5503607
119575,2020-09-01,SJ62/235,54.725,12.589668,0.0,11.459287
119576,2020-09-01,TQ25/86,93.94,12.589668,0.0,11.459287
119577,2020-09-01,TL33/67,77.16,12.589668,0.0,11.459287
119578,2020-09-01,NY63/2,130.58,12.589668,0.0,11.459287
119579,2020-09-01,NH95/17,29.237,12.589668,0.0,11.459287
119580,2020-09-01,TL33/4,78.09,12.589668,0.0,11.459287
119581,2020-09-01,NO20/14,36.807,12.589668,0.0,11.459287
119582,2020-09-01,SU17/57,131.24,12.589668,0.0,11.459287
119583,2020-09-01,SP00/62,100.41,12.589668,0.0,11.459287
119584,2020-09-01,ID30/1,117.29,12.589668,0.0,11.459287
119585,2020-09-01,SE95/6,19.17,12.589668,0.0,11.459287
119586,2020-09-01,SU71/23,29.948,12.589668,0.0,11.459287
119587,2020-09-01,TF03/37,12.989,12.589668,0.0,11.459287
119588,2020-09-01,SK00/41,130.831,12.589668,0.0,11.459287
119589,2020-09-01,SJ15/13,79.9284,12.589668,0.0,11.459287
119590,2020-09-01,SN00/11,11.3132,12.589668,0.0,11.459287
119591,2020-09-01,TA10/63,14.985,12.589668,0.0,11.459287
119592,2020-09-01,SU81/1,38.006,12.589668,0.0,11.459287
119593,2020-09-01,ST07/10,73.4117,12.589668,0.0,11.459287
119594,2020-09-01,SY68/34,64.794,12.589668,0.0,11.459287
119595,2020-09-01,TR14/9,67.33,12.589668,0.0,11.459287
119596,2020-09-01,SE94/5,14.746,12.589668,0.0,11.459287
119597,2020-09-01,SU01/5B,70.684,12.589668,0.0,11.459287
119598,2020-09-02,SU17/57,131.19,13.773,23.7,19.402365
119599,2020-09-02,NO20/14,36.833,13.773,23.7,19.402365
119600,2020-09-02,TL33/67,77.15,13.773,23.7,19.402365
119601,2020-09-02,NH95/17,29.252,13.773,23.7,19.402365
119602,2020-09-02,ID30/1,117.1,13.773,23.7,19.402365
119603,2020-09-02,SJ62/235,54.732,13.773,23.7,19.402365
119604,2020-09-02,NY63/2,130.58,13.773,23.7,19.402365
119605,2020-09-02,TL33/4,78.06,13.773,23.7,19.402365
119606,2020-09-02,SE95/6,19.16,13.773,23.7,19.402365
119607,2020-09-02,TL44/12,35.29,13.773,23.7,19.402365
119608,2020-09-02,SJ15/13,79.953,13.773,23.7,19.402365
119609,2020-09-02,SU01/5B,70.68,13.773,23.7,19.402365
119610,2020-09-02,SK00/41,130.828,13.773,23.7,19.402365
119611,2020-09-02,SN00/11,11.17,13.773,23.7,19.402365
119612,2020-09-02,SU81/1,37.947,13.773,23.7,19.402365
119613,2020-09-02,TR14/9,67.245,13.773,23.7,19.402365
119614,2020-09-02,SY68/34,64.782,13.773,23.7,19.402365
119615,2020-09-02,SU71/23,29.961,13.773,23.7,19.402365
119616,2020-09-02,SE94/5,14.72,13.773,23.7,19.402365
119617,2020-09-02,TF03/37,13.047,13.773,23.7,19.402365
119618,2020-09-02,TA10/63,14.964,13.773,23.7,19.402365
119619,2020-09-03,SU17/57,131.11,15.345917,7.3999987,14.948825
119620,2020-09-03,NO20/14,36.837,15.345917,7.3999987,14.948825
119621,2020-09-03,NY63/2,130.63,15.345917,7.3999987,14.948825
119622,2020-09-03,SE95/6,19.21,15.345917,7.3999987,14.948825
119623,2020-09-03,NH95/17,29.245,15.345917,7.3999987,14.948825
119624,2020-09-03,TL33/67,77.08,15.345917,7.3999987,14.948825
119625,2020-09-03,SJ62/235,54.72,15.345917,7.3999987,14.948825
119626,2020-09-03,ID30/1,116.77,15.345917,7.3999987,14.948825
119627,2020-09-03,TL33/4,78.03,15.345917,7.3999987,14.948825
119628,2020-09-03,TA10/63,14.929,15.345917,7.3999987,14.948825
119629,2020-09-03,SJ15/13,79.94,15.345917,7.3999987,14.948825
119630,2020-09-03,SN00/11,11.044,15.345917,7.3999987,14.948825
119631,2020-09-03,SU01/5B,70.68,15.345917,7.3999987,14.948825
119632,2020-09-03,SK00/41,130.826,15.345917,7.3999987,14.948825
119633,2020-09-03,SU81/1,37.88,15.345917,7.3999987,14.948825
119634,2020-09-03,TF03/37,13.036,15.345917,7.3999987,14.948825
119635,2020-09-03,SU71/23,29.976,15.345917,7.3999987,14.948825
119636,2020-09-03,TR14/9,67.14,15.345917,7.3999987,14.948825
119637,2020-09-03,SE94/5,14.694,15.345917,7.3999987,14.948825
119638,2020-09-03,SY68/34,64.771,15.345917,7.3999987,14.948825
119639,2020-09-04,TL33/4,78.0,12.720917,5.0,16.613964
119640,2020-09-04,NH95/17,29.23,12.720917,5.0,16.613964
119641,2020-09-04,NO20/14,36.878,12.720917,5.0,16.613964
119642,2020-09-04,ID30/1,116.42,12.720917,5.0,16.613964
119643,2020-09-04,SU17/57,131.11,12.720917,5.0,16.613964
119644,2020-09-04,SE95/6,19.2,12.720917,5.0,16.613964
119645,2020-09-04,SJ62/235,54.714,12.720917,5.0,16.613964
119646,2020-09-04,TL33/67,77.05,12.720917,5.0,16.613964
119647,2020-09-04,NY63/2,130.6,12.720917,5.0,16.613964
119648,2020-09-04,TF03/37,13.073,12.720917,5.0,16.613964
119649,2020-09-04,TR14/9,67.04,12.720917,5.0,16.613964
119650,2020-09-04,SU71/23,29.993,12.720917,5.0,16.613964
119651,2020-09-04,SN00/11,10.902,12.720917,5.0,16.613964
119652,2020-09-04,TA10/63,14.897,12.720917,5.0,16.613964
119653,2020-09-04,SU01/5B,70.682,12.720917,5.0,16.613964
119654,2020-09-04,SK00/41,130.815,12.720917,5.0,16.613964
119655,2020-09-04,SU81/1,37.811,12.720917,5.0,16.613964
119656,2020-09-04,SJ15/13,79.928,12.720917,5.0,16.613964
119657,2020-09-04,SY68/34,64.76,12.720917,5.0,16.613964
119658,2020-09-04,SE94/5,14.666,12.720917,5.0,16.613964
119659,2020-09-05,ID30/1,116.15,11.458417,3.2,15.295589
119660,2020-09-05,SU17/57,131.09,11.458417,3.2,15.295589
119661,2020-09-05,SJ62/235,54.711,11.458417,3.2,15.295589
119662,2020-09-05,TL33/67,77.02,11.458417,3.2,15.295589
119663,2020-09-05,NO20/14,36.835,11.458417,3.2,15.295589
119664,2020-09-05,TL33/4,77.97,11.458417,3.2,15.295589
119665,2020-09-05,NH95/17,29.228,11.458417,3.2,15.295589
119666,2020-09-05,NY63/2,130.58,11.458417,3.2,15.295589
119667,2020-09-05,SE95/6,19.21,11.458417,3.2,15.295589
119668,2020-09-05,SU71/23,29.911,11.458417,3.2,15.295589
119669,2020-09-05,TR14/9,66.948,11.458417,3.2,15.295589
119670,2020-09-05,SE94/5,14.64,11.458417,3.2,15.295589
119671,2020-09-05,SJ15/13,79.923,11.458417,3.2,15.295589
119672,2020-09-05,TF03/37,13.091,11.458417,3.2,15.295589
119673,2020-09-05,SN00/11,10.767,11.458417,3.2,15.295589
119674,2020-09-05,SY68/34,64.75,11.458417,3.2,15.295589
119675,2020-09-05,SU01/5B,70.692,11.458417,3.2,15.295589
119676,2020-09-05,SK00/41,130.806,11.458417,3.2,15.295589
119677,2020-09-05,SU81/1,37.746,11.458417,3.2,15.295589
119678,2020-09-05,TA10/63,14.866,11.458417,3.2,15.295589
119679,2020-09-06,NY63/2,130.58,12.556335,2.1999998,6.108968
119680,2020-09-06,TL33/67,76.97,12.556335,2.1999998,6.108968
119681,2020-09-06,SU17/57,131.06,12.556335,2.1999998,6.108968
119682,2020-09-06,NO20/14,36.807,12.556335,2.1999998,6.108968
119683,2020-09-06,SE95/6,19.22,12.556335,2.1999998,6.108968
119684,2020-09-06,NH95/17,29.216,12.556335,2.1999998,6.108968
119685,2020-09-06,SJ62/235,54.702,12.556335,2.1999998,6.108968
119686,2020-09-06,ID30/1,115.89,12.556335,2.1999998,6.108968
119687,2020-09-06,TL33/4,77.93,12.556335,2.1999998,6.108968
119688,2020-09-06,SN00/11,10.626,12.556335,2.1999998,6.108968
119689,2020-09-06,SY68/34,64.739,12.556335,2.1999998,6.108968
119690,2020-09-06,TR14/9,66.854,12.556335,2.1999998,6.108968
119691,2020-09-06,SU81/1,37.683,12.556335,2.1999998,6.108968
119692,2020-09-06,SE94/5,14.612,12.556335,2.1999998,6.108968
119693,2020-09-06,TF03/37,13.096,12.556335,2.1999998,6.108968
119694,2020-09-06,SU01/5B,70.708,12.556335,2.1999998,6.108968
119695,2020-09-06,SK00/41,130.799,12.556335,2.1999998,6.108968
119696,2020-09-06,SU71/23,29.923,12.556335,2.1999998,6.108968
119697,2020-09-06,TA10/63,14.833,12.556335,2.1999998,6.108968
119698,2020-09-06,SJ15/13,79.916,12.556335,2.1999998,6.108968
119699,2020-09-07,SU17/57,131.04,14.693833,5.899999,12.36805
119700,2020-09-07,SJ62/235,54.702,14.693833,5.899999,12.36805
119701,2020-09-07,NH95/17,29.232,14.693833,5.899999,12.36805
119702,2020-09-07,TL33/67,76.94,14.693833,5.899999,12.36805
119703,2020-09-07,NY63/2,130.57,14.693833,5.899999,12.36805
119704,2020-09-07,ID30/1,115.7,14.693833,5.899999,12.36805
119705,2020-09-07,NO20/14,36.814,14.693833,5.899999,12.36805
119706,2020-09-07,TL33/4,77.9,14.693833,5.899999,12.36805
119707,2020-09-07,SE95/6,19.22,14.693833,5.899999,12.36805
119708,2020-09-07,SJ15/13,79.914,14.693833,5.899999,12.36805
119709,2020-09-07,TR14/9,66.748,14.693833,5.899999,12.36805
119710,2020-09-07,SU01/5B,70.724,14.693833,5.899999,12.36805
119711,2020-09-07,SE94/5,14.586,14.693833,5.899999,12.36805
119712,2020-09-07,SU71/23,29.935,14.693833,5.899999,12.36805
119713,2020-09-07,TF03/37,13.079,14.693833,5.899999,12.36805
119714,2020-09-07,SK00/41,130.791,14.693833,5.899999,12.36805
119715,2020-09-07,SY68/34,64.73,14.693833,5.899999,12.36805
119716,2020-09-07,SU81/1,37.62,14.693833,5.899999,12.36805
119717,2020-09-07,TA10/63,14.804,14.693833,5.899999,12.36805
119718,2020-09-07,SN00/11,10.493,14.693833,5.899999,12.36805
119719,2020-09-08,ID30/1,115.53,17.398,1.1000001,12.256317
119720,2020-09-08,TL33/4,77.87,17.398,1.1000001,12.256317
119721,2020-09-08,TL33/67,76.91,17.398,1.1000001,12.256317
119722,2020-09-08,SE95/6,19.23,17.398,1.1000001,12.256317
119723,2020-09-08,NO20/14,36.8,17.398,1.1000001,12.256317
119724,2020-09-08,NY63/2,130.59,17.398,1.1000001,12.256317
119725,2020-09-08,NH95/17,29.211,17.398,1.1000001,12.256317
119726,2020-09-08,SJ62/235,54.699,17.398,1.1000001,12.256317
119727,2020-09-08,TQ25/86,93.66,17.398,1.1000001,12.256317
119728,2020-09-08,SP00/62,100.37,17.398,1.1000001,12.256317
119729,2020-09-08,SU17/57,131.02,17.398,1.1000001,12.256317
119730,2020-09-08,TA10/63,14.774,17.398,1.1000001,12.256317
119731,2020-09-08,SU81/1,37.563,17.398,1.1000001,12.256317
119732,2020-09-08,SU71/23,29.902,17.398,1.1000001,12.256317
119733,2020-09-08,TF03/37,13.054,17.398,1.1000001,12.256317
119734,2020-09-08,SU01/5B,70.741,17.398,1.1000001,12.256317
119735,2020-09-08,SK00/41,130.784,17.398,1.1000001,12.256317
119736,2020-09-08,SY68/34,64.721,17.398,1.1000001,12.256317
119737,2020-09-08,SJ15/13,79.907,17.398,1.1000001,12.256317
119738,2020-09-08,SE94/5,14.56,17.398,1.1000001,12.256317
119739,2020-09-08,TR14/9,66.648,17.398,1.1000001,12.256317
119740,2020-09-08,SN00/11,10.359,17.398,1.1000001,12.256317
119741,2020-09-09,TL33/67,76.86,14.0771675,1.9000001,17.8897
119742,2020-09-09,ID30/1,115.35,14.0771675,1.9000001,17.8897
119743,2020-09-09,SE95/6,19.24,14.0771675,1.9000001,17.8897
119744,2020-09-09,SJ62/235,54.69,14.0771675,1.9000001,17.8897
119745,2020-09-09,SU17/57,130.99,14.0771675,1.9000001,17.8897
119746,2020-09-09,NO20/14,36.842,14.0771675,1.9000001,17.8897
119747,2020-09-09,NY63/2,130.6,14.0771675,1.9000001,17.8897
119748,2020-09-09,TL33/4,77.84,14.0771675,1.9000001,17.8897
119749,2020-09-09,NH95/17,29.196,14.0771675,1.9000001,17.8897
119750,2020-09-09,SY68/34,64.711,14.0771675,1.9000001,17.8897
119751,2020-09-09,SN00/11,10.23,14.0771675,1.9000001,17.8897
119752,2020-09-09,TA10/63,14.74,14.0771675,1.9000001,17.8897
119753,2020-09-09,SK00/41,130.778,14.0771675,1.9000001,17.8897
119754,2020-09-09,TR14/9,66.545,14.0771675,1.9000001,17.8897
119755,2020-09-09,SU71/23,29.902,14.0771675,1.9000001,17.8897
119756,2020-09-09,SJ15/13,79.893,14.0771675,1.9000001,17.8897
119757,2020-09-09,SU81/1,37.504,14.0771675,1.9000001,17.8897
119758,2020-09-09,SU01/5B,70.765,14.0771675,1.9000001,17.8897
119759,2020-09-09,TF03/37,13.018,14.0771675,1.9000001,17.8897
119760,2020-09-09,SE94/5,14.532,14.0771675,1.9000001,17.8897
119761,2020-09-10,NH95/17,29.216,10.564667,0.4,8.468041
119762,2020-09-10,NO20/14,36.823,10.564667,0.4,8.468041
119763,2020-09-10,NY63/2,130.56,10.564667,0.4,8.468041
119764,2020-09-10,SU17/57,130.98,10.564667,0.4,8.468041
119765,2020-09-10,ID30/1,115.17,10.564667,0.4,8.468041
119766,2020-09-10,SJ62/235,54.701,10.564667,0.4,8.468041
119767,2020-09-10,TL33/4,77.8,10.564667,0.4,8.468041
119768,2020-09-10,SE95/6,19.22,10.564667,0.4,8.468041
119769,2020-09-10,TL33/67,76.87,10.564667,0.4,8.468041
119770,2020-09-10,SY68/34,64.703,10.564667,0.4,8.468041
119771,2020-09-10,SJ15/13,79.911,10.564667,0.4,8.468041
119772,2020-09-10,SE94/5,14.508,10.564667,0.4,8.468041
119773,2020-09-10,SU01/5B,70.792,10.564667,0.4,8.468041
119774,2020-09-10,TA10/63,14.718,10.564667,0.4,8.468041
119775,2020-09-10,TF03/37,13.041,10.564667,0.4,8.468041
119776,2020-09-10,SU81/1,37.451,10.564667,0.4,8.468041
119777,2020-09-10,SU71/23,29.91,10.564667,0.4,8.468041
119778,2020-09-10,SN00/11,10.129,10.564667,0.4,8.468041
119779,2020-09-10,SK00/41,130.773,10.564667,0.4,8.468041
119780,2020-09-10,TR14/9,66.452,10.564667,0.4,8.468041
119781,2020-09-11,ID30/1,115.01,13.127167,6.7999997,16.26965
119782,2020-09-11,TL33/4,77.77,13.127167,6.7999997,16.26965
119783,2020-09-11,NY63/2,130.62,13.127167,6.7999997,16.26965
119784,2020-09-11,TL33/67,76.85,13.127167,6.7999997,16.26965
119785,2020-09-11,SU17/57,130.88,13.127167,6.7999997,16.26965
119786,2020-09-11,SE95/6,19.19,13.127167,6.7999997,16.26965
119787,2020-09-11,NH95/17,29.214,13.127167,6.7999997,16.26965
119788,2020-09-11,SJ62/235,54.7,13.127167,6.7999997,16.26965
119789,2020-09-11,NO20/14,36.835,13.127167,6.7999997,16.26965
119790,2020-09-11,TR14/9,66.373,13.127167,6.7999997,16.26965
119791,2020-09-11,SJ15/13,79.923,13.127167,6.7999997,16.26965
119792,2020-09-11,TA10/63,14.688,13.127167,6.7999997,16.26965
119793,2020-09-11,SK00/41,130.778,13.127167,6.7999997,16.26965
119794,2020-09-11,SU71/23,29.92,13.127167,6.7999997,16.26965
119795,2020-09-11,SY68/34,64.694,13.127167,6.7999997,16.26965
119796,2020-09-11,SE94/5,14.479,13.127167,6.7999997,16.26965
119797,2020-09-11,SU01/5B,70.819,13.127167,6.7999997,16.26965
119798,2020-09-11,SU81/1,37.399,13.127167,6.7999997,16.26965
119799,2020-09-11,SN00/11,10.029,13.127167,6.7999997,16.26965
119800,2020-09-11,TF03/37,12.982,13.127167,6.7999997,16.26965
119801,2020-09-12,NH95/17,29.192,12.804252,2.3,18.127522
119802,2020-09-12,TL33/4,77.74,12.804252,2.3,18.127522
119803,2020-09-12,TL33/67,76.77,12.804252,2.3,18.127522
119804,2020-09-12,SJ62/235,54.683,12.804252,2.3,18.127522
119805,2020-09-12,NY63/2,130.61,12.804252,2.3,18.127522
119806,2020-09-12,SU17/57,130.82,12.804252,2.3,18.127522
119807,2020-09-12,ID30/1,114.89,12.804252,2.3,18.127522
119808,2020-09-12,NO20/14,36.793,12.804252,2.3,18.127522
119809,2020-09-12,SE95/6,19.23,12.804252,2.3,18.127522
119810,2020-09-12,SU71/23,29.925,12.804252,2.3,18.127522
119811,2020-09-12,SU81/1,37.334,12.804252,2.3,18.127522
119812,2020-09-12,TF03/37,12.94,12.804252,2.3,18.127522
119813,2020-09-12,TR14/9,66.27,12.804252,2.3,18.127522
119814,2020-09-12,SU01/5B,70.832,12.804252,2.3,18.127522
119815,2020-09-12,SJ15/13,79.903,12.804252,2.3,18.127522
119816,2020-09-12,SY68/34,64.685,12.804252,2.3,18.127522
119817,2020-09-12,SN00/11,9.92,12.804252,2.3,18.127522
119818,2020-09-12,SE94/5,14.424,12.804252,2.3,18.127522
119819,2020-09-12,TA10/63,14.65,12.804252,2.3,18.127522
119820,2020-09-12,SK00/41,130.774,12.804252,2.3,18.127522
119821,2020-09-13,NO20/14,36.769,16.143831,0.2,19.587433
119822,2020-09-13,SJ62/235,54.678,16.143831,0.2,19.587433
119823,2020-09-13,NH95/17,29.166,16.143831,0.2,19.587433
119824,2020-09-13,SE95/6,19.22,16.143831,0.2,19.587433
119825,2020-09-13,NY63/2,130.59,16.143831,0.2,19.587433
119826,2020-09-13,ID30/1,114.8,16.143831,0.2,19.587433
119827,2020-09-13,SU17/57,130.84,16.143831,0.2,19.587433
119828,2020-09-13,TL33/4,77.71,16.143831,0.2,19.587433
119829,2020-09-13,TL33/67,76.73,16.143831,0.2,19.587433
119830,2020-09-13,TA10/63,14.619,16.143831,0.2,19.587433
119831,2020-09-13,SE94/5,14.427,16.143831,0.2,19.587433
119832,2020-09-13,SY68/34,64.677,16.143831,0.2,19.587433
119833,2020-09-13,SJ15/13,79.888,16.143831,0.2,19.587433
119834,2020-09-13,SK00/41,130.765,16.143831,0.2,19.587433
119835,2020-09-13,SU71/23,29.93,16.143831,0.2,19.587433
119836,2020-09-13,TF03/37,12.918,16.143831,0.2,19.587433
119837,2020-09-13,SU01/5B,70.844,16.143831,0.2,19.587433
119838,2020-09-13,TR14/9,66.162,16.143831,0.2,19.587433
119839,2020-09-13,SU81/1,37.27,16.143831,0.2,19.587433
119840,2020-09-13,SN00/11,9.82,16.143831,0.2,19.587433
119841,2020-09-14,ID30/1,114.78,16.489664,0.0,9.108471
119842,2020-09-14,NO20/14,36.734,16.489664,0.0,9.108471
119843,2020-09-14,SJ62/235,54.679,16.489664,0.0,9.108471
119844,2020-09-14,NY63/2,130.55,16.489664,0.0,9.108471
119845,2020-09-14,SU17/57,130.82,16.489664,0.0,9.108471
119846,2020-09-14,SE95/6,19.21,16.489664,0.0,9.108471
119847,2020-09-14,TL33/4,77.68,16.489664,0.0,9.108471
119848,2020-09-14,TL33/67,76.72,16.489664,0.0,9.108471
119849,2020-09-14,NH95/17,29.178,16.489664,0.0,9.108471
119850,2020-09-14,SN00/11,9.727,16.489664,0.0,9.108471
119851,2020-09-14,SJ15/13,79.889,16.489664,0.0,9.108471
119852,2020-09-14,SU01/5B,70.862,16.489664,0.0,9.108471
119853,2020-09-14,SE94/5,14.401,16.489664,0.0,9.108471
119854,2020-09-14,SU71/23,29.937,16.489664,0.0,9.108471
119855,2020-09-14,TF03/37,12.902,16.489664,0.0,9.108471
119856,2020-09-14,SU81/1,37.217,16.489664,0.0,9.108471
119857,2020-09-14,SK00/41,130.758,16.489664,0.0,9.108471
119858,2020-09-14,SY68/34,64.668,16.489664,0.0,9.108471
119859,2020-09-14,TA10/63,14.59,16.489664,0.0,9.108471
119860,2020-09-14,TR14/9,66.076,16.489664,0.0,9.108471
119861,2020-09-15,SU17/57,130.74,18.123,0.0,6.875675
119862,2020-09-15,NO20/14,36.73,18.123,0.0,6.875675
119863,2020-09-15,NY63/2,130.56,18.123,0.0,6.875675
119864,2020-09-15,SJ62/235,54.672,18.123,0.0,6.875675
119865,2020-09-15,TQ25/86,93.23,18.123,0.0,6.875675
119866,2020-09-15,SE95/6,19.19,18.123,0.0,6.875675
119867,2020-09-15,ID30/1,114.66,18.123,0.0,6.875675
119868,2020-09-15,SP00/62,100.28,18.123,0.0,6.875675
119869,2020-09-15,TL33/67,76.68,18.123,0.0,6.875675
119870,2020-09-15,TL33/4,77.64,18.123,0.0,6.875675
119871,2020-09-15,NH95/17,29.179,18.123,0.0,6.875675
119872,2020-09-15,SU81/1,37.159,18.123,0.0,6.875675
119873,2020-09-15,SU01/5B,70.877,18.123,0.0,6.875675
119874,2020-09-15,TA10/63,14.557,18.123,0.0,6.875675
119875,2020-09-15,SU71/23,29.94,18.123,0.0,6.875675
119876,2020-09-15,SY68/34,64.662,18.123,0.0,6.875675
119877,2020-09-15,TF03/37,12.864,18.123,0.0,6.875675
119878,2020-09-15,SN00/11,9.63,18.123,0.0,6.875675
119879,2020-09-15,TR14/9,65.995,18.123,0.0,6.875675
119880,2020-09-15,SJ15/13,79.878,18.123,0.0,6.875675
119881,2020-09-15,SK00/41,130.754,18.123,0.0,6.875675
119882,2020-09-15,SE94/5,14.376,18.123,0.0,6.875675
119883,2020-09-16,SJ62/235,54.66,14.052167,0.0,10.873271
119884,2020-09-16,TM15/112,25.09,14.052167,0.0,10.873271
119885,2020-09-16,TL33/67,76.58,14.052167,0.0,10.873271
119886,2020-09-16,SU17/57,130.74,14.052167,0.0,10.873271
119887,2020-09-16,ID30/1,114.54,14.052167,0.0,10.873271
119888,2020-09-16,NO20/14,36.709,14.052167,0.0,10.873271
119889,2020-09-16,NH95/17,29.156,14.052167,0.0,10.873271
119890,2020-09-16,TL33/4,77.61,14.052167,0.0,10.873271
119891,2020-09-16,NY63/2,130.54,14.052167,0.0,10.873271
119892,2020-09-16,SE95/6,19.19,14.052167,0.0,10.873271
119893,2020-09-16,SK00/41,130.742,14.052167,0.0,10.873271
119894,2020-09-16,TA10/63,14.524,14.052167,0.0,10.873271
119895,2020-09-16,SY68/34,64.651,14.052167,0.0,10.873271
119896,2020-09-16,SU81/1,37.094,14.052167,0.0,10.873271
119897,2020-09-16,SJ15/13,79.852,14.052167,0.0,10.873271
119898,2020-09-16,SN00/11,9.532,14.052167,0.0,10.873271
119899,2020-09-16,TF03/37,12.802,14.052167,0.0,10.873271
119900,2020-09-16,TR14/9,65.887,14.052167,0.0,10.873271
119901,2020-09-16,SE94/5,14.321,14.052167,0.0,10.873271
119902,2020-09-16,SU01/5B,70.874,14.052167,0.0,10.873271
119903,2020-09-16,SU71/23,29.94,14.052167,0.0,10.873271
119904,2020-09-17,NO20/14,36.737,13.343834,0.0,8.333998
119905,2020-09-17,NH95/17,29.15,13.343834,0.0,8.333998
119906,2020-09-17,SU17/57,130.79,13.343834,0.0,8.333998
119907,2020-09-17,ID30/1,114.4,13.343834,0.0,8.333998
119908,2020-09-17,NY63/2,130.5,13.343834,0.0,8.333998
119909,2020-09-17,TL33/4,77.58,13.343834,0.0,8.333998
119910,2020-09-17,SJ62/235,54.665,13.343834,0.0,8.333998
119911,2020-09-17,SE95/6,19.18,13.343834,0.0,8.333998
119912,2020-09-17,TL33/67,76.59,13.343834,0.0,8.333998
119913,2020-09-17,SK00/41,130.732,13.343834,0.0,8.333998
119914,2020-09-17,TA10/63,14.497,13.343834,0.0,8.333998
119915,2020-09-17,SU01/5B,70.877,13.343834,0.0,8.333998
119916,2020-09-17,TR14/9,65.787,13.343834,0.0,8.333998
119917,2020-09-17,SE94/5,14.321,13.343834,0.0,8.333998
119918,2020-09-17,SY68/34,64.64,13.343834,0.0,8.333998
119919,2020-09-17,SN00/11,9.446,13.343834,0.0,8.333998
119920,2020-09-17,SU81/1,37.033,13.343834,0.0,8.333998
119921,2020-09-17,SU71/23,29.94,13.343834,0.0,8.333998
119922,2020-09-17,SJ15/13,79.854,13.343834,0.0,8.333998
119923,2020-09-17,TF03/37,12.793,13.343834,0.0,8.333998
119924,2020-09-18,SU17/57,130.72,11.414668,0.0,8.223907
119925,2020-09-18,NH95/17,29.167,11.414668,0.0,8.223907
119926,2020-09-18,TL33/4,77.55,11.414668,0.0,8.223907
119927,2020-09-18,NO20/14,36.746,11.414668,0.0,8.223907
119928,2020-09-18,ID30/1,114.26,11.414668,0.0,8.223907
119929,2020-09-18,SE95/6,19.16,11.414668,0.0,8.223907
119930,2020-09-18,TL33/67,76.59,11.414668,0.0,8.223907
119931,2020-09-18,SJ62/235,54.668,11.414668,0.0,8.223907
119932,2020-09-18,NY63/2,130.52,11.414668,0.0,8.223907
119933,2020-09-18,SN00/11,9.368,11.414668,0.0,8.223907
119934,2020-09-18,SU71/23,29.94,11.414668,0.0,8.223907
119935,2020-09-18,SY68/34,64.629,11.414668,0.0,8.223907
119936,2020-09-18,SK00/41,130.729,11.414668,0.0,8.223907
119937,2020-09-18,SJ15/13,79.864,11.414668,0.0,8.223907
119938,2020-09-18,TA10/63,14.468,11.414668,0.0,8.223907
119939,2020-09-18,SU81/1,36.982,11.414668,0.0,8.223907
119940,2020-09-18,SE94/5,14.294,11.414668,0.0,8.223907
119941,2020-09-18,SU01/5B,70.888,11.414668,0.0,8.223907
119942,2020-09-18,TR14/9,65.698,11.414668,0.0,8.223907
119943,2020-09-18,TF03/37,12.778,11.414668,0.0,8.223907
119944,2020-09-19,TL33/4,77.52,11.662583,0.0,9.41126
119945,2020-09-19,SU17/57,130.63,11.662583,0.0,9.41126
119946,2020-09-19,NO20/14,36.722,11.662583,0.0,9.41126
119947,2020-09-19,TL33/67,76.56,11.662583,0.0,9.41126
119948,2020-09-19,SJ62/235,54.663,11.662583,0.0,9.41126
119949,2020-09-19,SE95/6,19.16,11.662583,0.0,9.41126
119950,2020-09-19,ID30/1,114.16,11.662583,0.0,9.41126
119951,2020-09-19,NH95/17,29.168,11.662583,0.0,9.41126
119952,2020-09-19,NY63/2,130.52,11.662583,0.0,9.41126
119953,2020-09-19,TA10/63,14.437,11.662583,0.0,9.41126
119954,2020-09-19,SK00/41,130.73,11.662583,0.0,9.41126
119955,2020-09-19,SN00/11,9.28,11.662583,0.0,9.41126
119956,2020-09-19,SJ15/13,79.865,11.662583,0.0,9.41126
119957,2020-09-19,SU71/23,29.747,11.662583,0.0,9.41126
119958,2020-09-19,SU81/1,36.929,11.662583,0.0,9.41126
119959,2020-09-19,SY68/34,64.619,11.662583,0.0,9.41126
119960,2020-09-19,TR14/9,65.618,11.662583,0.0,9.41126
119961,2020-09-19,SE94/5,14.243,11.662583,0.0,9.41126
119962,2020-09-19,TF03/37,12.761,11.662583,0.0,9.41126
119963,2020-09-19,SU01/5B,70.89,11.662583,0.0,9.41126
119964,2020-09-20,TL33/4,77.48,13.64175,0.0,6.5894566
119965,2020-09-20,ID30/1,114.09,13.64175,0.0,6.5894566
119966,2020-09-20,NH95/17,29.166,13.64175,0.0,6.5894566
119967,2020-09-20,TL33/67,76.52,13.64175,0.0,6.5894566
119968,2020-09-20,NY63/2,130.52,13.64175,0.0,6.5894566
119969,2020-09-20,NO20/14,36.714,13.64175,0.0,6.5894566
119970,2020-09-20,SU17/57,130.59,13.64175,0.0,6.5894566
119971,2020-09-20,SE95/6,19.15,13.64175,0.0,6.5894566
119972,2020-09-20,SJ62/235,54.66,13.64175,0.0,6.5894566
119973,2020-09-20,SN00/11,9.192,13.64175,0.0,6.5894566
119974,2020-09-20,SU01/5B,70.881,13.64175,0.0,6.5894566
119975,2020-09-20,SU81/1,36.865,13.64175,0.0,6.5894566
119976,2020-09-20,SY68/34,64.608,13.64175,0.0,6.5894566
119977,2020-09-20,TR14/9,65.515,13.64175,0.0,6.5894566
119978,2020-09-20,SU71/23,29.71,13.64175,0.0,6.5894566
119979,2020-09-20,SE94/5,14.247,13.64175,0.0,6.5894566
119980,2020-09-20,SK00/41,130.728,13.64175,0.0,6.5894566
119981,2020-09-20,TA10/63,14.407,13.64175,0.0,6.5894566
119982,2020-09-20,SJ15/13,79.865,13.64175,0.0,6.5894566
119983,2020-09-20,TF03/37,12.752,13.64175,0.0,6.5894566
119984,2020-09-21,NH95/17,29.173,12.7105,0.3,8.241207
119985,2020-09-21,SU17/57,130.57,12.7105,0.3,8.241207
119986,2020-09-21,ID30/1,114.03,12.7105,0.3,8.241207
119987,2020-09-21,TL33/4,77.45,12.7105,0.3,8.241207
119988,2020-09-21,SE95/6,19.14,12.7105,0.3,8.241207
119989,2020-09-21,SJ62/235,54.665,12.7105,0.3,8.241207
119990,2020-09-21,NY63/2,130.53,12.7105,0.3,8.241207
119991,2020-09-21,NO20/14,36.724,12.7105,0.3,8.241207
119992,2020-09-21,TL33/67,76.51,12.7105,0.3,8.241207
119993,2020-09-21,SJ15/13,79.877,12.7105,0.3,8.241207
119994,2020-09-21,SU81/1,36.81,12.7105,0.3,8.241207
119995,2020-09-21,SU71/23,29.71,12.7105,0.3,8.241207
119996,2020-09-21,TA10/63,14.39,12.7105,0.3,8.241207
119997,2020-09-21,TF03/37,12.743,12.7105,0.3,8.241207
119998,2020-09-21,SU01/5B,70.871,12.7105,0.3,8.241207
119999,2020-09-21,TR14/9,65.419,12.7105,0.3,8.241207
120000,2020-09-21,SN00/11,9.111,12.7105,0.3,8.241207
120001,2020-09-21,SE94/5,14.227,12.7105,0.3,8.241207
120002,2020-09-21,SY68/34,64.598,12.7105,0.3,8.241207
120003,2020-09-22,ID30/1,114.11,13.881333,1.5,15.891464
120004,2020-09-22,SP00/62,100.23,13.881333,1.5,15.891464
120005,2020-09-22,TL33/67,76.53,13.881333,1.5,15.891464
120006,2020-09-22,NO20/14,36.729,13.881333,1.5,15.891464
120007,2020-09-22,NY63/2,130.54,13.881333,1.5,15.891464
120008,2020-09-22,SJ62/235,54.676,13.881333,1.5,15.891464
120009,2020-09-22,TL33/4,77.42,13.881333,1.5,15.891464
120010,2020-09-22,NH95/17,29.202,13.881333,1.5,15.891464
120011,2020-09-22,SE95/6,19.15,13.881333,1.5,15.891464
120012,2020-09-22,TQ25/86,92.7,13.881333,1.5,15.891464
120013,2020-09-22,SU17/57,130.5,13.881333,1.5,15.891464
120014,2020-09-22,SU81/1,36.769,13.881333,1.5,15.891464
120015,2020-09-22,SE94/5,14.205,13.881333,1.5,15.891464
120016,2020-09-22,TR14/9,65.339,13.881333,1.5,15.891464
120017,2020-09-22,SU01/5B,70.874,13.881333,1.5,15.891464
120018,2020-09-22,SY68/34,64.587,13.881333,1.5,15.891464
120019,2020-09-22,SJ15/13,79.905,13.881333,1.5,15.891464
120020,2020-09-22,TF03/37,12.723,13.881333,1.5,15.891464
120021,2020-09-22,SU71/23,29.71,13.881333,1.5,15.891464
120022,2020-09-22,SN00/11,9.058,13.881333,1.5,15.891464
120023,2020-09-23,SE95/6,19.15,10.750084,7.7,9.620851
120024,2020-09-23,NH95/17,29.182,10.750084,7.7,9.620851
120025,2020-09-23,ID30/1,114.05,10.750084,7.7,9.620851
120026,2020-09-23,NO20/14,36.701,10.750084,7.7,9.620851
120027,2020-09-23,SU17/57,130.36,10.750084,7.7,9.620851
120028,2020-09-23,TL33/67,76.51,10.750084,7.7,9.620851
120029,2020-09-23,TL33/4,77.4,10.750084,7.7,9.620851
120030,2020-09-23,NY63/2,130.58,10.750084,7.7,9.620851
120031,2020-09-23,SJ62/235,54.676,10.750084,7.7,9.620851
120032,2020-09-23,SU81/1,36.722,10.750084,7.7,9.620851
120033,2020-09-23,SJ15/13,79.921,10.750084,7.7,9.620851
120034,2020-09-23,TR14/9,65.258,10.750084,7.7,9.620851
120035,2020-09-23,TF03/37,12.719,10.750084,7.7,9.620851
120036,2020-09-23,SU71/23,29.712,10.750084,7.7,9.620851
120037,2020-09-23,SU01/5B,70.873,10.750084,7.7,9.620851
120038,2020-09-23,SE94/5,14.179,10.750084,7.7,9.620851
120039,2020-09-23,SY68/34,64.577,10.750084,7.7,9.620851
120040,2020-09-23,SN00/11,9.024,10.750084,7.7,9.620851
120041,2020-09-24,TL33/4,77.36,8.09175,1.3,10.550891
120042,2020-09-24,ID30/1,114.1,8.09175,1.3,10.550891
120043,2020-09-24,SE95/6,19.13,8.09175,1.3,10.550891
120044,2020-09-24,SU17/57,130.29,8.09175,1.3,10.550891
120045,2020-09-24,NO20/14,36.685,8.09175,1.3,10.550891
120046,2020-09-24,TL33/67,76.48,8.09175,1.3,10.550891
120047,2020-09-24,SJ62/235,54.663,8.09175,1.3,10.550891
120048,2020-09-24,NY63/2,130.58,8.09175,1.3,10.550891
120049,2020-09-24,NH95/17,29.19,8.09175,1.3,10.550891
120050,2020-09-24,SE94/5,14.135,8.09175,1.3,10.550891
120051,2020-09-24,SN00/11,9.023,8.09175,1.3,10.550891
120052,2020-09-24,SK00/41,130.777,8.09175,1.3,10.550891
120053,2020-09-24,SU71/23,29.712,8.09175,1.3,10.550891
120054,2020-09-24,TR14/9,65.195,8.09175,1.3,10.550891
120055,2020-09-24,TF03/37,12.689,8.09175,1.3,10.550891
120056,2020-09-24,SU01/5B,70.865,8.09175,1.3,10.550891
120057,2020-09-24,SJ15/13,79.907,8.09175,1.3,10.550891
120058,2020-09-24,SY68/34,64.57,8.09175,1.3,10.550891
120059,2020-09-24,SU81/1,36.669,8.09175,1.3,10.550891
120060,2020-09-25,NY63/2,130.54,7.8417497,1.7,16.991304
120061,2020-09-25,SU17/57,130.22,7.8417497,1.7,16.991304
120062,2020-09-25,TL33/67,76.34,7.8417497,1.7,16.991304
120063,2020-09-25,SJ62/235,54.642,7.8417497,1.7,16.991304
120064,2020-09-25,TL33/4,77.27,7.8417497,1.7,16.991304
120065,2020-09-25,NH95/17,29.156,7.8417497,1.7,16.991304
120066,2020-09-25,NO20/14,36.627,7.8417497,1.7,16.991304
120067,2020-09-25,SE95/6,19.13,7.8417497,1.7,16.991304
120068,2020-09-25,ID30/1,114.08,7.8417497,1.7,16.991304
120069,2020-09-25,SU81/1,36.589,7.8417497,1.7,16.991304
120070,2020-09-25,SY68/34,64.562,7.8417497,1.7,16.991304
120071,2020-09-25,SN00/11,8.997,7.8417497,1.7,16.991304
120072,2020-09-25,SK00/41,130.765,7.8417497,1.7,16.991304
120073,2020-09-25,SJ15/13,79.853,7.8417497,1.7,16.991304
120074,2020-09-25,TF03/37,12.622,7.8417497,1.7,16.991304
120075,2020-09-25,TR14/9,65.103,7.8417497,1.7,16.991304
120076,2020-09-25,SU71/23,29.71,7.8417497,1.7,16.991304
120077,2020-09-25,SU01/5B,70.825,7.8417497,1.7,16.991304
120078,2020-09-25,SE94/5,14.1,7.8417497,1.7,16.991304
120079,2020-09-26,NH95/17,29.143,7.4105,0.0,16.508556
120080,2020-09-26,ID30/1,114.02,7.4105,0.0,16.508556
120081,2020-09-26,TL33/67,76.32,7.4105,0.0,16.508556
120082,2020-09-26,SU17/57,130.36,7.4105,0.0,16.508556
120083,2020-09-26,SJ62/235,54.639,7.4105,0.0,16.508556
120084,2020-09-26,TL33/4,77.24,7.4105,0.0,16.508556
120085,2020-09-26,NO20/14,36.604,7.4105,0.0,16.508556
120086,2020-09-26,NY63/2,130.48,7.4105,0.0,16.508556
120087,2020-09-26,SE95/6,19.13,7.4105,0.0,16.508556
120088,2020-09-26,SN00/11,8.963,7.4105,0.0,16.508556
120089,2020-09-26,SU81/1,36.519,7.4105,0.0,16.508556
120090,2020-09-26,TF03/37,12.616,7.4105,0.0,16.508556
120091,2020-09-26,SU71/23,29.71,7.4105,0.0,16.508556
120092,2020-09-26,SU01/5B,70.793,7.4105,0.0,16.508556
120093,2020-09-26,SK00/41,130.744,7.4105,0.0,16.508556
120094,2020-09-26,SY68/34,64.555,7.4105,0.0,16.508556
120095,2020-09-26,SJ15/13,79.832,7.4105,0.0,16.508556
120096,2020-09-26,TR14/9,65.024,7.4105,0.0,16.508556
120097,2020-09-26,SE94/5,14.086,7.4105,0.0,16.508556
120098,2020-09-27,NH95/17,29.145,7.6709175,0.0,7.634816
120099,2020-09-27,SU17/57,130.36,7.6709175,0.0,7.634816
120100,2020-09-27,TL33/4,77.21,7.6709175,0.0,7.634816
120101,2020-09-27,SJ62/235,54.641,7.6709175,0.0,7.634816
120102,2020-09-27,ID30/1,113.97,7.6709175,0.0,7.634816
120103,2020-09-27,NO20/14,36.604,7.6709175,0.0,7.634816
120104,2020-09-27,SE95/6,19.12,7.6709175,0.0,7.634816
120105,2020-09-27,TL33/67,76.29,7.6709175,0.0,7.634816
120106,2020-09-27,NY63/2,130.48,7.6709175,0.0,7.634816
120107,2020-09-27,SN00/11,8.928,7.6709175,0.0,7.634816
120108,2020-09-27,SK00/41,130.728,7.6709175,0.0,7.634816
120109,2020-09-27,SU71/23,29.71,7.6709175,0.0,7.634816
120110,2020-09-27,SU81/1,36.458,7.6709175,0.0,7.634816
120111,2020-09-27,SJ15/13,79.834,7.6709175,0.0,7.634816
120112,2020-09-27,TF03/37,12.666,7.6709175,0.0,7.634816
120113,2020-09-27,SY68/34,64.546,7.6709175,0.0,7.634816
120114,2020-09-27,TR14/9,64.941,7.6709175,0.0,7.634816
120115,2020-09-27,SE94/5,14.097,7.6709175,0.0,7.634816
120116,2020-09-27,SU01/5B,70.768,7.6709175,0.0,7.634816
120117,2020-09-28,NO20/14,36.608,9.139667,1.1,9.966752
120118,2020-09-28,NY63/2,130.49,9.139667,1.1,9.966752
120119,2020-09-28,ID30/1,113.94,9.139667,1.1,9.966752
120120,2020-09-28,TL33/67,76.26,9.139667,1.1,9.966752
120121,2020-09-28,SJ62/235,54.638,9.139667,1.1,9.966752
120122,2020-09-28,TL33/4,77.18,9.139667,1.1,9.966752
120123,2020-09-28,SU17/57,130.34,9.139667,1.1,9.966752
120124,2020-09-28,NH95/17,29.153,9.139667,1.1,9.966752
120125,2020-09-28,SE95/6,19.12,9.139667,1.1,9.966752
120126,2020-09-28,SU71/23,29.71,9.139667,1.1,9.966752
120127,2020-09-28,SU81/1,36.4,9.139667,1.1,9.966752
120128,2020-09-28,SJ15/13,79.834,9.139667,1.1,9.966752
120129,2020-09-28,TF03/37,12.668,9.139667,1.1,9.966752
120130,2020-09-28,SY68/34,64.537,9.139667,1.1,9.966752
120131,2020-09-28,SU01/5B,70.74,9.139667,1.1,9.966752
120132,2020-09-28,TR14/9,64.85,9.139667,1.1,9.966752
120133,2020-09-28,SE94/5,14.078,9.139667,1.1,9.966752
120134,2020-09-28,SN00/11,8.899,9.139667,1.1,9.966752
120135,2020-09-29,SP00/62,100.17,9.793835,0.0,6.8229823
120136,2020-09-29,SJ62/235,54.641,9.793835,0.0,6.8229823
120137,2020-09-29,TQ25/86,92.59,9.793835,0.0,6.8229823
120138,2020-09-29,NO20/14,36.611,9.793835,0.0,6.8229823
120139,2020-09-29,TL33/67,76.24,9.793835,0.0,6.8229823
120140,2020-09-29,ID30/1,113.95,9.793835,0.0,6.8229823
120141,2020-09-29,SE95/6,19.12,9.793835,0.0,6.8229823
120142,2020-09-29,TL33/4,77.14,9.793835,0.0,6.8229823
120143,2020-09-29,NY63/2,130.48,9.793835,0.0,6.8229823
120144,2020-09-29,NH95/17,29.138,9.793835,0.0,6.8229823
120145,2020-09-29,SU17/57,130.3,9.793835,0.0,6.8229823
120146,2020-09-29,SU81/1,36.341,9.793835,0.0,6.8229823
120147,2020-09-29,TF03/37,12.684,9.793835,0.0,6.8229823
120148,2020-09-29,SU01/5B,70.713,9.793835,0.0,6.8229823
120149,2020-09-29,TR14/9,64.752,9.793835,0.0,6.8229823
120150,2020-09-29,SU71/23,29.703,9.793835,0.0,6.8229823
120151,2020-09-29,SN00/11,8.852,9.793835,0.0,6.8229823
120152,2020-09-29,SY68/34,64.527,9.793835,0.0,6.8229823
120153,2020-09-29,SJ15/13,79.84,9.793835,0.0,6.8229823
120154,2020-09-29,SE94/5,14.058,9.793835,0.0,6.8229823
120155,2020-09-30,NH95/17,29.19,10.931333,11.099999,17.120178
120156,2020-09-30,TL33/4,77.11,10.931333,11.099999,17.120178
120157,2020-09-30,TL33/67,76.3,10.931333,11.099999,17.120178
120158,2020-09-30,ST07/10,58.38,10.931333,11.099999,17.120178
120159,2020-09-30,NY63/2,130.5,10.931333,11.099999,17.120178
120160,2020-09-30,ID30/1,113.96,10.931333,11.099999,17.120178
120161,2020-09-30,TF81/2A,44.08,10.931333,11.099999,17.120178
120162,2020-09-30,SE95/6,19.11,10.931333,11.099999,17.120178
120163,2020-09-30,NO20/14,36.647,10.931333,11.099999,17.120178
120164,2020-09-30,SJ62/235,54.657,10.931333,11.099999,17.120178
120165,2020-09-30,SU17/57,130.28,10.931333,11.099999,17.120178
120166,2020-09-30,SE94/5,14.008,10.931333,11.099999,17.120178
120167,2020-09-30,TF03/37,12.703,10.931333,11.099999,17.120178
120168,2020-09-30,SU71/23,29.7,10.931333,11.099999,17.120178
120169,2020-09-30,SU81/1,36.311,10.931333,11.099999,17.120178
120170,2020-09-30,TR14/9,64.675,10.931333,11.099999,17.120178
120171,2020-09-30,SU01/5B,70.7,10.931333,11.099999,17.120178
120172,2020-09-30,SN00/11,8.94,10.931333,11.099999,17.120178
120173,2020-09-30,SY68/34,64.522,10.931333,11.099999,17.120178
120174,2020-09-30,SJ15/13,79.877,10.931333,11.099999,17.120178
120175,2020-10-01,SE95/6,19.11,8.712584,4.4,7.303909
120176,2020-10-01,TL33/4,77.08,8.712584,4.4,7.303909
120177,2020-10-01,NH95/17,29.206,8.712584,4.4,7.303909
120178,2020-10-01,SP00/62,100.17,8.712584,4.4,7.303909
120179,2020-10-01,SJ62/235,54.657,8.712584,4.4,7.303909
120180,2020-10-01,TL33/67,76.28,8.712584,4.4,7.303909
120181,2020-10-01,NO20/14,36.653,8.712584,4.4,7.303909
120182,2020-10-01,SU17/57,130.11,8.712584,4.4,7.303909
120183,2020-10-01,ID30/1,114.03,8.712584,4.4,7.303909
120184,2020-10-01,NY63/2,130.54,8.712584,4.4,7.303909
120185,2020-10-01,TQ25/86,92.46,8.712584,4.4,7.303909
120186,2020-10-01,SK00/41,130.727,8.712584,4.4,7.303909
120187,2020-10-01,SU71/23,29.693,8.712584,4.4,7.303909
120188,2020-10-01,SJ15/13,79.887,8.712584,4.4,7.303909
120189,2020-10-01,SN00/11,9.086,8.712584,4.4,7.303909
120190,2020-10-01,SU81/1,36.268,8.712584,4.4,7.303909
120191,2020-10-01,TA10/63,14.099,8.712584,4.4,7.303909
120192,2020-10-01,TR14/9,64.621,8.712584,4.4,7.303909
120193,2020-10-01,TF03/37,12.633,8.712584,4.4,7.303909
120194,2020-10-01,SU01/5B,70.689,8.712584,4.4,7.303909
120195,2020-10-01,SY68/34,64.532,8.712584,4.4,7.303909
120196,2020-10-01,SE94/5,14.016,8.712584,4.4,7.303909
120197,2020-10-02,ID30/1,114.4,8.158418,0.2,9.289067
120198,2020-10-02,TL33/4,77.06,8.158418,0.2,9.289067
120199,2020-10-02,SU17/57,129.97,8.158418,0.2,9.289067
120200,2020-10-02,SE95/6,19.1,8.158418,0.2,9.289067
120201,2020-10-02,TL33/67,76.23,8.158418,0.2,9.289067
120202,2020-10-02,TL44/12,35.21,8.158418,0.2,9.289067
120203,2020-10-02,SJ62/235,54.644,8.158418,0.2,9.289067
120204,2020-10-02,NH95/17,29.203,8.158418,0.2,9.289067
120205,2020-10-02,NO20/14,36.633,8.158418,0.2,9.289067
120206,2020-10-02,NY63/2,130.53,8.158418,0.2,9.289067
120207,2020-10-02,SN00/11,9.44817,8.158418,0.2,9.289067
120208,2020-10-02,SU01/5B,70.676,8.158418,0.2,9.289067
120209,2020-10-02,TF03/37,12.578,8.158418,0.2,9.289067
120210,2020-10-02,SU81/1,36.264,8.158418,0.2,9.289067
120211,2020-10-02,SK00/41,130.736,8.158418,0.2,9.289067
120212,2020-10-02,SU71/23,29.69,8.158418,0.2,9.289067
120213,2020-10-02,SE94/5,13.97,8.158418,0.2,9.289067
120214,2020-10-02,TR14/9,64.581,8.158418,0.2,9.289067
120215,2020-10-02,SJ15/13,79.8714,8.158418,0.2,9.289067
120216,2020-10-02,SY68/34,64.583,8.158418,0.2,9.289067
120217,2020-10-02,TA10/63,14.071,8.158418,0.2,9.289067
120218,2020-10-03,TL33/4,77.03,10.152167,27.099998,13.170794
120219,2020-10-03,NY63/2,130.49,10.152167,27.099998,13.170794
120220,2020-10-03,SJ62/235,54.662,10.152167,27.099998,13.170794
120221,2020-10-03,TL33/67,76.24,10.152167,27.099998,13.170794
120222,2020-10-03,SE95/6,19.12,10.152167,27.099998,13.170794
120223,2020-10-03,ID30/1,114.32,10.152167,27.099998,13.170794
120224,2020-10-03,NH95/17,29.235,10.152167,27.099998,13.170794
120225,2020-10-03,SU17/57,129.98,10.152167,27.099998,13.170794
120226,2020-10-03,NO20/14,36.665,10.152167,27.099998,13.170794
120227,2020-10-03,SY68/34,64.65,10.152167,27.099998,13.170794
120228,2020-10-03,SJ15/13,79.9114,10.152167,27.099998,13.170794
120229,2020-10-03,TF03/37,12.58,10.152167,27.099998,13.170794
120230,2020-10-03,TR14/9,64.542,10.152167,27.099998,13.170794
120231,2020-10-03,SU01/5B,70.675,10.152167,27.099998,13.170794
120232,2020-10-03,SU71/23,29.034,10.152167,27.099998,13.170794
120233,2020-10-03,SU81/1,36.301,10.152167,27.099998,13.170794
120234,2020-10-03,SE94/5,13.974,10.152167,27.099998,13.170794
120235,2020-10-03,TA10/63,14.053,10.152167,27.099998,13.170794
120236,2020-10-03,SN00/11,9.87371,10.152167,27.099998,13.170794
120237,2020-10-03,SK00/41,130.762,10.152167,27.099998,13.170794
120238,2020-10-04,NO20/14,36.825,11.850083,5.1999993,11.612574
120239,2020-10-04,SU17/57,129.92,11.850083,5.1999993,11.612574
120240,2020-10-04,SJ62/235,54.651,11.850083,5.1999993,11.612574
120241,2020-10-04,SE95/6,19.13,11.850083,5.1999993,11.612574
120242,2020-10-04,TL33/4,77.0,11.850083,5.1999993,11.612574
120243,2020-10-04,ID30/1,115.0,11.850083,5.1999993,11.612574
120244,2020-10-04,TL33/67,76.14,11.850083,5.1999993,11.612574
120245,2020-10-04,NH95/17,29.296,11.850083,5.1999993,11.612574
120246,2020-10-04,NY63/2,130.61,11.850083,5.1999993,11.612574
120247,2020-10-04,SU81/1,36.414,11.850083,5.1999993,11.612574
120248,2020-10-04,SK00/41,130.759,11.850083,5.1999993,11.612574
120249,2020-10-04,SU71/23,28.97,11.850083,5.1999993,11.612574
120250,2020-10-04,TR14/9,64.474,11.850083,5.1999993,11.612574
120251,2020-10-04,SJ15/13,79.9391,11.850083,5.1999993,11.612574
120252,2020-10-04,SU01/5B,70.711,11.850083,5.1999993,11.612574
120253,2020-10-04,SY68/34,64.725,11.850083,5.1999993,11.612574
120254,2020-10-04,TF03/37,12.511,11.850083,5.1999993,11.612574
120255,2020-10-04,TA10/63,14.022,11.850083,5.1999993,11.612574
120256,2020-10-04,SE94/5,13.978,11.850083,5.1999993,11.612574
120257,2020-10-04,SN00/11,10.3721,11.850083,5.1999993,11.612574
120258,2020-10-05,SJ62/235,54.655,11.079251,3.2999995,10.626149
120259,2020-10-05,SU17/57,130.11,11.079251,3.2999995,10.626149
120260,2020-10-05,NY63/2,130.57,11.079251,3.2999995,10.626149
120261,2020-10-05,TL33/67,76.06,11.079251,3.2999995,10.626149
120262,2020-10-05,SE95/6,19.13,11.079251,3.2999995,10.626149
120263,2020-10-05,NH95/17,29.328,11.079251,3.2999995,10.626149
120264,2020-10-05,ID30/1,115.83,11.079251,3.2999995,10.626149
120265,2020-10-05,NO20/14,36.87,11.079251,3.2999995,10.626149
120266,2020-10-05,TL33/4,76.97,11.079251,3.2999995,10.626149
120267,2020-10-05,SY68/34,64.789,11.079251,3.2999995,10.626149
120268,2020-10-05,SN00/11,10.9727,11.079251,3.2999995,10.626149
120269,2020-10-05,SU81/1,36.516,11.079251,3.2999995,10.626149
120270,2020-10-05,SJ15/13,79.974,11.079251,3.2999995,10.626149
120271,2020-10-05,TR14/9,64.408,11.079251,3.2999995,10.626149
120272,2020-10-05,SK00/41,130.74,11.079251,3.2999995,10.626149
120273,2020-10-05,TF03/37,12.492,11.079251,3.2999995,10.626149
120274,2020-10-05,TA10/63,13.989,11.079251,3.2999995,10.626149
120275,2020-10-05,SE94/5,13.969,11.079251,3.2999995,10.626149
120276,2020-10-05,SU01/5B,70.712,11.079251,3.2999995,10.626149
120277,2020-10-05,SU71/23,28.973,11.079251,3.2999995,10.626149
120278,2020-10-06,TL33/67,76.0,10.893833,7.0,10.311898
120279,2020-10-06,TL33/4,76.94,10.893833,7.0,10.311898
120280,2020-10-06,SP00/62,101.29,10.893833,7.0,10.311898
120281,2020-10-06,SE95/6,19.13,10.893833,7.0,10.311898
120282,2020-10-06,ID30/1,116.43,10.893833,7.0,10.311898
120283,2020-10-06,SJ62/235,54.658,10.893833,7.0,10.311898
120284,2020-10-06,NH95/17,29.328,10.893833,7.0,10.311898
120285,2020-10-06,NY63/2,130.56,10.893833,7.0,10.311898
120286,2020-10-06,NO20/14,36.871,10.893833,7.0,10.311898
120287,2020-10-06,SU17/57,130.27,10.893833,7.0,10.311898
120288,2020-10-06,TQ25/86,92.29,10.893833,7.0,10.311898
120289,2020-10-06,SY68/34,64.84,10.893833,7.0,10.311898
120290,2020-10-06,SU71/23,28.971,10.893833,7.0,10.311898
120291,2020-10-06,SU01/5B,70.732,10.893833,7.0,10.311898
120292,2020-10-06,SN00/11,11.3754,10.893833,7.0,10.311898
120293,2020-10-06,SU81/1,36.493,10.893833,7.0,10.311898
120294,2020-10-06,SK00/41,130.723,10.893833,7.0,10.311898
120295,2020-10-06,SE94/5,13.957,10.893833,7.0,10.311898
120296,2020-10-06,TA10/63,13.955,10.893833,7.0,10.311898
120297,2020-10-06,TR14/9,64.33,10.893833,7.0,10.311898
120298,2020-10-06,SJ15/13,80.0031,10.893833,7.0,10.311898
120299,2020-10-06,TF03/37,12.494,10.893833,7.0,10.311898
120300,2020-10-06,ST07/10,68.8371,10.893833,7.0,10.311898
120301,2020-10-07,TL33/67,75.97,10.398,1.2,16.42417
120302,2020-10-07,NO20/14,36.818,10.398,1.2,16.42417
120303,2020-10-07,ID30/1,116.32,10.398,1.2,16.42417
120304,2020-10-07,SU17/57,130.42,10.398,1.2,16.42417
120305,2020-10-07,NH95/17,29.3,10.398,1.2,16.42417
120306,2020-10-07,SJ62/235,54.671,10.398,1.2,16.42417
120307,2020-10-07,NY63/2,130.53,10.398,1.2,16.42417
120308,2020-10-07,TL33/4,76.91,10.398,1.2,16.42417
120309,2020-10-07,SE95/6,19.15,10.398,1.2,16.42417
120310,2020-10-07,TA10/63,13.924,10.398,1.2,16.42417
120311,2020-10-07,SU71/23,28.87,10.398,1.2,16.42417
120312,2020-10-07,SJ15/13,80.0222,10.398,1.2,16.42417
120313,2020-10-07,SN00/11,11.5115,10.398,1.2,16.42417
120314,2020-10-07,SY68/34,64.88,10.398,1.2,16.42417
120315,2020-10-07,SU01/5B,70.776,10.398,1.2,16.42417
120316,2020-10-07,TF03/37,12.485,10.398,1.2,16.42417
120317,2020-10-07,ST07/10,70.4298,10.398,1.2,16.42417
120318,2020-10-07,TR14/9,64.268,10.398,1.2,16.42417
120319,2020-10-07,SE94/5,13.939,10.398,1.2,16.42417
120320,2020-10-07,SU81/1,36.42,10.398,1.2,16.42417
120321,2020-10-08,TL33/67,75.92,8.818834,9.5,10.718753
120322,2020-10-08,SE95/6,19.15,8.818834,9.5,10.718753
120323,2020-10-08,NY63/2,130.52,8.818834,9.5,10.718753
120324,2020-10-08,TL33/4,76.88,8.818834,9.5,10.718753
120325,2020-10-08,NH95/17,29.305,8.818834,9.5,10.718753
120326,2020-10-08,SJ62/235,54.671,8.818834,9.5,10.718753
120327,2020-10-08,SU17/57,130.48,8.818834,9.5,10.718753
120328,2020-10-08,ID30/1,116.32,8.818834,9.5,10.718753
120329,2020-10-08,NO20/14,36.803,8.818834,9.5,10.718753
120330,2020-10-08,ST07/10,72.4725,8.818834,9.5,10.718753
120331,2020-10-08,SK00/41,130.667,8.818834,9.5,10.718753
120332,2020-10-08,TF03/37,12.473,8.818834,9.5,10.718753
120333,2020-10-08,TA10/63,13.896,8.818834,9.5,10.718753
120334,2020-10-08,SU01/5B,70.856,8.818834,9.5,10.718753
120335,2020-10-08,SY68/34,64.915,8.818834,9.5,10.718753
120336,2020-10-08,TR14/9,64.206,8.818834,9.5,10.718753
120337,2020-10-08,SU81/1,36.359,8.818834,9.5,10.718753
120338,2020-10-08,SU71/23,28.878,8.818834,9.5,10.718753
120339,2020-10-08,SN00/11,11.6399,8.818834,9.5,10.718753
120340,2020-10-08,SE94/5,13.947,8.818834,9.5,10.718753
120341,2020-10-08,SJ15/13,80.0404,8.818834,9.5,10.718753
120342,2020-10-09,ID30/1,116.3,7.9500833,11.200001,16.673506
120343,2020-10-09,SU17/57,130.6,7.9500833,11.200001,16.673506
120344,2020-10-09,NH95/17,29.296,7.9500833,11.200001,16.673506
120345,2020-10-09,NY63/2,130.51,7.9500833,11.200001,16.673506
120346,2020-10-09,SJ62/235,54.68,7.9500833,11.200001,16.673506
120347,2020-10-09,TL33/4,76.85,7.9500833,11.200001,16.673506
120348,2020-10-09,NO20/14,36.798,7.9500833,11.200001,16.673506
120349,2020-10-09,SE95/6,19.15,7.9500833,11.200001,16.673506
120350,2020-10-09,TL33/67,75.91,7.9500833,11.200001,16.673506
120351,2020-10-09,SU81/1,36.293,7.9500833,11.200001,16.673506
120352,2020-10-09,TF03/37,12.485,7.9500833,11.200001,16.673506
120353,2020-10-09,SK00/41,130.658,7.9500833,11.200001,16.673506
120354,2020-10-09,SY68/34,64.947,7.9500833,11.200001,16.673506
120355,2020-10-09,SN00/11,11.7939,7.9500833,11.200001,16.673506
120356,2020-10-09,SU01/5B,70.941,7.9500833,11.200001,16.673506
120357,2020-10-09,TR14/9,64.138,7.9500833,11.200001,16.673506
120358,2020-10-09,SU71/23,28.885,7.9500833,11.200001,16.673506
120359,2020-10-09,SJ15/13,80.0393,7.9500833,11.200001,16.673506
120360,2020-10-09,ST07/10,73.1514,7.9500833,11.200001,16.673506
120361,2020-10-09,SE94/5,13.951,7.9500833,11.200001,16.673506
120362,2020-10-09,TA10/63,13.866,7.9500833,11.200001,16.673506
120363,2020-10-10,SE95/6,19.21,8.943833,2.7,14.346377
120364,2020-10-10,NH95/17,29.279,8.943833,2.7,14.346377
120365,2020-10-10,NY63/2,130.52,8.943833,2.7,14.346377
120366,2020-10-10,NO20/14,36.774,8.943833,2.7,14.346377
120367,2020-10-10,SU17/57,130.65,8.943833,2.7,14.346377
120368,2020-10-10,ID30/1,116.19,8.943833,2.7,14.346377
120369,2020-10-10,TL33/4,76.82,8.943833,2.7,14.346377
120370,2020-10-10,SJ62/235,54.681,8.943833,2.7,14.346377
120371,2020-10-10,TL33/67,75.89,8.943833,2.7,14.346377
120372,2020-10-10,SJ15/13,80.0177,8.943833,2.7,14.346377
120373,2020-10-10,SU71/23,28.89,8.943833,2.7,14.346377
120374,2020-10-10,TF03/37,12.488,8.943833,2.7,14.346377
120375,2020-10-10,TR14/9,64.07,8.943833,2.7,14.346377
120376,2020-10-10,SN00/11,11.8543,8.943833,2.7,14.346377
120377,2020-10-10,SK00/41,130.632,8.943833,2.7,14.346377
120378,2020-10-10,SY68/34,64.977,8.943833,2.7,14.346377
120379,2020-10-10,ST07/10,72.8478,8.943833,2.7,14.346377
120380,2020-10-10,SU01/5B,71.042,8.943833,2.7,14.346377
120381,2020-10-10,SE94/5,13.94,8.943833,2.7,14.346377
120382,2020-10-10,TA10/63,13.838,8.943833,2.7,14.346377
120383,2020-10-10,SU81/1,36.237,8.943833,2.7,14.346377
120384,2020-10-11,SU17/57,130.69,8.045917,0.2,7.733532
120385,2020-10-11,SJ62/235,54.701,8.045917,0.2,7.733532
120386,2020-10-11,NY63/2,130.5,8.045917,0.2,7.733532
120387,2020-10-11,NH95/17,29.285,8.045917,0.2,7.733532
120388,2020-10-11,ID30/1,116.1,8.045917,0.2,7.733532
120389,2020-10-11,SE95/6,19.25,8.045917,0.2,7.733532
120390,2020-10-11,TL33/4,76.79,8.045917,0.2,7.733532
120391,2020-10-11,NO20/14,36.757,8.045917,0.2,7.733532
120392,2020-10-11,TL33/67,75.86,8.045917,0.2,7.733532
120393,2020-10-11,SJ15/13,80.0363,8.045917,0.2,7.733532
120394,2020-10-11,TR14/9,63.983,8.045917,0.2,7.733532
120395,2020-10-11,SY68/34,65.008,8.045917,0.2,7.733532
120396,2020-10-11,SU71/23,28.88,8.045917,0.2,7.733532
120397,2020-10-11,SU01/5B,71.162,8.045917,0.2,7.733532
120398,2020-10-11,TF03/37,12.508,8.045917,0.2,7.733532
120399,2020-10-11,TA10/63,13.813,8.045917,0.2,7.733532
120400,2020-10-11,SE94/5,13.901,8.045917,0.2,7.733532
120401,2020-10-11,SK00/41,130.624,8.045917,0.2,7.733532
120402,2020-10-11,ST07/10,72.3617,8.045917,0.2,7.733532
120403,2020-10-11,SU81/1,36.185,8.045917,0.2,7.733532
120404,2020-10-11,SN00/11,11.8442,8.045917,0.2,7.733532
120405,2020-10-12,SJ62/235,54.71,8.839665,12.3,12.748279
120406,2020-10-12,NO20/14,36.796,8.839665,12.3,12.748279
120407,2020-10-12,TL33/4,76.76,8.839665,12.3,12.748279
120408,2020-10-12,ID30/1,116.02,8.839665,12.3,12.748279
120409,2020-10-12,SE95/6,19.31,8.839665,12.3,12.748279
120410,2020-10-12,NY63/2,130.52,8.839665,12.3,12.748279
120411,2020-10-12,TL33/67,75.94,8.839665,12.3,12.748279
120412,2020-10-12,SU17/57,130.73,8.839665,12.3,12.748279
120413,2020-10-12,NH95/17,29.313,8.839665,12.3,12.748279
120414,2020-10-12,SU01/5B,71.32,8.839665,12.3,12.748279
120415,2020-10-12,TA10/63,13.799,8.839665,12.3,12.748279
120416,2020-10-12,SJ15/13,80.0855,8.839665,12.3,12.748279
120417,2020-10-12,ST07/10,71.792,8.839665,12.3,12.748279
120418,2020-10-12,SU81/1,36.158,8.839665,12.3,12.748279
120419,2020-10-12,SY68/34,65.041,8.839665,12.3,12.748279
120420,2020-10-12,TF03/37,12.555,8.839665,12.3,12.748279
120421,2020-10-12,SE94/5,13.925,8.839665,12.3,12.748279
120422,2020-10-12,TR14/9,63.939,8.839665,12.3,12.748279
120423,2020-10-12,SK00/41,130.625,8.839665,12.3,12.748279
120424,2020-10-12,SN00/11,11.8249,8.839665,12.3,12.748279
120425,2020-10-12,SU71/23,28.873,8.839665,12.3,12.748279
120426,2020-10-13,SJ62/235,54.701,8.052169,3.3999994,14.37822
120427,2020-10-13,NO20/14,36.775,8.052169,3.3999994,14.37822
120428,2020-10-13,ID30/1,115.89,8.052169,3.3999994,14.37822
120429,2020-10-13,SU17/57,130.61,8.052169,3.3999994,14.37822
120430,2020-10-13,TQ25/86,91.99,8.052169,3.3999994,14.37822
120431,2020-10-13,NH95/17,29.316,8.052169,3.3999994,14.37822
120432,2020-10-13,TL33/4,76.73,8.052169,3.3999994,14.37822
120433,2020-10-13,NY63/2,130.58,8.052169,3.3999994,14.37822
120434,2020-10-13,TL33/67,75.86,8.052169,3.3999994,14.37822
120435,2020-10-13,SE95/6,19.4,8.052169,3.3999994,14.37822
120436,2020-10-13,SP00/62,101.81,8.052169,3.3999994,14.37822
120437,2020-10-13,SJ15/13,80.0764,8.052169,3.3999994,14.37822
120438,2020-10-13,SK00/41,130.625,8.052169,3.3999994,14.37822
120439,2020-10-13,SE94/5,13.921,8.052169,3.3999994,14.37822
120440,2020-10-13,SN00/11,11.7771,8.052169,3.3999994,14.37822
120441,2020-10-13,TR14/9,63.888,8.052169,3.3999994,14.37822
120442,2020-10-13,TA10/63,13.764,8.052169,3.3999994,14.37822
120443,2020-10-13,TF03/37,12.514,8.052169,3.3999994,14.37822
120444,2020-10-13,SU01/5B,71.492,8.052169,3.3999994,14.37822
120445,2020-10-13,SU81/1,36.127,8.052169,3.3999994,14.37822
120446,2020-10-13,ST07/10,71.1286,8.052169,3.3999994,14.37822
120447,2020-10-13,SU71/23,28.88,8.052169,3.3999994,14.37822
120448,2020-10-13,SY68/34,65.074,8.052169,3.3999994,14.37822
120449,2020-10-14,ID30/1,115.74,10.412584,0.5,9.532771
120450,2020-10-14,TL33/4,76.71,10.412584,0.5,9.532771
120451,2020-10-14,TL33/67,75.8,10.412584,0.5,9.532771
120452,2020-10-14,SE95/6,19.48,10.412584,0.5,9.532771
120453,2020-10-14,NO20/14,36.747,10.412584,0.5,9.532771
120454,2020-10-14,NH95/17,29.325,10.412584,0.5,9.532771
120455,2020-10-14,SU17/57,130.65,10.412584,0.5,9.532771
120456,2020-10-14,SJ62/235,54.688,10.412584,0.5,9.532771
120457,2020-10-14,NY63/2,130.52,10.412584,0.5,9.532771
120458,2020-10-14,SU01/5B,71.644,10.412584,0.5,9.532771
120459,2020-10-14,SN00/11,11.6994,10.412584,0.5,9.532771
120460,2020-10-14,SJ15/13,80.046,10.412584,0.5,9.532771
120461,2020-10-14,SE94/5,13.916,10.412584,0.5,9.532771
120462,2020-10-14,SU71/23,28.89,10.412584,0.5,9.532771
120463,2020-10-14,SK00/41,130.616,10.412584,0.5,9.532771
120464,2020-10-14,TA10/63,13.736,10.412584,0.5,9.532771
120465,2020-10-14,TR14/9,63.829,10.412584,0.5,9.532771
120466,2020-10-14,ST07/10,70.3615,10.412584,0.5,9.532771
120467,2020-10-14,SU81/1,36.064,10.412584,0.5,9.532771
120468,2020-10-14,SY68/34,65.102,10.412584,0.5,9.532771
120469,2020-10-14,TF03/37,12.499,10.412584,0.5,9.532771
120470,2020-10-15,NH95/17,29.324,7.76675,0.1,8.043027
120471,2020-10-15,ID30/1,115.62,7.76675,0.1,8.043027
120472,2020-10-15,NO20/14,36.769,7.76675,0.1,8.043027
120473,2020-10-15,TL33/67,75.78,7.76675,0.1,8.043027
120474,2020-10-15,TL33/4,76.67,7.76675,0.1,8.043027
120475,2020-10-15,SJ62/235,54.693,7.76675,0.1,8.043027
120476,2020-10-15,SU17/57,130.76,7.76675,0.1,8.043027
120477,2020-10-15,SE95/6,19.52,7.76675,0.1,8.043027
120478,2020-10-15,NY63/2,130.5,7.76675,0.1,8.043027
120479,2020-10-15,SU71/23,28.896,7.76675,0.1,8.043027
120480,2020-10-15,TA10/63,13.714,7.76675,0.1,8.043027
120481,2020-10-15,TR14/9,63.762,7.76675,0.1,8.043027
120482,2020-10-15,SU01/5B,71.811,7.76675,0.1,8.043027
120483,2020-10-15,SJ15/13,80.0364,7.76675,0.1,8.043027
120484,2020-10-15,SY68/34,65.129,7.76675,0.1,8.043027
120485,2020-10-15,SE94/5,13.913,7.76675,0.1,8.043027
120486,2020-10-15,ST07/10,69.5789,7.76675,0.1,8.043027
120487,2020-10-15,SU81/1,36.024,7.76675,0.1,8.043027
120488,2020-10-15,TF03/37,12.501,7.76675,0.1,8.043027
120489,2020-10-15,SN00/11,11.6276,7.76675,0.1,8.043027
120490,2020-10-16,SE95/6,19.63,8.408418,0.0,6.0722218
120491,2020-10-16,TL33/67,75.78,8.408418,0.0,6.0722218
120492,2020-10-16,ID30/1,115.46,8.408418,0.0,6.0722218
120493,2020-10-16,SJ62/235,54.696,8.408418,0.0,6.0722218
120494,2020-10-16,NY63/2,130.5,8.408418,0.0,6.0722218
120495,2020-10-16,TL33/4,76.65,8.408418,0.0,6.0722218
120496,2020-10-16,SU17/57,130.79,8.408418,0.0,6.0722218
120497,2020-10-16,NO20/14,36.778,8.408418,0.0,6.0722218
120498,2020-10-16,NH95/17,29.331,8.408418,0.0,6.0722218
120499,2020-10-16,TM15/112,25.0,8.408418,0.0,6.0722218
120500,2020-10-16,TA10/63,13.69,8.408418,0.0,6.0722218
120501,2020-10-16,SE94/5,13.906,8.408418,0.0,6.0722218
120502,2020-10-16,SU71/23,28.901,8.408418,0.0,6.0722218
120503,2020-10-16,ST07/10,68.7578,8.408418,0.0,6.0722218
120504,2020-10-16,SY68/34,65.155,8.408418,0.0,6.0722218
120505,2020-10-16,TR14/9,63.695,8.408418,0.0,6.0722218
120506,2020-10-16,SU81/1,35.982,8.408418,0.0,6.0722218
120507,2020-10-16,SJ15/13,80.0345,8.408418,0.0,6.0722218
120508,2020-10-16,SN00/11,11.5578,8.408418,0.0,6.0722218
120509,2020-10-16,SU01/5B,71.985,8.408418,0.0,6.0722218
120510,2020-10-16,TF03/37,12.501,8.408418,0.0,6.0722218
120511,2020-10-17,TL33/4,76.62,9.316751,0.4,6.749478
120512,2020-10-17,NY63/2,130.51,9.316751,0.4,6.749478
120513,2020-10-17,NH95/17,29.355,9.316751,0.4,6.749478
120514,2020-10-17,SU17/57,130.79,9.316751,0.4,6.749478
120515,2020-10-17,SJ62/235,54.696,9.316751,0.4,6.749478
120516,2020-10-17,TL33/67,75.77,9.316751,0.4,6.749478
120517,2020-10-17,NO20/14,36.78,9.316751,0.4,6.749478
120518,2020-10-17,ID30/1,115.32,9.316751,0.4,6.749478
120519,2020-10-17,SE95/6,19.7,9.316751,0.4,6.749478
120520,2020-10-17,SN00/11,11.4846,9.316751,0.4,6.749478
120521,2020-10-17,SU81/1,35.95,9.316751,0.4,6.749478
120522,2020-10-17,ST07/10,67.9317,9.316751,0.4,6.749478
120523,2020-10-17,SY68/34,65.179,9.316751,0.4,6.749478
120524,2020-10-17,TA10/63,13.666,9.316751,0.4,6.749478
120525,2020-10-17,SE94/5,13.875,9.316751,0.4,6.749478
120526,2020-10-17,TF03/37,12.541,9.316751,0.4,6.749478
120527,2020-10-17,SU71/23,28.91,9.316751,0.4,6.749478
120528,2020-10-17,TR14/9,63.633,9.316751,0.4,6.749478
120529,2020-10-17,SU01/5B,72.167,9.316751,0.4,6.749478
120530,2020-10-17,SJ15/13,80.0289,9.316751,0.4,6.749478
120531,2020-10-18,SJ62/235,54.699,8.350084,0.2,7.6799264
120532,2020-10-18,SE95/6,19.74,8.350084,0.2,7.6799264
120533,2020-10-18,NY63/2,130.51,8.350084,0.2,7.6799264
120534,2020-10-18,NH95/17,29.373,8.350084,0.2,7.6799264
120535,2020-10-18,TL33/4,76.59,8.350084,0.2,7.6799264
120536,2020-10-18,TL33/67,75.76,8.350084,0.2,7.6799264
120537,2020-10-18,NO20/14,36.786,8.350084,0.2,7.6799264
120538,2020-10-18,ID30/1,115.2,8.350084,0.2,7.6799264
120539,2020-10-18,SU17/57,130.81,8.350084,0.2,7.6799264
120540,2020-10-18,SY68/34,65.202,8.350084,0.2,7.6799264
120541,2020-10-18,SK00/41,130.588,8.350084,0.2,7.6799264
120542,2020-10-18,TF03/37,12.511,8.350084,0.2,7.6799264
120543,2020-10-18,SU71/23,28.916,8.350084,0.2,7.6799264
120544,2020-10-18,SN00/11,11.4123,8.350084,0.2,7.6799264
120545,2020-10-18,TR14/9,63.56,8.350084,0.2,7.6799264
120546,2020-10-18,SE94/5,13.901,8.350084,0.2,7.6799264
120547,2020-10-18,SU81/1,35.916,8.350084,0.2,7.6799264
120548,2020-10-18,SU01/5B,72.355,8.350084,0.2,7.6799264
120549,2020-10-18,TA10/63,13.645,8.350084,0.2,7.6799264
120550,2020-10-18,SJ15/13,80.0302,8.350084,0.2,7.6799264
120551,2020-10-18,ST07/10,67.1718,8.350084,0.2,7.6799264
120552,2020-10-19,TL33/4,76.57,10.037583,5.5000005,20.717459
120553,2020-10-19,SE95/6,19.83,10.037583,5.5000005,20.717459
120554,2020-10-19,NO20/14,36.822,10.037583,5.5000005,20.717459
120555,2020-10-19,TL33/67,75.84,10.037583,5.5000005,20.717459
120556,2020-10-19,SJ62/235,54.723,10.037583,5.5000005,20.717459
120557,2020-10-19,NY63/2,130.54,10.037583,5.5000005,20.717459
120558,2020-10-19,ID30/1,115.26,10.037583,5.5000005,20.717459
120559,2020-10-19,SU17/57,130.8,10.037583,5.5000005,20.717459
120560,2020-10-19,NH95/17,29.412,10.037583,5.5000005,20.717459
120561,2020-10-19,SJ15/13,80.0712,10.037583,5.5000005,20.717459
120562,2020-10-19,SK00/41,130.598,10.037583,5.5000005,20.717459
120563,2020-10-19,SE94/5,13.901,10.037583,5.5000005,20.717459
120564,2020-10-19,SY68/34,65.229,10.037583,5.5000005,20.717459
120565,2020-10-19,TF03/37,12.551,10.037583,5.5000005,20.717459
120566,2020-10-19,SU71/23,28.921,10.037583,5.5000005,20.717459
120567,2020-10-19,ST07/10,66.5157,10.037583,5.5000005,20.717459
120568,2020-10-19,SU01/5B,72.579,10.037583,5.5000005,20.717459
120569,2020-10-19,SU81/1,35.902,10.037583,5.5000005,20.717459
120570,2020-10-19,SN00/11,11.376,10.037583,5.5000005,20.717459
120571,2020-10-19,TA10/63,13.635,10.037583,5.5000005,20.717459
120572,2020-10-19,TR14/9,63.502,10.037583,5.5000005,20.717459
120573,2020-10-20,TL33/4,76.54,11.943835,1.9000002,19.250156
120574,2020-10-20,TL33/67,75.82,11.943835,1.9000002,19.250156
120575,2020-10-20,NO20/14,36.861,11.943835,1.9000002,19.250156
120576,2020-10-20,TQ25/86,91.71,11.943835,1.9000002,19.250156
120577,2020-10-20,NY63/2,130.6,11.943835,1.9000002,19.250156
120578,2020-10-20,SP00/62,101.397,11.943835,1.9000002,19.250156
120579,2020-10-20,ID30/1,116.35,11.943835,1.9000002,19.250156
120580,2020-10-20,SJ62/235,54.723,11.943835,1.9000002,19.250156
120581,2020-10-20,SU17/57,130.64,11.943835,1.9000002,19.250156
120582,2020-10-20,SE95/6,19.91,11.943835,1.9000002,19.250156
120583,2020-10-20,NH95/17,29.46,11.943835,1.9000002,19.250156
120584,2020-10-20,SU01/5B,72.808,11.943835,1.9000002,19.250156
120585,2020-10-20,ST07/10,65.8351,11.943835,1.9000002,19.250156
120586,2020-10-20,TR14/9,63.48,11.943835,1.9000002,19.250156
120587,2020-10-20,TF03/37,12.513,11.943835,1.9000002,19.250156
120588,2020-10-20,TA10/63,13.613,11.943835,1.9000002,19.250156
120589,2020-10-20,SU81/1,35.888,11.943835,1.9000002,19.250156
120590,2020-10-20,SE94/5,13.9,11.943835,1.9000002,19.250156
120591,2020-10-20,SN00/11,11.3229,11.943835,1.9000002,19.250156
120592,2020-10-20,SK00/41,130.623,11.943835,1.9000002,19.250156
120593,2020-10-20,SJ15/13,80.0813,11.943835,1.9000002,19.250156
120594,2020-10-20,SY68/34,65.255,11.943835,1.9000002,19.250156
120595,2020-10-20,SU71/23,28.93,11.943835,1.9000002,19.250156
120596,2020-10-21,TL33/4,76.51,12.258416,0.4,12.917846
120597,2020-10-21,TL33/67,75.75,12.258416,0.4,12.917846
120598,2020-10-21,SU17/57,130.62,12.258416,0.4,12.917846
120599,2020-10-21,NY63/2,130.59,12.258416,0.4,12.917846
120600,2020-10-21,SJ62/235,54.71,12.258416,0.4,12.917846
120601,2020-10-21,NH95/17,29.466,12.258416,0.4,12.917846
120602,2020-10-21,ID30/1,117.07,12.258416,0.4,12.917846
120603,2020-10-21,SE95/6,19.98,12.258416,0.4,12.917846
120604,2020-10-21,NO20/14,36.872,12.258416,0.4,12.917846
120605,2020-10-21,SU01/5B,73.015,12.258416,0.4,12.917846
120606,2020-10-21,SJ15/13,80.0503,12.258416,0.4,12.917846
120607,2020-10-21,SY68/34,65.282,12.258416,0.4,12.917846
120608,2020-10-21,SE94/5,13.893,12.258416,0.4,12.917846
120609,2020-10-21,TF03/37,12.468,12.258416,0.4,12.917846
120610,2020-10-21,SU71/23,28.934,12.258416,0.4,12.917846
120611,2020-10-21,SK00/41,130.635,12.258416,0.4,12.917846
120612,2020-10-21,SN00/11,11.2291,12.258416,0.4,12.917846
120613,2020-10-21,TR14/9,63.428,12.258416,0.4,12.917846
120614,2020-10-21,SU81/1,35.862,12.258416,0.4,12.917846
120615,2020-10-21,TA10/63,13.587,12.258416,0.4,12.917846
120616,2020-10-21,ST07/10,65.3081,12.258416,0.4,12.917846
120617,2020-10-22,NO20/14,36.84,9.698001,1.3000001,13.200152
120618,2020-10-22,SE95/6,20.02,9.698001,1.3000001,13.200152
120619,2020-10-22,SU17/57,130.71,9.698001,1.3000001,13.200152
120620,2020-10-22,ID30/1,116.97,9.698001,1.3000001,13.200152
120621,2020-10-22,SJ62/235,54.691,9.698001,1.3000001,13.200152
120622,2020-10-22,TL33/67,75.7,9.698001,1.3000001,13.200152
120623,2020-10-22,TL33/4,76.49,9.698001,1.3000001,13.200152
120624,2020-10-22,NH95/17,29.578,9.698001,1.3000001,13.200152
120625,2020-10-22,NY63/2,130.57,9.698001,1.3000001,13.200152
120626,2020-10-22,TF03/37,12.423,9.698001,1.3000001,13.200152
120627,2020-10-22,SU01/5B,73.168,9.698001,1.3000001,13.200152
120628,2020-10-22,SY68/34,65.309,9.698001,1.3000001,13.200152
120629,2020-10-22,SN00/11,11.1236,9.698001,1.3000001,13.200152
120630,2020-10-22,ST07/10,64.8413,9.698001,1.3000001,13.200152
120631,2020-10-22,SU71/23,28.94,9.698001,1.3000001,13.200152
120632,2020-10-22,SU81/1,35.843,9.698001,1.3000001,13.200152
120633,2020-10-22,TA10/63,13.56,9.698001,1.3000001,13.200152
120634,2020-10-22,SK00/41,130.624,9.698001,1.3000001,13.200152
120635,2020-10-22,TR14/9,63.362,9.698001,1.3000001,13.200152
120636,2020-10-22,SJ15/13,80.0083,9.698001,1.3000001,13.200152
120637,2020-10-22,SE94/5,13.875,9.698001,1.3000001,13.200152
120638,2020-10-23,TL33/67,75.7,7.5709167,4.6,13.180366
120639,2020-10-23,TL33/4,76.46,7.5709167,4.6,13.180366
120640,2020-10-23,ID30/1,116.88,7.5709167,4.6,13.180366
120641,2020-10-23,SU17/57,130.8,7.5709167,4.6,13.180366
120642,2020-10-23,NO20/14,36.841,7.5709167,4.6,13.180366
120643,2020-10-23,SE95/6,20.07,7.5709167,4.6,13.180366
120644,2020-10-23,SJ62/235,54.697,7.5709167,4.6,13.180366
120645,2020-10-23,NY63/2,130.53,7.5709167,4.6,13.180366
120646,2020-10-23,NH95/17,29.701,7.5709167,4.6,13.180366
120647,2020-10-23,TF03/37,12.426,7.5709167,4.6,13.180366
120648,2020-10-23,TR14/9,63.3,7.5709167,4.6,13.180366
120649,2020-10-23,TA10/63,13.537,7.5709167,4.6,13.180366
120650,2020-10-23,SU81/1,35.828,7.5709167,4.6,13.180366
120651,2020-10-23,SU71/23,28.945,7.5709167,4.6,13.180366
120652,2020-10-23,SY68/34,65.338,7.5709167,4.6,13.180366
120653,2020-10-23,SN00/11,11.0424,7.5709167,4.6,13.180366
120654,2020-10-23,SJ15/13,80.008,7.5709167,4.6,13.180366
120655,2020-10-23,ST07/10,64.3739,7.5709167,4.6,13.180366
120656,2020-10-23,SU01/5B,73.328,7.5709167,4.6,13.180366
120657,2020-10-23,SE94/5,13.867,7.5709167,4.6,13.180366
120658,2020-10-23,SK00/41,130.615,7.5709167,4.6,13.180366
120659,2020-10-24,TL33/4,76.44,9.1709175,14.8,21.02569
120660,2020-10-24,SJ62/235,54.707,9.1709175,14.8,21.02569
120661,2020-10-24,ID30/1,116.84,9.1709175,14.8,21.02569
120662,2020-10-24,NY63/2,130.54,9.1709175,14.8,21.02569
120663,2020-10-24,SE95/6,20.11,9.1709175,14.8,21.02569
120664,2020-10-24,NO20/14,36.874,9.1709175,14.8,21.02569
120665,2020-10-24,TL33/67,75.78,9.1709175,14.8,21.02569
120666,2020-10-24,SU17/57,130.83,9.1709175,14.8,21.02569
120667,2020-10-24,NH95/17,29.74,9.1709175,14.8,21.02569
120668,2020-10-24,TA10/63,13.525,9.1709175,14.8,21.02569
120669,2020-10-24,SU81/1,35.818,9.1709175,14.8,21.02569
120670,2020-10-24,SY68/34,65.378,9.1709175,14.8,21.02569
120671,2020-10-24,SJ15/13,80.0362,9.1709175,14.8,21.02569
120672,2020-10-24,SE94/5,13.89,9.1709175,14.8,21.02569
120673,2020-10-24,TR14/9,63.255,9.1709175,14.8,21.02569
120674,2020-10-24,TF03/37,12.455,9.1709175,14.8,21.02569
120675,2020-10-24,SU01/5B,73.515,9.1709175,14.8,21.02569
120676,2020-10-24,ST07/10,64.1064,9.1709175,14.8,21.02569
120677,2020-10-24,SN00/11,11.0259,9.1709175,14.8,21.02569
120678,2020-10-24,SK00/41,130.62,9.1709175,14.8,21.02569
120679,2020-10-24,SU71/23,28.95,9.1709175,14.8,21.02569
120680,2020-10-25,SE95/6,20.15,7.841751,6.4999995,20.913553
120681,2020-10-25,TL33/4,76.41,7.841751,6.4999995,20.913553
120682,2020-10-25,NO20/14,36.881,7.841751,6.4999995,20.913553
120683,2020-10-25,ID30/1,116.75,7.841751,6.4999995,20.913553
120684,2020-10-25,SJ62/235,54.699,7.841751,6.4999995,20.913553
120685,2020-10-25,SU17/57,130.74,7.841751,6.4999995,20.913553
120686,2020-10-25,NY63/2,130.6,7.841751,6.4999995,20.913553
120687,2020-10-25,TL33/67,75.74,7.841751,6.4999995,20.913553
120688,2020-10-25,NH95/17,29.747,7.841751,6.4999995,20.913553
120689,2020-10-25,TF03/37,12.458,7.841751,6.4999995,20.913553
120690,2020-10-25,SJ15/13,80.0272,7.841751,6.4999995,20.913553
120691,2020-10-25,SU71/23,28.952,7.841751,6.4999995,20.913553
120692,2020-10-25,SU81/1,35.882,7.841751,6.4999995,20.913553
120693,2020-10-25,SE94/5,13.894,7.841751,6.4999995,20.913553
120694,2020-10-25,TR14/9,63.229,7.841751,6.4999995,20.913553
120695,2020-10-25,SY68/34,65.424,7.841751,6.4999995,20.913553
120696,2020-10-25,SU01/5B,73.707,7.841751,6.4999995,20.913553
120697,2020-10-25,SN00/11,10.9964,7.841751,6.4999995,20.913553
120698,2020-10-25,SK00/41,130.625,7.841751,6.4999995,20.913553
120699,2020-10-25,ST07/10,64.0246,7.841751,6.4999995,20.913553
120700,2020-10-25,TA10/63,13.501,7.841751,6.4999995,20.913553
120701,2020-10-26,TL33/4,76.39,8.512584,8.0,19.095537
120702,2020-10-26,SU17/57,130.78,8.512584,8.0,19.095537
120703,2020-10-26,TL33/67,75.69,8.512584,8.0,19.095537
120704,2020-10-26,NO20/14,36.857,8.512584,8.0,19.095537
120705,2020-10-26,SE95/6,20.2,8.512584,8.0,19.095537
120706,2020-10-26,SJ62/235,54.689,8.512584,8.0,19.095537
120707,2020-10-26,NH95/17,29.731,8.512584,8.0,19.095537
120708,2020-10-26,NY63/2,130.58,8.512584,8.0,19.095537
120709,2020-10-26,ID30/1,116.65,8.512584,8.0,19.095537
120710,2020-10-26,SE94/5,13.894,8.512584,8.0,19.095537
120711,2020-10-26,SU71/23,28.96,8.512584,8.0,19.095537
120712,2020-10-26,ST07/10,65.0409,8.512584,8.0,19.095537
120713,2020-10-26,TR14/9,63.179,8.512584,8.0,19.095537
120714,2020-10-26,SU81/1,36.033,8.512584,8.0,19.095537
120715,2020-10-26,SK00/41,130.619,8.512584,8.0,19.095537
120716,2020-10-26,TA10/63,13.476,8.512584,8.0,19.095537
120717,2020-10-26,SN00/11,10.9591,8.512584,8.0,19.095537
120718,2020-10-26,SU01/5B,73.878,8.512584,8.0,19.095537
120719,2020-10-26,TF03/37,12.487,8.512584,8.0,19.095537
120720,2020-10-26,SY68/34,65.467,8.512584,8.0,19.095537
120721,2020-10-26,SJ15/13,80.0038,8.512584,8.0,19.095537
120722,2020-10-27,SP00/62,102.358,7.764667,3.3999999,14.370066
120723,2020-10-27,TL33/4,76.36,7.764667,3.3999999,14.370066
120724,2020-10-27,SJ62/235,54.685,7.764667,3.3999999,14.370066
120725,2020-10-27,NH95/17,29.732,7.764667,3.3999999,14.370066
120726,2020-10-27,NY63/2,130.56,7.764667,3.3999999,14.370066
120727,2020-10-27,SE95/6,20.21,7.764667,3.3999999,14.370066
120728,2020-10-27,ID30/1,116.55,7.764667,3.3999999,14.370066
120729,2020-10-27,SU17/57,130.87,7.764667,3.3999999,14.370066
120730,2020-10-27,NO20/14,36.846,7.764667,3.3999999,14.370066
120731,2020-10-27,TL33/67,75.69,7.764667,3.3999999,14.370066
120732,2020-10-27,TQ25/86,91.66,7.764667,3.3999999,14.370066
120733,2020-10-27,ST07/10,67.1141,7.764667,3.3999999,14.370066
120734,2020-10-27,SU71/23,28.962,7.764667,3.3999999,14.370066
120735,2020-10-27,SE94/5,13.9,7.764667,3.3999999,14.370066
120736,2020-10-27,SU81/1,36.13,7.764667,3.3999999,14.370066
120737,2020-10-27,TA10/63,13.456,7.764667,3.3999999,14.370066
120738,2020-10-27,SY68/34,65.516,7.764667,3.3999999,14.370066
120739,2020-10-27,TR14/9,63.148,7.764667,3.3999999,14.370066
120740,2020-10-27,SK00/41,130.613,7.764667,3.3999999,14.370066
120741,2020-10-27,SU01/5B,74.059,7.764667,3.3999999,14.370066
120742,2020-10-27,SJ15/13,80.0109,7.764667,3.3999999,14.370066
120743,2020-10-27,SN00/11,10.9709,7.764667,3.3999999,14.370066
120744,2020-10-27,TF03/37,12.548,7.764667,3.3999999,14.370066
120745,2020-10-28,ID30/1,116.4,7.858418,10.500001,14.079324
120746,2020-10-28,NO20/14,36.866,7.858418,10.500001,14.079324
120747,2020-10-28,TL33/4,76.34,7.858418,10.500001,14.079324
120748,2020-10-28,SJ62/235,54.671,7.858418,10.500001,14.079324
120749,2020-10-28,SU17/57,130.89,7.858418,10.500001,14.079324
120750,2020-10-28,NH95/17,29.727,7.858418,10.500001,14.079324
120751,2020-10-28,TL33/67,75.64,7.858418,10.500001,14.079324
120752,2020-10-28,SE95/6,20.25,7.858418,10.500001,14.079324
120753,2020-10-28,NY63/2,130.59,7.858418,10.500001,14.079324
120754,2020-10-28,SY68/34,65.567,7.858418,10.500001,14.079324
120755,2020-10-28,SE94/5,13.904,7.858418,10.500001,14.079324
120756,2020-10-28,ST07/10,70.1181,7.858418,10.500001,14.079324
120757,2020-10-28,SU81/1,36.205,7.858418,10.500001,14.079324
120758,2020-10-28,SJ15/13,79.9895,7.858418,10.500001,14.079324
120759,2020-10-28,TR14/9,63.102,7.858418,10.500001,14.079324
120760,2020-10-28,SK00/41,130.601,7.858418,10.500001,14.079324
120761,2020-10-28,TF03/37,12.554,7.858418,10.500001,14.079324
120762,2020-10-28,TA10/63,13.429,7.858418,10.500001,14.079324
120763,2020-10-28,SN00/11,10.9927,7.858418,10.500001,14.079324
120764,2020-10-28,SU71/23,28.97,7.858418,10.500001,14.079324
120765,2020-10-28,SU01/5B,74.233,7.858418,10.500001,14.079324
120766,2020-10-29,TL33/67,75.64,10.143834,10.999999,16.482643
120767,2020-10-29,SE95/6,20.27,10.143834,10.999999,16.482643
120768,2020-10-29,NO20/14,36.85,10.143834,10.999999,16.482643
120769,2020-10-29,TF81/2A,45.81,10.143834,10.999999,16.482643
120770,2020-10-29,TL33/4,76.31,10.143834,10.999999,16.482643
120771,2020-10-29,NY63/2,130.56,10.143834,10.999999,16.482643
120772,2020-10-29,NH95/17,29.701,10.143834,10.999999,16.482643
120773,2020-10-29,ID30/1,116.35,10.143834,10.999999,16.482643
120774,2020-10-29,SJ62/235,54.666,10.143834,10.999999,16.482643
120775,2020-10-29,SU17/57,131.02,10.143834,10.999999,16.482643
120776,2020-10-29,SK00/41,130.584,10.143834,10.999999,16.482643
120777,2020-10-29,SU01/5B,74.428,10.143834,10.999999,16.482643
120778,2020-10-29,SU71/23,28.973,10.143834,10.999999,16.482643
120779,2020-10-29,SY68/34,65.616,10.143834,10.999999,16.482643
120780,2020-10-29,TA10/63,13.412,10.143834,10.999999,16.482643
120781,2020-10-29,SE94/5,13.91,10.143834,10.999999,16.482643
120782,2020-10-29,SU81/1,36.283,10.143834,10.999999,16.482643
120783,2020-10-29,TF03/37,12.63,10.143834,10.999999,16.482643
120784,2020-10-29,SN00/11,11.251,10.143834,10.999999,16.482643
120785,2020-10-29,ST07/10,72.1653,10.143834,10.999999,16.482643
120786,2020-10-29,SJ15/13,80.0022,10.143834,10.999999,16.482643
120787,2020-10-29,TR14/9,63.061,10.143834,10.999999,16.482643
120788,2020-10-30,SU17/57,131.11,10.4625845,1.6000001,11.722353
120789,2020-10-30,NY63/2,130.59,10.4625845,1.6000001,11.722353
120790,2020-10-30,SJ62/235,54.658,10.4625845,1.6000001,11.722353
120791,2020-10-30,SE95/6,20.3,10.4625845,1.6000001,11.722353
120792,2020-10-30,TL33/4,76.29,10.4625845,1.6000001,11.722353
120793,2020-10-30,NH95/17,29.699,10.4625845,1.6000001,11.722353
120794,2020-10-30,NO20/14,36.841,10.4625845,1.6000001,11.722353
120795,2020-10-30,TL33/67,75.62,10.4625845,1.6000001,11.722353
120796,2020-10-30,ID30/1,116.42,10.4625845,1.6000001,11.722353
120797,2020-10-30,SJ15/13,80.0217,10.4625845,1.6000001,11.722353
120798,2020-10-30,TR14/9,63.017,10.4625845,1.6000001,11.722353
120799,2020-10-30,SN00/11,11.807,10.4625845,1.6000001,11.722353
120800,2020-10-30,SU81/1,36.373,10.4625845,1.6000001,11.722353
120801,2020-10-30,TA10/63,13.39,10.4625845,1.6000001,11.722353
120802,2020-10-30,SE94/5,13.882,10.4625845,1.6000001,11.722353
120803,2020-10-30,SU71/23,28.98,10.4625845,1.6000001,11.722353
120804,2020-10-30,TF03/37,12.699,10.4625845,1.6000001,11.722353
120805,2020-10-30,SY68/34,65.668,10.4625845,1.6000001,11.722353
120806,2020-10-30,ST07/10,73.067,10.4625845,1.6000001,11.722353
120807,2020-10-30,SK00/41,130.568,10.4625845,1.6000001,11.722353
120808,2020-10-30,SU01/5B,74.709,10.4625845,1.6000001,11.722353
120809,2020-10-31,TL33/4,76.26,10.760501,5.7000003,27.61183
120810,2020-10-31,SU17/57,131.21,10.760501,5.7000003,27.61183
120811,2020-10-31,NH95/17,29.738,10.760501,5.7000003,27.61183
120812,2020-10-31,NO20/14,36.898,10.760501,5.7000003,27.61183
120813,2020-10-31,TL33/67,75.68,10.760501,5.7000003,27.61183
120814,2020-10-31,SJ62/235,54.675,10.760501,5.7000003,27.61183
120815,2020-10-31,NY63/2,130.56,10.760501,5.7000003,27.61183
120816,2020-10-31,ID30/1,116.71,10.760501,5.7000003,27.61183
120817,2020-10-31,TF03/37,12.799,10.760501,5.7000003,27.61183
120818,2020-10-31,SE95/6,20.28,10.760501,5.7000003,27.61183
120819,2020-10-31,SY68/34,65.733,10.760501,5.7000003,27.61183
120820,2020-10-31,SE94/5,13.892,10.760501,5.7000003,27.61183
120821,2020-10-31,SN00/11,12.3002,10.760501,5.7000003,27.61183
120822,2020-10-31,SU01/5B,75.058,10.760501,5.7000003,27.61183
120823,2020-10-31,SU71/23,28.985,10.760501,5.7000003,27.61183
120824,2020-10-31,SU81/1,36.528,10.760501,5.7000003,27.61183
120825,2020-10-31,TR14/9,62.987,10.760501,5.7000003,27.61183
120826,2020-10-31,ST07/10,73.8784,10.760501,5.7000003,27.61183
120827,2020-10-31,TA10/63,13.379,10.760501,5.7000003,27.61183
120828,2020-10-31,SJ15/13,80.0926,10.760501,5.7000003,27.61183
120829,2020-10-31,SK00/41,130.566,10.760501,5.7000003,27.61183
120830,2020-11-01,SU17/57,131.2,10.689668,21.7,24.428244
120831,2020-11-01,ID30/1,116.95,10.689668,21.7,24.428244
120832,2020-11-01,SP00/62,102.661,10.689668,21.7,24.428244
120833,2020-11-01,SE95/6,20.32,10.689668,21.7,24.428244
120834,2020-11-01,NH95/17,29.76,10.689668,21.7,24.428244
120835,2020-11-01,NO20/14,36.939,10.689668,21.7,24.428244
120836,2020-11-01,TQ25/86,91.68,10.689668,21.7,24.428244
120837,2020-11-01,TL33/4,76.24,10.689668,21.7,24.428244
120838,2020-11-01,NY63/2,130.62,10.689668,21.7,24.428244
120839,2020-11-01,TL33/67,75.75,10.689668,21.7,24.428244
120840,2020-11-01,SE94/5,13.942,10.689668,21.7,24.428244
120841,2020-11-01,TA10/63,13.363,10.689668,21.7,24.428244
120842,2020-11-01,TF03/37,12.904,10.689668,21.7,24.428244
120843,2020-11-01,SK00/41,130.576,10.689668,21.7,24.428244
120844,2020-11-01,SU81/1,37.101,10.689668,21.7,24.428244
120845,2020-11-01,SN00/11,11.8536,10.689668,21.7,24.428244
120846,2020-11-01,TR14/9,62.986,10.689668,21.7,24.428244
120847,2020-11-01,SU01/5B,75.651,10.689668,21.7,24.428244
120848,2020-11-01,SY68/34,65.838,10.689668,21.7,24.428244
120849,2020-11-01,ST07/10,74.257,10.689668,21.7,24.428244
120850,2020-11-01,SJ62/235,54.685,10.689668,21.7,24.428244
120851,2020-11-01,SJ15/13,80.1531,10.689668,21.7,24.428244
120852,2020-11-01,SU71/23,28.995,10.689668,21.7,24.428244
120853,2020-11-02,NY63/2,130.71,8.706336,21.6,13.886368
120854,2020-11-02,ID30/1,116.9,8.706336,21.6,13.886368
120855,2020-11-02,NO20/14,36.939,8.706336,21.6,13.886368
120856,2020-11-02,SU17/57,131.17,8.706336,21.6,13.886368
120857,2020-11-02,SE95/6,20.36,8.706336,21.6,13.886368
120858,2020-11-02,NH95/17,29.732,8.706336,21.6,13.886368
120859,2020-11-02,TL33/67,75.63,8.706336,21.6,13.886368
120860,2020-11-02,TL33/4,76.22,8.706336,21.6,13.886368
120861,2020-11-02,TL44/12,36.34,8.706336,21.6,13.886368
120862,2020-11-02,SJ62/235,54.648,8.706336,21.6,13.886368
120863,2020-11-02,SJ15/13,80.1721,8.706336,21.6,13.886368
120864,2020-11-02,SU71/23,29.007,8.706336,21.6,13.886368
120865,2020-11-02,TR14/9,62.974,8.706336,21.6,13.886368
120866,2020-11-02,SU01/5B,76.75,8.706336,21.6,13.886368
120867,2020-11-02,SU81/1,37.628,8.706336,21.6,13.886368
120868,2020-11-02,SN00/11,11.7457,8.706336,21.6,13.886368
120869,2020-11-02,TA10/63,13.329,8.706336,21.6,13.886368
120870,2020-11-02,SE94/5,13.953,8.706336,21.6,13.886368
120871,2020-11-02,SY68/34,65.954,8.706336,21.6,13.886368
120872,2020-11-02,ST07/10,74.32,8.706336,21.6,13.886368
120873,2020-11-02,TF03/37,12.877,8.706336,21.6,13.886368
120874,2020-11-02,SK00/41,130.572,8.706336,21.6,13.886368
120875,2020-11-03,SE95/6,20.34,5.5021667,3.7,10.073619
120876,2020-11-03,ID30/1,116.82,5.5021667,3.7,10.073619
120877,2020-11-03,TQ25/86,91.87,5.5021667,3.7,10.073619
120878,2020-11-03,SU17/57,131.46,5.5021667,3.7,10.073619
120879,2020-11-03,TL33/4,76.19,5.5021667,3.7,10.073619
120880,2020-11-03,SP00/62,102.751,5.5021667,3.7,10.073619
120881,2020-11-03,TL33/67,75.61,5.5021667,3.7,10.073619
120882,2020-11-03,NO20/14,36.896,5.5021667,3.7,10.073619
120883,2020-11-03,NH95/17,29.68,5.5021667,3.7,10.073619
120884,2020-11-03,NY63/2,130.63,5.5021667,3.7,10.073619
120885,2020-11-03,SY68/34,66.108,5.5021667,3.7,10.073619
120886,2020-11-03,TA10/63,13.305,5.5021667,3.7,10.073619
120887,2020-11-03,SJ62/235,54.63,5.5021667,3.7,10.073619
120888,2020-11-03,TR14/9,62.961,5.5021667,3.7,10.073619
120889,2020-11-03,SE94/5,13.962,5.5021667,3.7,10.073619
120890,2020-11-03,SU71/23,29.022,5.5021667,3.7,10.073619
120891,2020-11-03,SU01/5B,78.19,5.5021667,3.7,10.073619
120892,2020-11-03,ST07/10,74.8752,5.5021667,3.7,10.073619
120893,2020-11-03,TF03/37,12.901,5.5021667,3.7,10.073619
120894,2020-11-03,SK00/41,130.549,5.5021667,3.7,10.073619
120895,2020-11-03,SJ15/13,80.138,5.5021667,3.7,10.073619
120896,2020-11-03,SU81/1,38.217,5.5021667,3.7,10.073619
120897,2020-11-03,SN00/11,11.728,5.5021667,3.7,10.073619
120898,2020-11-04,TL33/67,75.59,6.3688335,0.0,8.428173
120899,2020-11-04,NH95/17,29.634,6.3688335,0.0,8.428173
120900,2020-11-04,SE95/6,20.36,6.3688335,0.0,8.428173
120901,2020-11-04,TL33/4,76.17,6.3688335,0.0,8.428173
120902,2020-11-04,NO20/14,36.883,6.3688335,0.0,8.428173
120903,2020-11-04,SU17/57,131.69,6.3688335,0.0,8.428173
120904,2020-11-04,ID30/1,116.62,6.3688335,0.0,8.428173
120905,2020-11-04,NY63/2,130.62,6.3688335,0.0,8.428173
120906,2020-11-04,SJ62/235,54.622,6.3688335,0.0,8.428173
120907,2020-11-04,TA10/63,13.281,6.3688335,0.0,8.428173
120908,2020-11-04,SN00/11,11.7716,6.3688335,0.0,8.428173
120909,2020-11-04,SY68/34,66.264,6.3688335,0.0,8.428173
120910,2020-11-04,ST07/10,75.2792,6.3688335,0.0,8.428173
120911,2020-11-04,SE94/5,13.964,6.3688335,0.0,8.428173
120912,2020-11-04,SU81/1,38.659,6.3688335,0.0,8.428173
120913,2020-11-04,TR14/9,62.932,6.3688335,0.0,8.428173
120914,2020-11-04,SU01/5B,79.627,6.3688335,0.0,8.428173
120915,2020-11-04,SK00/41,130.522,6.3688335,0.0,8.428173
120916,2020-11-04,SJ15/13,80.0886,6.3688335,0.0,8.428173
120917,2020-11-04,TF03/37,12.88,6.3688335,0.0,8.428173
120918,2020-11-04,SU71/23,29.04,6.3688335,0.0,8.428173
120919,2020-11-05,NY63/2,130.61,9.231334,0.0,4.663998
120920,2020-11-05,SE95/6,20.39,9.231334,0.0,4.663998
120921,2020-11-05,SU17/57,131.82,9.231334,0.0,4.663998
120922,2020-11-05,ID30/1,116.48,9.231334,0.0,4.663998
120923,2020-11-05,NO20/14,36.908,9.231334,0.0,4.663998
120924,2020-11-05,TL33/67,75.67,9.231334,0.0,4.663998
120925,2020-11-05,NH95/17,29.633,9.231334,0.0,4.663998
120926,2020-11-05,TL33/4,76.15,9.231334,0.0,4.663998
120927,2020-11-05,TA10/63,13.264,9.231334,0.0,4.663998
120928,2020-11-05,SK00/41,130.504,9.231334,0.0,4.663998
120929,2020-11-05,TF03/37,12.955,9.231334,0.0,4.663998
120930,2020-11-05,SU81/1,38.967,9.231334,0.0,4.663998
120931,2020-11-05,SU01/5B,81.372,9.231334,0.0,4.663998
120932,2020-11-05,TR14/9,62.921,9.231334,0.0,4.663998
120933,2020-11-05,ST07/10,75.0223,9.231334,0.0,4.663998
120934,2020-11-05,SJ15/13,80.0889,9.231334,0.0,4.663998
120935,2020-11-05,SN00/11,11.8211,9.231334,0.0,4.663998
120936,2020-11-05,SJ62/235,54.633,9.231334,0.0,4.663998
120937,2020-11-05,SY68/34,66.422,9.231334,0.0,4.663998
120938,2020-11-05,SE94/5,13.97,9.231334,0.0,4.663998
120939,2020-11-05,SU71/23,29.062,9.231334,0.0,4.663998
120940,2020-11-06,ID30/1,116.3,7.7605,0.0,9.866801
120941,2020-11-06,TL33/4,76.13,7.7605,0.0,9.866801
120942,2020-11-06,NO20/14,36.921,7.7605,0.0,9.866801
120943,2020-11-06,SU17/57,131.94,7.7605,0.0,9.866801
120944,2020-11-06,NY63/2,130.65,7.7605,0.0,9.866801
120945,2020-11-06,NH95/17,29.635,7.7605,0.0,9.866801
120946,2020-11-06,SE95/6,20.45,7.7605,0.0,9.866801
120947,2020-11-06,TL33/67,75.79,7.7605,0.0,9.866801
120948,2020-11-06,SK00/41,130.502,7.7605,0.0,9.866801
120949,2020-11-06,SY68/34,66.583,7.7605,0.0,9.866801
120950,2020-11-06,SU71/23,29.094,7.7605,0.0,9.866801
120951,2020-11-06,SJ62/235,54.651,7.7605,0.0,9.866801
120952,2020-11-06,TA10/63,13.251,7.7605,0.0,9.866801
120953,2020-11-06,SN00/11,11.8651,7.7605,0.0,9.866801
120954,2020-11-06,SU01/5B,83.173,7.7605,0.0,9.866801
120955,2020-11-06,SJ15/13,80.1217,7.7605,0.0,9.866801
120956,2020-11-06,ST07/10,74.43,7.7605,0.0,9.866801
120957,2020-11-06,SU81/1,39.231,7.7605,0.0,9.866801
120958,2020-11-06,TF03/37,13.028,7.7605,0.0,9.866801
120959,2020-11-06,SE94/5,13.982,7.7605,0.0,9.866801
120960,2020-11-06,TR14/9,62.92,7.7605,0.0,9.866801
120961,2020-11-07,NY63/2,130.72,7.423,0.0,10.006358
120962,2020-11-07,NO20/14,36.936,7.423,0.0,10.006358
120963,2020-11-07,SE95/6,20.51,7.423,0.0,10.006358
120964,2020-11-07,SU17/57,131.99,7.423,0.0,10.006358
120965,2020-11-07,TL33/67,75.82,7.423,0.0,10.006358
120966,2020-11-07,ID30/1,116.09,7.423,0.0,10.006358
120967,2020-11-07,NH95/17,29.661,7.423,0.0,10.006358
120968,2020-11-07,TL33/4,76.12,7.423,0.0,10.006358
120969,2020-11-07,SU81/1,39.438,7.423,0.0,10.006358
120970,2020-11-07,SJ62/235,54.652,7.423,0.0,10.006358
120971,2020-11-07,SK00/41,130.507,7.423,0.0,10.006358
120972,2020-11-07,ST07/10,73.696,7.423,0.0,10.006358
120973,2020-11-07,TF03/37,13.045,7.423,0.0,10.006358
120974,2020-11-07,SE94/5,13.95,7.423,0.0,10.006358
120975,2020-11-07,TA10/63,13.235,7.423,0.0,10.006358
120976,2020-11-07,SN00/11,11.9234,7.423,0.0,10.006358
120977,2020-11-07,TR14/9,62.92,7.423,0.0,10.006358
120978,2020-11-07,SU01/5B,84.499,7.423,0.0,10.006358
120979,2020-11-07,SJ15/13,80.1287,7.423,0.0,10.006358
120980,2020-11-07,SY68/34,66.734,7.423,0.0,10.006358
120981,2020-11-07,SU71/23,29.13,7.423,0.0,10.006358
120982,2020-11-08,NH95/17,29.656,10.508417,4.1,13.533381
120983,2020-11-08,TL33/4,76.12,10.508417,4.1,13.533381
120984,2020-11-08,TL33/67,75.84,10.508417,4.1,13.533381
120985,2020-11-08,NY63/2,130.73,10.508417,4.1,13.533381
120986,2020-11-08,NO20/14,36.938,10.508417,4.1,13.533381
120987,2020-11-08,SU17/57,132.15,10.508417,4.1,13.533381
120988,2020-11-08,SE95/6,20.61,10.508417,4.1,13.533381
120989,2020-11-08,ID30/1,115.91,10.508417,4.1,13.533381
120990,2020-11-08,SJ62/235,54.645,10.508417,4.1,13.533381
120991,2020-11-08,TF03/37,13.104,10.508417,4.1,13.533381
120992,2020-11-08,SE94/5,13.987,10.508417,4.1,13.533381
120993,2020-11-08,ST07/10,72.8668,10.508417,4.1,13.533381
120994,2020-11-08,SN00/11,11.9853,10.508417,4.1,13.533381
120995,2020-11-08,SK00/41,130.51,10.508417,4.1,13.533381
120996,2020-11-08,TA10/63,13.219,10.508417,4.1,13.533381
120997,2020-11-08,SY68/34,66.877,10.508417,4.1,13.533381
120998,2020-11-08,SJ15/13,80.1175,10.508417,4.1,13.533381
120999,2020-11-08,SU81/1,39.598,10.508417,4.1,13.533381
121000,2020-11-08,SU71/23,28.912,10.508417,4.1,13.533381
121001,2020-11-08,TR14/9,62.927,10.508417,4.1,13.533381
121002,2020-11-08,SU01/5B,85.281,10.508417,4.1,13.533381
121003,2020-11-09,NY63/2,130.73,11.277167,0.1,11.215854
121004,2020-11-09,ID30/1,115.75,11.277167,0.1,11.215854
121005,2020-11-09,SE95/6,20.7,11.277167,0.1,11.215854
121006,2020-11-09,SU17/57,132.36,11.277167,0.1,11.215854
121007,2020-11-09,TL33/4,76.12,11.277167,0.1,11.215854
121008,2020-11-09,NH95/17,29.652,11.277167,0.1,11.215854
121009,2020-11-09,TL33/67,75.86,11.277167,0.1,11.215854
121010,2020-11-09,NO20/14,36.969,11.277167,0.1,11.215854
121011,2020-11-09,SJ62/235,54.639,11.277167,0.1,11.215854
121012,2020-11-09,SK00/41,130.507,11.277167,0.1,11.215854
121013,2020-11-09,SN00/11,12.0454,11.277167,0.1,11.215854
121014,2020-11-09,TF03/37,13.136,11.277167,0.1,11.215854
121015,2020-11-09,TR14/9,62.916,11.277167,0.1,11.215854
121016,2020-11-09,SY68/34,67.018,11.277167,0.1,11.215854
121017,2020-11-09,ST07/10,72.0695,11.277167,0.1,11.215854
121018,2020-11-09,SU71/23,28.923,11.277167,0.1,11.215854
121019,2020-11-09,SE94/5,13.992,11.277167,0.1,11.215854
121020,2020-11-09,SJ15/13,80.0991,11.277167,0.1,11.215854
121021,2020-11-09,SU81/1,39.731,11.277167,0.1,11.215854
121022,2020-11-09,TA10/63,13.2,11.277167,0.1,11.215854
121023,2020-11-09,SU01/5B,85.736,11.277167,0.1,11.215854
121024,2020-11-10,SP00/62,102.81,11.2334175,0.3,14.4876375
121025,2020-11-10,ID30/1,115.6,11.2334175,0.3,14.4876375
121026,2020-11-10,NO20/14,36.979,11.2334175,0.3,14.4876375
121027,2020-11-10,NY63/2,130.72,11.2334175,0.3,14.4876375
121028,2020-11-10,SE95/6,20.79,11.2334175,0.3,14.4876375
121029,2020-11-10,SU17/57,132.57,11.2334175,0.3,14.4876375
121030,2020-11-10,TQ25/86,92.36,11.2334175,0.3,14.4876375
121031,2020-11-10,TL33/4,76.06,11.2334175,0.3,14.4876375
121032,2020-11-10,NH95/17,29.649,11.2334175,0.3,14.4876375
121033,2020-11-10,TL33/67,75.87,11.2334175,0.3,14.4876375
121034,2020-11-10,TF03/37,13.133,11.2334175,0.3,14.4876375
121035,2020-11-10,SY68/34,67.167,11.2334175,0.3,14.4876375
121036,2020-11-10,SU81/1,39.856,11.2334175,0.3,14.4876375
121037,2020-11-10,SJ15/13,80.0813,11.2334175,0.3,14.4876375
121038,2020-11-10,SU71/23,28.981,11.2334175,0.3,14.4876375
121039,2020-11-10,ST07/10,71.3455,11.2334175,0.3,14.4876375
121040,2020-11-10,SU01/5B,86.006,11.2334175,0.3,14.4876375
121041,2020-11-10,TR14/9,62.894,11.2334175,0.3,14.4876375
121042,2020-11-10,SN00/11,12.0913,11.2334175,0.3,14.4876375
121043,2020-11-10,TA10/63,13.184,11.2334175,0.3,14.4876375
121044,2020-11-10,SE94/5,13.996,11.2334175,0.3,14.4876375
121045,2020-11-10,SK00/41,130.499,11.2334175,0.3,14.4876375
121046,2020-11-10,SJ62/235,54.633,11.2334175,0.3,14.4876375
121047,2020-11-11,ID30/1,115.63,10.298,6.8,22.981333
121048,2020-11-11,NY63/2,130.73,10.298,6.8,22.981333
121049,2020-11-11,SE95/6,20.87,10.298,6.8,22.981333
121050,2020-11-11,SU17/57,132.78,10.298,6.8,22.981333
121051,2020-11-11,TL33/67,76.02,10.298,6.8,22.981333
121052,2020-11-11,NH95/17,29.662,10.298,6.8,22.981333
121053,2020-11-11,TL33/4,76.05,10.298,6.8,22.981333
121054,2020-11-11,NO20/14,37.011,10.298,6.8,22.981333
121055,2020-11-11,SU81/1,40.023,10.298,6.8,22.981333
121056,2020-11-11,SN00/11,12.0596,10.298,6.8,22.981333
121057,2020-11-11,TR14/9,62.896,10.298,6.8,22.981333
121058,2020-11-11,SY68/34,67.311,10.298,6.8,22.981333
121059,2020-11-11,SJ62/235,54.652,10.298,6.8,22.981333
121060,2020-11-11,SK00/41,130.503,10.298,6.8,22.981333
121061,2020-11-11,TA10/63,13.18,10.298,6.8,22.981333
121062,2020-11-11,SE94/5,14.006,10.298,6.8,22.981333
121063,2020-11-11,SJ15/13,80.1133,10.298,6.8,22.981333
121064,2020-11-11,TF03/37,13.146,10.298,6.8,22.981333
121065,2020-11-11,SU01/5B,86.253,10.298,6.8,22.981333
121066,2020-11-11,SU71/23,29.045,10.298,6.8,22.981333
121067,2020-11-11,ST07/10,70.7001,10.298,6.8,22.981333
121068,2020-11-12,ID30/1,115.91,9.6855,3.2999997,18.649294
121069,2020-11-12,NH95/17,29.652,9.6855,3.2999997,18.649294
121070,2020-11-12,TL33/67,75.98,9.6855,3.2999997,18.649294
121071,2020-11-12,TL33/4,76.04,9.6855,3.2999997,18.649294
121072,2020-11-12,NO20/14,37.027,9.6855,3.2999997,18.649294
121073,2020-11-12,NY63/2,130.81,9.6855,3.2999997,18.649294
121074,2020-11-12,SE95/6,20.97,9.6855,3.2999997,18.649294
121075,2020-11-12,SU17/57,132.82,9.6855,3.2999997,18.649294
121076,2020-11-12,SU01/5B,86.458,9.6855,3.2999997,18.649294
121077,2020-11-12,SJ15/13,80.1018,9.6855,3.2999997,18.649294
121078,2020-11-12,SU71/23,29.118,9.6855,3.2999997,18.649294
121079,2020-11-12,SN00/11,11.9254,9.6855,3.2999997,18.649294
121080,2020-11-12,SU81/1,40.157,9.6855,3.2999997,18.649294
121081,2020-11-12,SK00/41,130.507,9.6855,3.2999997,18.649294
121082,2020-11-12,SE94/5,13.954,9.6855,3.2999997,18.649294
121083,2020-11-12,TR14/9,62.884,9.6855,3.2999997,18.649294
121084,2020-11-12,TF03/37,13.126,9.6855,3.2999997,18.649294
121085,2020-11-12,SY68/34,67.437,9.6855,3.2999997,18.649294
121086,2020-11-12,SJ62/235,54.641,9.6855,3.2999997,18.649294
121087,2020-11-12,TA10/63,13.168,9.6855,3.2999997,18.649294
121088,2020-11-12,ST07/10,70.0531,9.6855,3.2999997,18.649294
121089,2020-11-13,TL33/67,76.0,8.631333,5.399999,18.638155
121090,2020-11-13,NH95/17,29.659,8.631333,5.399999,18.638155
121091,2020-11-13,SU17/57,133.01,8.631333,5.399999,18.638155
121092,2020-11-13,TL33/4,76.03,8.631333,5.399999,18.638155
121093,2020-11-13,SE95/6,21.05,8.631333,5.399999,18.638155
121094,2020-11-13,ID30/1,116.06,8.631333,5.399999,18.638155
121095,2020-11-13,NO20/14,37.027,8.631333,5.399999,18.638155
121096,2020-11-13,NY63/2,130.77,8.631333,5.399999,18.638155
121097,2020-11-13,SN00/11,11.8171,8.631333,5.399999,18.638155
121098,2020-11-13,ST07/10,69.4606,8.631333,5.399999,18.638155
121099,2020-11-13,SJ15/13,80.0931,8.631333,5.399999,18.638155
121100,2020-11-13,SU71/23,29.197,8.631333,5.399999,18.638155
121101,2020-11-13,SU81/1,40.276,8.631333,5.399999,18.638155
121102,2020-11-13,TA10/63,13.152,8.631333,5.399999,18.638155
121103,2020-11-13,SY68/34,67.549,8.631333,5.399999,18.638155
121104,2020-11-13,SJ62/235,54.636,8.631333,5.399999,18.638155
121105,2020-11-13,TR14/9,62.86,8.631333,5.399999,18.638155
121106,2020-11-13,TF03/37,13.128,8.631333,5.399999,18.638155
121107,2020-11-13,SK00/41,130.506,8.631333,5.399999,18.638155
121108,2020-11-13,SE94/5,14.013,8.631333,5.399999,18.638155
121109,2020-11-13,SU01/5B,86.603,8.631333,5.399999,18.638155
121110,2020-11-14,TL33/4,76.02,9.948001,7.0000005,22.253191
121111,2020-11-14,NH95/17,29.654,9.948001,7.0000005,22.253191
121112,2020-11-14,NY63/2,130.75,9.948001,7.0000005,22.253191
121113,2020-11-14,ID30/1,116.2,9.948001,7.0000005,22.253191
121114,2020-11-14,SE95/6,21.11,9.948001,7.0000005,22.253191
121115,2020-11-14,TL33/67,76.11,9.948001,7.0000005,22.253191
121116,2020-11-14,SU17/57,133.17,9.948001,7.0000005,22.253191
121117,2020-11-14,NO20/14,37.03,9.948001,7.0000005,22.253191
121118,2020-11-14,SJ15/13,80.1336,9.948001,7.0000005,22.253191
121119,2020-11-14,ST07/10,69.069,9.948001,7.0000005,22.253191
121120,2020-11-14,TA10/63,13.146,9.948001,7.0000005,22.253191
121121,2020-11-14,SU81/1,40.419,9.948001,7.0000005,22.253191
121122,2020-11-14,SK00/41,130.512,9.948001,7.0000005,22.253191
121123,2020-11-14,TF03/37,13.197,9.948001,7.0000005,22.253191
121124,2020-11-14,SJ62/235,54.659,9.948001,7.0000005,22.253191
121125,2020-11-14,SN00/11,11.7331,9.948001,7.0000005,22.253191
121126,2020-11-14,SU01/5B,86.749,9.948001,7.0000005,22.253191
121127,2020-11-14,TR14/9,62.886,9.948001,7.0000005,22.253191
121128,2020-11-14,SE94/5,14.038,9.948001,7.0000005,22.253191
121129,2020-11-14,SY68/34,67.752,9.948001,7.0000005,22.253191
121130,2020-11-14,SU71/23,29.286,9.948001,7.0000005,22.253191
121131,2020-11-15,NH95/17,29.649,8.675084,9.500001,21.07887
121132,2020-11-15,SE95/6,21.2,8.675084,9.500001,21.07887
121133,2020-11-15,NY63/2,130.81,8.675084,9.500001,21.07887
121134,2020-11-15,TL33/4,76.01,8.675084,9.500001,21.07887
121135,2020-11-15,SU17/57,133.21,8.675084,9.500001,21.07887
121136,2020-11-15,TL33/67,76.11,8.675084,9.500001,21.07887
121137,2020-11-15,NO20/14,37.071,8.675084,9.500001,21.07887
121138,2020-11-15,ID30/1,116.65,8.675084,9.500001,21.07887
121139,2020-11-15,SK00/41,130.526,8.675084,9.500001,21.07887
121140,2020-11-15,SU01/5B,87.004,8.675084,9.500001,21.07887
121141,2020-11-15,TA10/63,13.13,8.675084,9.500001,21.07887
121142,2020-11-15,SN00/11,11.6939,8.675084,9.500001,21.07887
121143,2020-11-15,SU81/1,41.568,8.675084,9.500001,21.07887
121144,2020-11-15,ST07/10,68.852,8.675084,9.500001,21.07887
121145,2020-11-15,SJ15/13,80.1251,8.675084,9.500001,21.07887
121146,2020-11-15,SU71/23,29.431,8.675084,9.500001,21.07887
121147,2020-11-15,TF03/37,13.192,8.675084,9.500001,21.07887
121148,2020-11-15,TR14/9,62.9,8.675084,9.500001,21.07887
121149,2020-11-15,SE94/5,14.055,8.675084,9.500001,21.07887
121150,2020-11-15,SY68/34,68.026,8.675084,9.500001,21.07887
121151,2020-11-15,SJ62/235,54.642,8.675084,9.500001,21.07887
121152,2020-11-16,NH95/17,29.605,9.5146675,3.2000005,19.427315
121153,2020-11-16,TL33/67,76.04,9.5146675,3.2000005,19.427315
121154,2020-11-16,SU17/57,133.38,9.5146675,3.2000005,19.427315
121155,2020-11-16,TL33/4,76.0,9.5146675,3.2000005,19.427315
121156,2020-11-16,ID30/1,116.93,9.5146675,3.2000005,19.427315
121157,2020-11-16,SE95/6,21.25,9.5146675,3.2000005,19.427315
121158,2020-11-16,NO20/14,37.033,9.5146675,3.2000005,19.427315
121159,2020-11-16,NY63/2,130.8,9.5146675,3.2000005,19.427315
121160,2020-11-16,SU81/1,44.236,9.5146675,3.2000005,19.427315
121161,2020-11-16,SE94/5,14.067,9.5146675,3.2000005,19.427315
121162,2020-11-16,ST07/10,68.6931,9.5146675,3.2000005,19.427315
121163,2020-11-16,SN00/11,11.7061,9.5146675,3.2000005,19.427315
121164,2020-11-16,TF03/37,13.156,9.5146675,3.2000005,19.427315
121165,2020-11-16,SJ15/13,80.0729,9.5146675,3.2000005,19.427315
121166,2020-11-16,SJ62/235,54.62,9.5146675,3.2000005,19.427315
121167,2020-11-16,SY68/34,68.272,9.5146675,3.2000005,19.427315
121168,2020-11-16,SU71/23,31.313,9.5146675,3.2000005,19.427315
121169,2020-11-16,TA10/63,13.107,9.5146675,3.2000005,19.427315
121170,2020-11-16,TR14/9,62.89,9.5146675,3.2000005,19.427315
121171,2020-11-16,SK00/41,130.508,9.5146675,3.2000005,19.427315
121172,2020-11-16,SU01/5B,87.851,9.5146675,3.2000005,19.427315
121173,2020-11-17,TL33/67,76.08,13.110499,1.5000002,19.677418
121174,2020-11-17,TM15/112,25.01,13.110499,1.5000002,19.677418
121175,2020-11-17,SU17/57,133.64,13.110499,1.5000002,19.677418
121176,2020-11-17,TL33/4,75.99,13.110499,1.5000002,19.677418
121177,2020-11-17,NH95/17,29.612,13.110499,1.5000002,19.677418
121178,2020-11-17,ID30/1,117.01,13.110499,1.5000002,19.677418
121179,2020-11-17,NY63/2,130.75,13.110499,1.5000002,19.677418
121180,2020-11-17,SE95/6,21.3,13.110499,1.5000002,19.677418
121181,2020-11-17,NO20/14,37.033,13.110499,1.5000002,19.677418
121182,2020-11-17,SP00/62,102.89,13.110499,1.5000002,19.677418
121183,2020-11-17,TQ25/86,93.39,13.110499,1.5000002,19.677418
121184,2020-11-17,TR14/9,62.897,13.110499,1.5000002,19.677418
121185,2020-11-17,TF03/37,13.202,13.110499,1.5000002,19.677418
121186,2020-11-17,SU81/1,46.033,13.110499,1.5000002,19.677418
121187,2020-11-17,SN00/11,11.695,13.110499,1.5000002,19.677418
121188,2020-11-17,SU01/5B,89.592,13.110499,1.5000002,19.677418
121189,2020-11-17,SE94/5,14.08,13.110499,1.5000002,19.677418
121190,2020-11-17,SJ15/13,80.0689,13.110499,1.5000002,19.677418
121191,2020-11-17,ST07/10,68.6311,13.110499,1.5000002,19.677418
121192,2020-11-17,SK00/41,130.489,13.110499,1.5000002,19.677418
121193,2020-11-17,SU71/23,33.649,13.110499,1.5000002,19.677418
121194,2020-11-17,SJ62/235,54.623,13.110499,1.5000002,19.677418
121195,2020-11-17,SY68/34,68.497,13.110499,1.5000002,19.677418
121196,2020-11-17,TA10/63,13.093,13.110499,1.5000002,19.677418
121197,2020-11-18,TL33/67,76.15,10.256335,8.299999,22.213055
121198,2020-11-18,SU17/57,133.81,10.256335,8.299999,22.213055
121199,2020-11-18,SE95/6,21.33,10.256335,8.299999,22.213055
121200,2020-11-18,ID30/1,116.94,10.256335,8.299999,22.213055
121201,2020-11-18,NY63/2,130.74,10.256335,8.299999,22.213055
121202,2020-11-18,NH95/17,29.596,10.256335,8.299999,22.213055
121203,2020-11-18,TL33/4,75.98,10.256335,8.299999,22.213055
121204,2020-11-18,NO20/14,37.056,10.256335,8.299999,22.213055
121205,2020-11-18,SN00/11,11.6815,10.256335,8.299999,22.213055
121206,2020-11-18,SU01/5B,91.259,10.256335,8.299999,22.213055
121207,2020-11-18,SE94/5,14.096,10.256335,8.299999,22.213055
121208,2020-11-18,SK00/41,130.481,10.256335,8.299999,22.213055
121209,2020-11-18,ST07/10,68.5986,10.256335,8.299999,22.213055
121210,2020-11-18,SU81/1,47.136,10.256335,8.299999,22.213055
121211,2020-11-18,SJ62/235,54.627,10.256335,8.299999,22.213055
121212,2020-11-18,TR14/9,62.925,10.256335,8.299999,22.213055
121213,2020-11-18,TF03/37,13.261,10.256335,8.299999,22.213055
121214,2020-11-18,SY68/34,68.734,10.256335,8.299999,22.213055
121215,2020-11-18,SU71/23,34.281,10.256335,8.299999,22.213055
121216,2020-11-18,TA10/63,13.084,10.256335,8.299999,22.213055
121217,2020-11-18,SJ15/13,80.0786,10.256335,8.299999,22.213055
121218,2020-11-19,ID30/1,116.75,4.5709167,1.8,12.287576
121219,2020-11-19,NO20/14,36.98,4.5709167,1.8,12.287576
121220,2020-11-19,SU17/57,133.96,4.5709167,1.8,12.287576
121221,2020-11-19,SE95/6,21.35,4.5709167,1.8,12.287576
121222,2020-11-19,NH95/17,29.553,4.5709167,1.8,12.287576
121223,2020-11-19,TL33/4,75.98,4.5709167,1.8,12.287576
121224,2020-11-19,NY63/2,130.78,4.5709167,1.8,12.287576
121225,2020-11-19,TL33/67,76.07,4.5709167,1.8,12.287576
121226,2020-11-19,TA10/63,13.058,4.5709167,1.8,12.287576
121227,2020-11-19,SK00/41,130.461,4.5709167,1.8,12.287576
121228,2020-11-19,SY68/34,68.933,4.5709167,1.8,12.287576
121229,2020-11-19,TR14/9,62.92,4.5709167,1.8,12.287576
121230,2020-11-19,SN00/11,11.7112,4.5709167,1.8,12.287576
121231,2020-11-19,ST07/10,68.5549,4.5709167,1.8,12.287576
121232,2020-11-19,SU81/1,47.753,4.5709167,1.8,12.287576
121233,2020-11-19,TF03/37,13.216,4.5709167,1.8,12.287576
121234,2020-11-19,SJ62/235,54.605,4.5709167,1.8,12.287576
121235,2020-11-19,SU71/23,34.705,4.5709167,1.8,12.287576
121236,2020-11-19,SU01/5B,92.245,4.5709167,1.8,12.287576
121237,2020-11-19,SJ15/13,80.0139,4.5709167,1.8,12.287576
121238,2020-11-19,SE94/5,14.1,4.5709167,1.8,12.287576
121239,2020-11-20,NY63/2,130.7,7.9230003,1.6000001,15.405841
121240,2020-11-20,NO20/14,37.016,7.9230003,1.6000001,15.405841
121241,2020-11-20,ID30/1,116.58,7.9230003,1.6000001,15.405841
121242,2020-11-20,NH95/17,29.604,7.9230003,1.6000001,15.405841
121243,2020-11-20,SU17/57,134.3,7.9230003,1.6000001,15.405841
121244,2020-11-20,TL33/67,76.19,7.9230003,1.6000001,15.405841
121245,2020-11-20,SE95/6,21.32,7.9230003,1.6000001,15.405841
121246,2020-11-20,TL33/4,75.97,7.9230003,1.6000001,15.405841
121247,2020-11-20,SE94/5,14.113,7.9230003,1.6000001,15.405841
121248,2020-11-20,SJ15/13,80.0375,7.9230003,1.6000001,15.405841
121249,2020-11-20,TF03/37,13.353,7.9230003,1.6000001,15.405841
121250,2020-11-20,SU81/1,48.164,7.9230003,1.6000001,15.405841
121251,2020-11-20,ST07/10,68.7251,7.9230003,1.6000001,15.405841
121252,2020-11-20,SU01/5B,92.737,7.9230003,1.6000001,15.405841
121253,2020-11-20,TR14/9,62.94,7.9230003,1.6000001,15.405841
121254,2020-11-20,SJ62/235,54.625,7.9230003,1.6000001,15.405841
121255,2020-11-20,SY68/34,69.121,7.9230003,1.6000001,15.405841
121256,2020-11-20,SU71/23,35.041,7.9230003,1.6000001,15.405841
121257,2020-11-20,SK00/41,130.447,7.9230003,1.6000001,15.405841
121258,2020-11-20,TA10/63,13.054,7.9230003,1.6000001,15.405841
121259,2020-11-20,SN00/11,11.7179,7.9230003,1.6000001,15.405841
121260,2020-11-21,TL33/4,75.97,9.598,4.2999997,17.83205
121261,2020-11-21,NO20/14,37.038,9.598,4.2999997,17.83205
121262,2020-11-21,NY63/2,130.78,9.598,4.2999997,17.83205
121263,2020-11-21,SU17/57,134.43,9.598,4.2999997,17.83205
121264,2020-11-21,TL33/67,76.25,9.598,4.2999997,17.83205
121265,2020-11-21,ID30/1,116.45,9.598,4.2999997,17.83205
121266,2020-11-21,NH95/17,29.612,9.598,4.2999997,17.83205
121267,2020-11-21,SE95/6,21.36,9.598,4.2999997,17.83205
121268,2020-11-21,SU71/23,35.356,9.598,4.2999997,17.83205
121269,2020-11-21,SU01/5B,93.018,9.598,4.2999997,17.83205
121270,2020-11-21,SU81/1,48.476,9.598,4.2999997,17.83205
121271,2020-11-21,TR14/9,62.978,9.598,4.2999997,17.83205
121272,2020-11-21,SJ62/235,54.623,9.598,4.2999997,17.83205
121273,2020-11-21,ST07/10,69.1786,9.598,4.2999997,17.83205
121274,2020-11-21,SY68/34,69.28,9.598,4.2999997,17.83205
121275,2020-11-21,TF03/37,13.353,9.598,4.2999997,17.83205
121276,2020-11-21,SK00/41,130.444,9.598,4.2999997,17.83205
121277,2020-11-21,SE94/5,14.09,9.598,4.2999997,17.83205
121278,2020-11-21,SN00/11,11.7385,9.598,4.2999997,17.83205
121279,2020-11-21,TA10/63,13.04,9.598,4.2999997,17.83205
121280,2020-11-21,SJ15/13,80.0421,9.598,4.2999997,17.83205
121281,2020-11-22,SU17/57,134.58,5.795917,2.3,14.361006
121282,2020-11-22,SE95/6,21.35,5.795917,2.3,14.361006
121283,2020-11-22,NH95/17,29.589,5.795917,2.3,14.361006
121284,2020-11-22,TL33/4,75.96,5.795917,2.3,14.361006
121285,2020-11-22,TL33/67,76.26,5.795917,2.3,14.361006
121286,2020-11-22,NO20/14,37.015,5.795917,2.3,14.361006
121287,2020-11-22,ID30/1,116.29,5.795917,2.3,14.361006
121288,2020-11-22,NY63/2,130.78,5.795917,2.3,14.361006
121289,2020-11-22,TR14/9,62.998,5.795917,2.3,14.361006
121290,2020-11-22,SJ62/235,54.614,5.795917,2.3,14.361006
121291,2020-11-22,SJ15/13,80.0296,5.795917,2.3,14.361006
121292,2020-11-22,ST07/10,70.0206,5.795917,2.3,14.361006
121293,2020-11-22,TF03/37,13.31,5.795917,2.3,14.361006
121294,2020-11-22,SU81/1,48.681,5.795917,2.3,14.361006
121295,2020-11-22,TA10/63,13.025,5.795917,2.3,14.361006
121296,2020-11-22,SE94/5,14.133,5.795917,2.3,14.361006
121297,2020-11-22,SK00/41,130.437,5.795917,2.3,14.361006
121298,2020-11-22,SU01/5B,93.134,5.795917,2.3,14.361006
121299,2020-11-22,SU71/23,35.633,5.795917,2.3,14.361006
121300,2020-11-22,SY68/34,69.412,5.795917,2.3,14.361006
121301,2020-11-22,SN00/11,11.777,5.795917,2.3,14.361006
121302,2020-11-23,TL33/67,76.33,7.2021675,4.2,15.875862
121303,2020-11-23,SE95/6,21.35,7.2021675,4.2,15.875862
121304,2020-11-23,NH95/17,29.608,7.2021675,4.2,15.875862
121305,2020-11-23,NO20/14,37.034,7.2021675,4.2,15.875862
121306,2020-11-23,NY63/2,130.77,7.2021675,4.2,15.875862
121307,2020-11-23,ID30/1,116.16,7.2021675,4.2,15.875862
121308,2020-11-23,SU17/57,134.8,7.2021675,4.2,15.875862
121309,2020-11-23,TL33/4,75.96,7.2021675,4.2,15.875862
121310,2020-11-23,TA10/63,13.017,7.2021675,4.2,15.875862
121311,2020-11-23,SN00/11,11.8069,7.2021675,4.2,15.875862
121312,2020-11-23,SJ15/13,80.0492,7.2021675,4.2,15.875862
121313,2020-11-23,ST07/10,70.4965,7.2021675,4.2,15.875862
121314,2020-11-23,TR14/9,63.028,7.2021675,4.2,15.875862
121315,2020-11-23,SU81/1,48.825,7.2021675,4.2,15.875862
121316,2020-11-23,SU01/5B,93.15,7.2021675,4.2,15.875862
121317,2020-11-23,SY68/34,69.534,7.2021675,4.2,15.875862
121318,2020-11-23,SU71/23,35.886,7.2021675,4.2,15.875862
121319,2020-11-23,SE94/5,14.148,7.2021675,4.2,15.875862
121320,2020-11-23,SJ62/235,54.625,7.2021675,4.2,15.875862
121321,2020-11-23,SK00/41,130.431,7.2021675,4.2,15.875862
121322,2020-11-23,TF03/37,13.314,7.2021675,4.2,15.875862
121323,2020-11-24,ID30/1,116.23,10.602168,9.100002,22.263903
121324,2020-11-24,SP00/62,102.743,10.602168,9.100002,22.263903
121325,2020-11-24,SU17/57,134.92,10.602168,9.100002,22.263903
121326,2020-11-24,TL33/4,75.96,10.602168,9.100002,22.263903
121327,2020-11-24,TQ25/86,94.07,10.602168,9.100002,22.263903
121328,2020-11-24,NY63/2,130.82,10.602168,9.100002,22.263903
121329,2020-11-24,TL33/67,76.43,10.602168,9.100002,22.263903
121330,2020-11-24,NH95/17,29.607,10.602168,9.100002,22.263903
121331,2020-11-24,TF81/2A,46.66,10.602168,9.100002,22.263903
121332,2020-11-24,NO20/14,37.053,10.602168,9.100002,22.263903
121333,2020-11-24,SE95/6,21.36,10.602168,9.100002,22.263903
121334,2020-11-24,TR14/9,63.082,10.602168,9.100002,22.263903
121335,2020-11-24,SE94/5,14.163,10.602168,9.100002,22.263903
121336,2020-11-24,SY68/34,69.649,10.602168,9.100002,22.263903
121337,2020-11-24,SU01/5B,93.147,10.602168,9.100002,22.263903
121338,2020-11-24,SN00/11,11.8343,10.602168,9.100002,22.263903
121339,2020-11-24,TF03/37,13.335,10.602168,9.100002,22.263903
121340,2020-11-24,SJ62/235,54.637,10.602168,9.100002,22.263903
121341,2020-11-24,SU71/23,36.153,10.602168,9.100002,22.263903
121342,2020-11-24,SU81/1,48.975,10.602168,9.100002,22.263903
121343,2020-11-24,TA10/63,13.01,10.602168,9.100002,22.263903
121344,2020-11-24,SJ15/13,80.076,10.602168,9.100002,22.263903
121345,2020-11-24,ST07/10,70.519,10.602168,9.100002,22.263903
121346,2020-11-24,SK00/41,130.439,10.602168,9.100002,22.263903
121347,2020-11-25,SU17/57,134.97,6.3271675,2.6999993,6.078315
121348,2020-11-25,NH95/17,29.557,6.3271675,2.6999993,6.078315
121349,2020-11-25,TA10/63,13.0,6.3271675,2.6999993,6.078315
121350,2020-11-25,TL33/4,75.96,6.3271675,2.6999993,6.078315
121351,2020-11-25,TL33/67,76.38,6.3271675,2.6999993,6.078315
121352,2020-11-25,NY63/2,130.85,6.3271675,2.6999993,6.078315
121353,2020-11-25,NO20/14,37.017,6.3271675,2.6999993,6.078315
121354,2020-11-25,ID30/1,116.13,6.3271675,2.6999993,6.078315
121355,2020-11-25,SE95/6,21.37,6.3271675,2.6999993,6.078315
121356,2020-11-25,SU81/1,49.049,6.3271675,2.6999993,6.078315
121357,2020-11-25,SK00/41,130.441,6.3271675,2.6999993,6.078315
121358,2020-11-25,TF03/37,13.278,6.3271675,2.6999993,6.078315
121359,2020-11-25,SE94/5,14.173,6.3271675,2.6999993,6.078315
121360,2020-11-25,SJ15/13,80.0394,6.3271675,2.6999993,6.078315
121361,2020-11-25,ST07/10,70.2925,6.3271675,2.6999993,6.078315
121362,2020-11-25,SU01/5B,93.074,6.3271675,2.6999993,6.078315
121363,2020-11-25,TR14/9,63.115,6.3271675,2.6999993,6.078315
121364,2020-11-25,SY68/34,69.74,6.3271675,2.6999993,6.078315
121365,2020-11-25,SN00/11,11.8975,6.3271675,2.6999993,6.078315
121366,2020-11-25,SU71/23,36.369,6.3271675,2.6999993,6.078315
121367,2020-11-25,SJ62/235,54.613,6.3271675,2.6999993,6.078315
121368,2020-11-26,NH95/17,29.519,5.3438334,0.0,3.7508452
121369,2020-11-26,TL33/4,75.95,5.3438334,0.0,3.7508452
121370,2020-11-26,SU17/57,135.2,5.3438334,0.0,3.7508452
121371,2020-11-26,ID30/1,116.06,5.3438334,0.0,3.7508452
121372,2020-11-26,TL33/67,76.41,5.3438334,0.0,3.7508452
121373,2020-11-26,NY63/2,130.79,5.3438334,0.0,3.7508452
121374,2020-11-26,SE95/6,21.34,5.3438334,0.0,3.7508452
121375,2020-11-26,NO20/14,36.986,5.3438334,0.0,3.7508452
121376,2020-11-26,ST07/10,69.9455,5.3438334,0.0,3.7508452
121377,2020-11-26,SU81/1,49.044,5.3438334,0.0,3.7508452
121378,2020-11-26,TR14/9,63.138,5.3438334,0.0,3.7508452
121379,2020-11-26,TA10/63,12.979,5.3438334,0.0,3.7508452
121380,2020-11-26,SJ15/13,80.0173,5.3438334,0.0,3.7508452
121381,2020-11-26,SE94/5,14.181,5.3438334,0.0,3.7508452
121382,2020-11-26,TF03/37,13.26,5.3438334,0.0,3.7508452
121383,2020-11-26,SJ62/235,54.608,5.3438334,0.0,3.7508452
121384,2020-11-26,SK00/41,130.429,5.3438334,0.0,3.7508452
121385,2020-11-26,SN00/11,11.9616,5.3438334,0.0,3.7508452
121386,2020-11-26,SU71/23,36.541,5.3438334,0.0,3.7508452
121387,2020-11-26,SY68/34,69.811,5.3438334,0.0,3.7508452
121388,2020-11-26,SU01/5B,92.915,5.3438334,0.0,3.7508452
121389,2020-11-27,NH95/17,29.508,4.3271666,0.1,7.12588
121390,2020-11-27,SE95/6,21.35,4.3271666,0.1,7.12588
121391,2020-11-27,NY63/2,130.79,4.3271666,0.1,7.12588
121392,2020-11-27,NO20/14,37.014,4.3271666,0.1,7.12588
121393,2020-11-27,SU17/57,135.34,4.3271666,0.1,7.12588
121394,2020-11-27,TL33/4,75.96,4.3271666,0.1,7.12588
121395,2020-11-27,TL33/67,76.48,4.3271666,0.1,7.12588
121396,2020-11-27,ID30/1,115.98,4.3271666,0.1,7.12588
121397,2020-11-27,SN00/11,12.0184,4.3271666,0.1,7.12588
121398,2020-11-27,TA10/63,12.974,4.3271666,0.1,7.12588
121399,2020-11-27,SK00/41,130.422,4.3271666,0.1,7.12588
121400,2020-11-27,SU71/23,36.717,4.3271666,0.1,7.12588
121401,2020-11-27,SJ62/235,54.614,4.3271666,0.1,7.12588
121402,2020-11-27,SE94/5,14.164,4.3271666,0.1,7.12588
121403,2020-11-27,SJ15/13,80.0237,4.3271666,0.1,7.12588
121404,2020-11-27,TR14/9,63.191,4.3271666,0.1,7.12588
121405,2020-11-27,TF03/37,13.262,4.3271666,0.1,7.12588
121406,2020-11-27,SU01/5B,92.752,4.3271666,0.1,7.12588
121407,2020-11-27,SY68/34,69.87,4.3271666,0.1,7.12588
121408,2020-11-27,SU81/1,49.037,4.3271666,0.1,7.12588
121409,2020-11-27,ST07/10,69.6017,4.3271666,0.1,7.12588
121410,2020-11-28,NO20/14,37.011,4.7375827,0.7,8.961041
121411,2020-11-28,TL33/4,75.95,4.7375827,0.7,8.961041
121412,2020-11-28,SE95/6,21.33,4.7375827,0.7,8.961041
121413,2020-11-28,NH95/17,29.507,4.7375827,0.7,8.961041
121414,2020-11-28,ID30/1,115.84,4.7375827,0.7,8.961041
121415,2020-11-28,TL33/67,76.46,4.7375827,0.7,8.961041
121416,2020-11-28,SU17/57,135.41,4.7375827,0.7,8.961041
121417,2020-11-28,NY63/2,130.81,4.7375827,0.7,8.961041
121418,2020-11-28,SK00/41,130.415,4.7375827,0.7,8.961041
121419,2020-11-28,SN00/11,12.0917,4.7375827,0.7,8.961041
121420,2020-11-28,SY68/34,69.911,4.7375827,0.7,8.961041
121421,2020-11-28,SJ15/13,80.003,4.7375827,0.7,8.961041
121422,2020-11-28,SE94/5,14.2,4.7375827,0.7,8.961041
121423,2020-11-28,SU01/5B,92.567,4.7375827,0.7,8.961041
121424,2020-11-28,SU71/23,36.867,4.7375827,0.7,8.961041
121425,2020-11-28,ST07/10,70.4931,4.7375827,0.7,8.961041
121426,2020-11-28,TA10/63,12.959,4.7375827,0.7,8.961041
121427,2020-11-28,TF03/37,13.257,4.7375827,0.7,8.961041
121428,2020-11-28,SJ62/235,54.602,4.7375827,0.7,8.961041
121429,2020-11-28,SU81/1,48.98,4.7375827,0.7,8.961041
121430,2020-11-28,TR14/9,63.224,4.7375827,0.7,8.961041
121431,2020-11-29,TL33/4,75.96,7.591751,0.6,5.083735
121432,2020-11-29,NY63/2,130.78,7.591751,0.6,5.083735
121433,2020-11-29,NO20/14,36.99,7.591751,0.6,5.083735
121434,2020-11-29,ID30/1,115.67,7.591751,0.6,5.083735
121435,2020-11-29,SE95/6,21.33,7.591751,0.6,5.083735
121436,2020-11-29,NH95/17,29.527,7.591751,0.6,5.083735
121437,2020-11-29,SU17/57,135.58,7.591751,0.6,5.083735
121438,2020-11-29,TL33/67,76.48,7.591751,0.6,5.083735
121439,2020-11-29,SE94/5,14.21,7.591751,0.6,5.083735
121440,2020-11-29,TF03/37,13.288,7.591751,0.6,5.083735
121441,2020-11-29,SY68/34,69.927,7.591751,0.6,5.083735
121442,2020-11-29,SJ15/13,79.9843,7.591751,0.6,5.083735
121443,2020-11-29,ST07/10,71.101,7.591751,0.6,5.083735
121444,2020-11-29,TR14/9,63.245,7.591751,0.6,5.083735
121445,2020-11-29,SJ62/235,54.603,7.591751,0.6,5.083735
121446,2020-11-29,SU71/23,36.987,7.591751,0.6,5.083735
121447,2020-11-29,SU01/5B,92.335,7.591751,0.6,5.083735
121448,2020-11-29,SU81/1,48.877,7.591751,0.6,5.083735
121449,2020-11-29,TA10/63,12.947,7.591751,0.6,5.083735
121450,2020-11-29,SK00/41,130.403,7.591751,0.6,5.083735
121451,2020-11-29,SN00/11,12.1667,7.591751,0.6,5.083735
121452,2020-11-30,NY63/2,130.79,7.0292506,3.6,14.67262
121453,2020-11-30,SE95/6,21.33,7.0292506,3.6,14.67262
121454,2020-11-30,SU17/57,135.71,7.0292506,3.6,14.67262
121455,2020-11-30,TL33/4,75.96,7.0292506,3.6,14.67262
121456,2020-11-30,NH95/17,29.529,7.0292506,3.6,14.67262
121457,2020-11-30,NO20/14,37.011,7.0292506,3.6,14.67262
121458,2020-11-30,TL33/67,76.55,7.0292506,3.6,14.67262
121459,2020-11-30,ID30/1,115.54,7.0292506,3.6,14.67262
121460,2020-11-30,TF03/37,13.319,7.0292506,3.6,14.67262
121461,2020-11-30,SE94/5,14.226,7.0292506,3.6,14.67262
121462,2020-11-30,SJ62/235,54.607,7.0292506,3.6,14.67262
121463,2020-11-30,SU01/5B,92.134,7.0292506,3.6,14.67262
121464,2020-11-30,TR14/9,63.289,7.0292506,3.6,14.67262
121465,2020-11-30,SY68/34,69.944,7.0292506,3.6,14.67262
121466,2020-11-30,SU81/1,48.83,7.0292506,3.6,14.67262
121467,2020-11-30,TA10/63,12.94,7.0292506,3.6,14.67262
121468,2020-11-30,ST07/10,71.0689,7.0292506,3.6,14.67262
121469,2020-11-30,SN00/11,12.2357,7.0292506,3.6,14.67262
121470,2020-11-30,SJ15/13,79.9844,7.0292506,3.6,14.67262
121471,2020-11-30,SU71/23,37.112,7.0292506,3.6,14.67262
121472,2020-12-01,SU17/57,135.77,2.3605,0.0,6.3625607
121473,2020-12-01,NH95/17,29.513,2.3605,0.0,6.3625607
121474,2020-12-01,SE95/6,21.31,2.3605,0.0,6.3625607
121475,2020-12-01,SP00/62,102.612,2.3605,0.0,6.3625607
121476,2020-12-01,ID30/1,115.37,2.3605,0.0,6.3625607
121477,2020-12-01,TQ25/86,94.49,2.3605,0.0,6.3625607
121478,2020-12-01,NY63/2,130.79,2.3605,0.0,6.3625607
121479,2020-12-01,NO20/14,36.978,2.3605,0.0,6.3625607
121480,2020-12-01,TL33/67,76.56,2.3605,0.0,6.3625607
121481,2020-12-01,TL33/4,75.96,2.3605,0.0,6.3625607
121482,2020-12-01,SJ62/235,54.607,2.3605,0.0,6.3625607
121483,2020-12-01,TF03/37,13.277,2.3605,0.0,6.3625607
121484,2020-12-01,SE94/5,14.232,2.3605,0.0,6.3625607
121485,2020-12-01,SK00/41,130.392,2.3605,0.0,6.3625607
121486,2020-12-01,SU71/23,37.232,2.3605,0.0,6.3625607
121487,2020-12-01,TA10/63,12.931,2.3605,0.0,6.3625607
121488,2020-12-01,SU01/5B,91.893,2.3605,0.0,6.3625607
121489,2020-12-01,TR14/9,63.312,2.3605,0.0,6.3625607
121490,2020-12-01,ST07/10,70.7668,2.3605,0.0,6.3625607
121491,2020-12-01,SJ15/13,79.9781,2.3605,0.0,6.3625607
121492,2020-12-01,SY68/34,69.952,2.3605,0.0,6.3625607
121493,2020-12-01,SU81/1,48.719,2.3605,0.0,6.3625607
121494,2020-12-01,SN00/11,12.3245,2.3605,0.0,6.3625607
121495,2020-12-02,NO20/14,37.06,5.3667502,3.1999996,10.984819
121496,2020-12-02,TL33/67,76.69,5.3667502,3.1999996,10.984819
121497,2020-12-02,ID30/1,115.27,5.3667502,3.1999996,10.984819
121498,2020-12-02,NY63/2,130.8,5.3667502,3.1999996,10.984819
121499,2020-12-02,SU17/57,135.85,5.3667502,3.1999996,10.984819
121500,2020-12-02,SJ15/13,80.0045,5.3667502,3.1999996,10.984819
121501,2020-12-02,SE95/6,21.3,5.3667502,3.1999996,10.984819
121502,2020-12-02,NH95/17,29.55,5.3667502,3.1999996,10.984819
121503,2020-12-02,TL33/4,75.96,5.3667502,3.1999996,10.984819
121504,2020-12-02,SE94/5,14.187,5.3667502,3.1999996,10.984819
121505,2020-12-02,TA10/63,12.933,5.3667502,3.1999996,10.984819
121506,2020-12-02,TF03/37,13.338,5.3667502,3.1999996,10.984819
121507,2020-12-02,TR14/9,63.379,5.3667502,3.1999996,10.984819
121508,2020-12-02,SJ62/235,54.638,5.3667502,3.1999996,10.984819
121509,2020-12-02,SU71/23,37.376,5.3667502,3.1999996,10.984819
121510,2020-12-02,SU01/5B,91.719,5.3667502,3.1999996,10.984819
121511,2020-12-02,ST07/10,70.4351,5.3667502,3.1999996,10.984819
121512,2020-12-02,SK00/41,130.399,5.3667502,3.1999996,10.984819
121513,2020-12-02,SU81/1,48.691,5.3667502,3.1999996,10.984819
121514,2020-12-02,SN00/11,12.3697,5.3667502,3.1999996,10.984819
121515,2020-12-02,SY68/34,69.967,5.3667502,3.1999996,10.984819
121516,2020-12-03,NH95/17,29.57,3.0271666,9.6,11.271146
121517,2020-12-03,SU17/57,135.77,3.0271666,9.6,11.271146
121518,2020-12-03,ID30/1,115.12,3.0271666,9.6,11.271146
121519,2020-12-03,NO20/14,37.13,3.0271666,9.6,11.271146
121520,2020-12-03,TL44/12,38.224,3.0271666,9.6,11.271146
121521,2020-12-03,NY63/2,130.89,3.0271666,9.6,11.271146
121522,2020-12-03,SJ15/13,80.091,3.0271666,9.6,11.271146
121523,2020-12-03,SE95/6,21.31,3.0271666,9.6,11.271146
121524,2020-12-03,TL33/4,75.97,3.0271666,9.6,11.271146
121525,2020-12-03,TL33/67,76.9,3.0271666,9.6,11.271146
121526,2020-12-03,SU01/5B,91.659,3.0271666,9.6,11.271146
121527,2020-12-03,ST07/10,71.4438,3.0271666,9.6,11.271146
121528,2020-12-03,SN00/11,12.2089,3.0271666,9.6,11.271146
121529,2020-12-03,SK00/41,130.444,3.0271666,9.6,11.271146
121530,2020-12-03,TA10/63,12.937,3.0271666,9.6,11.271146
121531,2020-12-03,TF03/37,13.418,3.0271666,9.6,11.271146
121532,2020-12-03,SY68/34,70.011,3.0271666,9.6,11.271146
121533,2020-12-03,TR14/9,63.61,3.0271666,9.6,11.271146
121534,2020-12-03,SU81/1,48.81,3.0271666,9.6,11.271146
121535,2020-12-03,SJ62/235,54.673,3.0271666,9.6,11.271146
121536,2020-12-03,SE94/5,14.268,3.0271666,9.6,11.271146
121537,2020-12-03,SU71/23,37.583,3.0271666,9.6,11.271146
121538,2020-12-04,TL33/4,75.98,3.3979998,15.6,20.483824
121539,2020-12-04,ID30/1,115.03,3.3979998,15.6,20.483824
121540,2020-12-04,SJ15/13,80.1171,3.3979998,15.6,20.483824
121541,2020-12-04,TL33/67,76.8,3.3979998,15.6,20.483824
121542,2020-12-04,NY63/2,130.97,3.3979998,15.6,20.483824
121543,2020-12-04,SU17/57,135.76,3.3979998,15.6,20.483824
121544,2020-12-04,NH95/17,29.61,3.3979998,15.6,20.483824
121545,2020-12-04,NO20/14,37.17,3.3979998,15.6,20.483824
121546,2020-12-04,SE95/6,21.34,3.3979998,15.6,20.483824
121547,2020-12-04,SU01/5B,91.548,3.3979998,15.6,20.483824
121548,2020-12-04,TA10/63,12.923,3.3979998,15.6,20.483824
121549,2020-12-04,SU81/1,48.903,3.3979998,15.6,20.483824
121550,2020-12-04,TF03/37,13.379,3.3979998,15.6,20.483824
121551,2020-12-04,SU71/23,37.723,3.3979998,15.6,20.483824
121552,2020-12-04,TR14/9,63.882,3.3979998,15.6,20.483824
121553,2020-12-04,ST07/10,72.5406,3.3979998,15.6,20.483824
121554,2020-12-04,SK00/41,130.473,3.3979998,15.6,20.483824
121555,2020-12-04,SE94/5,14.297,3.3979998,15.6,20.483824
121556,2020-12-04,SY68/34,70.012,3.3979998,15.6,20.483824
121557,2020-12-04,SN00/11,11.641,3.3979998,15.6,20.483824
121558,2020-12-04,SJ62/235,54.66,3.3979998,15.6,20.483824
121559,2020-12-05,NY63/2,130.93,3.5000832,0.5,9.084888
121560,2020-12-05,NO20/14,37.24,3.5000832,0.5,9.084888
121561,2020-12-05,NH95/17,29.75,3.5000832,0.5,9.084888
121562,2020-12-05,SJ15/13,80.0592,3.5000832,0.5,9.084888
121563,2020-12-05,SU17/57,135.86,3.5000832,0.5,9.084888
121564,2020-12-05,TL33/67,76.72,3.5000832,0.5,9.084888
121565,2020-12-05,ID30/1,114.96,3.5000832,0.5,9.084888
121566,2020-12-05,TL33/4,75.99,3.5000832,0.5,9.084888
121567,2020-12-05,SE95/6,21.33,3.5000832,0.5,9.084888
121568,2020-12-05,SK00/41,130.461,3.5000832,0.5,9.084888
121569,2020-12-05,TR14/9,64.132,3.5000832,0.5,9.084888
121570,2020-12-05,SE94/5,14.335,3.5000832,0.5,9.084888
121571,2020-12-05,SU81/1,48.88,3.5000832,0.5,9.084888
121572,2020-12-05,SY68/34,70.005,3.5000832,0.5,9.084888
121573,2020-12-05,SU01/5B,91.344,3.5000832,0.5,9.084888
121574,2020-12-05,SN00/11,11.2588,3.5000832,0.5,9.084888
121575,2020-12-05,TA10/63,12.906,3.5000832,0.5,9.084888
121576,2020-12-05,SU71/23,37.794,3.5000832,0.5,9.084888
121577,2020-12-05,ST07/10,72.8648,3.5000832,0.5,9.084888
121578,2020-12-05,SJ62/235,54.631,3.5000832,0.5,9.084888
121579,2020-12-05,TF03/37,13.42,3.5000832,0.5,9.084888
121580,2020-12-06,TL33/67,76.76,3.8271673,1.3000001,6.6119366
121581,2020-12-06,SE95/6,21.33,3.8271673,1.3000001,6.6119366
121582,2020-12-06,TL33/4,75.99,3.8271673,1.3000001,6.6119366
121583,2020-12-06,NO20/14,37.28,3.8271673,1.3000001,6.6119366
121584,2020-12-06,NH95/17,29.83,3.8271673,1.3000001,6.6119366
121585,2020-12-06,NY63/2,130.86,3.8271673,1.3000001,6.6119366
121586,2020-12-06,SU17/57,136.07,3.8271673,1.3000001,6.6119366
121587,2020-12-06,SJ15/13,80.0335,3.8271673,1.3000001,6.6119366
121588,2020-12-06,ID30/1,114.97,3.8271673,1.3000001,6.6119366
121589,2020-12-06,SN00/11,11.2004,3.8271673,1.3000001,6.6119366
121590,2020-12-06,SJ62/235,54.642,3.8271673,1.3000001,6.6119366
121591,2020-12-06,ST07/10,73.1939,3.8271673,1.3000001,6.6119366
121592,2020-12-06,SU71/23,37.858,3.8271673,1.3000001,6.6119366
121593,2020-12-06,TA10/63,12.902,3.8271673,1.3000001,6.6119366
121594,2020-12-06,TR14/9,64.352,3.8271673,1.3000001,6.6119366
121595,2020-12-06,SU01/5B,91.103,3.8271673,1.3000001,6.6119366
121596,2020-12-06,SY68/34,69.995,3.8271673,1.3000001,6.6119366
121597,2020-12-06,SU81/1,48.872,3.8271673,1.3000001,6.6119366
121598,2020-12-06,SE94/5,14.385,3.8271673,1.3000001,6.6119366
121599,2020-12-06,SK00/41,130.442,3.8271673,1.3000001,6.6119366
121600,2020-12-06,TF03/37,13.549,3.8271673,1.3000001,6.6119366
121601,2020-12-07,NY63/2,130.88,3.152167,0.0,7.7819276
121602,2020-12-07,NO20/14,37.31,3.152167,0.0,7.7819276
121603,2020-12-07,TL33/4,76.0,3.152167,0.0,7.7819276
121604,2020-12-07,TL33/67,76.82,3.152167,0.0,7.7819276
121605,2020-12-07,SE95/6,21.34,3.152167,0.0,7.7819276
121606,2020-12-07,SU17/57,136.12,3.152167,0.0,7.7819276
121607,2020-12-07,ID30/1,114.86,3.152167,0.0,7.7819276
121608,2020-12-07,SJ15/13,80.0508,3.152167,0.0,7.7819276
121609,2020-12-07,NH95/17,29.88,3.152167,0.0,7.7819276
121610,2020-12-07,SK00/41,130.432,3.152167,0.0,7.7819276
121611,2020-12-07,SU01/5B,90.879,3.152167,0.0,7.7819276
121612,2020-12-07,TA10/63,12.896,3.152167,0.0,7.7819276
121613,2020-12-07,ST07/10,73.0479,3.152167,0.0,7.7819276
121614,2020-12-07,SN00/11,11.2688,3.152167,0.0,7.7819276
121615,2020-12-07,TF03/37,13.686,3.152167,0.0,7.7819276
121616,2020-12-07,TR14/9,64.581,3.152167,0.0,7.7819276
121617,2020-12-07,SU81/1,48.94,3.152167,0.0,7.7819276
121618,2020-12-07,SE94/5,14.431,3.152167,0.0,7.7819276
121619,2020-12-07,SY68/34,69.98,3.152167,0.0,7.7819276
121620,2020-12-07,SJ62/235,54.652,3.152167,0.0,7.7819276
121621,2020-12-07,SU71/23,37.939,3.152167,0.0,7.7819276
121622,2020-12-08,NY63/2,130.91,4.875083,3.8000002,8.7970295
121623,2020-12-08,SJ15/13,80.0474,4.875083,3.8000002,8.7970295
121624,2020-12-08,ID30/1,114.79,4.875083,3.8000002,8.7970295
121625,2020-12-08,NH95/17,29.89,4.875083,3.8000002,8.7970295
121626,2020-12-08,SP00/62,102.837,4.875083,3.8000002,8.7970295
121627,2020-12-08,SU17/57,136.14,4.875083,3.8000002,8.7970295
121628,2020-12-08,NO20/14,37.33,4.875083,3.8000002,8.7970295
121629,2020-12-08,SE95/6,21.37,4.875083,3.8000002,8.7970295
121630,2020-12-08,TL33/67,76.83,4.875083,3.8000002,8.7970295
121631,2020-12-08,TQ25/86,94.85,4.875083,3.8000002,8.7970295
121632,2020-12-08,TL33/4,76.01,4.875083,3.8000002,8.7970295
121633,2020-12-08,SU71/23,37.993,4.875083,3.8000002,8.7970295
121634,2020-12-08,SU81/1,48.999,4.875083,3.8000002,8.7970295
121635,2020-12-08,TA10/63,12.888,4.875083,3.8000002,8.7970295
121636,2020-12-08,SY68/34,69.949,4.875083,3.8000002,8.7970295
121637,2020-12-08,SE94/5,14.463,4.875083,3.8000002,8.7970295
121638,2020-12-08,SK00/41,130.418,4.875083,3.8000002,8.7970295
121639,2020-12-08,ST07/10,72.6408,4.875083,3.8000002,8.7970295
121640,2020-12-08,SN00/11,11.3891,4.875083,3.8000002,8.7970295
121641,2020-12-08,SU01/5B,90.728,4.875083,3.8000002,8.7970295
121642,2020-12-08,SJ62/235,54.644,4.875083,3.8000002,8.7970295
121643,2020-12-08,TF03/37,13.802,4.875083,3.8000002,8.7970295
121644,2020-12-08,TR14/9,64.8,4.875083,3.8000002,8.7970295
121645,2020-12-09,NH95/17,29.89,5.350084,0.6,10.530948
121646,2020-12-09,TL33/4,76.02,5.350084,0.6,10.530948
121647,2020-12-09,TL33/67,76.89,5.350084,0.6,10.530948
121648,2020-12-09,NO20/14,37.32,5.350084,0.6,10.530948
121649,2020-12-09,SU17/57,136.22,5.350084,0.6,10.530948
121650,2020-12-09,SJ15/13,80.0437,5.350084,0.6,10.530948
121651,2020-12-09,ID30/1,114.71,5.350084,0.6,10.530948
121652,2020-12-09,NY63/2,130.88,5.350084,0.6,10.530948
121653,2020-12-09,SE95/6,21.42,5.350084,0.6,10.530948
121654,2020-12-09,SU81/1,49.079,5.350084,0.6,10.530948
121655,2020-12-09,SE94/5,14.499,5.350084,0.6,10.530948
121656,2020-12-09,SJ62/235,54.654,5.350084,0.6,10.530948
121657,2020-12-09,SU71/23,38.058,5.350084,0.6,10.530948
121658,2020-12-09,TR14/9,65.033,5.350084,0.6,10.530948
121659,2020-12-09,SY68/34,69.936,5.350084,0.6,10.530948
121660,2020-12-09,TF03/37,13.96,5.350084,0.6,10.530948
121661,2020-12-09,SU01/5B,90.724,5.350084,0.6,10.530948
121662,2020-12-09,ST07/10,72.265,5.350084,0.6,10.530948
121663,2020-12-09,SN00/11,11.4281,5.350084,0.6,10.530948
121664,2020-12-09,SK00/41,130.406,5.350084,0.6,10.530948
121665,2020-12-09,TA10/63,12.881,5.350084,0.6,10.530948
121666,2020-12-10,SJ15/13,80.0846,5.5729995,5.3,20.007324
121667,2020-12-10,SE95/6,21.49,5.5729995,5.3,20.007324
121668,2020-12-10,NY63/2,130.9,5.5729995,5.3,20.007324
121669,2020-12-10,SU17/57,136.16,5.5729995,5.3,20.007324
121670,2020-12-10,ID30/1,114.74,5.5729995,5.3,20.007324
121671,2020-12-10,NH95/17,29.89,5.5729995,5.3,20.007324
121672,2020-12-10,NO20/14,37.35,5.5729995,5.3,20.007324
121673,2020-12-10,TL33/4,76.02,5.5729995,5.3,20.007324
121674,2020-12-10,TL33/67,77.0,5.5729995,5.3,20.007324
121675,2020-12-10,SJ62/235,54.671,5.5729995,5.3,20.007324
121676,2020-12-10,SU01/5B,90.853,5.5729995,5.3,20.007324
121677,2020-12-10,SU71/23,38.146,5.5729995,5.3,20.007324
121678,2020-12-10,TF03/37,14.167,5.5729995,5.3,20.007324
121679,2020-12-10,SE94/5,14.541,5.5729995,5.3,20.007324
121680,2020-12-10,ST07/10,72.6369,5.5729995,5.3,20.007324
121681,2020-12-10,SN00/11,11.2251,5.5729995,5.3,20.007324
121682,2020-12-10,TR14/9,65.297,5.5729995,5.3,20.007324
121683,2020-12-10,SU81/1,49.209,5.5729995,5.3,20.007324
121684,2020-12-10,SY68/34,69.959,5.5729995,5.3,20.007324
121685,2020-12-10,SK00/41,130.405,5.5729995,5.3,20.007324
121686,2020-12-10,TA10/63,12.887,5.5729995,5.3,20.007324
121687,2020-12-11,TL33/4,76.03,6.8167496,4.0,13.010062
121688,2020-12-11,SJ15/13,80.1231,6.8167496,4.0,13.010062
121689,2020-12-11,SE95/6,21.67,6.8167496,4.0,13.010062
121690,2020-12-11,NY63/2,130.96,6.8167496,4.0,13.010062
121691,2020-12-11,NH95/17,29.88,6.8167496,4.0,13.010062
121692,2020-12-11,TL33/67,77.03,6.8167496,4.0,13.010062
121693,2020-12-11,SU17/57,136.11,6.8167496,4.0,13.010062
121694,2020-12-11,ID30/1,114.82,6.8167496,4.0,13.010062
121695,2020-12-11,NO20/14,37.37,6.8167496,4.0,13.010062
121696,2020-12-11,SE94/5,14.592,6.8167496,4.0,13.010062
121697,2020-12-11,SU01/5B,91.069,6.8167496,4.0,13.010062
121698,2020-12-11,SK00/41,130.413,6.8167496,4.0,13.010062
121699,2020-12-11,SJ62/235,54.665,6.8167496,4.0,13.010062
121700,2020-12-11,SY68/34,70.014,6.8167496,4.0,13.010062
121701,2020-12-11,SU81/1,49.352,6.8167496,4.0,13.010062
121702,2020-12-11,ST07/10,73.6402,6.8167496,4.0,13.010062
121703,2020-12-11,TA10/63,12.884,6.8167496,4.0,13.010062
121704,2020-12-11,SN00/11,11.0735,6.8167496,4.0,13.010062
121705,2020-12-11,TR14/9,65.5,6.8167496,4.0,13.010062
121706,2020-12-11,SU71/23,38.24,6.8167496,4.0,13.010062
121707,2020-12-11,TF03/37,14.327,6.8167496,4.0,13.010062
121708,2020-12-12,NY63/2,130.92,6.137583,4.1,7.360336
121709,2020-12-12,SE95/6,21.85,6.137583,4.1,7.360336
121710,2020-12-12,SJ15/13,80.0767,6.137583,4.1,7.360336
121711,2020-12-12,TL33/67,76.95,6.137583,4.1,7.360336
121712,2020-12-12,NO20/14,37.33,6.137583,4.1,7.360336
121713,2020-12-12,NH95/17,29.89,6.137583,4.1,7.360336
121714,2020-12-12,ID30/1,114.9,6.137583,4.1,7.360336
121715,2020-12-12,SU17/57,136.13,6.137583,4.1,7.360336
121716,2020-12-12,TL33/4,76.04,6.137583,4.1,7.360336
121717,2020-12-12,SE94/5,14.594,6.137583,4.1,7.360336
121718,2020-12-12,SK00/41,130.399,6.137583,4.1,7.360336
121719,2020-12-12,SU81/1,49.385,6.137583,4.1,7.360336
121720,2020-12-12,TA10/63,12.875,6.137583,4.1,7.360336
121721,2020-12-12,SY68/34,70.032,6.137583,4.1,7.360336
121722,2020-12-12,TR14/9,65.674,6.137583,4.1,7.360336
121723,2020-12-12,SJ62/235,54.644,6.137583,4.1,7.360336
121724,2020-12-12,SU71/23,38.275,6.137583,4.1,7.360336
121725,2020-12-12,ST07/10,74.1834,6.137583,4.1,7.360336
121726,2020-12-12,SU01/5B,91.219,6.137583,4.1,7.360336
121727,2020-12-12,TF03/37,14.426,6.137583,4.1,7.360336
121728,2020-12-12,SN00/11,11.0655,6.137583,4.1,7.360336
121729,2020-12-13,SE95/6,22.04,6.0834165,10.200001,19.532612
121730,2020-12-13,TL33/4,76.05,6.0834165,10.200001,19.532612
121731,2020-12-13,ID30/1,115.24,6.0834165,10.200001,19.532612
121732,2020-12-13,SU17/57,136.27,6.0834165,10.200001,19.532612
121733,2020-12-13,SJ15/13,80.1022,6.0834165,10.200001,19.532612
121734,2020-12-13,TL33/67,77.09,6.0834165,10.200001,19.532612
121735,2020-12-13,NH95/17,29.89,6.0834165,10.200001,19.532612
121736,2020-12-13,NO20/14,37.38,6.0834165,10.200001,19.532612
121737,2020-12-13,NY63/2,130.87,6.0834165,10.200001,19.532612
121738,2020-12-13,SU81/1,49.429,6.0834165,10.200001,19.532612
121739,2020-12-13,SE94/5,14.683,6.0834165,10.200001,19.532612
121740,2020-12-13,TA10/63,12.888,6.0834165,10.200001,19.532612
121741,2020-12-13,SU71/23,38.351,6.0834165,10.200001,19.532612
121742,2020-12-13,TF03/37,14.646,6.0834165,10.200001,19.532612
121743,2020-12-13,SU01/5B,91.371,6.0834165,10.200001,19.532612
121744,2020-12-13,SK00/41,130.393,6.0834165,10.200001,19.532612
121745,2020-12-13,TR14/9,65.886,6.0834165,10.200001,19.532612
121746,2020-12-13,SJ62/235,54.671,6.0834165,10.200001,19.532612
121747,2020-12-13,SY68/34,70.119,6.0834165,10.200001,19.532612
121748,2020-12-13,ST07/10,76.2701,6.0834165,10.200001,19.532612
121749,2020-12-14,SE95/6,22.31,8.068834,6.699999,21.767889
121750,2020-12-14,SJ15/13,80.1589,8.068834,6.699999,21.767889
121751,2020-12-14,NY63/2,130.96,8.068834,6.699999,21.767889
121752,2020-12-14,NH95/17,29.88,8.068834,6.699999,21.767889
121753,2020-12-14,TL33/67,77.11,8.068834,6.699999,21.767889
121754,2020-12-14,ID30/1,115.66,8.068834,6.699999,21.767889
121755,2020-12-14,SU17/57,136.18,8.068834,6.699999,21.767889
121756,2020-12-14,TL33/4,76.07,8.068834,6.699999,21.767889
121757,2020-12-14,NO20/14,37.45,8.068834,6.699999,21.767889
121758,2020-12-14,SU81/1,49.479,8.068834,6.699999,21.767889
121759,2020-12-14,ST07/10,78.2558,8.068834,6.699999,21.767889
121760,2020-12-14,SU71/23,38.429,8.068834,6.699999,21.767889
121761,2020-12-14,SK00/41,130.389,8.068834,6.699999,21.767889
121762,2020-12-14,SJ62/235,54.666,8.068834,6.699999,21.767889
121763,2020-12-14,TR14/9,66.066,8.068834,6.699999,21.767889
121764,2020-12-14,SY68/34,70.218,8.068834,6.699999,21.767889
121765,2020-12-14,SE94/5,14.75,8.068834,6.699999,21.767889
121766,2020-12-14,SU01/5B,91.521,8.068834,6.699999,21.767889
121767,2020-12-14,TF03/37,14.769,8.068834,6.699999,21.767889
121768,2020-12-14,TA10/63,12.883,8.068834,6.699999,21.767889
121769,2020-12-15,TQ25/86,95.52,6.762583,0.2,16.949905
121770,2020-12-15,SE95/6,22.62,6.762583,0.2,16.949905
121771,2020-12-15,NO20/14,37.43,6.762583,0.2,16.949905
121772,2020-12-15,NY63/2,130.97,6.762583,0.2,16.949905
121773,2020-12-15,TL33/4,76.08,6.762583,0.2,16.949905
121774,2020-12-15,NH95/17,29.89,6.762583,0.2,16.949905
121775,2020-12-15,TL33/67,77.12,6.762583,0.2,16.949905
121776,2020-12-15,SU17/57,136.23,6.762583,0.2,16.949905
121777,2020-12-15,ID30/1,115.83,6.762583,0.2,16.949905
121778,2020-12-15,SP00/62,102.798,6.762583,0.2,16.949905
121779,2020-12-15,SJ15/13,80.172,6.762583,0.2,16.949905
121780,2020-12-15,SU71/23,38.514,6.762583,0.2,16.949905
121781,2020-12-15,TF03/37,14.9,6.762583,0.2,16.949905
121782,2020-12-15,SU01/5B,91.636,6.762583,0.2,16.949905
121783,2020-12-15,ST07/10,78.0536,6.762583,0.2,16.949905
121784,2020-12-15,TR14/9,66.24,6.762583,0.2,16.949905
121785,2020-12-15,SY68/34,70.309,6.762583,0.2,16.949905
121786,2020-12-15,TA10/63,12.885,6.762583,0.2,16.949905
121787,2020-12-15,SU81/1,49.616,6.762583,0.2,16.949905
121788,2020-12-15,SK00/41,130.375,6.762583,0.2,16.949905
121789,2020-12-15,SE94/5,14.801,6.762583,0.2,16.949905
121790,2020-12-15,SJ62/235,54.668,6.762583,0.2,16.949905
121791,2020-12-16,SE95/6,23.09,7.5834174,14.800001,23.446707
121792,2020-12-16,NY63/2,130.98,7.5834174,14.800001,23.446707
121793,2020-12-16,SJ15/13,80.1792,7.5834174,14.800001,23.446707
121794,2020-12-16,ID30/1,116.24,7.5834174,14.800001,23.446707
121795,2020-12-16,TL33/67,77.21,7.5834174,14.800001,23.446707
121796,2020-12-16,TL33/4,76.09,7.5834174,14.800001,23.446707
121797,2020-12-16,SU17/57,136.28,7.5834174,14.800001,23.446707
121798,2020-12-16,NH95/17,29.89,7.5834174,14.800001,23.446707
121799,2020-12-16,TF03/37,15.072,7.5834174,14.800001,23.446707
121800,2020-12-16,SK00/41,130.365,7.5834174,14.800001,23.446707
121801,2020-12-16,SU01/5B,91.917,7.5834174,14.800001,23.446707
121802,2020-12-16,SU81/1,50.055,7.5834174,14.800001,23.446707
121803,2020-12-16,SE94/5,14.854,7.5834174,14.800001,23.446707
121804,2020-12-16,ST07/10,78.0546,7.5834174,14.800001,23.446707
121805,2020-12-16,TA10/63,12.901,7.5834174,14.800001,23.446707
121806,2020-12-16,SU71/23,38.679,7.5834174,14.800001,23.446707
121807,2020-12-16,SJ62/235,54.67,7.5834174,14.800001,23.446707
121808,2020-12-16,SY68/34,70.435,7.5834174,14.800001,23.446707
121809,2020-12-16,TR14/9,66.421,7.5834174,14.800001,23.446707
121810,2020-12-17,NH95/17,29.89,7.6667504,5.700001,17.0025
121811,2020-12-17,TM15/112,25.36,7.6667504,5.700001,17.0025
121812,2020-12-17,NY63/2,131.02,7.6667504,5.700001,17.0025
121813,2020-12-17,ID30/1,116.41,7.6667504,5.700001,17.0025
121814,2020-12-17,SE95/6,23.73,7.6667504,5.700001,17.0025
121815,2020-12-17,TL33/4,76.1,7.6667504,5.700001,17.0025
121816,2020-12-17,SU17/57,136.3,7.6667504,5.700001,17.0025
121817,2020-12-17,SJ15/13,80.1613,7.6667504,5.700001,17.0025
121818,2020-12-17,TL33/67,77.25,7.6667504,5.700001,17.0025
121819,2020-12-17,TF03/37,15.234,7.6667504,5.700001,17.0025
121820,2020-12-17,TA10/63,12.915,7.6667504,5.700001,17.0025
121821,2020-12-17,SU71/23,38.905,7.6667504,5.700001,17.0025
121822,2020-12-17,SJ62/235,54.676,7.6667504,5.700001,17.0025
121823,2020-12-17,ST07/10,78.326,7.6667504,5.700001,17.0025
121824,2020-12-17,SY68/34,70.527,7.6667504,5.700001,17.0025
121825,2020-12-17,SE94/5,14.906,7.6667504,5.700001,17.0025
121826,2020-12-17,SU81/1,50.666,7.6667504,5.700001,17.0025
121827,2020-12-17,SU01/5B,92.488,7.6667504,5.700001,17.0025
121828,2020-12-17,SK00/41,130.351,7.6667504,5.700001,17.0025
121829,2020-12-17,TR14/9,66.618,7.6667504,5.700001,17.0025
121830,2020-12-18,TL33/4,76.12,11.20425,13.399998,24.230762
121831,2020-12-18,SE95/6,24.37,11.20425,13.399998,24.230762
121832,2020-12-18,ID30/1,116.54,11.20425,13.399998,24.230762
121833,2020-12-18,TL33/67,77.39,11.20425,13.399998,24.230762
121834,2020-12-18,NH95/17,29.89,11.20425,13.399998,24.230762
121835,2020-12-18,SJ15/13,80.2054,11.20425,13.399998,24.230762
121836,2020-12-18,NY63/2,131.05,11.20425,13.399998,24.230762
121837,2020-12-18,SU17/57,136.34,11.20425,13.399998,24.230762
121838,2020-12-18,TF03/37,15.438,11.20425,13.399998,24.230762
121839,2020-12-18,SK00/41,130.35,11.20425,13.399998,24.230762
121840,2020-12-18,SU01/5B,93.632,11.20425,13.399998,24.230762
121841,2020-12-18,SY68/34,70.634,11.20425,13.399998,24.230762
121842,2020-12-18,SE94/5,14.977,11.20425,13.399998,24.230762
121843,2020-12-18,TL44/12,38.515,11.20425,13.399998,24.230762
121844,2020-12-18,SU71/23,39.219,11.20425,13.399998,24.230762
121845,2020-12-18,TA10/63,12.945,11.20425,13.399998,24.230762
121846,2020-12-18,ST07/10,79.4825,11.20425,13.399998,24.230762
121847,2020-12-18,SJ62/235,54.698,11.20425,13.399998,24.230762
121848,2020-12-18,TR14/9,66.847,11.20425,13.399998,24.230762
121849,2020-12-18,SU81/1,51.314,11.20425,13.399998,24.230762
121850,2020-12-19,ID30/1,116.58,8.429251,5.6,24.965528
121851,2020-12-19,SU17/57,136.26,8.429251,5.6,24.965528
121852,2020-12-19,TL33/67,77.44,8.429251,5.6,24.965528
121853,2020-12-19,SE95/6,24.99,8.429251,5.6,24.965528
121854,2020-12-19,SJ15/13,80.2911,8.429251,5.6,24.965528
121855,2020-12-19,NH95/17,29.88,8.429251,5.6,24.965528
121856,2020-12-19,NY63/2,131.12,8.429251,5.6,24.965528
121857,2020-12-19,TL33/4,76.13,8.429251,5.6,24.965528
121858,2020-12-19,SJ62/235,54.695,8.429251,5.6,24.965528
121859,2020-12-19,TA10/63,12.965,8.429251,5.6,24.965528
121860,2020-12-19,TL44/12,38.753,8.429251,5.6,24.965528
121861,2020-12-19,TF03/37,15.58,8.429251,5.6,24.965528
121862,2020-12-19,SK00/41,130.35,8.429251,5.6,24.965528
121863,2020-12-19,SU01/5B,95.112,8.429251,5.6,24.965528
121864,2020-12-19,TR14/9,67.051,8.429251,5.6,24.965528
121865,2020-12-19,SU71/23,39.563,8.429251,5.6,24.965528
121866,2020-12-19,SE94/5,15.054,8.429251,5.6,24.965528
121867,2020-12-19,SY68/34,70.749,8.429251,5.6,24.965528
121868,2020-12-19,SU81/1,51.881,8.429251,5.6,24.965528
121869,2020-12-19,ST07/10,81.9781,8.429251,5.6,24.965528
121870,2020-12-20,TL33/4,76.15,6.3438334,3.1999996,16.24068
121871,2020-12-20,NH95/17,29.87,6.3438334,3.1999996,16.24068
121872,2020-12-20,SJ15/13,80.2987,6.3438334,3.1999996,16.24068
121873,2020-12-20,SE95/6,25.48,6.3438334,3.1999996,16.24068
121874,2020-12-20,TL33/67,77.48,6.3438334,3.1999996,16.24068
121875,2020-12-20,NY63/2,131.11,6.3438334,3.1999996,16.24068
121876,2020-12-20,ID30/1,116.58,6.3438334,3.1999996,16.24068
121877,2020-12-20,SU17/57,136.32,6.3438334,3.1999996,16.24068
121878,2020-12-20,SK00/41,130.339,6.3438334,3.1999996,16.24068
121879,2020-12-20,SU01/5B,96.254,6.3438334,3.1999996,16.24068
121880,2020-12-20,TL44/12,38.96,6.3438334,3.1999996,16.24068
121881,2020-12-20,SU71/23,39.989,6.3438334,3.1999996,16.24068
121882,2020-12-20,TA10/63,12.982,6.3438334,3.1999996,16.24068
121883,2020-12-20,ST07/10,82.6741,6.3438334,3.1999996,16.24068
121884,2020-12-20,TF03/37,15.71,6.3438334,3.1999996,16.24068
121885,2020-12-20,SU81/1,52.358,6.3438334,3.1999996,16.24068
121886,2020-12-20,SJ62/235,54.696,6.3438334,3.1999996,16.24068
121887,2020-12-20,TR14/9,67.286,6.3438334,3.1999996,16.24068
121888,2020-12-20,SE94/5,15.126,6.3438334,3.1999996,16.24068
121889,2020-12-20,SY68/34,70.864,6.3438334,3.1999996,16.24068
121890,2020-12-21,NH95/17,29.86,5.9688334,1.1000001,11.552762
121891,2020-12-21,SJ15/13,80.3309,5.9688334,1.1000001,11.552762
121892,2020-12-21,SE95/6,25.88,5.9688334,1.1000001,11.552762
121893,2020-12-21,TL33/4,76.17,5.9688334,1.1000001,11.552762
121894,2020-12-21,TL33/67,77.65,5.9688334,1.1000001,11.552762
121895,2020-12-21,ID30/1,116.47,5.9688334,1.1000001,11.552762
121896,2020-12-21,SU17/57,136.39,5.9688334,1.1000001,11.552762
121897,2020-12-21,SE94/5,15.2,5.9688334,1.1000001,11.552762
121898,2020-12-21,NY63/2,131.1,5.9688334,1.1000001,11.552762
121899,2020-12-21,TL44/12,39.131,5.9688334,1.1000001,11.552762
121900,2020-12-21,TF03/37,15.899,5.9688334,1.1000001,11.552762
121901,2020-12-21,TA10/63,13.015,5.9688334,1.1000001,11.552762
121902,2020-12-21,SJ62/235,54.71,5.9688334,1.1000001,11.552762
121903,2020-12-21,SU01/5B,97.264,5.9688334,1.1000001,11.552762
121904,2020-12-21,SY68/34,71.068,5.9688334,1.1000001,11.552762
121905,2020-12-21,SU71/23,40.867,5.9688334,1.1000001,11.552762
121906,2020-12-21,ST07/10,84.3205,5.9688334,1.1000001,11.552762
121907,2020-12-21,TR14/9,67.517,5.9688334,1.1000001,11.552762
121908,2020-12-21,SU81/1,53.239,5.9688334,1.1000001,11.552762
121909,2020-12-21,SK00/41,130.339,5.9688334,1.1000001,11.552762
121910,2020-12-22,NH95/17,29.84,3.4084167,0.4,6.2200217
121911,2020-12-22,SP00/62,103.165,3.4084167,0.4,6.2200217
121912,2020-12-22,TL33/67,77.68,3.4084167,0.4,6.2200217
121913,2020-12-22,ID30/1,116.29,3.4084167,0.4,6.2200217
121914,2020-12-22,TQ25/86,97.12,3.4084167,0.4,6.2200217
121915,2020-12-22,SU17/57,136.36,3.4084167,0.4,6.2200217
121916,2020-12-22,TL33/4,76.19,3.4084167,0.4,6.2200217
121917,2020-12-22,SJ15/13,80.3351,3.4084167,0.4,6.2200217
121918,2020-12-22,NY63/2,131.17,3.4084167,0.4,6.2200217
121919,2020-12-22,SE95/6,26.24,3.4084167,0.4,6.2200217
121920,2020-12-22,TR14/9,67.789,3.4084167,0.4,6.2200217
121921,2020-12-22,SY68/34,71.155,3.4084167,0.4,6.2200217
121922,2020-12-22,SE94/5,15.248,3.4084167,0.4,6.2200217
121923,2020-12-22,SU71/23,42.503,3.4084167,0.4,6.2200217
121924,2020-12-22,TL44/12,39.294,3.4084167,0.4,6.2200217
121925,2020-12-22,SJ62/235,54.712,3.4084167,0.4,6.2200217
121926,2020-12-22,SU01/5B,98.142,3.4084167,0.4,6.2200217
121927,2020-12-22,TA10/63,13.029,3.4084167,0.4,6.2200217
121928,2020-12-22,SU81/1,55.862,3.4084167,0.4,6.2200217
121929,2020-12-22,SK00/41,130.331,3.4084167,0.4,6.2200217
121930,2020-12-22,ST07/10,86.5999,3.4084167,0.4,6.2200217
121931,2020-12-22,TF03/37,16.009,3.4084167,0.4,6.2200217
121932,2020-12-23,SE95/6,26.5,4.4104996,9.100001,13.891373
121933,2020-12-23,ID30/1,116.11,4.4104996,9.100001,13.891373
121934,2020-12-23,TL33/67,77.79,4.4104996,9.100001,13.891373
121935,2020-12-23,NY63/2,131.14,4.4104996,9.100001,13.891373
121936,2020-12-23,SJ15/13,80.3558,4.4104996,9.100001,13.891373
121937,2020-12-23,TL33/4,76.22,4.4104996,9.100001,13.891373
121938,2020-12-23,NH95/17,29.84,4.4104996,9.100001,13.891373
121939,2020-12-23,SU17/57,136.49,4.4104996,9.100001,13.891373
121940,2020-12-23,SY68/34,71.199,4.4104996,9.100001,13.891373
121941,2020-12-23,ST07/10,88.1945,4.4104996,9.100001,13.891373
121942,2020-12-23,SK00/41,130.328,4.4104996,9.100001,13.891373
121943,2020-12-23,SU81/1,58.695,4.4104996,9.100001,13.891373
121944,2020-12-23,TR14/9,68.047,4.4104996,9.100001,13.891373
121945,2020-12-23,SE94/5,15.311,4.4104996,9.100001,13.891373
121946,2020-12-23,SJ62/235,54.718,4.4104996,9.100001,13.891373
121947,2020-12-23,TF03/37,16.185,4.4104996,9.100001,13.891373
121948,2020-12-23,SU71/23,44.111,4.4104996,9.100001,13.891373
121949,2020-12-23,SU01/5B,98.715,4.4104996,9.100001,13.891373
121950,2020-12-23,TL44/12,39.489,4.4104996,9.100001,13.891373
121951,2020-12-24,ID30/1,115.88,0.4875834,0.0,13.360944
121952,2020-12-24,TL33/67,77.75,0.4875834,0.0,13.360944
121953,2020-12-24,NH95/17,29.79,0.4875834,0.0,13.360944
121954,2020-12-24,SU17/57,136.62,0.4875834,0.0,13.360944
121955,2020-12-24,TL33/4,76.24,0.4875834,0.0,13.360944
121956,2020-12-24,SJ15/13,80.3,0.4875834,0.0,13.360944
121957,2020-12-24,SE95/6,26.77,0.4875834,0.0,13.360944
121958,2020-12-24,NY63/2,131.13,0.4875834,0.0,13.360944
121959,2020-12-24,SK00/41,130.308,0.4875834,0.0,13.360944
121960,2020-12-24,TL44/12,39.918,0.4875834,0.0,13.360944
121961,2020-12-24,TF03/37,16.302,0.4875834,0.0,13.360944
121962,2020-12-24,SU71/23,45.223,0.4875834,0.0,13.360944
121963,2020-12-24,SJ62/235,54.71,0.4875834,0.0,13.360944
121964,2020-12-24,SU81/1,60.649,0.4875834,0.0,13.360944
121965,2020-12-24,TR14/9,68.333,0.4875834,0.0,13.360944
121966,2020-12-24,SE94/5,15.461,0.4875834,0.0,13.360944
121967,2020-12-24,ST07/10,89.7188,0.4875834,0.0,13.360944
121968,2020-12-24,SU01/5B,98.928,0.4875834,0.0,13.360944
121969,2020-12-24,SY68/34,71.182,0.4875834,0.0,13.360944
121970,2020-12-25,SE95/6,26.98,1.0354999,0.4,7.1599326
121971,2020-12-25,TL33/4,76.26,1.0354999,0.4,7.1599326
121972,2020-12-25,SJ15/13,80.2768,1.0354999,0.4,7.1599326
121973,2020-12-25,NH95/17,29.79,1.0354999,0.4,7.1599326
121974,2020-12-25,TL33/67,77.89,1.0354999,0.4,7.1599326
121975,2020-12-25,NY63/2,131.08,1.0354999,0.4,7.1599326
121976,2020-12-25,ID30/1,115.72,1.0354999,0.4,7.1599326
121977,2020-12-25,SU17/57,136.73,1.0354999,0.4,7.1599326
121978,2020-12-25,TF03/37,16.657,1.0354999,0.4,7.1599326
121979,2020-12-25,SU01/5B,99.004,1.0354999,0.4,7.1599326
121980,2020-12-25,TL44/12,40.767,1.0354999,0.4,7.1599326
121981,2020-12-25,SU71/23,46.23,1.0354999,0.4,7.1599326
121982,2020-12-25,SU81/1,62.26,1.0354999,0.4,7.1599326
121983,2020-12-25,SK00/41,130.295,1.0354999,0.4,7.1599326
121984,2020-12-25,ST07/10,89.1186,1.0354999,0.4,7.1599326
121985,2020-12-25,SE94/5,15.577,1.0354999,0.4,7.1599326
121986,2020-12-25,SJ62/235,54.737,1.0354999,0.4,7.1599326
121987,2020-12-25,SY68/34,71.179,1.0354999,0.4,7.1599326
121988,2020-12-25,TR14/9,68.71,1.0354999,0.4,7.1599326
121989,2020-12-26,NH95/17,29.84,6.5125833,20.500002,21.777004
121990,2020-12-26,SU17/57,136.92,6.5125833,20.500002,21.777004
121991,2020-12-26,ID30/1,115.69,6.5125833,20.500002,21.777004
121992,2020-12-26,TL33/67,78.23,6.5125833,20.500002,21.777004
121993,2020-12-26,SJ15/13,80.3436,6.5125833,20.500002,21.777004
121994,2020-12-26,SE95/6,27.21,6.5125833,20.500002,21.777004
121995,2020-12-26,NY63/2,131.18,6.5125833,20.500002,21.777004
121996,2020-12-26,TL33/4,76.29,6.5125833,20.500002,21.777004
121997,2020-12-26,SY68/34,71.194,6.5125833,20.500002,21.777004
121998,2020-12-26,ST07/10,88.3463,6.5125833,20.500002,21.777004
121999,2020-12-26,TR14/9,69.45,6.5125833,20.500002,21.777004
122000,2020-12-26,SU81/1,63.494,6.5125833,20.500002,21.777004
122001,2020-12-26,TF03/37,17.201,6.5125833,20.500002,21.777004
122002,2020-12-26,TL44/12,41.816,6.5125833,20.500002,21.777004
122003,2020-12-26,SK00/41,130.317,6.5125833,20.500002,21.777004
122004,2020-12-26,SU71/23,47.23,6.5125833,20.500002,21.777004
122005,2020-12-26,SE94/5,15.721,6.5125833,20.500002,21.777004
122006,2020-12-26,SJ62/235,54.788,6.5125833,20.500002,21.777004
122007,2020-12-26,SU01/5B,99.104,6.5125833,20.500002,21.777004
122008,2020-12-27,NH95/17,29.88,2.9834166,11.2,15.916849
122009,2020-12-27,ID30/1,116.09,2.9834166,11.2,15.916849
122010,2020-12-27,TL33/67,78.42,2.9834166,11.2,15.916849
122011,2020-12-27,SE95/6,27.5,2.9834166,11.2,15.916849
122012,2020-12-27,TL33/4,76.33,2.9834166,11.2,15.916849
122013,2020-12-27,SJ15/13,80.5244,2.9834166,11.2,15.916849
122014,2020-12-27,NY63/2,131.41,2.9834166,11.2,15.916849
122015,2020-12-27,SU17/57,136.9,2.9834166,11.2,15.916849
122016,2020-12-27,SU01/5B,99.247,2.9834166,11.2,15.916849
122017,2020-12-27,SE94/5,15.885,2.9834166,11.2,15.916849
122018,2020-12-27,TR14/9,70.357,2.9834166,11.2,15.916849
122019,2020-12-27,SU81/1,64.502,2.9834166,11.2,15.916849
122020,2020-12-27,TF03/37,17.548,2.9834166,11.2,15.916849
122021,2020-12-27,SY68/34,71.194,2.9834166,11.2,15.916849
122022,2020-12-27,SJ62/235,54.804,2.9834166,11.2,15.916849
122023,2020-12-27,SU71/23,48.203,2.9834166,11.2,15.916849
122024,2020-12-27,TL44/12,42.418,2.9834166,11.2,15.916849
122025,2020-12-27,SK00/41,130.373,2.9834166,11.2,15.916849
122026,2020-12-27,ST07/10,88.6695,2.9834166,11.2,15.916849
122027,2020-12-28,TL33/67,78.43,0.5917501,0.0,5.6849284
122028,2020-12-28,SE95/6,27.73,0.5917501,0.0,5.6849284
122029,2020-12-28,SU17/57,137.3,0.5917501,0.0,5.6849284
122030,2020-12-28,SJ15/13,80.5553,0.5917501,0.0,5.6849284
122031,2020-12-28,TL33/4,76.36,0.5917501,0.0,5.6849284
122032,2020-12-28,NY63/2,131.43,0.5917501,0.0,5.6849284
122033,2020-12-28,NH95/17,29.87,0.5917501,0.0,5.6849284
122034,2020-12-28,ID30/1,116.24,0.5917501,0.0,5.6849284
122035,2020-12-28,SU71/23,49.22,0.5917501,0.0,5.6849284
122036,2020-12-28,SK00/41,130.386,0.5917501,0.0,5.6849284
122037,2020-12-28,SY68/34,71.155,0.5917501,0.0,5.6849284
122038,2020-12-28,ST07/10,88.6549,0.5917501,0.0,5.6849284
122039,2020-12-28,SU81/1,65.392,0.5917501,0.0,5.6849284
122040,2020-12-28,TL44/12,42.666,0.5917501,0.0,5.6849284
122041,2020-12-28,TF03/37,17.74,0.5917501,0.0,5.6849284
122042,2020-12-28,SE94/5,16.016,0.5917501,0.0,5.6849284
122043,2020-12-28,SJ62/235,54.793,0.5917501,0.0,5.6849284
122044,2020-12-28,SU01/5B,99.213,0.5917501,0.0,5.6849284
122045,2020-12-28,TR14/9,71.168,0.5917501,0.0,5.6849284
122046,2020-12-29,SJ15/13,80.4581,1.4521667,0.1,9.926979
122047,2020-12-29,SP00/62,103.472,1.4521667,0.1,9.926979
122048,2020-12-29,SE95/6,28.0,1.4521667,0.1,9.926979
122049,2020-12-29,TL33/67,78.45,1.4521667,0.1,9.926979
122050,2020-12-29,NH95/17,29.85,1.4521667,0.1,9.926979
122051,2020-12-29,SU17/57,137.72,1.4521667,0.1,9.926979
122052,2020-12-29,NY63/2,131.34,1.4521667,0.1,9.926979
122053,2020-12-29,TQ25/86,97.86,1.4521667,0.1,9.926979
122054,2020-12-29,ID30/1,116.44,1.4521667,0.1,9.926979
122055,2020-12-29,TL33/4,76.39,1.4521667,0.1,9.926979
122056,2020-12-29,TL44/12,42.67,1.4521667,0.1,9.926979
122057,2020-12-29,SU81/1,66.193,1.4521667,0.1,9.926979
122058,2020-12-29,TR14/9,71.842,1.4521667,0.1,9.926979
122059,2020-12-29,SY68/34,71.122,1.4521667,0.1,9.926979
122060,2020-12-29,TF03/37,17.912,1.4521667,0.1,9.926979
122061,2020-12-29,SU01/5B,99.085,1.4521667,0.1,9.926979
122062,2020-12-29,SK00/41,130.37,1.4521667,0.1,9.926979
122063,2020-12-29,ST07/10,88.052,1.4521667,0.1,9.926979
122064,2020-12-29,SU71/23,50.142,1.4521667,0.1,9.926979
122065,2020-12-29,SE94/5,16.152,1.4521667,0.1,9.926979
122066,2020-12-29,SJ62/235,54.786,1.4521667,0.1,9.926979
122067,2020-12-30,SU17/57,138.2,-0.70199996,0.0,5.308106
122068,2020-12-30,SJ15/13,80.3988,-0.70199996,0.0,5.308106
122069,2020-12-30,TL44/12,42.925,-0.70199996,0.0,5.308106
122070,2020-12-30,SE95/6,28.33,-0.70199996,0.0,5.308106
122071,2020-12-30,TL33/4,76.43,-0.70199996,0.0,5.308106
122072,2020-12-30,TL33/67,78.59,-0.70199996,0.0,5.308106
122073,2020-12-30,NH95/17,29.85,-0.70199996,0.0,5.308106
122074,2020-12-30,NY63/2,131.27,-0.70199996,0.0,5.308106
122075,2020-12-30,ID30/1,116.48,-0.70199996,0.0,5.308106
122076,2020-12-30,SK00/41,130.351,-0.70199996,0.0,5.308106
122077,2020-12-30,SU71/23,50.907,-0.70199996,0.0,5.308106
122078,2020-12-30,ST07/10,87.2102,-0.70199996,0.0,5.308106
122079,2020-12-30,TF03/37,18.2,-0.70199996,0.0,5.308106
122080,2020-12-30,SY68/34,71.106,-0.70199996,0.0,5.308106
122081,2020-12-30,SE94/5,16.276,-0.70199996,0.0,5.308106
122082,2020-12-30,SU81/1,66.726,-0.70199996,0.0,5.308106
122083,2020-12-30,SJ62/235,54.796,-0.70199996,0.0,5.308106
122084,2020-12-30,TR14/9,72.35,-0.70199996,0.0,5.308106
122085,2020-12-30,SU01/5B,99.064,-0.70199996,0.0,5.308106
122086,2020-12-31,SU17/57,138.56,0.5313334,1.2,5.290923
122087,2020-12-31,SJ15/13,80.413,0.5313334,1.2,5.290923
122088,2020-12-31,NH95/17,29.86,0.5313334,1.2,5.290923
122089,2020-12-31,TL33/67,78.72,0.5313334,1.2,5.290923
122090,2020-12-31,ID30/1,116.44,0.5313334,1.2,5.290923
122091,2020-12-31,TL33/4,76.47,0.5313334,1.2,5.290923
122092,2020-12-31,NY63/2,131.28,0.5313334,1.2,5.290923
122093,2020-12-31,SE95/6,28.71,0.5313334,1.2,5.290923
122094,2020-12-31,TF03/37,18.374,0.5313334,1.2,5.290923
122095,2020-12-31,SK00/41,130.336,0.5313334,1.2,5.290923
122096,2020-12-31,TL44/12,42.93,0.5313334,1.2,5.290923
122097,2020-12-31,SU71/23,51.509,0.5313334,1.2,5.290923
122098,2020-12-31,SU81/1,66.968,0.5313334,1.2,5.290923
122099,2020-12-31,SY68/34,71.088,0.5313334,1.2,5.290923
122100,2020-12-31,TR14/9,72.745,0.5313334,1.2,5.290923
122101,2020-12-31,ST07/10,86.2383,0.5313334,1.2,5.290923
122102,2020-12-31,SE94/5,16.458,0.5313334,1.2,5.290923
122103,2020-12-31,SU01/5B,99.17,0.5313334,1.2,5.290923
122104,2021-01-01,TL33/4,76.5,1.598,0.5,10.664443
122105,2021-01-01,TQ25/86,98.54,1.598,0.5,10.664443
122106,2021-01-01,NH95/17,29.88,1.598,0.5,10.664443
122107,2021-01-01,NY63/2,131.26,1.598,0.5,10.664443
122108,2021-01-01,SU17/57,138.91,1.598,0.5,10.664443
122109,2021-01-01,SE95/6,29.09,1.598,0.5,10.664443
122110,2021-01-01,SJ15/13,80.3823,1.598,0.5,10.664443
122111,2021-01-01,TL33/67,78.85,1.598,0.5,10.664443
122112,2021-01-01,ID30/1,116.34,1.598,0.5,10.664443
122113,2021-01-01,SP00/62,103.217,1.598,0.5,10.664443
122114,2021-01-01,SU71/23,51.976,1.598,0.5,10.664443
122115,2021-01-01,TF03/37,18.772,1.598,0.5,10.664443
122116,2021-01-01,SE94/5,16.619,1.598,0.5,10.664443
122117,2021-01-01,SU01/5B,99.266,1.598,0.5,10.664443
122118,2021-01-01,SJ62/235,54.798,1.598,0.5,10.664443
122119,2021-01-01,SU81/1,67.138,1.598,0.5,10.664443
122120,2021-01-01,ST07/10,85.1854,1.598,0.5,10.664443
122121,2021-01-01,TR14/9,73.08,1.598,0.5,10.664443
122122,2021-01-01,SY68/34,71.068,1.598,0.5,10.664443
122123,2021-01-01,TL44/12,42.899,1.598,0.5,10.664443
122124,2021-01-01,SK00/41,130.319,1.598,0.5,10.664443
122125,2021-01-02,TL33/67,79.0,-0.55616677,0.4,8.611744
122126,2021-01-02,SU17/57,139.18,-0.55616677,0.4,8.611744
122127,2021-01-02,NH95/17,29.89,-0.55616677,0.4,8.611744
122128,2021-01-02,NY63/2,131.24,-0.55616677,0.4,8.611744
122129,2021-01-02,SE95/6,29.44,-0.55616677,0.4,8.611744
122130,2021-01-02,ID30/1,116.21,-0.55616677,0.4,8.611744
122131,2021-01-02,TL33/4,76.55,-0.55616677,0.4,8.611744
122132,2021-01-02,SE94/5,16.784,-0.55616677,0.4,8.611744
122133,2021-01-02,SJ62/235,54.803,-0.55616677,0.4,8.611744
122134,2021-01-02,SJ15/13,80.3616,-0.55616677,0.4,8.611744
122135,2021-01-02,SK00/41,130.304,-0.55616677,0.4,8.611744
122136,2021-01-02,SU01/5B,99.241,-0.55616677,0.4,8.611744
122137,2021-01-02,SY68/34,71.051,-0.55616677,0.4,8.611744
122138,2021-01-02,ST07/10,84.0803,-0.55616677,0.4,8.611744
122139,2021-01-02,SU81/1,67.129,-0.55616677,0.4,8.611744
122140,2021-01-02,TR14/9,73.367,-0.55616677,0.4,8.611744
122141,2021-01-02,TL44/12,42.865,-0.55616677,0.4,8.611744
122142,2021-01-02,TF03/37,19.028,-0.55616677,0.4,8.611744
122143,2021-01-02,SU71/23,52.29,-0.55616677,0.4,8.611744
122144,2021-01-03,SE95/6,29.74,2.683417,0.2,11.517591
122145,2021-01-03,NH95/17,29.89,2.683417,0.2,11.517591
122146,2021-01-03,TL33/67,79.13,2.683417,0.2,11.517591
122147,2021-01-03,ID30/1,116.07,2.683417,0.2,11.517591
122148,2021-01-03,NY63/2,131.24,2.683417,0.2,11.517591
122149,2021-01-03,TL33/4,76.59,2.683417,0.2,11.517591
122150,2021-01-03,SU17/57,139.4,2.683417,0.2,11.517591
122151,2021-01-03,SU81/1,67.028,2.683417,0.2,11.517591
122152,2021-01-03,SE94/5,16.926,2.683417,0.2,11.517591
122153,2021-01-03,SU01/5B,99.117,2.683417,0.2,11.517591
122154,2021-01-03,TR14/9,73.655,2.683417,0.2,11.517591
122155,2021-01-03,SK00/41,130.293,2.683417,0.2,11.517591
122156,2021-01-03,ST07/10,82.9299,2.683417,0.2,11.517591
122157,2021-01-03,SY68/34,71.031,2.683417,0.2,11.517591
122158,2021-01-03,TL44/12,42.829,2.683417,0.2,11.517591
122159,2021-01-03,TF03/37,19.199,2.683417,0.2,11.517591
122160,2021-01-03,SJ15/13,80.3494,2.683417,0.2,11.517591
122161,2021-01-03,SU71/23,52.501,2.683417,0.2,11.517591
122162,2021-01-03,SJ62/235,54.803,2.683417,0.2,11.517591
122163,2021-01-04,NY63/2,131.23,2.477167,0.0,10.648913
122164,2021-01-04,ID30/1,115.97,2.477167,0.0,10.648913
122165,2021-01-04,SU17/57,139.64,2.477167,0.0,10.648913
122166,2021-01-04,SE95/6,29.98,2.477167,0.0,10.648913
122167,2021-01-04,TF81/2A,47.11,2.477167,0.0,10.648913
122168,2021-01-04,NH95/17,29.87,2.477167,0.0,10.648913
122169,2021-01-04,TL33/67,79.29,2.477167,0.0,10.648913
122170,2021-01-04,TL33/4,76.64,2.477167,0.0,10.648913
122171,2021-01-04,SY68/34,71.01,2.477167,0.0,10.648913
122172,2021-01-04,SU01/5B,98.916,2.477167,0.0,10.648913
122173,2021-01-04,TF03/37,19.37,2.477167,0.0,10.648913
122174,2021-01-04,TL44/12,46.32,2.477167,0.0,10.648913
122175,2021-01-04,SJ15/13,80.3372,2.477167,0.0,10.648913
122176,2021-01-04,ST07/10,81.4128,2.477167,0.0,10.648913
122177,2021-01-04,SU71/23,52.638,2.477167,0.0,10.648913
122178,2021-01-04,SE94/5,17.133,2.477167,0.0,10.648913
122179,2021-01-04,TR14/9,73.927,2.477167,0.0,10.648913
122180,2021-01-04,SJ62/235,54.806,2.477167,0.0,10.648913
122181,2021-01-04,SU81/1,66.847,2.477167,0.0,10.648913
122182,2021-01-04,SK00/41,130.283,2.477167,0.0,10.648913
122183,2021-01-05,TQ25/86,98.98,1.5771667,0.0,9.190854
122184,2021-01-05,SE95/6,30.18,1.5771667,0.0,9.190854
122185,2021-01-05,SU17/57,139.8,1.5771667,0.0,9.190854
122186,2021-01-05,NH95/17,29.88,1.5771667,0.0,9.190854
122187,2021-01-05,TL33/4,76.69,1.5771667,0.0,9.190854
122188,2021-01-05,SP00/62,102.961,1.5771667,0.0,9.190854
122189,2021-01-05,TL33/67,79.44,1.5771667,0.0,9.190854
122190,2021-01-05,ID30/1,115.78,1.5771667,0.0,9.190854
122191,2021-01-05,NY63/2,131.25,1.5771667,0.0,9.190854
122192,2021-01-05,SK00/41,130.278,1.5771667,0.0,9.190854
122193,2021-01-05,TR14/9,74.185,1.5771667,0.0,9.190854
122194,2021-01-05,SY68/34,70.985,1.5771667,0.0,9.190854
122195,2021-01-05,SJ62/235,54.81,1.5771667,0.0,9.190854
122196,2021-01-05,SU71/23,52.717,1.5771667,0.0,9.190854
122197,2021-01-05,SE94/5,17.319,1.5771667,0.0,9.190854
122198,2021-01-05,ST07/10,79.4024,1.5771667,0.0,9.190854
122199,2021-01-05,SU81/1,66.615,1.5771667,0.0,9.190854
122200,2021-01-05,SJ15/13,80.3316,1.5771667,0.0,9.190854
122201,2021-01-05,TF03/37,19.517,1.5771667,0.0,9.190854
122202,2021-01-05,SU01/5B,98.665,1.5771667,0.0,9.190854
122203,2021-01-06,TL33/4,76.74,0.37091675,0.0,5.7861023
122204,2021-01-06,NH95/17,29.88,0.37091675,0.0,5.7861023
122205,2021-01-06,TL33/67,79.59,0.37091675,0.0,5.7861023
122206,2021-01-06,SU17/57,139.94,0.37091675,0.0,5.7861023
122207,2021-01-06,NY63/2,131.27,0.37091675,0.0,5.7861023
122208,2021-01-06,ID30/1,115.63,0.37091675,0.0,5.7861023
122209,2021-01-06,SE95/6,30.35,0.37091675,0.0,5.7861023
122210,2021-01-06,SJ62/235,54.816,0.37091675,0.0,5.7861023
122211,2021-01-06,ST07/10,77.7113,0.37091675,0.0,5.7861023
122212,2021-01-06,SU01/5B,98.381,0.37091675,0.0,5.7861023
122213,2021-01-06,SU71/23,52.757,0.37091675,0.0,5.7861023
122214,2021-01-06,SE94/5,17.503,0.37091675,0.0,5.7861023
122215,2021-01-06,SK00/41,130.28,0.37091675,0.0,5.7861023
122216,2021-01-06,TR14/9,74.429,0.37091675,0.0,5.7861023
122217,2021-01-06,SJ15/13,80.3348,0.37091675,0.0,5.7861023
122218,2021-01-06,SU81/1,66.33,0.37091675,0.0,5.7861023
122219,2021-01-06,TF03/37,19.67,0.37091675,0.0,5.7861023
122220,2021-01-06,SY68/34,70.953,0.37091675,0.0,5.7861023
122221,2021-01-07,NY63/2,131.3,-0.49366665,1.2,6.668596
122222,2021-01-07,NH95/17,29.87,-0.49366665,1.2,6.668596
122223,2021-01-07,TL33/4,76.79,-0.49366665,1.2,6.668596
122224,2021-01-07,TL33/67,79.74,-0.49366665,1.2,6.668596
122225,2021-01-07,SE95/6,30.52,-0.49366665,1.2,6.668596
122226,2021-01-07,ID30/1,115.48,-0.49366665,1.2,6.668596
122227,2021-01-07,SU17/57,140.07,-0.49366665,1.2,6.668596
122228,2021-01-07,SU81/1,66.015,-0.49366665,1.2,6.668596
122229,2021-01-07,SK00/41,130.287,-0.49366665,1.2,6.668596
122230,2021-01-07,SJ15/13,80.3392,-0.49366665,1.2,6.668596
122231,2021-01-07,SU01/5B,98.079,-0.49366665,1.2,6.668596
122232,2021-01-07,SE94/5,17.678,-0.49366665,1.2,6.668596
122233,2021-01-07,TF03/37,19.781,-0.49366665,1.2,6.668596
122234,2021-01-07,SJ62/235,54.82,-0.49366665,1.2,6.668596
122235,2021-01-07,ST07/10,76.3424,-0.49366665,1.2,6.668596
122236,2021-01-07,SU71/23,52.77,-0.49366665,1.2,6.668596
122237,2021-01-07,SY68/34,70.919,-0.49366665,1.2,6.668596
122238,2021-01-07,TR14/9,74.687,-0.49366665,1.2,6.668596
122239,2021-01-08,NH95/17,29.88,-0.38950005,3.3999999,10.84959
122240,2021-01-08,SU17/57,140.14,-0.38950005,3.3999999,10.84959
122241,2021-01-08,TL33/4,76.85,-0.38950005,3.3999999,10.84959
122242,2021-01-08,SE95/6,30.72,-0.38950005,3.3999999,10.84959
122243,2021-01-08,ID30/1,115.33,-0.38950005,3.3999999,10.84959
122244,2021-01-08,TL33/67,79.82,-0.38950005,3.3999999,10.84959
122245,2021-01-08,NY63/2,131.32,-0.38950005,3.3999999,10.84959
122246,2021-01-08,SJ62/235,54.814,-0.38950005,3.3999999,10.84959
122247,2021-01-08,ST07/10,75.1748,-0.38950005,3.3999999,10.84959
122248,2021-01-08,TF03/37,19.829,-0.38950005,3.3999999,10.84959
122249,2021-01-08,SJ15/13,80.3202,-0.38950005,3.3999999,10.84959
122250,2021-01-08,SK00/41,130.29,-0.38950005,3.3999999,10.84959
122251,2021-01-08,SU81/1,65.658,-0.38950005,3.3999999,10.84959
122252,2021-01-08,SU71/23,52.743,-0.38950005,3.3999999,10.84959
122253,2021-01-08,SE94/5,17.832,-0.38950005,3.3999999,10.84959
122254,2021-01-08,SY68/34,70.886,-0.38950005,3.3999999,10.84959
122255,2021-01-08,SU01/5B,97.759,-0.38950005,3.3999999,10.84959
122256,2021-01-08,TR14/9,74.926,-0.38950005,3.3999999,10.84959
122257,2021-01-09,TL33/4,76.91,-1.035333,0.2,5.513641
122258,2021-01-09,SE95/6,30.92,-1.035333,0.2,5.513641
122259,2021-01-09,ID30/1,115.17,-1.035333,0.2,5.513641
122260,2021-01-09,TL33/67,79.92,-1.035333,0.2,5.513641
122261,2021-01-09,SU17/57,140.27,-1.035333,0.2,5.513641
122262,2021-01-09,NY63/2,131.27,-1.035333,0.2,5.513641
122263,2021-01-09,NH95/17,29.87,-1.035333,0.2,5.513641
122264,2021-01-09,TF03/37,19.883,-1.035333,0.2,5.513641
122265,2021-01-09,SK00/41,130.284,-1.035333,0.2,5.513641
122266,2021-01-09,SJ62/235,54.813,-1.035333,0.2,5.513641
122267,2021-01-09,TR14/9,75.186,-1.035333,0.2,5.513641
122268,2021-01-09,ST07/10,74.0519,-1.035333,0.2,5.513641
122269,2021-01-09,SU01/5B,97.403,-1.035333,0.2,5.513641
122270,2021-01-09,SU71/23,52.681,-1.035333,0.2,5.513641
122271,2021-01-09,SU81/1,65.259,-1.035333,0.2,5.513641
122272,2021-01-09,SY68/34,70.852,-1.035333,0.2,5.513641
122273,2021-01-09,SJ15/13,80.3174,-1.035333,0.2,5.513641
122274,2021-01-09,SE94/5,17.962,-1.035333,0.2,5.513641
122275,2021-01-10,ID30/1,115.04,4.3771663,1.2,8.916709
122276,2021-01-10,TL33/4,76.97,4.3771663,1.2,8.916709
122277,2021-01-10,NH95/17,29.87,4.3771663,1.2,8.916709
122278,2021-01-10,TL33/67,80.08,4.3771663,1.2,8.916709
122279,2021-01-10,NY63/2,131.28,4.3771663,1.2,8.916709
122280,2021-01-10,SE95/6,31.13,4.3771663,1.2,8.916709
122281,2021-01-10,SU17/57,140.32,4.3771663,1.2,8.916709
122282,2021-01-10,SU81/1,64.872,4.3771663,1.2,8.916709
122283,2021-01-10,SU71/23,52.617,4.3771663,1.2,8.916709
122284,2021-01-10,TR14/9,75.482,4.3771663,1.2,8.916709
122285,2021-01-10,SJ62/235,54.82,4.3771663,1.2,8.916709
122286,2021-01-10,SY68/34,70.823,4.3771663,1.2,8.916709
122287,2021-01-10,ST07/10,73.172,4.3771663,1.2,8.916709
122288,2021-01-10,SE94/5,18.142,4.3771663,1.2,8.916709
122289,2021-01-10,SU01/5B,97.054,4.3771663,1.2,8.916709
122290,2021-01-10,SK00/41,130.286,4.3771663,1.2,8.916709
122291,2021-01-10,TF03/37,19.939,4.3771663,1.2,8.916709
122292,2021-01-10,SJ15/13,80.3346,4.3771663,1.2,8.916709
122293,2021-01-11,SE95/6,31.34,6.9063334,9.8,20.235567
122294,2021-01-11,NY63/2,131.32,6.9063334,9.8,20.235567
122295,2021-01-11,NH95/17,29.88,6.9063334,9.8,20.235567
122296,2021-01-11,TF81/2A,48.18,6.9063334,9.8,20.235567
122297,2021-01-11,TL33/4,77.03,6.9063334,9.8,20.235567
122298,2021-01-11,ID30/1,114.93,6.9063334,9.8,20.235567
122299,2021-01-11,TL33/67,80.28,6.9063334,9.8,20.235567
122300,2021-01-11,SU17/57,140.33,6.9063334,9.8,20.235567
122301,2021-01-11,SK00/41,130.303,6.9063334,9.8,20.235567
122302,2021-01-11,TF03/37,20.025,6.9063334,9.8,20.235567
122303,2021-01-11,SU01/5B,96.736,6.9063334,9.8,20.235567
122304,2021-01-11,ST07/10,72.4052,6.9063334,9.8,20.235567
122305,2021-01-11,SJ62/235,54.833,6.9063334,9.8,20.235567
122306,2021-01-11,TR14/9,75.775,6.9063334,9.8,20.235567
122307,2021-01-11,SU71/23,52.561,6.9063334,9.8,20.235567
122308,2021-01-11,SE94/5,18.309,6.9063334,9.8,20.235567
122309,2021-01-11,SY68/34,70.805,6.9063334,9.8,20.235567
122310,2021-01-11,SJ15/13,80.3727,6.9063334,9.8,20.235567
122311,2021-01-11,SU81/1,64.49,6.9063334,9.8,20.235567
122312,2021-01-12,SP00/62,102.674,1.0146667,1.6,6.3004646
122313,2021-01-12,NH95/17,29.89,1.0146667,1.6,6.3004646
122314,2021-01-12,SU17/57,140.28,1.0146667,1.6,6.3004646
122315,2021-01-12,SE95/6,31.52,1.0146667,1.6,6.3004646
122316,2021-01-12,ID30/1,114.86,1.0146667,1.6,6.3004646
122317,2021-01-12,TL33/4,77.03,1.0146667,1.6,6.3004646
122318,2021-01-12,NY63/2,131.37,1.0146667,1.6,6.3004646
122319,2021-01-12,TL33/67,80.3,1.0146667,1.6,6.3004646
122320,2021-01-12,TQ25/86,99.37,1.0146667,1.6,6.3004646
122321,2021-01-12,TF03/37,19.982,1.0146667,1.6,6.3004646
122322,2021-01-12,SU01/5B,96.417,1.0146667,1.6,6.3004646
122323,2021-01-12,ST07/10,71.9703,1.0146667,1.6,6.3004646
122324,2021-01-12,SK00/41,130.311,1.0146667,1.6,6.3004646
122325,2021-01-12,SJ15/13,80.3988,1.0146667,1.6,6.3004646
122326,2021-01-12,SU71/23,52.471,1.0146667,1.6,6.3004646
122327,2021-01-12,SU81/1,64.087,1.0146667,1.6,6.3004646
122328,2021-01-12,SJ62/235,54.822,1.0146667,1.6,6.3004646
122329,2021-01-12,SE94/5,18.446,1.0146667,1.6,6.3004646
122330,2021-01-12,TR14/9,76.019,1.0146667,1.6,6.3004646
122331,2021-01-12,SY68/34,70.785,1.0146667,1.6,6.3004646
122332,2021-01-13,SE95/6,31.6,1.4604999,10.099999,8.094806
122333,2021-01-13,SU17/57,140.38,1.4604999,10.099999,8.094806
122334,2021-01-13,TL33/67,80.44,1.4604999,10.099999,8.094806
122335,2021-01-13,NY63/2,131.29,1.4604999,10.099999,8.094806
122336,2021-01-13,NH95/17,29.89,1.4604999,10.099999,8.094806
122337,2021-01-13,TL33/4,77.03,1.4604999,10.099999,8.094806
122338,2021-01-13,ID30/1,114.86,1.4604999,10.099999,8.094806
122339,2021-01-13,SU81/1,63.679,1.4604999,10.099999,8.094806
122340,2021-01-13,SK00/41,130.312,1.4604999,10.099999,8.094806
122341,2021-01-13,SJ15/13,80.4319,1.4604999,10.099999,8.094806
122342,2021-01-13,TF03/37,19.984,1.4604999,10.099999,8.094806
122343,2021-01-13,TR14/9,76.32,1.4604999,10.099999,8.094806
122344,2021-01-13,SJ62/235,54.843,1.4604999,10.099999,8.094806
122345,2021-01-13,SY68/34,70.757,1.4604999,10.099999,8.094806
122346,2021-01-13,SU01/5B,96.081,1.4604999,10.099999,8.094806
122347,2021-01-13,SE94/5,18.585,1.4604999,10.099999,8.094806
122348,2021-01-13,ST07/10,71.8015,1.4604999,10.099999,8.094806
122349,2021-01-13,SU71/23,52.362,1.4604999,10.099999,8.094806
122350,2021-01-14,SU17/57,140.36,2.2125838,18.100002,11.04827
122351,2021-01-14,ID30/1,115.21,2.2125838,18.100002,11.04827
122352,2021-01-14,NY63/2,131.34,2.2125838,18.100002,11.04827
122353,2021-01-14,SE95/6,31.67,2.2125838,18.100002,11.04827
122354,2021-01-14,NH95/17,29.89,2.2125838,18.100002,11.04827
122355,2021-01-14,TL33/4,77.09,2.2125838,18.100002,11.04827
122356,2021-01-14,TL33/67,80.5,2.2125838,18.100002,11.04827
122357,2021-01-14,TR14/9,76.645,2.2125838,18.100002,11.04827
122358,2021-01-14,SE94/5,18.759,2.2125838,18.100002,11.04827
122359,2021-01-14,ST07/10,73.3811,2.2125838,18.100002,11.04827
122360,2021-01-14,SJ62/235,54.826,2.2125838,18.100002,11.04827
122361,2021-01-14,SJ15/13,80.4051,2.2125838,18.100002,11.04827
122362,2021-01-14,SU01/5B,95.748,2.2125838,18.100002,11.04827
122363,2021-01-14,SK00/41,130.312,2.2125838,18.100002,11.04827
122364,2021-01-14,TF03/37,20.019,2.2125838,18.100002,11.04827
122365,2021-01-14,SU81/1,63.259,2.2125838,18.100002,11.04827
122366,2021-01-14,SY68/34,70.724,2.2125838,18.100002,11.04827
122367,2021-01-14,SU71/23,52.24,2.2125838,18.100002,11.04827
122368,2021-01-15,NH95/17,29.9,-0.19783331,0.2,13.5702715
122369,2021-01-15,SU17/57,140.43,-0.19783331,0.2,13.5702715
122370,2021-01-15,TL33/67,80.6,-0.19783331,0.2,13.5702715
122371,2021-01-15,TL33/4,77.19,-0.19783331,0.2,13.5702715
122372,2021-01-15,NY63/2,131.33,-0.19783331,0.2,13.5702715
122373,2021-01-15,ID30/1,115.41,-0.19783331,0.2,13.5702715
122374,2021-01-15,SE95/6,31.68,-0.19783331,0.2,13.5702715
122375,2021-01-15,SK00/41,130.301,-0.19783331,0.2,13.5702715
122376,2021-01-15,ST07/10,73.868,-0.19783331,0.2,13.5702715
122377,2021-01-15,SE94/5,18.87,-0.19783331,0.2,13.5702715
122378,2021-01-15,SJ15/13,80.4024,-0.19783331,0.2,13.5702715
122379,2021-01-15,SU01/5B,95.394,-0.19783331,0.2,13.5702715
122380,2021-01-15,SY68/34,70.694,-0.19783331,0.2,13.5702715
122381,2021-01-15,SU81/1,62.827,-0.19783331,0.2,13.5702715
122382,2021-01-15,TF03/37,20.136,-0.19783331,0.2,13.5702715
122383,2021-01-15,TR14/9,77.033,-0.19783331,0.2,13.5702715
122384,2021-01-15,SU71/23,52.084,-0.19783331,0.2,13.5702715
122385,2021-01-15,SJ62/235,54.848,-0.19783331,0.2,13.5702715
122386,2021-01-16,TL33/67,80.78,4.44175,9.000001,20.277666
122387,2021-01-16,ID30/1,116.42,4.44175,9.000001,20.277666
122388,2021-01-16,SE95/6,31.69,4.44175,9.000001,20.277666
122389,2021-01-16,NY63/2,131.41,4.44175,9.000001,20.277666
122390,2021-01-16,SU17/57,140.42,4.44175,9.000001,20.277666
122391,2021-01-16,TL33/4,77.3,4.44175,9.000001,20.277666
122392,2021-01-16,NH95/17,29.89,4.44175,9.000001,20.277666
122393,2021-01-16,ST07/10,76.974,4.44175,9.000001,20.277666
122394,2021-01-16,SJ15/13,80.418,4.44175,9.000001,20.277666
122395,2021-01-16,SU71/23,51.962,4.44175,9.000001,20.277666
122396,2021-01-16,SY68/34,70.714,4.44175,9.000001,20.277666
122397,2021-01-16,SK00/41,130.312,4.44175,9.000001,20.277666
122398,2021-01-16,SJ62/235,54.858,4.44175,9.000001,20.277666
122399,2021-01-16,SU01/5B,95.092,4.44175,9.000001,20.277666
122400,2021-01-16,TF03/37,20.34,4.44175,9.000001,20.277666
122401,2021-01-16,TR14/9,77.454,4.44175,9.000001,20.277666
122402,2021-01-16,SU81/1,62.427,4.44175,9.000001,20.277666
122403,2021-01-17,ID30/1,116.42,4.5125833,1.8000002,15.349677
122404,2021-01-17,TL33/4,77.4,4.5125833,1.8000002,15.349677
122405,2021-01-17,NH95/17,29.89,4.5125833,1.8000002,15.349677
122406,2021-01-17,SE95/6,31.72,4.5125833,1.8000002,15.349677
122407,2021-01-17,NY63/2,131.44,4.5125833,1.8000002,15.349677
122408,2021-01-17,SU17/57,140.34,4.5125833,1.8000002,15.349677
122409,2021-01-17,TL33/67,80.84,4.5125833,1.8000002,15.349677
122410,2021-01-17,ST07/10,78.0138,4.5125833,1.8000002,15.349677
122411,2021-01-17,TR14/9,77.885,4.5125833,1.8000002,15.349677
122412,2021-01-17,SU81/1,62.007,4.5125833,1.8000002,15.349677
122413,2021-01-17,SJ62/235,54.858,4.5125833,1.8000002,15.349677
122414,2021-01-17,SU71/23,51.797,4.5125833,1.8000002,15.349677
122415,2021-01-17,SU01/5B,94.781,4.5125833,1.8000002,15.349677
122416,2021-01-17,SJ15/13,80.392,4.5125833,1.8000002,15.349677
122417,2021-01-17,SY68/34,70.663,4.5125833,1.8000002,15.349677
122418,2021-01-17,TF03/37,20.429,4.5125833,1.8000002,15.349677
122419,2021-01-17,SK00/41,130.309,4.5125833,1.8000002,15.349677
122420,2021-01-18,SE95/6,31.76,5.4542503,3.1000001,14.045182
122421,2021-01-18,TL33/4,77.5,5.4542503,3.1000001,14.045182
122422,2021-01-18,SU17/57,140.36,5.4542503,3.1000001,14.045182
122423,2021-01-18,NY63/2,131.43,5.4542503,3.1000001,14.045182
122424,2021-01-18,TL33/67,81.07,5.4542503,3.1000001,14.045182
122425,2021-01-18,NH95/17,29.89,5.4542503,3.1000001,14.045182
122426,2021-01-18,ID30/1,116.34,5.4542503,3.1000001,14.045182
122427,2021-01-18,SU71/23,51.65,5.4542503,3.1000001,14.045182
122428,2021-01-18,SJ62/235,54.879,5.4542503,3.1000001,14.045182
122429,2021-01-18,ST07/10,77.7406,5.4542503,3.1000001,14.045182
122430,2021-01-18,SU81/1,61.607,5.4542503,3.1000001,14.045182
122431,2021-01-18,SJ15/13,80.432,5.4542503,3.1000001,14.045182
122432,2021-01-18,SY68/34,70.645,5.4542503,3.1000001,14.045182
122433,2021-01-18,TF03/37,20.671,5.4542503,3.1000001,14.045182
122434,2021-01-18,SU01/5B,94.491,5.4542503,3.1000001,14.045182
122435,2021-01-18,SK00/41,130.318,5.4542503,3.1000001,14.045182
122436,2021-01-18,TR14/9,78.319,5.4542503,3.1000001,14.045182
122437,2021-01-19,SE95/6,31.87,7.0750847,28.0,9.410834
122438,2021-01-19,TL33/4,77.6,7.0750847,28.0,9.410834
122439,2021-01-19,NH95/17,29.89,7.0750847,28.0,9.410834
122440,2021-01-19,SP00/62,102.549,7.0750847,28.0,9.410834
122441,2021-01-19,ID30/1,116.56,7.0750847,28.0,9.410834
122442,2021-01-19,TQ25/86,100.3,7.0750847,28.0,9.410834
122443,2021-01-19,SU17/57,140.19,7.0750847,28.0,9.410834
122444,2021-01-19,NY63/2,131.51,7.0750847,28.0,9.410834
122445,2021-01-19,NO20/14,38.24,7.0750847,28.0,9.410834
122446,2021-01-19,TL33/67,81.28,7.0750847,28.0,9.410834
122447,2021-01-19,SU71/23,51.527,7.0750847,28.0,9.410834
122448,2021-01-19,ST07/10,78.4383,7.0750847,28.0,9.410834
122449,2021-01-19,SJ15/13,80.5349,7.0750847,28.0,9.410834
122450,2021-01-19,SU81/1,61.255,7.0750847,28.0,9.410834
122451,2021-01-19,TF03/37,20.971,7.0750847,28.0,9.410834
122452,2021-01-19,TR14/9,78.75,7.0750847,28.0,9.410834
122453,2021-01-19,SK00/41,130.349,7.0750847,28.0,9.410834
122454,2021-01-19,SY68/34,70.647,7.0750847,28.0,9.410834
122455,2021-01-19,SJ62/235,54.897,7.0750847,28.0,9.410834
122456,2021-01-19,SE94/5,19.739,7.0750847,28.0,9.410834
122457,2021-01-19,SU01/5B,94.249,7.0750847,28.0,9.410834
122458,2021-01-20,TL33/4,77.7,6.0375843,16.900002,8.406044
122459,2021-01-20,SU17/57,140.02,6.0375843,16.900002,8.406044
122460,2021-01-20,SE95/6,32.04,6.0375843,16.900002,8.406044
122461,2021-01-20,NH95/17,29.88,6.0375843,16.900002,8.406044
122462,2021-01-20,ID30/1,117.13,6.0375843,16.900002,8.406044
122463,2021-01-20,NY63/2,131.65,6.0375843,16.900002,8.406044
122464,2021-01-20,TL33/67,81.53,6.0375843,16.900002,8.406044
122465,2021-01-20,NO20/14,38.29,6.0375843,16.900002,8.406044
122466,2021-01-20,SU71/23,51.427,6.0375843,16.900002,8.406044
122467,2021-01-20,SY68/34,70.683,6.0375843,16.900002,8.406044
122468,2021-01-20,TF03/37,21.282,6.0375843,16.900002,8.406044
122469,2021-01-20,SU81/1,60.959,6.0375843,16.900002,8.406044
122470,2021-01-20,SU01/5B,94.076,6.0375843,16.900002,8.406044
122471,2021-01-20,ST07/10,82.3051,6.0375843,16.900002,8.406044
122472,2021-01-20,SJ15/13,80.7566,6.0375843,16.900002,8.406044
122473,2021-01-20,SK00/41,130.468,6.0375843,16.900002,8.406044
122474,2021-01-20,TR14/9,79.127,6.0375843,16.900002,8.406044
122475,2021-01-20,SE94/5,19.972,6.0375843,16.900002,8.406044
122476,2021-01-20,SJ62/235,54.915,6.0375843,16.900002,8.406044
122477,2021-01-21,NH95/17,29.88,2.4834168,5.9999995,19.909494
122478,2021-01-21,TL33/67,81.57,2.4834168,5.9999995,19.909494
122479,2021-01-21,SU17/57,139.9,2.4834168,5.9999995,19.909494
122480,2021-01-21,TM15/112,25.43,2.4834168,5.9999995,19.909494
122481,2021-01-21,ID30/1,117.14,2.4834168,5.9999995,19.909494
122482,2021-01-21,TL33/4,77.8,2.4834168,5.9999995,19.909494
122483,2021-01-21,NY63/2,131.79,2.4834168,5.9999995,19.909494
122484,2021-01-21,TA10/63,16.39,2.4834168,5.9999995,19.909494
122485,2021-01-21,SE95/6,32.24,2.4834168,5.9999995,19.909494
122486,2021-01-21,NO20/14,38.35,2.4834168,5.9999995,19.909494
122487,2021-01-21,SY68/34,70.673,2.4834168,5.9999995,19.909494
122488,2021-01-21,TF03/37,21.471,2.4834168,5.9999995,19.909494
122489,2021-01-21,TR14/9,79.46,2.4834168,5.9999995,19.909494
122490,2021-01-21,SU01/5B,94.438,2.4834168,5.9999995,19.909494
122491,2021-01-21,ST07/10,84.0945,2.4834168,5.9999995,19.909494
122492,2021-01-21,SK00/41,130.675,2.4834168,5.9999995,19.909494
122493,2021-01-21,SU81/1,60.871,2.4834168,5.9999995,19.909494
122494,2021-01-21,SU71/23,51.431,2.4834168,5.9999995,19.909494
122495,2021-01-21,SJ15/13,80.8268,2.4834168,5.9999995,19.909494
122496,2021-01-21,SE94/5,20.245,2.4834168,5.9999995,19.909494
122497,2021-01-21,SJ62/235,54.918,2.4834168,5.9999995,19.909494
122498,2021-01-22,NY63/2,131.76,1.8500837,3.4999998,12.696634
122499,2021-01-22,TL33/67,81.67,1.8500837,3.4999998,12.696634
122500,2021-01-22,SE95/6,32.45,1.8500837,3.4999998,12.696634
122501,2021-01-22,NO20/14,38.32,1.8500837,3.4999998,12.696634
122502,2021-01-22,SU17/57,139.99,1.8500837,3.4999998,12.696634
122503,2021-01-22,TL33/4,77.9,1.8500837,3.4999998,12.696634
122504,2021-01-22,ID30/1,117.05,1.8500837,3.4999998,12.696634
122505,2021-01-22,NH95/17,29.89,1.8500837,3.4999998,12.696634
122506,2021-01-22,SE94/5,20.482,1.8500837,3.4999998,12.696634
122507,2021-01-22,ST07/10,84.2082,1.8500837,3.4999998,12.696634
122508,2021-01-22,TF03/37,21.708,1.8500837,3.4999998,12.696634
122509,2021-01-22,TR14/9,79.787,1.8500837,3.4999998,12.696634
122510,2021-01-22,SY68/34,70.673,1.8500837,3.4999998,12.696634
122511,2021-01-22,SK00/41,130.599,1.8500837,3.4999998,12.696634
122512,2021-01-22,SU01/5B,95.97,1.8500837,3.4999998,12.696634
122513,2021-01-22,SJ62/235,54.927,1.8500837,3.4999998,12.696634
122514,2021-01-22,SJ15/13,80.7835,1.8500837,3.4999998,12.696634
122515,2021-01-22,SU71/23,51.615,1.8500837,3.4999998,12.696634
122516,2021-01-22,SU81/1,61.073,1.8500837,3.4999998,12.696634
122517,2021-01-23,SU17/57,140.04,-0.8290832,0.0,4.4128394
122518,2021-01-23,ID30/1,116.92,-0.8290832,0.0,4.4128394
122519,2021-01-23,TL33/4,78.01,-0.8290832,0.0,4.4128394
122520,2021-01-23,SE95/6,32.89,-0.8290832,0.0,4.4128394
122521,2021-01-23,TL33/67,81.82,-0.8290832,0.0,4.4128394
122522,2021-01-23,NY63/2,131.73,-0.8290832,0.0,4.4128394
122523,2021-01-23,NH95/17,29.89,-0.8290832,0.0,4.4128394
122524,2021-01-23,NO20/14,38.28,-0.8290832,0.0,4.4128394
122525,2021-01-23,SU81/1,61.399,-0.8290832,0.0,4.4128394
122526,2021-01-23,ST07/10,83.7818,-0.8290832,0.0,4.4128394
122527,2021-01-23,SU71/23,51.82,-0.8290832,0.0,4.4128394
122528,2021-01-23,TR14/9,80.092,-0.8290832,0.0,4.4128394
122529,2021-01-23,SK00/41,130.542,-0.8290832,0.0,4.4128394
122530,2021-01-23,TF03/37,21.945,-0.8290832,0.0,4.4128394
122531,2021-01-23,SU01/5B,97.445,-0.8290832,0.0,4.4128394
122532,2021-01-23,SJ62/235,54.936,-0.8290832,0.0,4.4128394
122533,2021-01-23,SE94/5,20.658,-0.8290832,0.0,4.4128394
122534,2021-01-23,SJ15/13,80.7325,-0.8290832,0.0,4.4128394
122535,2021-01-23,SY68/34,70.693,-0.8290832,0.0,4.4128394
122536,2021-01-24,NO20/14,38.24,-1.4686667,0.0,5.9777074
122537,2021-01-24,NY63/2,131.71,-1.4686667,0.0,5.9777074
122538,2021-01-24,TL33/67,81.98,-1.4686667,0.0,5.9777074
122539,2021-01-24,TL33/4,78.11,-1.4686667,0.0,5.9777074
122540,2021-01-24,ID30/1,116.72,-1.4686667,0.0,5.9777074
122541,2021-01-24,NH95/17,29.9,-1.4686667,0.0,5.9777074
122542,2021-01-24,SU17/57,140.09,-1.4686667,0.0,5.9777074
122543,2021-01-24,SE95/6,33.43,-1.4686667,0.0,5.9777074
122544,2021-01-24,ST07/10,83.0541,-1.4686667,0.0,5.9777074
122545,2021-01-24,SE94/5,20.862,-1.4686667,0.0,5.9777074
122546,2021-01-24,SU71/23,51.977,-1.4686667,0.0,5.9777074
122547,2021-01-24,SU01/5B,98.255,-1.4686667,0.0,5.9777074
122548,2021-01-24,SU81/1,61.708,-1.4686667,0.0,5.9777074
122549,2021-01-24,SY68/34,70.732,-1.4686667,0.0,5.9777074
122550,2021-01-24,SJ15/13,80.6806,-1.4686667,0.0,5.9777074
122551,2021-01-24,TR14/9,80.374,-1.4686667,0.0,5.9777074
122552,2021-01-24,TF03/37,22.214,-1.4686667,0.0,5.9777074
122553,2021-01-24,SJ62/235,54.936,-1.4686667,0.0,5.9777074
122554,2021-01-24,SK00/41,130.502,-1.4686667,0.0,5.9777074
122555,2021-01-25,NO20/14,38.2,1.4063334,0.9000001,12.40545
122556,2021-01-25,SE95/6,33.91,1.4063334,0.9000001,12.40545
122557,2021-01-25,TL33/4,78.21,1.4063334,0.9000001,12.40545
122558,2021-01-25,NY63/2,131.68,1.4063334,0.9000001,12.40545
122559,2021-01-25,SU17/57,140.14,1.4063334,0.9000001,12.40545
122560,2021-01-25,TL33/67,82.05,1.4063334,0.9000001,12.40545
122561,2021-01-25,NH95/17,29.9,1.4063334,0.9000001,12.40545
122562,2021-01-25,ID30/1,116.44,1.4063334,0.9000001,12.40545
122563,2021-01-25,TR14/9,80.631,1.4063334,0.9000001,12.40545
122564,2021-01-25,SJ62/235,54.932,1.4063334,0.9000001,12.40545
122565,2021-01-25,SU71/23,52.03,1.4063334,0.9000001,12.40545
122566,2021-01-25,SU01/5B,98.519,1.4063334,0.9000001,12.40545
122567,2021-01-25,SY68/34,70.727,1.4063334,0.9000001,12.40545
122568,2021-01-25,SE94/5,21.024,1.4063334,0.9000001,12.40545
122569,2021-01-25,SU81/1,61.893,1.4063334,0.9000001,12.40545
122570,2021-01-25,ST07/10,82.0089,1.4063334,0.9000001,12.40545
122571,2021-01-25,TF03/37,22.368,1.4063334,0.9000001,12.40545
122572,2021-01-25,SJ15/13,80.6117,1.4063334,0.9000001,12.40545
122573,2021-01-25,SK00/41,130.462,1.4063334,0.9000001,12.40545
122574,2021-01-26,NO20/14,38.2,2.1438334,4.6000004,12.282798
122575,2021-01-26,SE95/6,34.27,2.1438334,4.6000004,12.282798
122576,2021-01-26,TL33/67,82.28,2.1438334,4.6000004,12.282798
122577,2021-01-26,SU17/57,140.3,2.1438334,4.6000004,12.282798
122578,2021-01-26,ID30/1,116.28,2.1438334,4.6000004,12.282798
122579,2021-01-26,NH95/17,29.91,2.1438334,4.6000004,12.282798
122580,2021-01-26,SP00/62,103.153,2.1438334,4.6000004,12.282798
122581,2021-01-26,TQ25/86,101.38,2.1438334,4.6000004,12.282798
122582,2021-01-26,TL33/4,78.31,2.1438334,4.6000004,12.282798
122583,2021-01-26,NY63/2,131.63,2.1438334,4.6000004,12.282798
122584,2021-01-26,TF03/37,22.581,2.1438334,4.6000004,12.282798
122585,2021-01-26,TR14/9,80.897,2.1438334,4.6000004,12.282798
122586,2021-01-26,SY68/34,70.777,2.1438334,4.6000004,12.282798
122587,2021-01-26,SU81/1,62.013,2.1438334,4.6000004,12.282798
122588,2021-01-26,SE94/5,21.192,2.1438334,4.6000004,12.282798
122589,2021-01-26,SK00/41,130.434,2.1438334,4.6000004,12.282798
122590,2021-01-26,ST07/10,80.6429,2.1438334,4.6000004,12.282798
122591,2021-01-26,SU01/5B,98.527,2.1438334,4.6000004,12.282798
122592,2021-01-26,SJ15/13,80.6049,2.1438334,4.6000004,12.282798
122593,2021-01-26,SU71/23,52.06,2.1438334,4.6000004,12.282798
122594,2021-01-26,SJ62/235,54.947,2.1438334,4.6000004,12.282798
122595,2021-01-27,TL33/67,82.47,6.152166,3.7999995,9.546282
122596,2021-01-27,SE95/6,34.57,6.152166,3.7999995,9.546282
122597,2021-01-27,TL33/4,78.41,6.152166,3.7999995,9.546282
122598,2021-01-27,ID30/1,116.16,6.152166,3.7999995,9.546282
122599,2021-01-27,NY63/2,131.67,6.152166,3.7999995,9.546282
122600,2021-01-27,NO20/14,38.27,6.152166,3.7999995,9.546282
122601,2021-01-27,NH95/17,29.91,6.152166,3.7999995,9.546282
122602,2021-01-27,SU17/57,140.28,6.152166,3.7999995,9.546282
122603,2021-01-27,SU71/23,52.09,6.152166,3.7999995,9.546282
122604,2021-01-27,SJ62/235,54.959,6.152166,3.7999995,9.546282
122605,2021-01-27,SJ15/13,80.63,6.152166,3.7999995,9.546282
122606,2021-01-27,ST07/10,80.0181,6.152166,3.7999995,9.546282
122607,2021-01-27,SY68/34,70.821,6.152166,3.7999995,9.546282
122608,2021-01-27,TF03/37,22.767,6.152166,3.7999995,9.546282
122609,2021-01-27,SU81/1,62.108,6.152166,3.7999995,9.546282
122610,2021-01-27,SK00/41,130.432,6.152166,3.7999995,9.546282
122611,2021-01-27,TR14/9,81.168,6.152166,3.7999995,9.546282
122612,2021-01-27,SU01/5B,98.435,6.152166,3.7999995,9.546282
122613,2021-01-27,SE94/5,21.354,6.152166,3.7999995,9.546282
122614,2021-01-28,SU17/57,140.28,4.4855,20.700003,15.620383
122615,2021-01-28,NH95/17,29.9,4.4855,20.700003,15.620383
122616,2021-01-28,NO20/14,38.34,4.4855,20.700003,15.620383
122617,2021-01-28,ID30/1,116.88,4.4855,20.700003,15.620383
122618,2021-01-28,TF81/2A,50.32,4.4855,20.700003,15.620383
122619,2021-01-28,SE95/6,34.77,4.4855,20.700003,15.620383
122620,2021-01-28,TL33/67,82.71,4.4855,20.700003,15.620383
122621,2021-01-28,NY63/2,131.68,4.4855,20.700003,15.620383
122622,2021-01-28,TL33/4,78.51,4.4855,20.700003,15.620383
122623,2021-01-28,SE94/5,21.565,4.4855,20.700003,15.620383
122624,2021-01-28,SJ15/13,80.729,4.4855,20.700003,15.620383
122625,2021-01-28,SU81/1,62.211,4.4855,20.700003,15.620383
122626,2021-01-28,SY68/34,70.901,4.4855,20.700003,15.620383
122627,2021-01-28,SU01/5B,98.291,4.4855,20.700003,15.620383
122628,2021-01-28,SK00/41,130.669,4.4855,20.700003,15.620383
122629,2021-01-28,SU71/23,52.146,4.4855,20.700003,15.620383
122630,2021-01-28,TF03/37,22.967,4.4855,20.700003,15.620383
122631,2021-01-28,TR14/9,81.458,4.4855,20.700003,15.620383
122632,2021-01-28,SJ62/235,54.977,4.4855,20.700003,15.620383
122633,2021-01-28,ST07/10,82.7942,4.4855,20.700003,15.620383
122634,2021-01-29,NH95/17,29.9,5.31675,2.6999998,12.102422
122635,2021-01-29,TL33/4,78.62,5.31675,2.6999998,12.102422
122636,2021-01-29,NO20/14,38.26,5.31675,2.6999998,12.102422
122637,2021-01-29,SE95/6,34.95,5.31675,2.6999998,12.102422
122638,2021-01-29,NY63/2,131.78,5.31675,2.6999998,12.102422
122639,2021-01-29,TL44/12,49.11,5.31675,2.6999998,12.102422
122640,2021-01-29,ID30/1,117.21,5.31675,2.6999998,12.102422
122641,2021-01-29,TL33/67,82.83,5.31675,2.6999998,12.102422
122642,2021-01-29,SU17/57,140.3,5.31675,2.6999998,12.102422
122643,2021-01-29,SK00/41,130.646,5.31675,2.6999998,12.102422
122644,2021-01-29,SU81/1,62.567,5.31675,2.6999998,12.102422
122645,2021-01-29,TF03/37,23.111,5.31675,2.6999998,12.102422
122646,2021-01-29,SJ15/13,80.7613,5.31675,2.6999998,12.102422
122647,2021-01-29,TA10/63,18.242,5.31675,2.6999998,12.102422
122648,2021-01-29,SE94/5,21.778,5.31675,2.6999998,12.102422
122649,2021-01-29,SJ62/235,54.984,5.31675,2.6999998,12.102422
122650,2021-01-29,SU01/5B,98.09,5.31675,2.6999998,12.102422
122651,2021-01-29,ST07/10,85.2999,5.31675,2.6999998,12.102422
122652,2021-01-29,SY68/34,71.027,5.31675,2.6999998,12.102422
122653,2021-01-29,SU71/23,52.442,5.31675,2.6999998,12.102422
122654,2021-01-29,TR14/9,81.837,5.31675,2.6999998,12.102422
122655,2021-01-30,TL33/67,82.98,2.314667,0.0,14.288447
122656,2021-01-30,SE95/6,35.03,2.314667,0.0,14.288447
122657,2021-01-30,TL33/4,78.72,2.314667,0.0,14.288447
122658,2021-01-30,NO20/14,38.19,2.314667,0.0,14.288447
122659,2021-01-30,NH95/17,29.91,2.314667,0.0,14.288447
122660,2021-01-30,SU17/57,140.51,2.314667,0.0,14.288447
122661,2021-01-30,NY63/2,131.75,2.314667,0.0,14.288447
122662,2021-01-30,ID30/1,117.2,2.314667,0.0,14.288447
122663,2021-01-30,SU01/5B,98.004,2.314667,0.0,14.288447
122664,2021-01-30,SJ15/13,80.7796,2.314667,0.0,14.288447
122665,2021-01-30,TA10/63,18.427,2.314667,0.0,14.288447
122666,2021-01-30,SY68/34,71.196,2.314667,0.0,14.288447
122667,2021-01-30,SJ62/235,54.991,2.314667,0.0,14.288447
122668,2021-01-30,SU81/1,63.561,2.314667,0.0,14.288447
122669,2021-01-30,ST07/10,86.2031,2.314667,0.0,14.288447
122670,2021-01-30,SU71/23,53.165,2.314667,0.0,14.288447
122671,2021-01-30,SE94/5,21.926,2.314667,0.0,14.288447
122672,2021-01-30,TF03/37,23.255,2.314667,0.0,14.288447
122673,2021-01-30,SK00/41,130.601,2.314667,0.0,14.288447
122674,2021-01-30,TR14/9,82.282,2.314667,0.0,14.288447
122675,2021-01-31,SU17/57,140.84,0.5375834,0.0,11.534335
122676,2021-01-31,NH95/17,29.9,0.5375834,0.0,11.534335
122677,2021-01-31,TF03/37,23.333,0.5375834,0.0,11.534335
122678,2021-01-31,TL33/4,78.82,0.5375834,0.0,11.534335
122679,2021-01-31,NO20/14,38.16,0.5375834,0.0,11.534335
122680,2021-01-31,SE95/6,35.1,0.5375834,0.0,11.534335
122681,2021-01-31,TL33/67,83.24,0.5375834,0.0,11.534335
122682,2021-01-31,ID30/1,117.1,0.5375834,0.0,11.534335
122683,2021-01-31,NY63/2,131.74,0.5375834,0.0,11.534335
122684,2021-01-31,TR14/9,82.795,0.5375834,0.0,11.534335
122685,2021-01-31,SJ15/13,80.813,0.5375834,0.0,11.534335
122686,2021-01-31,SJ62/235,55.012,0.5375834,0.0,11.534335
122687,2021-01-31,SE94/5,22.088,0.5375834,0.0,11.534335
122688,2021-01-31,SU71/23,53.833,0.5375834,0.0,11.534335
122689,2021-01-31,SU81/1,64.085,0.5375834,0.0,11.534335
122690,2021-01-31,ST07/10,86.4159,0.5375834,0.0,11.534335
122691,2021-01-31,TA10/63,18.634,0.5375834,0.0,11.534335
122692,2021-01-31,SU01/5B,98.343,0.5375834,0.0,11.534335
122693,2021-01-31,SY68/34,71.285,0.5375834,0.0,11.534335
122694,2021-02-01,SJ15/13,80.7934,1.8854998,0.0,8.388484
122695,2021-02-01,SU17/57,141.08,1.8854998,0.0,8.388484
122696,2021-02-01,TQ25/86,102.36,1.8854998,0.0,8.388484
122697,2021-02-01,ID30/1,116.86,1.8854998,0.0,8.388484
122698,2021-02-01,NH95/17,29.9,1.8854998,0.0,8.388484
122699,2021-02-01,SP00/62,103.446,1.8854998,0.0,8.388484
122700,2021-02-01,TL33/67,83.36,1.8854998,0.0,8.388484
122701,2021-02-01,TL33/4,78.92,1.8854998,0.0,8.388484
122702,2021-02-01,SE95/6,35.21,1.8854998,0.0,8.388484
122703,2021-02-01,NY63/2,131.81,1.8854998,0.0,8.388484
122704,2021-02-01,NO20/14,38.13,1.8854998,0.0,8.388484
122705,2021-02-01,TF03/37,23.568,1.8854998,0.0,8.388484
122706,2021-02-01,SK00/41,130.625,1.8854998,0.0,8.388484
122707,2021-02-01,TR14/9,83.24,1.8854998,0.0,8.388484
122708,2021-02-01,ST07/10,85.9264,1.8854998,0.0,8.388484
122709,2021-02-01,SU71/23,54.49,1.8854998,0.0,8.388484
122710,2021-02-01,SE94/5,22.206,1.8854998,0.0,8.388484
122711,2021-02-01,SU81/1,65.355,1.8854998,0.0,8.388484
122712,2021-02-01,SJ62/235,55.015,1.8854998,0.0,8.388484
122713,2021-02-01,TA10/63,18.808,1.8854998,0.0,8.388484
122714,2021-02-01,SU01/5B,99.316,1.8854998,0.0,8.388484
122715,2021-02-01,SY68/34,71.298,1.8854998,0.0,8.388484
122716,2021-02-02,NO20/14,38.13,2.5355,11.6,24.79678
122717,2021-02-02,SU17/57,141.48,2.5355,11.6,24.79678
122718,2021-02-02,NY63/2,131.79,2.5355,11.6,24.79678
122719,2021-02-02,TL33/67,83.59,2.5355,11.6,24.79678
122720,2021-02-02,TL33/4,79.02,2.5355,11.6,24.79678
122721,2021-02-02,SJ15/13,80.7922,2.5355,11.6,24.79678
122722,2021-02-02,NH95/17,29.9,2.5355,11.6,24.79678
122723,2021-02-02,SE95/6,35.29,2.5355,11.6,24.79678
122724,2021-02-02,ID30/1,116.72,2.5355,11.6,24.79678
122725,2021-02-02,TR14/9,83.67,2.5355,11.6,24.79678
122726,2021-02-02,SJ62/235,55.029,2.5355,11.6,24.79678
122727,2021-02-02,SU71/23,55.006,2.5355,11.6,24.79678
122728,2021-02-02,SU01/5B,100.156,2.5355,11.6,24.79678
122729,2021-02-02,SU81/1,66.045,2.5355,11.6,24.79678
122730,2021-02-02,TA10/63,19.018,2.5355,11.6,24.79678
122731,2021-02-02,SE94/5,22.352,2.5355,11.6,24.79678
122732,2021-02-02,SY68/34,71.281,2.5355,11.6,24.79678
122733,2021-02-02,SK00/41,130.784,2.5355,11.6,24.79678
122734,2021-02-02,TF03/37,23.734,2.5355,11.6,24.79678
122735,2021-02-03,TL33/67,83.7,3.433417,13.2,18.794018
122736,2021-02-03,NO20/14,38.13,3.433417,13.2,18.794018
122737,2021-02-03,TL33/4,79.13,3.433417,13.2,18.794018
122738,2021-02-03,NH95/17,29.9,3.433417,13.2,18.794018
122739,2021-02-03,NY63/2,131.83,3.433417,13.2,18.794018
122740,2021-02-03,SU17/57,141.8,3.433417,13.2,18.794018
122741,2021-02-03,ID30/1,118.33,3.433417,13.2,18.794018
122742,2021-02-03,SJ15/13,80.7803,3.433417,13.2,18.794018
122743,2021-02-03,SE95/6,35.39,3.433417,13.2,18.794018
122744,2021-02-03,SU01/5B,100.571,3.433417,13.2,18.794018
122745,2021-02-03,TR14/9,84.032,3.433417,13.2,18.794018
122746,2021-02-03,TF03/37,23.841,3.433417,13.2,18.794018
122747,2021-02-03,SK00/41,131.051,3.433417,13.2,18.794018
122748,2021-02-03,SJ62/235,55.025,3.433417,13.2,18.794018
122749,2021-02-03,SY68/34,71.277,3.433417,13.2,18.794018
122750,2021-02-03,TA10/63,19.244,3.433417,13.2,18.794018
122751,2021-02-03,SU71/23,55.448,3.433417,13.2,18.794018
122752,2021-02-03,SU81/1,66.62,3.433417,13.2,18.794018
122753,2021-02-03,SE94/5,22.518,3.433417,13.2,18.794018
122754,2021-02-04,NY63/2,131.76,4.2563334,3.3000002,18.890959
122755,2021-02-04,TL33/4,79.25,4.2563334,3.3000002,18.890959
122756,2021-02-04,TL33/67,83.89,4.2563334,3.3000002,18.890959
122757,2021-02-04,NH95/17,29.9,4.2563334,3.3000002,18.890959
122758,2021-02-04,SE95/6,35.44,4.2563334,3.3000002,18.890959
122759,2021-02-04,ID30/1,118.33,4.2563334,3.3000002,18.890959
122760,2021-02-04,SJ15/13,80.7495,4.2563334,3.3000002,18.890959
122761,2021-02-04,NO20/14,38.16,4.2563334,3.3000002,18.890959
122762,2021-02-04,SU17/57,142.21,4.2563334,3.3000002,18.890959
122763,2021-02-04,SK00/41,131.347,4.2563334,3.3000002,18.890959
122764,2021-02-04,SJ62/235,55.037,4.2563334,3.3000002,18.890959
122765,2021-02-04,SY68/34,71.278,4.2563334,3.3000002,18.890959
122766,2021-02-04,TA10/63,19.448,4.2563334,3.3000002,18.890959
122767,2021-02-04,SE94/5,22.646,4.2563334,3.3000002,18.890959
122768,2021-02-04,SU71/23,55.982,4.2563334,3.3000002,18.890959
122769,2021-02-04,TR14/9,84.424,4.2563334,3.3000002,18.890959
122770,2021-02-04,SU01/5B,100.608,4.2563334,3.3000002,18.890959
122771,2021-02-04,TF03/37,23.893,4.2563334,3.3000002,18.890959
122772,2021-02-04,SU81/1,67.247,4.2563334,3.3000002,18.890959
122773,2021-02-05,SE95/6,35.54,5.6771665,2.1,11.7954235
122774,2021-02-05,TL33/4,79.37,5.6771665,2.1,11.7954235
122775,2021-02-05,NH95/17,29.89,5.6771665,2.1,11.7954235
122776,2021-02-05,NY63/2,131.76,5.6771665,2.1,11.7954235
122777,2021-02-05,SJ15/13,80.7441,5.6771665,2.1,11.7954235
122778,2021-02-05,TL33/67,84.09,5.6771665,2.1,11.7954235
122779,2021-02-05,NO20/14,38.38,5.6771665,2.1,11.7954235
122780,2021-02-05,ID30/1,118.33,5.6771665,2.1,11.7954235
122781,2021-02-05,SU17/57,142.47,5.6771665,2.1,11.7954235
122782,2021-02-05,TF03/37,23.947,5.6771665,2.1,11.7954235
122783,2021-02-05,SU71/23,56.66,5.6771665,2.1,11.7954235
122784,2021-02-05,SE94/5,22.767,5.6771665,2.1,11.7954235
122785,2021-02-05,SU81/1,68.141,5.6771665,2.1,11.7954235
122786,2021-02-05,SK00/41,131.709,5.6771665,2.1,11.7954235
122787,2021-02-05,SY68/34,71.261,5.6771665,2.1,11.7954235
122788,2021-02-05,TA10/63,19.659,5.6771665,2.1,11.7954235
122789,2021-02-05,SU01/5B,100.466,5.6771665,2.1,11.7954235
122790,2021-02-05,SJ62/235,55.044,5.6771665,2.1,11.7954235
122791,2021-02-05,TR14/9,84.782,5.6771665,2.1,11.7954235
122792,2021-02-06,TL33/67,84.31,4.173,2.6000004,15.367007
122793,2021-02-06,TL33/4,79.5,4.173,2.6000004,15.367007
122794,2021-02-06,ID30/1,118.34,4.173,2.6000004,15.367007
122795,2021-02-06,SJ15/13,80.7539,4.173,2.6000004,15.367007
122796,2021-02-06,SE95/6,35.67,4.173,2.6000004,15.367007
122797,2021-02-06,NH95/17,29.89,4.173,2.6000004,15.367007
122798,2021-02-06,NY63/2,131.75,4.173,2.6000004,15.367007
122799,2021-02-06,SU17/57,142.66,4.173,2.6000004,15.367007
122800,2021-02-06,NO20/14,38.52,4.173,2.6000004,15.367007
122801,2021-02-06,SE94/5,22.868,4.173,2.6000004,15.367007
122802,2021-02-06,SU01/5B,100.296,4.173,2.6000004,15.367007
122803,2021-02-06,SJ62/235,55.053,4.173,2.6000004,15.367007
122804,2021-02-06,SY68/34,71.252,4.173,2.6000004,15.367007
122805,2021-02-06,TR14/9,85.109,4.173,2.6000004,15.367007
122806,2021-02-06,SK00/41,131.817,4.173,2.6000004,15.367007
122807,2021-02-06,SU71/23,57.418,4.173,2.6000004,15.367007
122808,2021-02-06,TF03/37,24.05,4.173,2.6000004,15.367007
122809,2021-02-06,SU81/1,69.219,4.173,2.6000004,15.367007
122810,2021-02-06,TA10/63,19.898,4.173,2.6000004,15.367007
122811,2021-02-07,SE95/6,35.79,1.1730001,2.0000002,15.261139
122812,2021-02-07,NH95/17,29.88,1.1730001,2.0000002,15.261139
122813,2021-02-07,TL33/4,79.63,1.1730001,2.0000002,15.261139
122814,2021-02-07,TL33/67,84.51,1.1730001,2.0000002,15.261139
122815,2021-02-07,ID30/1,118.34,1.1730001,2.0000002,15.261139
122816,2021-02-07,NO20/14,38.55,1.1730001,2.0000002,15.261139
122817,2021-02-07,SJ15/13,80.7525,1.1730001,2.0000002,15.261139
122818,2021-02-07,NY63/2,131.73,1.1730001,2.0000002,15.261139
122819,2021-02-07,SU17/57,142.75,1.1730001,2.0000002,15.261139
122820,2021-02-07,SE94/5,23.058,1.1730001,2.0000002,15.261139
122821,2021-02-07,SU71/23,58.058,1.1730001,2.0000002,15.261139
122822,2021-02-07,TF03/37,24.148,1.1730001,2.0000002,15.261139
122823,2021-02-07,SU01/5B,100.268,1.1730001,2.0000002,15.261139
122824,2021-02-07,SJ62/235,55.064,1.1730001,2.0000002,15.261139
122825,2021-02-07,TR14/9,85.414,1.1730001,2.0000002,15.261139
122826,2021-02-07,TA10/63,20.186,1.1730001,2.0000002,15.261139
122827,2021-02-07,SK00/41,131.937,1.1730001,2.0000002,15.261139
122828,2021-02-07,SU81/1,69.993,1.1730001,2.0000002,15.261139
122829,2021-02-07,SY68/34,71.23,1.1730001,2.0000002,15.261139
122830,2021-02-08,NO20/14,38.55,0.027166722,0.90000004,14.304339
122831,2021-02-08,SJ15/13,80.7457,0.027166722,0.90000004,14.304339
122832,2021-02-08,NY63/2,131.73,0.027166722,0.90000004,14.304339
122833,2021-02-08,NH95/17,29.86,0.027166722,0.90000004,14.304339
122834,2021-02-08,SE95/6,35.98,0.027166722,0.90000004,14.304339
122835,2021-02-08,ID30/1,118.34,0.027166722,0.90000004,14.304339
122836,2021-02-08,TL33/4,79.77,0.027166722,0.90000004,14.304339
122837,2021-02-08,TL33/67,84.7,0.027166722,0.90000004,14.304339
122838,2021-02-08,SU17/57,142.82,0.027166722,0.90000004,14.304339
122839,2021-02-08,SY68/34,71.203,0.027166722,0.90000004,14.304339
122840,2021-02-08,SU71/23,58.517,0.027166722,0.90000004,14.304339
122841,2021-02-08,SE94/5,23.163,0.027166722,0.90000004,14.304339
122842,2021-02-08,SU01/5B,100.405,0.027166722,0.90000004,14.304339
122843,2021-02-08,TF03/37,24.206,0.027166722,0.90000004,14.304339
122844,2021-02-08,SK00/41,132.005,0.027166722,0.90000004,14.304339
122845,2021-02-08,TA10/63,20.428,0.027166722,0.90000004,14.304339
122846,2021-02-08,TR14/9,85.754,0.027166722,0.90000004,14.304339
122847,2021-02-08,SJ62/235,55.071,0.027166722,0.90000004,14.304339
122848,2021-02-08,SU81/1,70.486,0.027166722,0.90000004,14.304339
122849,2021-02-09,NH95/17,29.82,-0.71449995,0.0,10.799008
122850,2021-02-09,TQ25/86,102.22,-0.71449995,0.0,10.799008
122851,2021-02-09,NO20/14,38.59,-0.71449995,0.0,10.799008
122852,2021-02-09,SJ15/13,80.7321,-0.71449995,0.0,10.799008
122853,2021-02-09,SE95/6,36.23,-0.71449995,0.0,10.799008
122854,2021-02-09,SU17/57,142.89,-0.71449995,0.0,10.799008
122855,2021-02-09,ID30/1,118.32,-0.71449995,0.0,10.799008
122856,2021-02-09,SP00/62,103.225,-0.71449995,0.0,10.799008
122857,2021-02-09,TL33/4,79.9,-0.71449995,0.0,10.799008
122858,2021-02-09,NY63/2,131.74,-0.71449995,0.0,10.799008
122859,2021-02-09,TL33/67,84.88,-0.71449995,0.0,10.799008
122860,2021-02-09,SK00/41,132.019,-0.71449995,0.0,10.799008
122861,2021-02-09,SY68/34,71.174,-0.71449995,0.0,10.799008
122862,2021-02-09,TA10/63,20.641,-0.71449995,0.0,10.799008
122863,2021-02-09,SJ62/235,55.073,-0.71449995,0.0,10.799008
122864,2021-02-09,TR14/9,86.051,-0.71449995,0.0,10.799008
122865,2021-02-09,SE94/5,23.21,-0.71449995,0.0,10.799008
122866,2021-02-09,SU81/1,70.766,-0.71449995,0.0,10.799008
122867,2021-02-09,SU01/5B,100.552,-0.71449995,0.0,10.799008
122868,2021-02-09,TF03/37,24.273,-0.71449995,0.0,10.799008
122869,2021-02-09,SU71/23,58.806,-0.71449995,0.0,10.799008
122870,2021-02-10,NY63/2,131.72,-1.6332499,0.3,8.159689
122871,2021-02-10,ID30/1,117.89,-1.6332499,0.3,8.159689
122872,2021-02-10,SE95/6,36.47,-1.6332499,0.3,8.159689
122873,2021-02-10,NO20/14,38.59,-1.6332499,0.3,8.159689
122874,2021-02-10,NH95/17,29.81,-1.6332499,0.3,8.159689
122875,2021-02-10,TL33/4,80.04,-1.6332499,0.3,8.159689
122876,2021-02-10,SU17/57,142.93,-1.6332499,0.3,8.159689
122877,2021-02-10,TL33/67,84.99,-1.6332499,0.3,8.159689
122878,2021-02-10,SJ15/13,80.6885,-1.6332499,0.3,8.159689
122879,2021-02-10,SE94/5,23.225,-1.6332499,0.3,8.159689
122880,2021-02-10,SU81/1,70.846,-1.6332499,0.3,8.159689
122881,2021-02-10,TR14/9,86.266,-1.6332499,0.3,8.159689
122882,2021-02-10,SU71/23,58.931,-1.6332499,0.3,8.159689
122883,2021-02-10,TA10/63,20.812,-1.6332499,0.3,8.159689
122884,2021-02-10,SJ62/235,55.065,-1.6332499,0.3,8.159689
122885,2021-02-10,SY68/34,71.143,-1.6332499,0.3,8.159689
122886,2021-02-10,SK00/41,131.993,-1.6332499,0.3,8.159689
122887,2021-02-10,SU01/5B,100.519,-1.6332499,0.3,8.159689
122888,2021-02-10,TF03/37,24.265,-1.6332499,0.3,8.159689
122889,2021-02-11,NH95/17,29.81,-2.2707498,0.0,10.415006
122890,2021-02-11,SU17/57,143.09,-2.2707498,0.0,10.415006
122891,2021-02-11,ID30/1,117.31,-2.2707498,0.0,10.415006
122892,2021-02-11,TL33/4,80.19,-2.2707498,0.0,10.415006
122893,2021-02-11,SJ15/13,80.65,-2.2707498,0.0,10.415006
122894,2021-02-11,SE95/6,36.64,-2.2707498,0.0,10.415006
122895,2021-02-11,NO20/14,38.59,-2.2707498,0.0,10.415006
122896,2021-02-11,TL33/67,85.18,-2.2707498,0.0,10.415006
122897,2021-02-11,NY63/2,131.66,-2.2707498,0.0,10.415006
122898,2021-02-11,SU71/23,58.957,-2.2707498,0.0,10.415006
122899,2021-02-11,SU01/5B,100.325,-2.2707498,0.0,10.415006
122900,2021-02-11,SE94/5,23.228,-2.2707498,0.0,10.415006
122901,2021-02-11,SU81/1,70.796,-2.2707498,0.0,10.415006
122902,2021-02-11,TF03/37,24.299,-2.2707498,0.0,10.415006
122903,2021-02-11,SJ62/235,55.074,-2.2707498,0.0,10.415006
122904,2021-02-11,SK00/41,131.989,-2.2707498,0.0,10.415006
122905,2021-02-11,SY68/34,71.117,-2.2707498,0.0,10.415006
122906,2021-02-11,TA10/63,20.977,-2.2707498,0.0,10.415006
122907,2021-02-11,TR14/9,86.433,-2.2707498,0.0,10.415006
122908,2021-02-12,NY63/2,131.65,-1.4040833,0.0,19.993523
122909,2021-02-12,SU17/57,143.12,-1.4040833,0.0,19.993523
122910,2021-02-12,NH95/17,29.78,-1.4040833,0.0,19.993523
122911,2021-02-12,TL33/4,80.33,-1.4040833,0.0,19.993523
122912,2021-02-12,TL33/67,85.38,-1.4040833,0.0,19.993523
122913,2021-02-12,NO20/14,38.61,-1.4040833,0.0,19.993523
122914,2021-02-12,SJ15/13,80.6286,-1.4040833,0.0,19.993523
122915,2021-02-12,ID30/1,116.8,-1.4040833,0.0,19.993523
122916,2021-02-12,SE95/6,36.78,-1.4040833,0.0,19.993523
122917,2021-02-12,SJ62/235,55.075,-1.4040833,0.0,19.993523
122918,2021-02-12,SU01/5B,100.041,-1.4040833,0.0,19.993523
122919,2021-02-12,SK00/41,131.971,-1.4040833,0.0,19.993523
122920,2021-02-12,TF03/37,24.323,-1.4040833,0.0,19.993523
122921,2021-02-12,SY68/34,71.09,-1.4040833,0.0,19.993523
122922,2021-02-12,TA10/63,21.121,-1.4040833,0.0,19.993523
122923,2021-02-12,TR14/9,86.531,-1.4040833,0.0,19.993523
122924,2021-02-12,SU81/1,70.65,-1.4040833,0.0,19.993523
122925,2021-02-12,SU71/23,58.917,-1.4040833,0.0,19.993523
122926,2021-02-12,SE94/5,23.242,-1.4040833,0.0,19.993523
122927,2021-02-13,NH95/17,29.81,-1.9436668,0.2,29.090544
122928,2021-02-13,SU17/57,143.18,-1.9436668,0.2,29.090544
122929,2021-02-13,SE95/6,36.88,-1.9436668,0.2,29.090544
122930,2021-02-13,NO20/14,38.62,-1.9436668,0.2,29.090544
122931,2021-02-13,ID30/1,116.32,-1.9436668,0.2,29.090544
122932,2021-02-13,SJ15/13,80.6274,-1.9436668,0.2,29.090544
122933,2021-02-13,TL33/4,80.48,-1.9436668,0.2,29.090544
122934,2021-02-13,TL33/67,85.61,-1.9436668,0.2,29.090544
122935,2021-02-13,NY63/2,131.65,-1.9436668,0.2,29.090544
122936,2021-02-13,SU71/23,58.835,-1.9436668,0.2,29.090544
122937,2021-02-13,SU01/5B,99.713,-1.9436668,0.2,29.090544
122938,2021-02-13,SJ62/235,55.088,-1.9436668,0.2,29.090544
122939,2021-02-13,SE94/5,23.253,-1.9436668,0.2,29.090544
122940,2021-02-13,SU81/1,70.439,-1.9436668,0.2,29.090544
122941,2021-02-13,SY68/34,71.068,-1.9436668,0.2,29.090544
122942,2021-02-13,SK00/41,131.954,-1.9436668,0.2,29.090544
122943,2021-02-13,TA10/63,21.264,-1.9436668,0.2,29.090544
122944,2021-02-13,TF03/37,24.373,-1.9436668,0.2,29.090544
122945,2021-02-13,TR14/9,86.592,-1.9436668,0.2,29.090544
122946,2021-02-14,NH95/17,29.83,3.6167498,7.3,25.920168
122947,2021-02-14,TL33/4,80.64,3.6167498,7.3,25.920168
122948,2021-02-14,SE95/6,36.95,3.6167498,7.3,25.920168
122949,2021-02-14,TL33/67,85.89,3.6167498,7.3,25.920168
122950,2021-02-14,NY63/2,131.69,3.6167498,7.3,25.920168
122951,2021-02-14,NO20/14,38.67,3.6167498,7.3,25.920168
122952,2021-02-14,ID30/1,115.98,3.6167498,7.3,25.920168
122953,2021-02-14,SJ15/13,80.6594,3.6167498,7.3,25.920168
122954,2021-02-14,SU17/57,143.15,3.6167498,7.3,25.920168
122955,2021-02-14,SK00/41,131.958,3.6167498,7.3,25.920168
122956,2021-02-14,TR14/9,86.654,3.6167498,7.3,25.920168
122957,2021-02-14,SY68/34,71.076,3.6167498,7.3,25.920168
122958,2021-02-14,SJ62/235,55.103,3.6167498,7.3,25.920168
122959,2021-02-14,SU01/5B,99.385,3.6167498,7.3,25.920168
122960,2021-02-14,SE94/5,23.269,3.6167498,7.3,25.920168
122961,2021-02-14,SU71/23,58.74,3.6167498,7.3,25.920168
122962,2021-02-14,SU81/1,70.193,3.6167498,7.3,25.920168
122963,2021-02-14,TF03/37,24.429,3.6167498,7.3,25.920168
122964,2021-02-14,TA10/63,21.397,3.6167498,7.3,25.920168
122965,2021-02-15,SU17/57,143.05,7.47925,0.7,16.09823
122966,2021-02-15,SE95/6,36.98,7.47925,0.7,16.09823
122967,2021-02-15,NH95/17,29.82,7.47925,0.7,16.09823
122968,2021-02-15,SJ15/13,80.6656,7.47925,0.7,16.09823
122969,2021-02-15,ID30/1,115.75,7.47925,0.7,16.09823
122970,2021-02-15,TL33/4,80.8,7.47925,0.7,16.09823
122971,2021-02-15,TL33/67,86.1,7.47925,0.7,16.09823
122972,2021-02-15,NO20/14,38.72,7.47925,0.7,16.09823
122973,2021-02-15,NY63/2,131.75,7.47925,0.7,16.09823
122974,2021-02-15,SU71/23,58.632,7.47925,0.7,16.09823
122975,2021-02-15,TF03/37,24.387,7.47925,0.7,16.09823
122976,2021-02-15,TR14/9,86.679,7.47925,0.7,16.09823
122977,2021-02-15,TA10/63,21.497,7.47925,0.7,16.09823
122978,2021-02-15,SU01/5B,99.048,7.47925,0.7,16.09823
122979,2021-02-15,SE94/5,23.279,7.47925,0.7,16.09823
122980,2021-02-15,SK00/41,131.943,7.47925,0.7,16.09823
122981,2021-02-15,SU81/1,69.917,7.47925,0.7,16.09823
122982,2021-02-15,SY68/34,71.057,7.47925,0.7,16.09823
122983,2021-02-15,SJ62/235,55.111,7.47925,0.7,16.09823
122984,2021-02-16,TQ25/86,101.8,7.9042506,7.6,18.620377
122985,2021-02-16,SJ15/13,80.6877,7.9042506,7.6,18.620377
122986,2021-02-16,TL33/4,80.96,7.9042506,7.6,18.620377
122987,2021-02-16,TL33/67,86.3,7.9042506,7.6,18.620377
122988,2021-02-16,SU17/57,143.0,7.9042506,7.6,18.620377
122989,2021-02-16,SP00/62,102.826,7.9042506,7.6,18.620377
122990,2021-02-16,NY63/2,131.76,7.9042506,7.6,18.620377
122991,2021-02-16,NO20/14,38.82,7.9042506,7.6,18.620377
122992,2021-02-16,SE95/6,36.95,7.9042506,7.6,18.620377
122993,2021-02-16,ID30/1,115.6,7.9042506,7.6,18.620377
122994,2021-02-16,NH95/17,29.84,7.9042506,7.6,18.620377
122995,2021-02-16,TF03/37,24.37,7.9042506,7.6,18.620377
122996,2021-02-16,SY68/34,71.038,7.9042506,7.6,18.620377
122997,2021-02-16,SU71/23,58.503,7.9042506,7.6,18.620377
122998,2021-02-16,SU01/5B,98.716,7.9042506,7.6,18.620377
122999,2021-02-16,SK00/41,131.938,7.9042506,7.6,18.620377
123000,2021-02-16,SE94/5,23.288,7.9042506,7.6,18.620377
123001,2021-02-16,TA10/63,21.587,7.9042506,7.6,18.620377
123002,2021-02-16,SU81/1,69.629,7.9042506,7.6,18.620377
123003,2021-02-16,TR14/9,86.697,7.9042506,7.6,18.620377
123004,2021-02-16,SJ62/235,55.116,7.9042506,7.6,18.620377
123005,2021-02-17,SE95/6,36.91,7.0646663,3.9999995,20.46084
123006,2021-02-17,SU17/57,142.95,7.0646663,3.9999995,20.46084
123007,2021-02-17,TL33/67,86.49,7.0646663,3.9999995,20.46084
123008,2021-02-17,TM15/112,25.46,7.0646663,3.9999995,20.46084
123009,2021-02-17,NO20/14,38.82,7.0646663,3.9999995,20.46084
123010,2021-02-17,NY63/2,131.78,7.0646663,3.9999995,20.46084
123011,2021-02-17,SJ15/13,80.6872,7.0646663,3.9999995,20.46084
123012,2021-02-17,NH95/17,29.84,7.0646663,3.9999995,20.46084
123013,2021-02-17,TL33/4,81.13,7.0646663,3.9999995,20.46084
123014,2021-02-17,ID30/1,115.52,7.0646663,3.9999995,20.46084
123015,2021-02-17,SU81/1,69.305,7.0646663,3.9999995,20.46084
123016,2021-02-17,SK00/41,131.914,7.0646663,3.9999995,20.46084
123017,2021-02-17,SU01/5B,98.373,7.0646663,3.9999995,20.46084
123018,2021-02-17,SJ62/235,55.128,7.0646663,3.9999995,20.46084
123019,2021-02-17,TR14/9,86.713,7.0646663,3.9999995,20.46084
123020,2021-02-17,SU71/23,58.349,7.0646663,3.9999995,20.46084
123021,2021-02-17,SE94/5,23.279,7.0646663,3.9999995,20.46084
123022,2021-02-17,SY68/34,71.04,7.0646663,3.9999995,20.46084
123023,2021-02-17,ST07/10,75.3,7.0646663,3.9999995,20.46084
123024,2021-02-17,TF03/37,24.351,7.0646663,3.9999995,20.46084
123025,2021-02-17,TA10/63,21.652,7.0646663,3.9999995,20.46084
123026,2021-02-18,TL33/67,86.64,6.7375836,11.0,23.938192
123027,2021-02-18,SE95/6,36.84,6.7375836,11.0,23.938192
123028,2021-02-18,ID30/1,115.53,6.7375836,11.0,23.938192
123029,2021-02-18,SJ15/13,80.6956,6.7375836,11.0,23.938192
123030,2021-02-18,NH95/17,29.82,6.7375836,11.0,23.938192
123031,2021-02-18,NY63/2,131.79,6.7375836,11.0,23.938192
123032,2021-02-18,TL33/4,81.3,6.7375836,11.0,23.938192
123033,2021-02-18,NO20/14,38.82,6.7375836,11.0,23.938192
123034,2021-02-18,SU17/57,142.89,6.7375836,11.0,23.938192
123035,2021-02-18,TR14/9,86.712,6.7375836,11.0,23.938192
123036,2021-02-18,TF03/37,24.353,6.7375836,11.0,23.938192
123037,2021-02-18,SU01/5B,98.074,6.7375836,11.0,23.938192
123038,2021-02-18,SJ62/235,55.122,6.7375836,11.0,23.938192
123039,2021-02-18,SY68/34,71.002,6.7375836,11.0,23.938192
123040,2021-02-18,ST07/10,76.2,6.7375836,11.0,23.938192
123041,2021-02-18,SU71/23,58.242,6.7375836,11.0,23.938192
123042,2021-02-18,TA10/63,21.699,6.7375836,11.0,23.938192
123043,2021-02-18,SU81/1,68.981,6.7375836,11.0,23.938192
123044,2021-02-18,SE94/5,23.269,6.7375836,11.0,23.938192
123045,2021-02-18,SK00/41,131.882,6.7375836,11.0,23.938192
123046,2021-02-19,TL33/67,86.83,7.60425,18.7,27.696499
123047,2021-02-19,TL33/4,81.48,7.60425,18.7,27.696499
123048,2021-02-19,ID30/1,115.66,7.60425,18.7,27.696499
123049,2021-02-19,SU17/57,142.91,7.60425,18.7,27.696499
123050,2021-02-19,TV59/7C,2.53,7.60425,18.7,27.696499
123051,2021-02-19,SJ15/13,80.6832,7.60425,18.7,27.696499
123052,2021-02-19,NY63/2,131.76,7.60425,18.7,27.696499
123053,2021-02-19,SE95/6,36.7,7.60425,18.7,27.696499
123054,2021-02-19,NH95/17,29.84,7.60425,18.7,27.696499
123055,2021-02-19,NO20/14,38.79,7.60425,18.7,27.696499
123056,2021-02-19,SK00/41,131.836,7.60425,18.7,27.696499
123057,2021-02-19,TF03/37,24.312,7.60425,18.7,27.696499
123058,2021-02-19,ST07/10,76.17,7.60425,18.7,27.696499
123059,2021-02-19,SU81/1,68.697,7.60425,18.7,27.696499
123060,2021-02-19,SY68/34,70.972,7.60425,18.7,27.696499
123061,2021-02-19,SJ62/235,55.137,7.60425,18.7,27.696499
123062,2021-02-19,TR14/9,86.719,7.60425,18.7,27.696499
123063,2021-02-19,SE94/5,23.254,7.60425,18.7,27.696499
123064,2021-02-19,SU01/5B,97.978,7.60425,18.7,27.696499
123065,2021-02-19,TA10/63,21.738,7.60425,18.7,27.696499
123066,2021-02-19,SU71/23,58.253,7.60425,18.7,27.696499
123067,2021-02-20,NH95/17,29.82,10.27925,13.7,26.056942
123068,2021-02-20,TL33/4,81.66,10.27925,13.7,26.056942
123069,2021-02-20,SJ15/13,80.7031,10.27925,13.7,26.056942
123070,2021-02-20,ID30/1,115.85,10.27925,13.7,26.056942
123071,2021-02-20,NY63/2,131.78,10.27925,13.7,26.056942
123072,2021-02-20,TL33/67,87.0,10.27925,13.7,26.056942
123073,2021-02-20,NO20/14,38.86,10.27925,13.7,26.056942
123074,2021-02-20,SE95/6,36.59,10.27925,13.7,26.056942
123075,2021-02-20,SU17/57,142.84,10.27925,13.7,26.056942
123076,2021-02-20,TA10/63,21.759,10.27925,13.7,26.056942
123077,2021-02-20,SU71/23,58.331,10.27925,13.7,26.056942
123078,2021-02-20,TR14/9,86.729,10.27925,13.7,26.056942
123079,2021-02-20,SJ62/235,55.135,10.27925,13.7,26.056942
123080,2021-02-20,SK00/41,131.803,10.27925,13.7,26.056942
123081,2021-02-20,ST07/10,75.705,10.27925,13.7,26.056942
123082,2021-02-20,SN00/11,12.4216,10.27925,13.7,26.056942
123083,2021-02-20,SU01/5B,98.166,10.27925,13.7,26.056942
123084,2021-02-20,SY68/34,70.958,10.27925,13.7,26.056942
123085,2021-02-20,SE94/5,23.237,10.27925,13.7,26.056942
123086,2021-02-20,TF03/37,24.239,10.27925,13.7,26.056942
123087,2021-02-20,SU81/1,68.49,10.27925,13.7,26.056942
123088,2021-02-21,SJ15/13,80.6969,8.043833,0.90000004,16.479788
123089,2021-02-21,NH95/17,29.79,8.043833,0.90000004,16.479788
123090,2021-02-21,NO20/14,38.81,8.043833,0.90000004,16.479788
123091,2021-02-21,SE95/6,36.43,8.043833,0.90000004,16.479788
123092,2021-02-21,TL33/67,87.11,8.043833,0.90000004,16.479788
123093,2021-02-21,SU17/57,142.81,8.043833,0.90000004,16.479788
123094,2021-02-21,NY63/2,131.78,8.043833,0.90000004,16.479788
123095,2021-02-21,ID30/1,116.06,8.043833,0.90000004,16.479788
123096,2021-02-21,TL33/4,81.84,8.043833,0.90000004,16.479788
123097,2021-02-21,SE94/5,23.189,8.043833,0.90000004,16.479788
123098,2021-02-21,SU81/1,68.351,8.043833,0.90000004,16.479788
123099,2021-02-21,TF03/37,24.159,8.043833,0.90000004,16.479788
123100,2021-02-21,TR14/9,86.721,8.043833,0.90000004,16.479788
123101,2021-02-21,SU01/5B,98.478,8.043833,0.90000004,16.479788
123102,2021-02-21,SU71/23,58.38,8.043833,0.90000004,16.479788
123103,2021-02-21,TA10/63,21.753,8.043833,0.90000004,16.479788
123104,2021-02-21,SK00/41,131.749,8.043833,0.90000004,16.479788
123105,2021-02-21,SN00/11,12.4216,8.043833,0.90000004,16.479788
123106,2021-02-21,SJ62/235,55.128,8.043833,0.90000004,16.479788
123107,2021-02-21,SY68/34,70.946,8.043833,0.90000004,16.479788
123108,2021-02-21,ST07/10,75.242,8.043833,0.90000004,16.479788
123109,2021-02-22,ID30/1,116.22,7.0480003,2.5,9.932633
123110,2021-02-22,NH95/17,29.76,7.0480003,2.5,9.932633
123111,2021-02-22,SU17/57,142.83,7.0480003,2.5,9.932633
123112,2021-02-22,SE95/6,36.24,7.0480003,2.5,9.932633
123113,2021-02-22,TL33/67,87.18,7.0480003,2.5,9.932633
123114,2021-02-22,NO20/14,38.76,7.0480003,2.5,9.932633
123115,2021-02-22,TA10/63,21.76,7.0480003,2.5,9.932633
123116,2021-02-22,NY63/2,131.71,7.0480003,2.5,9.932633
123117,2021-02-22,TL33/4,82.03,7.0480003,2.5,9.932633
123118,2021-02-22,SJ15/13,80.6833,7.0480003,2.5,9.932633
123119,2021-02-22,SN00/11,12.4216,7.0480003,2.5,9.932633
123120,2021-02-22,SU81/1,68.224,7.0480003,2.5,9.932633
123121,2021-02-22,SU01/5B,98.691,7.0480003,2.5,9.932633
123122,2021-02-22,SU71/23,58.365,7.0480003,2.5,9.932633
123123,2021-02-22,TF03/37,24.066,7.0480003,2.5,9.932633
123124,2021-02-22,SY68/34,70.929,7.0480003,2.5,9.932633
123125,2021-02-22,ST07/10,75.088,7.0480003,2.5,9.932633
123126,2021-02-22,SE94/5,23.174,7.0480003,2.5,9.932633
123127,2021-02-22,SK00/41,131.704,7.0480003,2.5,9.932633
123128,2021-02-22,SJ62/235,55.127,7.0480003,2.5,9.932633
123129,2021-02-22,TR14/9,86.72,7.0480003,2.5,9.932633
123130,2021-02-23,NH95/17,29.78,9.118833,21.4,28.256128
123131,2021-02-23,SU17/57,142.9,9.118833,21.4,28.256128
123132,2021-02-23,SJ15/13,80.7012,9.118833,21.4,28.256128
123133,2021-02-23,TQ25/86,101.37,9.118833,21.4,28.256128
123134,2021-02-23,SE95/6,36.02,9.118833,21.4,28.256128
123135,2021-02-23,NO20/14,38.77,9.118833,21.4,28.256128
123136,2021-02-23,ID30/1,116.24,9.118833,21.4,28.256128
123137,2021-02-23,NY63/2,131.69,9.118833,21.4,28.256128
123138,2021-02-23,TL33/4,82.22,9.118833,21.4,28.256128
123139,2021-02-23,SP00/62,102.87,9.118833,21.4,28.256128
123140,2021-02-23,TL33/67,87.34,9.118833,21.4,28.256128
123141,2021-02-23,SU01/5B,98.753,9.118833,21.4,28.256128
123142,2021-02-23,SK00/41,131.664,9.118833,21.4,28.256128
123143,2021-02-23,TF03/37,24.042,9.118833,21.4,28.256128
123144,2021-02-23,TA10/63,21.75,9.118833,21.4,28.256128
123145,2021-02-23,SY68/34,70.91,9.118833,21.4,28.256128
123146,2021-02-23,SN00/11,12.9717,9.118833,21.4,28.256128
123147,2021-02-23,TR14/9,86.71,9.118833,21.4,28.256128
123148,2021-02-23,SJ62/235,55.14,9.118833,21.4,28.256128
123149,2021-02-23,SE94/5,23.16,9.118833,21.4,28.256128
123150,2021-02-23,SU81/1,68.075,9.118833,21.4,28.256128
123151,2021-02-23,ST07/10,74.88,9.118833,21.4,28.256128
123152,2021-02-23,SU71/23,58.309,9.118833,21.4,28.256128
123153,2021-02-24,ID30/1,116.34,9.448001,18.8,16.903795
123154,2021-02-24,NH95/17,29.76,9.448001,18.8,16.903795
123155,2021-02-24,NY63/2,131.74,9.448001,18.8,16.903795
123156,2021-02-24,TF81/2A,49.6,9.448001,18.8,16.903795
123157,2021-02-24,TL33/4,82.41,9.448001,18.8,16.903795
123158,2021-02-24,SE95/6,35.84,9.448001,18.8,16.903795
123159,2021-02-24,NO20/14,38.78,9.448001,18.8,16.903795
123160,2021-02-24,SU17/57,142.85,9.448001,18.8,16.903795
123161,2021-02-24,SJ15/13,80.7145,9.448001,18.8,16.903795
123162,2021-02-24,TL33/67,87.48,9.448001,18.8,16.903795
123163,2021-02-24,TR14/9,86.718,9.448001,18.8,16.903795
123164,2021-02-24,SJ62/235,55.137,9.448001,18.8,16.903795
123165,2021-02-24,SU71/23,58.233,9.448001,18.8,16.903795
123166,2021-02-24,SY68/34,70.894,9.448001,18.8,16.903795
123167,2021-02-24,SU01/5B,98.712,9.448001,18.8,16.903795
123168,2021-02-24,SN00/11,13.175,9.448001,18.8,16.903795
123169,2021-02-24,ST07/10,74.37,9.448001,18.8,16.903795
123170,2021-02-24,SK00/41,131.626,9.448001,18.8,16.903795
123171,2021-02-24,SE94/5,23.139,9.448001,18.8,16.903795
123172,2021-02-24,TF03/37,23.886,9.448001,18.8,16.903795
123173,2021-02-24,SU81/1,67.923,9.448001,18.8,16.903795
123174,2021-02-24,TA10/63,21.742,9.448001,18.8,16.903795
123175,2021-02-25,SE95/6,35.62,5.9292507,0.0,13.399543
123176,2021-02-25,TL33/67,87.52,5.9292507,0.0,13.399543
123177,2021-02-25,NH95/17,29.74,5.9292507,0.0,13.399543
123178,2021-02-25,NY63/2,131.75,5.9292507,0.0,13.399543
123179,2021-02-25,ID30/1,116.29,5.9292507,0.0,13.399543
123180,2021-02-25,SJ15/13,80.6945,5.9292507,0.0,13.399543
123181,2021-02-25,SU17/57,142.81,5.9292507,0.0,13.399543
123182,2021-02-25,NO20/14,38.66,5.9292507,0.0,13.399543
123183,2021-02-25,TL33/4,82.61,5.9292507,0.0,13.399543
123184,2021-02-25,SU81/1,67.74,5.9292507,0.0,13.399543
123185,2021-02-25,TF03/37,23.711,5.9292507,0.0,13.399543
123186,2021-02-25,SY68/34,70.87,5.9292507,0.0,13.399543
123187,2021-02-25,ST07/10,73.369,5.9292507,0.0,13.399543
123188,2021-02-25,SN00/11,13.1397,5.9292507,0.0,13.399543
123189,2021-02-25,TR14/9,86.717,5.9292507,0.0,13.399543
123190,2021-02-25,SK00/41,131.57,5.9292507,0.0,13.399543
123191,2021-02-25,SE94/5,23.103,5.9292507,0.0,13.399543
123192,2021-02-25,SJ62/235,55.122,5.9292507,0.0,13.399543
123193,2021-02-25,SU71/23,58.114,5.9292507,0.0,13.399543
123194,2021-02-25,TA10/63,21.704,5.9292507,0.0,13.399543
123195,2021-02-25,SU01/5B,98.565,5.9292507,0.0,13.399543
123196,2021-02-26,NY63/2,131.69,4.6584163,0.0,8.065975
123197,2021-02-26,ID30/1,116.19,4.6584163,0.0,8.065975
123198,2021-02-26,TL33/4,82.8,4.6584163,0.0,8.065975
123199,2021-02-26,SJ15/13,80.6537,4.6584163,0.0,8.065975
123200,2021-02-26,SU17/57,142.74,4.6584163,0.0,8.065975
123201,2021-02-26,NH95/17,29.71,4.6584163,0.0,8.065975
123202,2021-02-26,NO20/14,38.54,4.6584163,0.0,8.065975
123203,2021-02-26,TL33/67,87.61,4.6584163,0.0,8.065975
123204,2021-02-26,SE95/6,35.33,4.6584163,0.0,8.065975
123205,2021-02-26,SY68/34,70.846,4.6584163,0.0,8.065975
123206,2021-02-26,SK00/41,131.542,4.6584163,0.0,8.065975
123207,2021-02-26,SU71/23,57.964,4.6584163,0.0,8.065975
123208,2021-02-26,TA10/63,21.676,4.6584163,0.0,8.065975
123209,2021-02-26,TR14/9,86.702,4.6584163,0.0,8.065975
123210,2021-02-26,SU81/1,67.52,4.6584163,0.0,8.065975
123211,2021-02-26,SU01/5B,98.343,4.6584163,0.0,8.065975
123212,2021-02-26,SJ62/235,55.122,4.6584163,0.0,8.065975
123213,2021-02-26,SE94/5,23.074,4.6584163,0.0,8.065975
123214,2021-02-26,TF03/37,23.577,4.6584163,0.0,8.065975
123215,2021-02-26,SN00/11,13.1003,4.6584163,0.0,8.065975
123216,2021-02-26,ST07/10,73.0,4.6584163,0.0,8.065975
123217,2021-02-27,NY63/2,131.68,7.1417503,0.1,5.6336665
123218,2021-02-27,SE95/6,35.06,7.1417503,0.1,5.6336665
123219,2021-02-27,ID30/1,116.06,7.1417503,0.1,5.6336665
123220,2021-02-27,NH95/17,29.7,7.1417503,0.1,5.6336665
123221,2021-02-27,NO20/14,38.48,7.1417503,0.1,5.6336665
123222,2021-02-27,TL33/67,87.73,7.1417503,0.1,5.6336665
123223,2021-02-27,SU17/57,142.73,7.1417503,0.1,5.6336665
123224,2021-02-27,TL33/4,82.98,7.1417503,0.1,5.6336665
123225,2021-02-27,SJ15/13,80.6336,7.1417503,0.1,5.6336665
123226,2021-02-27,SU71/23,57.804,7.1417503,0.1,5.6336665
123227,2021-02-27,SK00/41,131.538,7.1417503,0.1,5.6336665
123228,2021-02-27,SN00/11,13.053,7.1417503,0.1,5.6336665
123229,2021-02-27,TA10/63,21.658,7.1417503,0.1,5.6336665
123230,2021-02-27,ST07/10,72.367,7.1417503,0.1,5.6336665
123231,2021-02-27,SY68/34,70.823,7.1417503,0.1,5.6336665
123232,2021-02-27,SJ62/235,55.13,7.1417503,0.1,5.6336665
123233,2021-02-27,SU81/1,67.282,7.1417503,0.1,5.6336665
123234,2021-02-27,SU01/5B,98.102,7.1417503,0.1,5.6336665
123235,2021-02-27,TF03/37,23.497,7.1417503,0.1,5.6336665
123236,2021-02-27,SE94/5,23.034,7.1417503,0.1,5.6336665
123237,2021-02-27,TR14/9,86.691,7.1417503,0.1,5.6336665
123238,2021-02-28,NH95/17,29.7,4.5855002,0.0,4.9872265
123239,2021-02-28,TL33/4,83.18,4.5855002,0.0,4.9872265
123240,2021-02-28,NY63/2,131.69,4.5855002,0.0,4.9872265
123241,2021-02-28,TL33/67,87.88,4.5855002,0.0,4.9872265
123242,2021-02-28,SE95/6,34.77,4.5855002,0.0,4.9872265
123243,2021-02-28,SJ15/13,80.6433,4.5855002,0.0,4.9872265
123244,2021-02-28,SU17/57,142.61,4.5855002,0.0,4.9872265
123245,2021-02-28,ID30/1,115.93,4.5855002,0.0,4.9872265
123246,2021-02-28,NO20/14,38.46,4.5855002,0.0,4.9872265
123247,2021-02-28,SE94/5,23.02,4.5855002,0.0,4.9872265
123248,2021-02-28,TR14/9,86.685,4.5855002,0.0,4.9872265
123249,2021-02-28,SU81/1,67.078,4.5855002,0.0,4.9872265
123250,2021-02-28,SY68/34,70.807,4.5855002,0.0,4.9872265
123251,2021-02-28,SU01/5B,97.894,4.5855002,0.0,4.9872265
123252,2021-02-28,ST07/10,71.772,4.5855002,0.0,4.9872265
123253,2021-02-28,SU71/23,57.65,4.5855002,0.0,4.9872265
123254,2021-02-28,SJ62/235,55.143,4.5855002,0.0,4.9872265
123255,2021-02-28,SN00/11,13.0034,4.5855002,0.0,4.9872265
123256,2021-02-28,TA10/63,21.648,4.5855002,0.0,4.9872265
123257,2021-02-28,TF03/37,23.479,4.5855002,0.0,4.9872265
123258,2021-03-01,SJ15/13,80.6606,4.160499,0.0,7.7786894
123259,2021-03-01,TL33/4,83.37,4.160499,0.0,7.7786894
123260,2021-03-01,ID30/1,115.8,4.160499,0.0,7.7786894
123261,2021-03-01,NH95/17,29.7,4.160499,0.0,7.7786894
123262,2021-03-01,NO20/14,38.45,4.160499,0.0,7.7786894
123263,2021-03-01,SU17/57,142.51,4.160499,0.0,7.7786894
123264,2021-03-01,SP00/62,102.735,4.160499,0.0,7.7786894
123265,2021-03-01,NY63/2,131.73,4.160499,0.0,7.7786894
123266,2021-03-01,SE95/6,34.47,4.160499,0.0,7.7786894
123267,2021-03-01,TQ25/86,100.94,4.160499,0.0,7.7786894
123268,2021-03-01,TL44/12,47.85,4.160499,0.0,7.7786894
123269,2021-03-01,TL33/67,87.99,4.160499,0.0,7.7786894
123270,2021-03-01,SU71/23,57.469,4.160499,0.0,7.7786894
123271,2021-03-01,TA10/63,21.631,4.160499,0.0,7.7786894
123272,2021-03-01,TF03/37,23.411,4.160499,0.0,7.7786894
123273,2021-03-01,SU81/1,66.79,4.160499,0.0,7.7786894
123274,2021-03-01,TR14/9,86.68,4.160499,0.0,7.7786894
123275,2021-03-01,SK00/41,131.532,4.160499,0.0,7.7786894
123276,2021-03-01,SE94/5,23.019,4.160499,0.0,7.7786894
123277,2021-03-01,SY68/34,70.785,4.160499,0.0,7.7786894
123278,2021-03-01,ST07/10,71.136,4.160499,0.0,7.7786894
123279,2021-03-01,SU01/5B,97.645,4.160499,0.0,7.7786894
123280,2021-03-01,SJ62/235,55.148,4.160499,0.0,7.7786894
123281,2021-03-01,SN00/11,12.9407,4.160499,0.0,7.7786894
123282,2021-03-02,NH95/17,29.69,4.19175,0.0,7.1797113
123283,2021-03-02,TL33/4,83.56,4.19175,0.0,7.1797113
123284,2021-03-02,ID30/1,115.72,4.19175,0.0,7.1797113
123285,2021-03-02,SE95/6,34.17,4.19175,0.0,7.1797113
123286,2021-03-02,NO20/14,38.43,4.19175,0.0,7.1797113
123287,2021-03-02,NY63/2,131.76,4.19175,0.0,7.1797113
123288,2021-03-02,SJ15/13,80.65935,4.19175,0.0,7.1797113
123289,2021-03-02,SU17/57,142.42,4.19175,0.0,7.1797113
123290,2021-03-02,TL33/67,88.08,4.19175,0.0,7.1797113
123291,2021-03-02,SY68/34,70.764,4.19175,0.0,7.1797113
123292,2021-03-02,SU71/23,57.275,4.19175,0.0,7.1797113
123293,2021-03-02,SU81/1,66.526,4.19175,0.0,7.1797113
123294,2021-03-02,TA10/63,21.604,4.19175,0.0,7.1797113
123295,2021-03-02,ST07/10,70.2369,4.19175,0.0,7.1797113
123296,2021-03-02,SU01/5B,97.398,4.19175,0.0,7.1797113
123297,2021-03-02,SK00/41,131.527,4.19175,0.0,7.1797113
123298,2021-03-02,SE94/5,23.0,4.19175,0.0,7.1797113
123299,2021-03-02,SN00/11,12.8651,4.19175,0.0,7.1797113
123300,2021-03-02,SJ62/235,55.151,4.19175,0.0,7.1797113
123301,2021-03-02,TR14/9,86.676,4.19175,0.0,7.1797113
123302,2021-03-02,TF03/37,23.329,4.19175,0.0,7.1797113
123303,2021-03-03,SE95/6,33.84,2.323,0.0,4.166111
123304,2021-03-03,TL33/67,88.18,2.323,0.0,4.166111
123305,2021-03-03,NO20/14,38.4,2.323,0.0,4.166111
123306,2021-03-03,NH95/17,29.69,2.323,0.0,4.166111
123307,2021-03-03,TL33/4,83.75,2.323,0.0,4.166111
123308,2021-03-03,ID30/1,115.54,2.323,0.0,4.166111
123309,2021-03-03,SU17/57,142.34,2.323,0.0,4.166111
123310,2021-03-03,NY63/2,131.77,2.323,0.0,4.166111
123311,2021-03-03,SJ15/13,80.662,2.323,0.0,4.166111
123312,2021-03-03,TA10/63,21.58,2.323,0.0,4.166111
123313,2021-03-03,SN00/11,12.7935,2.323,0.0,4.166111
123314,2021-03-03,SU71/23,57.073,2.323,0.0,4.166111
123315,2021-03-03,SU81/1,66.24,2.323,0.0,4.166111
123316,2021-03-03,SU01/5B,97.136,2.323,0.0,4.166111
123317,2021-03-03,SJ62/235,55.155,2.323,0.0,4.166111
123318,2021-03-03,SK00/41,131.523,2.323,0.0,4.166111
123319,2021-03-03,TF03/37,23.26,2.323,0.0,4.166111
123320,2021-03-03,TR14/9,86.681,2.323,0.0,4.166111
123321,2021-03-03,SE94/5,22.98,2.323,0.0,4.166111
123322,2021-03-03,SY68/34,70.746,2.323,0.0,4.166111
123323,2021-03-03,ST07/10,69.6274,2.323,0.0,4.166111
123324,2021-03-04,NY63/2,131.78,3.498,0.0,7.832619
123325,2021-03-04,SU17/57,142.23,3.498,0.0,7.832619
123326,2021-03-04,SJ15/13,80.66548,3.498,0.0,7.832619
123327,2021-03-04,SE95/6,33.5,3.498,0.0,7.832619
123328,2021-03-04,ID30/1,115.43,3.498,0.0,7.832619
123329,2021-03-04,TL33/4,83.94,3.498,0.0,7.832619
123330,2021-03-04,TL33/67,88.23,3.498,0.0,7.832619
123331,2021-03-04,NO20/14,38.36,3.498,0.0,7.832619
123332,2021-03-04,NH95/17,29.68,3.498,0.0,7.832619
123333,2021-03-04,SE94/5,22.953,3.498,0.0,7.832619
123334,2021-03-04,ST07/10,68.9926,3.498,0.0,7.832619
123335,2021-03-04,TA10/63,21.537,3.498,0.0,7.832619
123336,2021-03-04,SU81/1,65.943,3.498,0.0,7.832619
123337,2021-03-04,SJ62/235,55.151,3.498,0.0,7.832619
123338,2021-03-04,SY68/34,70.722,3.498,0.0,7.832619
123339,2021-03-04,SU71/23,56.854,3.498,0.0,7.832619
123340,2021-03-04,TF03/37,23.149,3.498,0.0,7.832619
123341,2021-03-04,TR14/9,86.67,3.498,0.0,7.832619
123342,2021-03-04,SU01/5B,96.861,3.498,0.0,7.832619
123343,2021-03-04,SK00/41,131.518,3.498,0.0,7.832619
123344,2021-03-04,SN00/11,12.7122,3.498,0.0,7.832619
123345,2021-03-05,TL33/67,88.25,2.398,0.0,4.792218
123346,2021-03-05,ID30/1,115.31,2.398,0.0,4.792218
123347,2021-03-05,SE95/6,33.16,2.398,0.0,4.792218
123348,2021-03-05,SJ15/13,80.63704,2.398,0.0,4.792218
123349,2021-03-05,TL33/4,84.12,2.398,0.0,4.792218
123350,2021-03-05,NO20/14,38.33,2.398,0.0,4.792218
123351,2021-03-05,SU17/57,142.2,2.398,0.0,4.792218
123352,2021-03-05,NH95/17,29.67,2.398,0.0,4.792218
123353,2021-03-05,NY63/2,131.75,2.398,0.0,4.792218
123354,2021-03-05,SY68/34,70.693,2.398,0.0,4.792218
123355,2021-03-05,SE94/5,22.922,2.398,0.0,4.792218
123356,2021-03-05,SU81/1,65.618,2.398,0.0,4.792218
123357,2021-03-05,SK00/41,131.503,2.398,0.0,4.792218
123358,2021-03-05,TA10/63,21.486,2.398,0.0,4.792218
123359,2021-03-05,TF03/37,23.034,2.398,0.0,4.792218
123360,2021-03-05,SU71/23,56.604,2.398,0.0,4.792218
123361,2021-03-05,TR14/9,86.647,2.398,0.0,4.792218
123362,2021-03-05,SJ62/235,55.146,2.398,0.0,4.792218
123363,2021-03-05,SU01/5B,96.556,2.398,0.0,4.792218
123364,2021-03-05,ST07/10,68.3457,2.398,0.0,4.792218
123365,2021-03-05,SN00/11,12.6254,2.398,0.0,4.792218
123366,2021-03-06,TL33/4,84.31,2.6313334,0.0,5.7838016
123367,2021-03-06,TL33/67,88.35,2.6313334,0.0,5.7838016
123368,2021-03-06,SU17/57,142.18,2.6313334,0.0,5.7838016
123369,2021-03-06,NO20/14,38.31,2.6313334,0.0,5.7838016
123370,2021-03-06,NH95/17,29.69,2.6313334,0.0,5.7838016
123371,2021-03-06,ID30/1,115.19,2.6313334,0.0,5.7838016
123372,2021-03-06,NY63/2,131.72,2.6313334,0.0,5.7838016
123373,2021-03-06,SJ15/13,80.61485,2.6313334,0.0,5.7838016
123374,2021-03-06,SE95/6,32.81,2.6313334,0.0,5.7838016
123375,2021-03-06,SY68/34,70.667,2.6313334,0.0,5.7838016
123376,2021-03-06,SE94/5,22.883,2.6313334,0.0,5.7838016
123377,2021-03-06,SU81/1,65.282,2.6313334,0.0,5.7838016
123378,2021-03-06,SN00/11,12.5498,2.6313334,0.0,5.7838016
123379,2021-03-06,TR14/9,86.638,2.6313334,0.0,5.7838016
123380,2021-03-06,SJ62/235,55.156,2.6313334,0.0,5.7838016
123381,2021-03-06,SU71/23,56.358,2.6313334,0.0,5.7838016
123382,2021-03-06,SU01/5B,96.249,2.6313334,0.0,5.7838016
123383,2021-03-06,ST07/10,67.6835,2.6313334,0.0,5.7838016
123384,2021-03-06,TA10/63,21.457,2.6313334,0.0,5.7838016
123385,2021-03-06,SK00/41,131.487,2.6313334,0.0,5.7838016
123386,2021-03-06,TF03/37,22.962,2.6313334,0.0,5.7838016
123387,2021-03-07,TL33/67,88.44,3.5125837,0.0,5.998633
123388,2021-03-07,SE95/6,32.48,3.5125837,0.0,5.998633
123389,2021-03-07,SU17/57,142.07,3.5125837,0.0,5.998633
123390,2021-03-07,NH95/17,29.69,3.5125837,0.0,5.998633
123391,2021-03-07,ID30/1,115.1,3.5125837,0.0,5.998633
123392,2021-03-07,NY63/2,131.75,3.5125837,0.0,5.998633
123393,2021-03-07,TL33/4,84.49,3.5125837,0.0,5.998633
123394,2021-03-07,SJ15/13,80.62578,3.5125837,0.0,5.998633
123395,2021-03-07,NO20/14,38.32,3.5125837,0.0,5.998633
123396,2021-03-07,TF03/37,22.898,3.5125837,0.0,5.998633
123397,2021-03-07,SU81/1,64.957,3.5125837,0.0,5.998633
123398,2021-03-07,TR14/9,86.624,3.5125837,0.0,5.998633
123399,2021-03-07,SU71/23,56.119,3.5125837,0.0,5.998633
123400,2021-03-07,SJ62/235,55.163,3.5125837,0.0,5.998633
123401,2021-03-07,TA10/63,21.432,3.5125837,0.0,5.998633
123402,2021-03-07,SE94/5,22.86,3.5125837,0.0,5.998633
123403,2021-03-07,SY68/34,70.642,3.5125837,0.0,5.998633
123404,2021-03-07,ST07/10,67.0373,3.5125837,0.0,5.998633
123405,2021-03-07,SN00/11,12.4751,3.5125837,0.0,5.998633
123406,2021-03-07,SK00/41,131.474,3.5125837,0.0,5.998633
123407,2021-03-07,SU01/5B,95.955,3.5125837,0.0,5.998633
123408,2021-03-08,TL33/67,88.5,5.7813334,3.9999998,9.378829
123409,2021-03-08,TL33/4,84.67,5.7813334,3.9999998,9.378829
123410,2021-03-08,SJ15/13,80.63552,5.7813334,3.9999998,9.378829
123411,2021-03-08,NO20/14,38.32,5.7813334,3.9999998,9.378829
123412,2021-03-08,SE95/6,32.16,5.7813334,3.9999998,9.378829
123413,2021-03-08,ID30/1,114.99,5.7813334,3.9999998,9.378829
123414,2021-03-08,NH95/17,29.72,5.7813334,3.9999998,9.378829
123415,2021-03-08,SU17/57,141.95,5.7813334,3.9999998,9.378829
123416,2021-03-08,NY63/2,131.77,5.7813334,3.9999998,9.378829
123417,2021-03-08,SU81/1,64.624,5.7813334,3.9999998,9.378829
123418,2021-03-08,TA10/63,21.395,5.7813334,3.9999998,9.378829
123419,2021-03-08,TF03/37,22.808,5.7813334,3.9999998,9.378829
123420,2021-03-08,SE94/5,22.853,5.7813334,3.9999998,9.378829
123421,2021-03-08,ST07/10,66.4281,5.7813334,3.9999998,9.378829
123422,2021-03-08,TR14/9,86.611,5.7813334,3.9999998,9.378829
123423,2021-03-08,SK00/41,131.46,5.7813334,3.9999998,9.378829
123424,2021-03-08,SN00/11,12.3962,5.7813334,3.9999998,9.378829
123425,2021-03-08,SU71/23,55.871,5.7813334,3.9999998,9.378829
123426,2021-03-08,SY68/34,70.615,5.7813334,3.9999998,9.378829
123427,2021-03-08,SU01/5B,95.656,5.7813334,3.9999998,9.378829
123428,2021-03-08,SJ62/235,55.167,5.7813334,3.9999998,9.378829
123429,2021-03-09,SE95/6,31.84,6.06675,5.5,16.972073
123430,2021-03-09,TL33/67,88.58,6.06675,5.5,16.972073
123431,2021-03-09,SP00/62,102.547,6.06675,5.5,16.972073
123432,2021-03-09,NY63/2,131.77,6.06675,5.5,16.972073
123433,2021-03-09,NH95/17,29.74,6.06675,5.5,16.972073
123434,2021-03-09,SU17/57,141.85,6.06675,5.5,16.972073
123435,2021-03-09,SJ15/13,80.642,6.06675,5.5,16.972073
123436,2021-03-09,TQ25/86,100.62,6.06675,5.5,16.972073
123437,2021-03-09,NO20/14,38.33,6.06675,5.5,16.972073
123438,2021-03-09,TL33/4,84.85,6.06675,5.5,16.972073
123439,2021-03-09,ID30/1,114.9,6.06675,5.5,16.972073
123440,2021-03-09,SU81/1,64.284,6.06675,5.5,16.972073
123441,2021-03-09,SK00/41,131.447,6.06675,5.5,16.972073
123442,2021-03-09,TA10/63,21.365,6.06675,5.5,16.972073
123443,2021-03-09,SE94/5,22.833,6.06675,5.5,16.972073
123444,2021-03-09,SN00/11,12.3351,6.06675,5.5,16.972073
123445,2021-03-09,ST07/10,65.8937,6.06675,5.5,16.972073
123446,2021-03-09,SU71/23,55.62,6.06675,5.5,16.972073
123447,2021-03-09,SJ62/235,55.18,6.06675,5.5,16.972073
123448,2021-03-09,TR14/9,86.613,6.06675,5.5,16.972073
123449,2021-03-09,TF03/37,22.729,6.06675,5.5,16.972073
123450,2021-03-09,SY68/34,70.593,6.06675,5.5,16.972073
123451,2021-03-09,SU01/5B,95.36,6.06675,5.5,16.972073
123452,2021-03-10,NH95/17,29.76,7.6730003,30.1,22.546793
123453,2021-03-10,SJ15/13,80.68079,7.6730003,30.1,22.546793
123454,2021-03-10,NO20/14,38.4,7.6730003,30.1,22.546793
123455,2021-03-10,SE95/6,31.54,7.6730003,30.1,22.546793
123456,2021-03-10,TL33/4,85.03,7.6730003,30.1,22.546793
123457,2021-03-10,SU17/57,141.7,7.6730003,30.1,22.546793
123458,2021-03-10,ID30/1,114.86,7.6730003,30.1,22.546793
123459,2021-03-10,TL33/67,88.76,7.6730003,30.1,22.546793
123460,2021-03-10,NY63/2,131.82,7.6730003,30.1,22.546793
123461,2021-03-10,SY68/34,70.6,7.6730003,30.1,22.546793
123462,2021-03-10,SK00/41,131.455,7.6730003,30.1,22.546793
123463,2021-03-10,SN00/11,12.3669,7.6730003,30.1,22.546793
123464,2021-03-10,ST07/10,69.0128,7.6730003,30.1,22.546793
123465,2021-03-10,TR14/9,86.612,7.6730003,30.1,22.546793
123466,2021-03-10,TA10/63,21.373,7.6730003,30.1,22.546793
123467,2021-03-10,SU71/23,55.389,7.6730003,30.1,22.546793
123468,2021-03-10,SJ62/235,55.202,7.6730003,30.1,22.546793
123469,2021-03-10,TF03/37,22.724,7.6730003,30.1,22.546793
123470,2021-03-10,SE94/5,22.842,7.6730003,30.1,22.546793
123471,2021-03-10,SU01/5B,95.096,7.6730003,30.1,22.546793
123472,2021-03-10,SU81/1,63.978,7.6730003,30.1,22.546793
123473,2021-03-11,SJ15/13,80.749,5.89175,18.8,25.770006
123474,2021-03-11,NY63/2,131.95,5.89175,18.8,25.770006
123475,2021-03-11,TL33/67,88.69,5.89175,18.8,25.770006
123476,2021-03-11,TL33/4,85.21,5.89175,18.8,25.770006
123477,2021-03-11,SU17/57,141.43,5.89175,18.8,25.770006
123478,2021-03-11,NH95/17,29.77,5.89175,18.8,25.770006
123479,2021-03-11,SE95/6,31.26,5.89175,18.8,25.770006
123480,2021-03-11,ID30/1,114.97,5.89175,18.8,25.770006
123481,2021-03-11,NO20/14,38.41,5.89175,18.8,25.770006
123482,2021-03-11,ST07/10,72.6821,5.89175,18.8,25.770006
123483,2021-03-11,TA10/63,21.305,5.89175,18.8,25.770006
123484,2021-03-11,SJ62/235,55.17,5.89175,18.8,25.770006
123485,2021-03-11,SU01/5B,94.837,5.89175,18.8,25.770006
123486,2021-03-11,SK00/41,131.45,5.89175,18.8,25.770006
123487,2021-03-11,TF03/37,22.54,5.89175,18.8,25.770006
123488,2021-03-11,SU71/23,55.137,5.89175,18.8,25.770006
123489,2021-03-11,SY68/34,70.572,5.89175,18.8,25.770006
123490,2021-03-11,TR14/9,86.588,5.89175,18.8,25.770006
123491,2021-03-11,SN00/11,12.3678,5.89175,18.8,25.770006
123492,2021-03-11,SU81/1,63.653,5.89175,18.8,25.770006
123493,2021-03-11,SE94/5,22.815,5.89175,18.8,25.770006
123494,2021-03-12,NH95/17,29.73,4.581333,15.899999,18.244553
123495,2021-03-12,SE95/6,30.93,4.581333,15.899999,18.244553
123496,2021-03-12,SJ15/13,80.77752,4.581333,15.899999,18.244553
123497,2021-03-12,TL33/4,85.38,4.581333,15.899999,18.244553
123498,2021-03-12,TL33/67,88.8,4.581333,15.899999,18.244553
123499,2021-03-12,ID30/1,115.0,4.581333,15.899999,18.244553
123500,2021-03-12,NY63/2,131.83,4.581333,15.899999,18.244553
123501,2021-03-12,NO20/14,38.35,4.581333,15.899999,18.244553
123502,2021-03-12,SU17/57,141.49,4.581333,15.899999,18.244553
123503,2021-03-12,SE94/5,22.794,4.581333,15.899999,18.244553
123504,2021-03-12,SU71/23,54.875,4.581333,15.899999,18.244553
123505,2021-03-12,SY68/34,70.56,4.581333,15.899999,18.244553
123506,2021-03-12,TR14/9,86.589,4.581333,15.899999,18.244553
123507,2021-03-12,SK00/41,131.426,4.581333,15.899999,18.244553
123508,2021-03-12,SU81/1,63.319,4.581333,15.899999,18.244553
123509,2021-03-12,SU01/5B,94.548,4.581333,15.899999,18.244553
123510,2021-03-12,ST07/10,74.0568,4.581333,15.899999,18.244553
123511,2021-03-12,SJ62/235,55.195,4.581333,15.899999,18.244553
123512,2021-03-12,TF03/37,22.475,4.581333,15.899999,18.244553
123513,2021-03-12,TA10/63,21.274,4.581333,15.899999,18.244553
123514,2021-03-12,SN00/11,12.3795,4.581333,15.899999,18.244553
123515,2021-03-13,SU17/57,141.27,3.8459165,10.700001,17.578733
123516,2021-03-13,SJ15/13,80.87589,3.8459165,10.700001,17.578733
123517,2021-03-13,NO20/14,38.33,3.8459165,10.700001,17.578733
123518,2021-03-13,SE95/6,30.66,3.8459165,10.700001,17.578733
123519,2021-03-13,NY63/2,131.89,3.8459165,10.700001,17.578733
123520,2021-03-13,NH95/17,29.7,3.8459165,10.700001,17.578733
123521,2021-03-13,ID30/1,115.08,3.8459165,10.700001,17.578733
123522,2021-03-13,TL33/4,85.54,3.8459165,10.700001,17.578733
123523,2021-03-13,TL33/67,88.74,3.8459165,10.700001,17.578733
123524,2021-03-13,SJ62/235,55.167,3.8459165,10.700001,17.578733
123525,2021-03-13,SE94/5,22.738,3.8459165,10.700001,17.578733
123526,2021-03-13,TA10/63,21.206,3.8459165,10.700001,17.578733
123527,2021-03-13,TR14/9,86.55,3.8459165,10.700001,17.578733
123528,2021-03-13,SU71/23,54.61,3.8459165,10.700001,17.578733
123529,2021-03-13,TF03/37,22.321,3.8459165,10.700001,17.578733
123530,2021-03-13,SK00/41,131.401,3.8459165,10.700001,17.578733
123531,2021-03-13,SN00/11,12.364,3.8459165,10.700001,17.578733
123532,2021-03-13,SU81/1,62.983,3.8459165,10.700001,17.578733
123533,2021-03-13,ST07/10,75.2102,3.8459165,10.700001,17.578733
123534,2021-03-13,SU01/5B,94.257,3.8459165,10.700001,17.578733
123535,2021-03-13,SY68/34,70.536,3.8459165,10.700001,17.578733
123536,2021-03-14,TL33/4,85.69,4.8646665,3.6,16.494232
123537,2021-03-14,ID30/1,115.28,4.8646665,3.6,16.494232
123538,2021-03-14,NH95/17,29.66,4.8646665,3.6,16.494232
123539,2021-03-14,NO20/14,38.23,4.8646665,3.6,16.494232
123540,2021-03-14,NY63/2,131.8,4.8646665,3.6,16.494232
123541,2021-03-14,TL33/67,88.71,4.8646665,3.6,16.494232
123542,2021-03-14,SJ15/13,80.85181,4.8646665,3.6,16.494232
123543,2021-03-14,SE95/6,30.35,4.8646665,3.6,16.494232
123544,2021-03-14,SU17/57,141.34,4.8646665,3.6,16.494232
123545,2021-03-14,SU01/5B,93.941,4.8646665,3.6,16.494232
123546,2021-03-14,SN00/11,12.3433,4.8646665,3.6,16.494232
123547,2021-03-14,SK00/41,131.348,4.8646665,3.6,16.494232
123548,2021-03-14,TF03/37,22.183,4.8646665,3.6,16.494232
123549,2021-03-14,SJ62/235,55.158,4.8646665,3.6,16.494232
123550,2021-03-14,SU81/1,62.611,4.8646665,3.6,16.494232
123551,2021-03-14,SY68/34,70.492,4.8646665,3.6,16.494232
123552,2021-03-14,ST07/10,75.4906,4.8646665,3.6,16.494232
123553,2021-03-14,TA10/63,21.136,4.8646665,3.6,16.494232
123554,2021-03-14,TR14/9,86.531,4.8646665,3.6,16.494232
123555,2021-03-14,SU71/23,54.311,4.8646665,3.6,16.494232
123556,2021-03-14,SE94/5,22.69,4.8646665,3.6,16.494232
123557,2021-03-15,NH95/17,29.67,6.706333,1.5,11.398062
123558,2021-03-15,NY63/2,131.74,6.706333,1.5,11.398062
123559,2021-03-15,SE95/6,30.05,6.706333,1.5,11.398062
123560,2021-03-15,TL33/67,88.67,6.706333,1.5,11.398062
123561,2021-03-15,ID30/1,115.52,6.706333,1.5,11.398062
123562,2021-03-15,SJ15/13,80.807,6.706333,1.5,11.398062
123563,2021-03-15,NO20/14,38.16,6.706333,1.5,11.398062
123564,2021-03-15,TL33/4,85.84,6.706333,1.5,11.398062
123565,2021-03-15,SU17/57,141.34,6.706333,1.5,11.398062
123566,2021-03-15,SU01/5B,93.632,6.706333,1.5,11.398062
123567,2021-03-15,SU81/1,62.224,6.706333,1.5,11.398062
123568,2021-03-15,TR14/9,86.51,6.706333,1.5,11.398062
123569,2021-03-15,SN00/11,12.3161,6.706333,1.5,11.398062
123570,2021-03-15,SJ62/235,55.15,6.706333,1.5,11.398062
123571,2021-03-15,SK00/41,131.297,6.706333,1.5,11.398062
123572,2021-03-15,SE94/5,22.662,6.706333,1.5,11.398062
123573,2021-03-15,TF03/37,22.029,6.706333,1.5,11.398062
123574,2021-03-15,SY68/34,70.451,6.706333,1.5,11.398062
123575,2021-03-15,SU71/23,54.01,6.706333,1.5,11.398062
123576,2021-03-15,ST07/10,75.236,6.706333,1.5,11.398062
123577,2021-03-15,TA10/63,21.076,6.706333,1.5,11.398062
123578,2021-03-16,SJ15/13,80.76659,9.520917,3.3999999,14.236684
123579,2021-03-16,TQ25/86,100.25,9.520917,3.3999999,14.236684
123580,2021-03-16,SP00/62,102.428,9.520917,3.3999999,14.236684
123581,2021-03-16,NY63/2,131.69,9.520917,3.3999999,14.236684
123582,2021-03-16,NH95/17,29.64,9.520917,3.3999999,14.236684
123583,2021-03-16,NO20/14,38.13,9.520917,3.3999999,14.236684
123584,2021-03-16,SU17/57,141.35,9.520917,3.3999999,14.236684
123585,2021-03-16,TL33/67,88.67,9.520917,3.3999999,14.236684
123586,2021-03-16,SE95/6,29.75,9.520917,3.3999999,14.236684
123587,2021-03-16,TL33/4,85.98,9.520917,3.3999999,14.236684
123588,2021-03-16,ID30/1,115.61,9.520917,3.3999999,14.236684
123589,2021-03-16,SE94/5,22.624,9.520917,3.3999999,14.236684
123590,2021-03-16,TA10/63,21.029,9.520917,3.3999999,14.236684
123591,2021-03-16,SU71/23,53.704,9.520917,3.3999999,14.236684
123592,2021-03-16,SY68/34,70.41,9.520917,3.3999999,14.236684
123593,2021-03-16,ST07/10,74.6998,9.520917,3.3999999,14.236684
123594,2021-03-16,SU01/5B,93.335,9.520917,3.3999999,14.236684
123595,2021-03-16,SN00/11,12.2793,9.520917,3.3999999,14.236684
123596,2021-03-16,SK00/41,131.248,9.520917,3.3999999,14.236684
123597,2021-03-16,TF03/37,21.915,9.520917,3.3999999,14.236684
123598,2021-03-16,SU81/1,61.842,9.520917,3.3999999,14.236684
123599,2021-03-16,TR14/9,86.486,9.520917,3.3999999,14.236684
123600,2021-03-16,SJ62/235,55.145,9.520917,3.3999999,14.236684
123601,2021-03-17,SJ15/13,80.72716,6.3334174,0.0,8.774201
123602,2021-03-17,NO20/14,38.1,6.3334174,0.0,8.774201
123603,2021-03-17,NH95/17,29.63,6.3334174,0.0,8.774201
123604,2021-03-17,TM15/112,25.66,6.3334174,0.0,8.774201
123605,2021-03-17,TL33/67,88.7,6.3334174,0.0,8.774201
123606,2021-03-17,TL33/4,86.12,6.3334174,0.0,8.774201
123607,2021-03-17,SU17/57,141.32,6.3334174,0.0,8.774201
123608,2021-03-17,SE95/6,29.46,6.3334174,0.0,8.774201
123609,2021-03-17,ID30/1,115.58,6.3334174,0.0,8.774201
123610,2021-03-17,NY63/2,131.66,6.3334174,0.0,8.774201
123611,2021-03-17,SU01/5B,93.05,6.3334174,0.0,8.774201
123612,2021-03-17,SK00/41,131.203,6.3334174,0.0,8.774201
123613,2021-03-17,ST07/10,74.0745,6.3334174,0.0,8.774201
123614,2021-03-17,TF03/37,21.834,6.3334174,0.0,8.774201
123615,2021-03-17,SY68/34,70.37,6.3334174,0.0,8.774201
123616,2021-03-17,SE94/5,22.591,6.3334174,0.0,8.774201
123617,2021-03-17,SN00/11,12.2407,6.3334174,0.0,8.774201
123618,2021-03-17,SU81/1,61.463,6.3334174,0.0,8.774201
123619,2021-03-17,SU71/23,53.405,6.3334174,0.0,8.774201
123620,2021-03-17,TA10/63,20.989,6.3334174,0.0,8.774201
123621,2021-03-17,SJ62/235,55.153,6.3334174,0.0,8.774201
123622,2021-03-17,TR14/9,86.468,6.3334174,0.0,8.774201
123623,2021-03-18,SU17/57,141.22,8.073001,0.0,7.9222546
123624,2021-03-18,ID30/1,115.53,8.073001,0.0,7.9222546
123625,2021-03-18,TL33/4,86.25,8.073001,0.0,7.9222546
123626,2021-03-18,SJ15/13,80.72652,8.073001,0.0,7.9222546
123627,2021-03-18,NO20/14,38.1,8.073001,0.0,7.9222546
123628,2021-03-18,NH95/17,29.64,8.073001,0.0,7.9222546
123629,2021-03-18,TV59/7C,1.81,8.073001,0.0,7.9222546
123630,2021-03-18,TL33/67,88.77,8.073001,0.0,7.9222546
123631,2021-03-18,NY63/2,131.68,8.073001,0.0,7.9222546
123632,2021-03-18,SE95/6,29.17,8.073001,0.0,7.9222546
123633,2021-03-18,SN00/11,12.2028,8.073001,0.0,7.9222546
123634,2021-03-18,TA10/63,20.956,8.073001,0.0,7.9222546
123635,2021-03-18,SU81/1,61.105,8.073001,0.0,7.9222546
123636,2021-03-18,TF03/37,21.779,8.073001,0.0,7.9222546
123637,2021-03-18,SK00/41,131.174,8.073001,0.0,7.9222546
123638,2021-03-18,ST07/10,73.3883,8.073001,0.0,7.9222546
123639,2021-03-18,SJ62/235,55.167,8.073001,0.0,7.9222546
123640,2021-03-18,SU71/23,53.128,8.073001,0.0,7.9222546
123641,2021-03-18,SU01/5B,92.787,8.073001,0.0,7.9222546
123642,2021-03-18,TR14/9,86.46,8.073001,0.0,7.9222546
123643,2021-03-18,SE94/5,22.562,8.073001,0.0,7.9222546
123644,2021-03-18,SY68/34,70.333,8.073001,0.0,7.9222546
123645,2021-03-19,NY63/2,131.73,8.758418,0.5,9.517511
123646,2021-03-19,SU17/57,141.03,8.758418,0.5,9.517511
123647,2021-03-19,SE95/6,28.9,8.758418,0.5,9.517511
123648,2021-03-19,NH95/17,29.63,8.758418,0.5,9.517511
123649,2021-03-19,NO20/14,38.08,8.758418,0.5,9.517511
123650,2021-03-19,ID30/1,115.45,8.758418,0.5,9.517511
123651,2021-03-19,TL33/67,88.72,8.758418,0.5,9.517511
123652,2021-03-19,SJ15/13,80.74274,8.758418,0.5,9.517511
123653,2021-03-19,TL33/4,86.38,8.758418,0.5,9.517511
123654,2021-03-19,SJ62/235,55.161,8.758418,0.5,9.517511
123655,2021-03-19,SU71/23,52.845,8.758418,0.5,9.517511
123656,2021-03-19,SN00/11,12.1505,8.758418,0.5,9.517511
123657,2021-03-19,SK00/41,131.145,8.758418,0.5,9.517511
123658,2021-03-19,SU01/5B,92.534,8.758418,0.5,9.517511
123659,2021-03-19,TR14/9,86.419,8.758418,0.5,9.517511
123660,2021-03-19,SE94/5,22.522,8.758418,0.5,9.517511
123661,2021-03-19,TA10/63,20.905,8.758418,0.5,9.517511
123662,2021-03-19,SY68/34,70.295,8.758418,0.5,9.517511
123663,2021-03-19,SU81/1,60.75,8.758418,0.5,9.517511
123664,2021-03-19,TF03/37,21.658,8.758418,0.5,9.517511
123665,2021-03-19,ST07/10,72.592,8.758418,0.5,9.517511
123666,2021-03-20,TL33/4,86.5,8.460501,0.0,10.426172
123667,2021-03-20,SE95/6,28.61,8.460501,0.0,10.426172
123668,2021-03-20,TL33/67,88.76,8.460501,0.0,10.426172
123669,2021-03-20,NY63/2,131.71,8.460501,0.0,10.426172
123670,2021-03-20,NO20/14,38.09,8.460501,0.0,10.426172
123671,2021-03-20,SU17/57,141.0,8.460501,0.0,10.426172
123672,2021-03-20,SJ15/13,80.72548,8.460501,0.0,10.426172
123673,2021-03-20,ID30/1,115.38,8.460501,0.0,10.426172
123674,2021-03-20,NH95/17,29.66,8.460501,0.0,10.426172
123675,2021-03-20,SK00/41,131.118,8.460501,0.0,10.426172
123676,2021-03-20,SU81/1,60.407,8.460501,0.0,10.426172
123677,2021-03-20,TR14/9,86.401,8.460501,0.0,10.426172
123678,2021-03-20,SU71/23,52.572,8.460501,0.0,10.426172
123679,2021-03-20,TF03/37,21.578,8.460501,0.0,10.426172
123680,2021-03-20,SY68/34,70.258,8.460501,0.0,10.426172
123681,2021-03-20,SJ62/235,55.168,8.460501,0.0,10.426172
123682,2021-03-20,SN00/11,12.1002,8.460501,0.0,10.426172
123683,2021-03-20,ST07/10,71.8518,8.460501,0.0,10.426172
123684,2021-03-20,SU01/5B,92.29,8.460501,0.0,10.426172
123685,2021-03-20,TA10/63,20.87,8.460501,0.0,10.426172
123686,2021-03-20,SE94/5,22.472,8.460501,0.0,10.426172
123687,2021-03-21,TL33/67,88.76,7.3105006,0.0,6.645755
123688,2021-03-21,TL33/4,86.61,7.3105006,0.0,6.645755
123689,2021-03-21,SU17/57,140.87,7.3105006,0.0,6.645755
123690,2021-03-21,NO20/14,38.07,7.3105006,0.0,6.645755
123691,2021-03-21,SJ15/13,80.72667,7.3105006,0.0,6.645755
123692,2021-03-21,ID30/1,115.34,7.3105006,0.0,6.645755
123693,2021-03-21,NY63/2,131.73,7.3105006,0.0,6.645755
123694,2021-03-21,NH95/17,29.66,7.3105006,0.0,6.645755
123695,2021-03-21,SE95/6,28.36,7.3105006,0.0,6.645755
123696,2021-03-21,SE94/5,22.453,7.3105006,0.0,6.645755
123697,2021-03-21,SU71/23,52.309,7.3105006,0.0,6.645755
123698,2021-03-21,SY68/34,70.223,7.3105006,0.0,6.645755
123699,2021-03-21,SK00/41,131.097,7.3105006,0.0,6.645755
123700,2021-03-21,TA10/63,20.827,7.3105006,0.0,6.645755
123701,2021-03-21,TF03/37,21.488,7.3105006,0.0,6.645755
123702,2021-03-21,ST07/10,71.1341,7.3105006,0.0,6.645755
123703,2021-03-21,SN00/11,12.0476,7.3105006,0.0,6.645755
123704,2021-03-21,SU81/1,60.075,7.3105006,0.0,6.645755
123705,2021-03-21,SU01/5B,92.049,7.3105006,0.0,6.645755
123706,2021-03-21,TR14/9,86.37,7.3105006,0.0,6.645755
123707,2021-03-21,SJ62/235,55.173,7.3105006,0.0,6.645755
123708,2021-03-22,TL33/4,86.73,6.39175,0.0,7.730431
123709,2021-03-22,NH95/17,29.65,6.39175,0.0,7.730431
123710,2021-03-22,TL33/67,88.76,6.39175,0.0,7.730431
123711,2021-03-22,SU17/57,140.74,6.39175,0.0,7.730431
123712,2021-03-22,SE95/6,28.09,6.39175,0.0,7.730431
123713,2021-03-22,NO20/14,38.07,6.39175,0.0,7.730431
123714,2021-03-22,SJ15/13,80.73204,6.39175,0.0,7.730431
123715,2021-03-22,NY63/2,131.73,6.39175,0.0,7.730431
123716,2021-03-22,ID30/1,115.27,6.39175,0.0,7.730431
123717,2021-03-22,SU01/5B,91.818,6.39175,0.0,7.730431
123718,2021-03-22,TA10/63,20.788,6.39175,0.0,7.730431
123719,2021-03-22,TR14/9,86.34,6.39175,0.0,7.730431
123720,2021-03-22,SJ62/235,55.18,6.39175,0.0,7.730431
123721,2021-03-22,SE94/5,22.42,6.39175,0.0,7.730431
123722,2021-03-22,SU81/1,59.748,6.39175,0.0,7.730431
123723,2021-03-22,TF03/37,21.408,6.39175,0.0,7.730431
123724,2021-03-22,SY68/34,70.187,6.39175,0.0,7.730431
123725,2021-03-22,SN00/11,11.9928,6.39175,0.0,7.730431
123726,2021-03-22,SK00/41,131.082,6.39175,0.0,7.730431
123727,2021-03-22,ST07/10,70.4399,6.39175,0.0,7.730431
123728,2021-03-22,SU71/23,52.045,6.39175,0.0,7.730431
123729,2021-03-23,SE95/6,27.85,6.995917,0.90000004,15.399646
123730,2021-03-23,TL33/67,88.78,6.995917,0.90000004,15.399646
123731,2021-03-23,TQ25/86,99.95,6.995917,0.90000004,15.399646
123732,2021-03-23,SP00/62,102.352,6.995917,0.90000004,15.399646
123733,2021-03-23,SU17/57,140.62,6.995917,0.90000004,15.399646
123734,2021-03-23,ID30/1,115.19,6.995917,0.90000004,15.399646
123735,2021-03-23,NY63/2,131.76,6.995917,0.90000004,15.399646
123736,2021-03-23,NH95/17,29.65,6.995917,0.90000004,15.399646
123737,2021-03-23,NO20/14,38.07,6.995917,0.90000004,15.399646
123738,2021-03-23,TL33/4,86.83,6.995917,0.90000004,15.399646
123739,2021-03-23,SJ15/13,80.73781,6.995917,0.90000004,15.399646
123740,2021-03-23,SN00/11,11.9487,6.995917,0.90000004,15.399646
123741,2021-03-23,TF03/37,21.281,6.995917,0.90000004,15.399646
123742,2021-03-23,SE94/5,22.385,6.995917,0.90000004,15.399646
123743,2021-03-23,TA10/63,20.755,6.995917,0.90000004,15.399646
123744,2021-03-23,ST07/10,69.7417,6.995917,0.90000004,15.399646
123745,2021-03-23,SY68/34,70.152,6.995917,0.90000004,15.399646
123746,2021-03-23,SU71/23,51.788,6.995917,0.90000004,15.399646
123747,2021-03-23,SU81/1,59.432,6.995917,0.90000004,15.399646
123748,2021-03-23,TR14/9,86.295,6.995917,0.90000004,15.399646
123749,2021-03-23,SJ62/235,55.188,6.995917,0.90000004,15.399646
123750,2021-03-23,SK00/41,131.071,6.995917,0.90000004,15.399646
123751,2021-03-23,SU01/5B,91.595,6.995917,0.90000004,15.399646
123752,2021-03-24,SE95/6,27.63,7.5209165,2.6,13.996973
123753,2021-03-24,TL33/67,88.78,7.5209165,2.6,13.996973
123754,2021-03-24,ID30/1,115.11,7.5209165,2.6,13.996973
123755,2021-03-24,SJ15/13,80.747,7.5209165,2.6,13.996973
123756,2021-03-24,NO20/14,38.05,7.5209165,2.6,13.996973
123757,2021-03-24,SU17/57,140.47,7.5209165,2.6,13.996973
123758,2021-03-24,TL33/4,86.94,7.5209165,2.6,13.996973
123759,2021-03-24,NY63/2,131.78,7.5209165,2.6,13.996973
123760,2021-03-24,NH95/17,29.65,7.5209165,2.6,13.996973
123761,2021-03-24,SY68/34,70.116,7.5209165,2.6,13.996973
123762,2021-03-24,TR14/9,86.243,7.5209165,2.6,13.996973
123763,2021-03-24,SK00/41,131.061,7.5209165,2.6,13.996973
123764,2021-03-24,SJ62/235,55.187,7.5209165,2.6,13.996973
123765,2021-03-24,SU01/5B,91.381,7.5209165,2.6,13.996973
123766,2021-03-24,SU71/23,51.526,7.5209165,2.6,13.996973
123767,2021-03-24,TA10/63,20.713,7.5209165,2.6,13.996973
123768,2021-03-24,SN00/11,11.8993,7.5209165,2.6,13.996973
123769,2021-03-24,SU81/1,59.131,7.5209165,2.6,13.996973
123770,2021-03-24,SE94/5,22.346,7.5209165,2.6,13.996973
123771,2021-03-24,TF03/37,21.176,7.5209165,2.6,13.996973
123772,2021-03-24,ST07/10,69.0088,7.5209165,2.6,13.996973
123773,2021-03-25,SU17/57,140.35,7.639666,1.6000001,18.145624
123774,2021-03-25,TF81/2A,49.604,7.639666,1.6000001,18.145624
123775,2021-03-25,ID30/1,115.03,7.639666,1.6000001,18.145624
123776,2021-03-25,NH95/17,29.64,7.639666,1.6000001,18.145624
123777,2021-03-25,NY63/2,131.77,7.639666,1.6000001,18.145624
123778,2021-03-25,SJ15/13,80.73895,7.639666,1.6000001,18.145624
123779,2021-03-25,SE95/6,27.39,7.639666,1.6000001,18.145624
123780,2021-03-25,NO20/14,38.04,7.639666,1.6000001,18.145624
123781,2021-03-25,TL33/4,87.04,7.639666,1.6000001,18.145624
123782,2021-03-25,TL33/67,88.8,7.639666,1.6000001,18.145624
123783,2021-03-25,SU01/5B,91.172,7.639666,1.6000001,18.145624
123784,2021-03-25,SY68/34,70.081,7.639666,1.6000001,18.145624
123785,2021-03-25,SE94/5,22.312,7.639666,1.6000001,18.145624
123786,2021-03-25,TA10/63,20.681,7.639666,1.6000001,18.145624
123787,2021-03-25,SU81/1,58.837,7.639666,1.6000001,18.145624
123788,2021-03-25,SK00/41,131.051,7.639666,1.6000001,18.145624
123789,2021-03-25,ST07/10,68.3336,7.639666,1.6000001,18.145624
123790,2021-03-25,SN00/11,11.8606,7.639666,1.6000001,18.145624
123791,2021-03-25,TF03/37,21.102,7.639666,1.6000001,18.145624
123792,2021-03-25,TR14/9,86.211,7.639666,1.6000001,18.145624
123793,2021-03-25,SJ62/235,55.2,7.639666,1.6000001,18.145624
123794,2021-03-25,SU71/23,51.268,7.639666,1.6000001,18.145624
123795,2021-03-26,NH95/17,29.67,6.045916,8.299999,22.238396
123796,2021-03-26,ID30/1,114.95,6.045916,8.299999,22.238396
123797,2021-03-26,TL33/67,88.8,6.045916,8.299999,22.238396
123798,2021-03-26,NO20/14,38.06,6.045916,8.299999,22.238396
123799,2021-03-26,TL33/4,87.13,6.045916,8.299999,22.238396
123800,2021-03-26,SU17/57,140.17,6.045916,8.299999,22.238396
123801,2021-03-26,NY63/2,131.8,6.045916,8.299999,22.238396
123802,2021-03-26,SE95/6,27.18,6.045916,8.299999,22.238396
123803,2021-03-26,SJ15/13,80.76759,6.045916,8.299999,22.238396
123804,2021-03-26,TF03/37,20.984,6.045916,8.299999,22.238396
123805,2021-03-26,SY68/34,70.047,6.045916,8.299999,22.238396
123806,2021-03-26,SJ62/235,55.187,6.045916,8.299999,22.238396
123807,2021-03-26,SE94/5,22.272,6.045916,8.299999,22.238396
123808,2021-03-26,SU71/23,51.018,6.045916,8.299999,22.238396
123809,2021-03-26,TR14/9,86.149,6.045916,8.299999,22.238396
123810,2021-03-26,SU81/1,58.562,6.045916,8.299999,22.238396
123811,2021-03-26,ST07/10,67.6367,6.045916,8.299999,22.238396
123812,2021-03-26,SN00/11,11.8001,6.045916,8.299999,22.238396
123813,2021-03-26,SU01/5B,90.976,6.045916,8.299999,22.238396
123814,2021-03-26,TA10/63,20.638,6.045916,8.299999,22.238396
123815,2021-03-26,SK00/41,131.048,6.045916,8.299999,22.238396
123816,2021-03-27,TL33/4,87.22,5.3000836,8.299999,22.443157
123817,2021-03-27,SE95/6,26.96,5.3000836,8.299999,22.443157
123818,2021-03-27,SJ15/13,80.73348,5.3000836,8.299999,22.443157
123819,2021-03-27,NH95/17,29.62,5.3000836,8.299999,22.443157
123820,2021-03-27,NY63/2,131.79,5.3000836,8.299999,22.443157
123821,2021-03-27,TL33/67,88.7,5.3000836,8.299999,22.443157
123822,2021-03-27,SU17/57,140.07,5.3000836,8.299999,22.443157
123823,2021-03-27,NO20/14,37.98,5.3000836,8.299999,22.443157
123824,2021-03-27,ID30/1,114.86,5.3000836,8.299999,22.443157
123825,2021-03-27,SU71/23,50.73,5.3000836,8.299999,22.443157
123826,2021-03-27,SJ62/235,55.176,5.3000836,8.299999,22.443157
123827,2021-03-27,SU01/5B,90.763,5.3000836,8.299999,22.443157
123828,2021-03-27,SN00/11,11.7236,5.3000836,8.299999,22.443157
123829,2021-03-27,TF03/37,20.831,5.3000836,8.299999,22.443157
123830,2021-03-27,SY68/34,70.004,5.3000836,8.299999,22.443157
123831,2021-03-27,SE94/5,22.2,5.3000836,8.299999,22.443157
123832,2021-03-27,TA10/63,20.574,5.3000836,8.299999,22.443157
123833,2021-03-27,SK00/41,131.023,5.3000836,8.299999,22.443157
123834,2021-03-27,ST07/10,66.9147,5.3000836,8.299999,22.443157
123835,2021-03-27,SU81/1,58.265,5.3000836,8.299999,22.443157
123836,2021-03-27,TR14/9,86.09,5.3000836,8.299999,22.443157
123837,2021-03-28,NO20/14,37.98,9.941751,25.8,24.601645
123838,2021-03-28,SU17/57,140.03,9.941751,25.8,24.601645
123839,2021-03-28,SJ15/13,80.71604,9.941751,25.8,24.601645
123840,2021-03-28,NY63/2,131.75,9.941751,25.8,24.601645
123841,2021-03-28,SE95/6,26.77,9.941751,25.8,24.601645
123842,2021-03-28,ID30/1,114.85,9.941751,25.8,24.601645
123843,2021-03-28,TL33/4,87.3,9.941751,25.8,24.601645
123844,2021-03-28,TL33/67,88.69,9.941751,25.8,24.601645
123845,2021-03-28,NH95/17,29.64,9.941751,25.8,24.601645
123846,2021-03-28,SY68/34,69.964,9.941751,25.8,24.601645
123847,2021-03-28,SU01/5B,90.552,9.941751,25.8,24.601645
123848,2021-03-28,SU71/23,50.494,9.941751,25.8,24.601645
123849,2021-03-28,SJ62/235,55.174,9.941751,25.8,24.601645
123850,2021-03-28,SU81/1,57.972,9.941751,25.8,24.601645
123851,2021-03-28,TA10/63,20.534,9.941751,25.8,24.601645
123852,2021-03-28,SN00/11,11.6547,9.941751,25.8,24.601645
123853,2021-03-28,TR14/9,86.026,9.941751,25.8,24.601645
123854,2021-03-28,TF03/37,20.76,9.941751,25.8,24.601645
123855,2021-03-28,SE94/5,22.152,9.941751,25.8,24.601645
123856,2021-03-28,ST07/10,66.2341,9.941751,25.8,24.601645
123857,2021-03-28,SK00/41,131.004,9.941751,25.8,24.601645
123858,2021-03-29,TL33/4,87.37,10.820918,2.1000001,22.585905
123859,2021-03-29,NY63/2,131.76,10.820918,2.1000001,22.585905
123860,2021-03-29,TL44/12,46.08,10.820918,2.1000001,22.585905
123861,2021-03-29,SU17/57,139.94,10.820918,2.1000001,22.585905
123862,2021-03-29,ID30/1,114.89,10.820918,2.1000001,22.585905
123863,2021-03-29,TL33/67,88.65,10.820918,2.1000001,22.585905
123864,2021-03-29,SE95/6,26.57,10.820918,2.1000001,22.585905
123865,2021-03-29,SJ15/13,80.71632,10.820918,2.1000001,22.585905
123866,2021-03-29,NH95/17,29.63,10.820918,2.1000001,22.585905
123867,2021-03-29,NO20/14,37.94,10.820918,2.1000001,22.585905
123868,2021-03-29,SU01/5B,90.344,10.820918,2.1000001,22.585905
123869,2021-03-29,TA10/63,20.481,10.820918,2.1000001,22.585905
123870,2021-03-29,TF03/37,20.609,10.820918,2.1000001,22.585905
123871,2021-03-29,SK00/41,130.979,10.820918,2.1000001,22.585905
123872,2021-03-29,SJ62/235,55.16,10.820918,2.1000001,22.585905
123873,2021-03-29,SU71/23,50.24,10.820918,2.1000001,22.585905
123874,2021-03-29,TR14/9,85.95,10.820918,2.1000001,22.585905
123875,2021-03-29,SN00/11,11.58,10.820918,2.1000001,22.585905
123876,2021-03-29,ST07/10,65.6078,10.820918,2.1000001,22.585905
123877,2021-03-29,SY68/34,69.921,10.820918,2.1000001,22.585905
123878,2021-03-29,SE94/5,22.082,10.820918,2.1000001,22.585905
123879,2021-03-29,SU81/1,57.69,10.820918,2.1000001,22.585905
123880,2021-03-30,NY63/2,131.7,10.725085,0.3,12.475002
123881,2021-03-30,SJ15/13,80.71456,10.725085,0.3,12.475002
123882,2021-03-30,TL33/4,87.43,10.725085,0.3,12.475002
123883,2021-03-30,SP00/62,102.103,10.725085,0.3,12.475002
123884,2021-03-30,SE95/6,26.37,10.725085,0.3,12.475002
123885,2021-03-30,NH95/17,29.59,10.725085,0.3,12.475002
123886,2021-03-30,TQ25/86,99.9,10.725085,0.3,12.475002
123887,2021-03-30,TL33/67,88.67,10.725085,0.3,12.475002
123888,2021-03-30,TA10/63,20.47,10.725085,0.3,12.475002
123889,2021-03-30,NO20/14,37.89,10.725085,0.3,12.475002
123890,2021-03-30,ID30/1,114.86,10.725085,0.3,12.475002
123891,2021-03-30,SU17/57,139.87,10.725085,0.3,12.475002
123892,2021-03-30,SU71/23,50.008,10.725085,0.3,12.475002
123893,2021-03-30,SU81/1,57.422,10.725085,0.3,12.475002
123894,2021-03-30,TR14/9,85.835,10.725085,0.3,12.475002
123895,2021-03-30,SE94/5,22.036,10.725085,0.3,12.475002
123896,2021-03-30,TF03/37,20.518,10.725085,0.3,12.475002
123897,2021-03-30,SN00/11,11.5141,10.725085,0.3,12.475002
123898,2021-03-30,SK00/41,130.959,10.725085,0.3,12.475002
123899,2021-03-30,SJ62/235,55.171,10.725085,0.3,12.475002
123900,2021-03-30,SU01/5B,90.147,10.725085,0.3,12.475002
123901,2021-03-30,ST07/10,65.0871,10.725085,0.3,12.475002
123902,2021-03-30,SY68/34,69.879,10.725085,0.3,12.475002
123903,2021-03-31,NH95/17,29.62,12.0605,0.0,10.52268
123904,2021-03-31,SE95/6,26.18,12.0605,0.0,10.52268
123905,2021-03-31,TL33/67,88.67,12.0605,0.0,10.52268
123906,2021-03-31,NO20/14,37.88,12.0605,0.0,10.52268
123907,2021-03-31,ID30/1,114.79,12.0605,0.0,10.52268
123908,2021-03-31,SU17/57,139.7,12.0605,0.0,10.52268
123909,2021-03-31,NY63/2,131.72,12.0605,0.0,10.52268
123910,2021-03-31,SJ15/13,80.735,12.0605,0.0,10.52268
123911,2021-03-31,TL33/4,87.5,12.0605,0.0,10.52268
123912,2021-03-31,SY68/34,69.842,12.0605,0.0,10.52268
123913,2021-03-31,ST07/10,64.595,12.0605,0.0,10.52268
123914,2021-03-31,SE94/5,22.023,12.0605,0.0,10.52268
123915,2021-03-31,TF03/37,20.47,12.0605,0.0,10.52268
123916,2021-03-31,SJ62/235,55.17,12.0605,0.0,10.52268
123917,2021-03-31,SU01/5B,89.987,12.0605,0.0,10.52268
123918,2021-03-31,SN00/11,11.4461,12.0605,0.0,10.52268
123919,2021-03-31,SU81/1,57.274,12.0605,0.0,10.52268
123920,2021-04-01,NO20/14,37.85,6.381334,0.0,10.7523985
123921,2021-04-01,SJ15/13,80.72122,6.381334,0.0,10.7523985
123922,2021-04-01,TL33/4,87.56,6.381334,0.0,10.7523985
123923,2021-04-01,TL33/67,88.59,6.381334,0.0,10.7523985
123924,2021-04-01,NH95/17,29.66,6.381334,0.0,10.7523985
123925,2021-04-01,SU17/57,139.55,6.381334,0.0,10.7523985
123926,2021-04-01,SP00/62,102.103,6.381334,0.0,10.7523985
123927,2021-04-01,TQ25/86,99.73,6.381334,0.0,10.7523985
123928,2021-04-01,ID30/1,114.7,6.381334,0.0,10.7523985
123929,2021-04-01,NY63/2,131.71,6.381334,0.0,10.7523985
123930,2021-04-01,SE95/6,26.0,6.381334,0.0,10.7523985
123931,2021-04-01,SK00/41,130.932,6.381334,0.0,10.7523985
123932,2021-04-01,TF03/37,20.252,6.381334,0.0,10.7523985
123933,2021-04-01,SU71/23,49.525,6.381334,0.0,10.7523985
123934,2021-04-01,SU01/5B,89.791,6.381334,0.0,10.7523985
123935,2021-04-01,SE94/5,21.969,6.381334,0.0,10.7523985
123936,2021-04-01,SJ62/235,55.153,6.381334,0.0,10.7523985
123937,2021-04-01,ST07/10,64.0806,6.381334,0.0,10.7523985
123938,2021-04-01,SY68/34,69.791,6.381334,0.0,10.7523985
123939,2021-04-01,SU81/1,56.956,6.381334,0.0,10.7523985
123940,2021-04-01,TR14/9,85.758,6.381334,0.0,10.7523985
123941,2021-04-01,SN00/11,11.3607,6.381334,0.0,10.7523985
123942,2021-04-02,NY63/2,131.66,5.0938334,0.0,7.6593184
123943,2021-04-02,ID30/1,114.66,5.0938334,0.0,7.6593184
123944,2021-04-02,SU17/57,139.51,5.0938334,0.0,7.6593184
123945,2021-04-02,TL33/67,88.56,5.0938334,0.0,7.6593184
123946,2021-04-02,SE95/6,25.8,5.0938334,0.0,7.6593184
123947,2021-04-02,TL33/4,87.61,5.0938334,0.0,7.6593184
123948,2021-04-02,NO20/14,37.84,5.0938334,0.0,7.6593184
123949,2021-04-02,SJ15/13,80.69037,5.0938334,0.0,7.6593184
123950,2021-04-02,NH95/17,29.66,5.0938334,0.0,7.6593184
123951,2021-04-02,ST07/10,63.6163,5.0938334,0.0,7.6593184
123952,2021-04-02,TF03/37,20.151,5.0938334,0.0,7.6593184
123953,2021-04-02,SJ62/235,55.149,5.0938334,0.0,7.6593184
123954,2021-04-02,SY68/34,69.743,5.0938334,0.0,7.6593184
123955,2021-04-02,SU81/1,56.708,5.0938334,0.0,7.6593184
123956,2021-04-02,SK00/41,130.907,5.0938334,0.0,7.6593184
123957,2021-04-02,TR14/9,85.674,5.0938334,0.0,7.6593184
123958,2021-04-02,SN00/11,11.2726,5.0938334,0.0,7.6593184
123959,2021-04-02,SE94/5,21.921,5.0938334,0.0,7.6593184
123960,2021-04-02,SU71/23,49.285,5.0938334,0.0,7.6593184
123961,2021-04-02,SU01/5B,89.607,5.0938334,0.0,7.6593184
123962,2021-04-03,NY63/2,131.64,6.308417,0.0,6.8929973
123963,2021-04-03,NO20/14,37.84,6.308417,0.0,6.8929973
123964,2021-04-03,SE95/6,25.63,6.308417,0.0,6.8929973
123965,2021-04-03,NH95/17,29.65,6.308417,0.0,6.8929973
123966,2021-04-03,SJ15/13,80.66693,6.308417,0.0,6.8929973
123967,2021-04-03,ID30/1,114.62,6.308417,0.0,6.8929973
123968,2021-04-03,TL33/4,87.66,6.308417,0.0,6.8929973
123969,2021-04-03,SU17/57,139.43,6.308417,0.0,6.8929973
123970,2021-04-03,TL33/67,88.55,6.308417,0.0,6.8929973
123971,2021-04-03,SJ62/235,55.154,6.308417,0.0,6.8929973
123972,2021-04-03,SU01/5B,89.43,6.308417,0.0,6.8929973
123973,2021-04-03,TF03/37,20.08,6.308417,0.0,6.8929973
123974,2021-04-03,SU71/23,49.045,6.308417,0.0,6.8929973
123975,2021-04-03,SK00/41,130.889,6.308417,0.0,6.8929973
123976,2021-04-03,SY68/34,69.693,6.308417,0.0,6.8929973
123977,2021-04-03,SN00/11,11.1948,6.308417,0.0,6.8929973
123978,2021-04-03,SE94/5,21.874,6.308417,0.0,6.8929973
123979,2021-04-03,ST07/10,63.192,6.308417,0.0,6.8929973
123980,2021-04-03,SU81/1,56.464,6.308417,0.0,6.8929973
123981,2021-04-03,TR14/9,85.595,6.308417,0.0,6.8929973
123982,2021-04-04,SJ15/13,80.67589,5.8167496,0.4,14.564839
123983,2021-04-04,TL33/4,87.7,5.8167496,0.4,14.564839
123984,2021-04-04,NY63/2,131.67,5.8167496,0.4,14.564839
123985,2021-04-04,SE95/6,25.45,5.8167496,0.4,14.564839
123986,2021-04-04,SU17/57,139.3,5.8167496,0.4,14.564839
123987,2021-04-04,NH95/17,29.67,5.8167496,0.4,14.564839
123988,2021-04-04,ID30/1,114.72,5.8167496,0.4,14.564839
123989,2021-04-04,TL33/67,88.62,5.8167496,0.4,14.564839
123990,2021-04-04,NO20/14,37.89,5.8167496,0.4,14.564839
123991,2021-04-04,SU01/5B,89.275,5.8167496,0.4,14.564839
123992,2021-04-04,TR14/9,85.541,5.8167496,0.4,14.564839
123993,2021-04-04,SY68/34,69.648,5.8167496,0.4,14.564839
123994,2021-04-04,SN00/11,11.1267,5.8167496,0.4,14.564839
123995,2021-04-04,SU81/1,56.217,5.8167496,0.4,14.564839
123996,2021-04-04,SU71/23,48.816,5.8167496,0.4,14.564839
123997,2021-04-04,SE94/5,21.824,5.8167496,0.4,14.564839
123998,2021-04-04,ST07/10,62.8143,5.8167496,0.4,14.564839
123999,2021-04-04,SK00/41,130.889,5.8167496,0.4,14.564839
124000,2021-04-04,TF03/37,20.055,5.8167496,0.4,14.564839
124001,2021-04-04,SJ62/235,55.174,5.8167496,0.4,14.564839
124002,2021-04-05,TL33/67,88.54,2.348,0.8000001,21.989897
124003,2021-04-05,NY63/2,131.76,2.348,0.8000001,21.989897
124004,2021-04-05,NO20/14,37.86,2.348,0.8000001,21.989897
124005,2021-04-05,SE95/6,25.31,2.348,0.8000001,21.989897
124006,2021-04-05,NH95/17,29.68,2.348,0.8000001,21.989897
124007,2021-04-05,SU17/57,139.06,2.348,0.8000001,21.989897
124008,2021-04-05,SJ15/13,80.711,2.348,0.8000001,21.989897
124009,2021-04-05,ID30/1,114.72,2.348,0.8000001,21.989897
124010,2021-04-05,TL33/4,87.75,2.348,0.8000001,21.989897
124011,2021-04-05,SU01/5B,89.134,2.348,0.8000001,21.989897
124012,2021-04-05,TR14/9,85.456,2.348,0.8000001,21.989897
124013,2021-04-05,ST07/10,62.4309,2.348,0.8000001,21.989897
124014,2021-04-05,SK00/41,130.891,2.348,0.8000001,21.989897
124015,2021-04-05,SN00/11,11.0417,2.348,0.8000001,21.989897
124016,2021-04-05,SE94/5,21.784,2.348,0.8000001,21.989897
124017,2021-04-05,TF03/37,19.929,2.348,0.8000001,21.989897
124018,2021-04-05,SJ62/235,55.161,2.348,0.8000001,21.989897
124019,2021-04-05,SU71/23,48.588,2.348,0.8000001,21.989897
124020,2021-04-05,SU81/1,56.025,2.348,0.8000001,21.989897
124021,2021-04-05,SY68/34,69.598,2.348,0.8000001,21.989897
124022,2021-04-06,TL33/67,88.5,0.39383343,0.6,15.456382
124023,2021-04-06,SJ15/13,80.6903,0.39383343,0.6,15.456382
124024,2021-04-06,NY63/2,131.7,0.39383343,0.6,15.456382
124025,2021-04-06,NH95/17,29.67,0.39383343,0.6,15.456382
124026,2021-04-06,SE95/6,25.15,0.39383343,0.6,15.456382
124027,2021-04-06,ID30/1,114.7,0.39383343,0.6,15.456382
124028,2021-04-06,TQ25/86,99.51,0.39383343,0.6,15.456382
124029,2021-04-06,SU17/57,138.99,0.39383343,0.6,15.456382
124030,2021-04-06,SP00/62,101.858,0.39383343,0.6,15.456382
124031,2021-04-06,NO20/14,37.82,0.39383343,0.6,15.456382
124032,2021-04-06,TL33/4,87.8,0.39383343,0.6,15.456382
124033,2021-04-06,SY68/34,69.546,0.39383343,0.6,15.456382
124034,2021-04-06,SU01/5B,88.984,0.39383343,0.6,15.456382
124035,2021-04-06,TR14/9,85.376,0.39383343,0.6,15.456382
124036,2021-04-06,SJ62/235,55.16,0.39383343,0.6,15.456382
124037,2021-04-06,SU81/1,55.801,0.39383343,0.6,15.456382
124038,2021-04-06,SU71/23,48.363,0.39383343,0.6,15.456382
124039,2021-04-06,ST07/10,62.1102,0.39383343,0.6,15.456382
124040,2021-04-06,SE94/5,21.734,0.39383343,0.6,15.456382
124041,2021-04-06,SN00/11,10.9591,0.39383343,0.6,15.456382
124042,2021-04-06,SK00/41,130.88,0.39383343,0.6,15.456382
124043,2021-04-06,TF03/37,19.815,0.39383343,0.6,15.456382
124044,2021-04-07,NO20/14,37.8,1.3938335,0.0,10.840185
124045,2021-04-07,ID30/1,114.67,1.3938335,0.0,10.840185
124046,2021-04-07,TL33/4,87.82,1.3938335,0.0,10.840185
124047,2021-04-07,SU17/57,138.87,1.3938335,0.0,10.840185
124048,2021-04-07,SE95/6,25.0,1.3938335,0.0,10.840185
124049,2021-04-07,NY63/2,131.68,1.3938335,0.0,10.840185
124050,2021-04-07,SJ15/13,80.68119,1.3938335,0.0,10.840185
124051,2021-04-07,TL33/67,88.45,1.3938335,0.0,10.840185
124052,2021-04-07,NH95/17,29.66,1.3938335,0.0,10.840185
124053,2021-04-07,SU01/5B,88.825,1.3938335,0.0,10.840185
124054,2021-04-07,SU71/23,48.135,1.3938335,0.0,10.840185
124055,2021-04-07,SJ62/235,55.156,1.3938335,0.0,10.840185
124056,2021-04-07,SE94/5,21.681,1.3938335,0.0,10.840185
124057,2021-04-07,SN00/11,10.8775,1.3938335,0.0,10.840185
124058,2021-04-07,TR14/9,85.276,1.3938335,0.0,10.840185
124059,2021-04-07,SY68/34,69.495,1.3938335,0.0,10.840185
124060,2021-04-07,SU81/1,55.56,1.3938335,0.0,10.840185
124061,2021-04-07,ST07/10,61.7855,1.3938335,0.0,10.840185
124062,2021-04-07,SK00/41,130.868,1.3938335,0.0,10.840185
124063,2021-04-07,TF03/37,19.701,1.3938335,0.0,10.840185
124064,2021-04-08,NO20/14,37.83,6.0209165,6.6,18.052862
124065,2021-04-08,SU17/57,138.77,6.0209165,6.6,18.052862
124066,2021-04-08,TL33/4,87.86,6.0209165,6.6,18.052862
124067,2021-04-08,SJ15/13,80.6767,6.0209165,6.6,18.052862
124068,2021-04-08,ID30/1,114.64,6.0209165,6.6,18.052862
124069,2021-04-08,SE95/6,24.86,6.0209165,6.6,18.052862
124070,2021-04-08,TL33/67,88.48,6.0209165,6.6,18.052862
124071,2021-04-08,NY63/2,131.68,6.0209165,6.6,18.052862
124072,2021-04-08,NH95/17,29.69,6.0209165,6.6,18.052862
124073,2021-04-08,TR14/9,85.193,6.0209165,6.6,18.052862
124074,2021-04-08,SU71/23,47.918,6.0209165,6.6,18.052862
124075,2021-04-08,ST07/10,61.4711,6.0209165,6.6,18.052862
124076,2021-04-08,SK00/41,130.865,6.0209165,6.6,18.052862
124077,2021-04-08,SN00/11,10.8091,6.0209165,6.6,18.052862
124078,2021-04-08,SJ62/235,55.169,6.0209165,6.6,18.052862
124079,2021-04-08,SE94/5,21.637,6.0209165,6.6,18.052862
124080,2021-04-08,SU01/5B,88.672,6.0209165,6.6,18.052862
124081,2021-04-08,SY68/34,69.448,6.0209165,6.6,18.052862
124082,2021-04-08,TF03/37,19.646,6.0209165,6.6,18.052862
124083,2021-04-08,SU81/1,55.332,6.0209165,6.6,18.052862
124084,2021-04-09,NO20/14,37.79,3.6688335,0.1,11.90451
124085,2021-04-09,NY63/2,131.74,3.6688335,0.1,11.90451
124086,2021-04-09,TL33/67,88.44,3.6688335,0.1,11.90451
124087,2021-04-09,ID30/1,114.58,3.6688335,0.1,11.90451
124088,2021-04-09,SJ15/13,80.69796,3.6688335,0.1,11.90451
124089,2021-04-09,SU17/57,138.57,3.6688335,0.1,11.90451
124090,2021-04-09,TL33/4,87.89,3.6688335,0.1,11.90451
124091,2021-04-09,SE95/6,24.74,3.6688335,0.1,11.90451
124092,2021-04-09,NH95/17,29.67,3.6688335,0.1,11.90451
124093,2021-04-09,SU71/23,47.706,3.6688335,0.1,11.90451
124094,2021-04-09,SU01/5B,88.534,3.6688335,0.1,11.90451
124095,2021-04-09,TR14/9,85.115,3.6688335,0.1,11.90451
124096,2021-04-09,SE94/5,21.579,3.6688335,0.1,11.90451
124097,2021-04-09,SJ62/235,55.162,3.6688335,0.1,11.90451
124098,2021-04-09,SK00/41,130.868,3.6688335,0.1,11.90451
124099,2021-04-09,SU81/1,55.11,3.6688335,0.1,11.90451
124100,2021-04-09,SY68/34,69.401,3.6688335,0.1,11.90451
124101,2021-04-09,TF03/37,19.548,3.6688335,0.1,11.90451
124102,2021-04-09,ST07/10,61.1608,3.6688335,0.1,11.90451
124103,2021-04-09,SN00/11,10.7298,3.6688335,0.1,11.90451
124104,2021-04-10,SJ15/13,80.67963,2.1813335,0.2,5.586031
124105,2021-04-10,TL33/4,87.9,2.1813335,0.2,5.586031
124106,2021-04-10,SE95/6,24.59,2.1813335,0.2,5.586031
124107,2021-04-10,TL33/67,88.39,2.1813335,0.2,5.586031
124108,2021-04-10,NH95/17,29.64,2.1813335,0.2,5.586031
124109,2021-04-10,NO20/14,37.75,2.1813335,0.2,5.586031
124110,2021-04-10,ID30/1,114.52,2.1813335,0.2,5.586031
124111,2021-04-10,SU17/57,138.43,2.1813335,0.2,5.586031
124112,2021-04-10,NY63/2,131.67,2.1813335,0.2,5.586031
124113,2021-04-10,TF03/37,19.451,2.1813335,0.2,5.586031
124114,2021-04-10,SK00/41,130.86,2.1813335,0.2,5.586031
124115,2021-04-10,SU81/1,54.888,2.1813335,0.2,5.586031
124116,2021-04-10,ST07/10,60.857,2.1813335,0.2,5.586031
124117,2021-04-10,SU71/23,47.49,2.1813335,0.2,5.586031
124118,2021-04-10,SE94/5,21.504,2.1813335,0.2,5.586031
124119,2021-04-10,SY68/34,69.35,2.1813335,0.2,5.586031
124120,2021-04-10,SU01/5B,88.39,2.1813335,0.2,5.586031
124121,2021-04-10,TR14/9,85.028,2.1813335,0.2,5.586031
124122,2021-04-10,SN00/11,10.6406,2.1813335,0.2,5.586031
124123,2021-04-10,SJ62/235,55.155,2.1813335,0.2,5.586031
124124,2021-04-11,TL33/67,88.3,1.0771667,1.8000002,7.286707
124125,2021-04-11,SE95/6,24.48,1.0771667,1.8000002,7.286707
124126,2021-04-11,SU17/57,138.34,1.0771667,1.8000002,7.286707
124127,2021-04-11,NH95/17,29.63,1.0771667,1.8000002,7.286707
124128,2021-04-11,TL33/4,87.93,1.0771667,1.8000002,7.286707
124129,2021-04-11,NO20/14,37.73,1.0771667,1.8000002,7.286707
124130,2021-04-11,NY63/2,131.65,1.0771667,1.8000002,7.286707
124131,2021-04-11,ID30/1,114.46,1.0771667,1.8000002,7.286707
124132,2021-04-11,SJ15/13,80.66093,1.0771667,1.8000002,7.286707
124133,2021-04-11,SJ62/235,55.14,1.0771667,1.8000002,7.286707
124134,2021-04-11,SY68/34,69.294,1.0771667,1.8000002,7.286707
124135,2021-04-11,SK00/41,130.845,1.0771667,1.8000002,7.286707
124136,2021-04-11,SU01/5B,88.225,1.0771667,1.8000002,7.286707
124137,2021-04-11,SE94/5,21.458,1.0771667,1.8000002,7.286707
124138,2021-04-11,ST07/10,60.5405,1.0771667,1.8000002,7.286707
124139,2021-04-11,TF03/37,19.352,1.0771667,1.8000002,7.286707
124140,2021-04-11,SU81/1,54.634,1.0771667,1.8000002,7.286707
124141,2021-04-11,SN00/11,10.5469,1.0771667,1.8000002,7.286707
124142,2021-04-11,TR14/9,84.924,1.0771667,1.8000002,7.286707
124143,2021-04-11,SU71/23,47.263,1.0771667,1.8000002,7.286707
124144,2021-04-12,NO20/14,37.7,2.8125832,0.0,7.373645
124145,2021-04-12,SU17/57,138.32,2.8125832,0.0,7.373645
124146,2021-04-12,NY63/2,131.61,2.8125832,0.0,7.373645
124147,2021-04-12,TL33/67,88.23,2.8125832,0.0,7.373645
124148,2021-04-12,TL33/4,87.93,2.8125832,0.0,7.373645
124149,2021-04-12,SJ15/13,80.63005,2.8125832,0.0,7.373645
124150,2021-04-12,NH95/17,29.6,2.8125832,0.0,7.373645
124151,2021-04-12,ID30/1,114.41,2.8125832,0.0,7.373645
124152,2021-04-12,SE95/6,24.35,2.8125832,0.0,7.373645
124153,2021-04-12,SU81/1,54.387,2.8125832,0.0,7.373645
124154,2021-04-12,SJ62/235,55.129,2.8125832,0.0,7.373645
124155,2021-04-12,SU01/5B,88.046,2.8125832,0.0,7.373645
124156,2021-04-12,SU71/23,47.038,2.8125832,0.0,7.373645
124157,2021-04-12,SN00/11,10.4565,2.8125832,0.0,7.373645
124158,2021-04-12,TR14/9,84.811,2.8125832,0.0,7.373645
124159,2021-04-12,TF03/37,19.335,2.8125832,0.0,7.373645
124160,2021-04-12,ST07/10,60.2712,2.8125832,0.0,7.373645
124161,2021-04-12,SE94/5,21.396,2.8125832,0.0,7.373645
124162,2021-04-12,SY68/34,69.239,2.8125832,0.0,7.373645
124163,2021-04-12,SK00/41,130.821,2.8125832,0.0,7.373645
124164,2021-04-13,ID30/1,114.36,3.9521673,1.7,5.86135
124165,2021-04-13,SU17/57,138.27,3.9521673,1.7,5.86135
124166,2021-04-13,NH95/17,29.59,3.9521673,1.7,5.86135
124167,2021-04-13,SJ15/13,80.60247,3.9521673,1.7,5.86135
124168,2021-04-13,NO20/14,37.68,3.9521673,1.7,5.86135
124169,2021-04-13,TL33/4,87.94,3.9521673,1.7,5.86135
124170,2021-04-13,SP00/62,101.593,3.9521673,1.7,5.86135
124171,2021-04-13,TL33/67,88.2,3.9521673,1.7,5.86135
124172,2021-04-13,TQ25/86,99.31,3.9521673,1.7,5.86135
124173,2021-04-13,NY63/2,131.57,3.9521673,1.7,5.86135
124174,2021-04-13,SE95/6,24.22,3.9521673,1.7,5.86135
124175,2021-04-13,SU81/1,54.149,3.9521673,1.7,5.86135
124176,2021-04-13,SY68/34,69.185,3.9521673,1.7,5.86135
124177,2021-04-13,SK00/41,130.8,3.9521673,1.7,5.86135
124178,2021-04-13,ST07/10,60.025,3.9521673,1.7,5.86135
124179,2021-04-13,SJ62/235,55.127,3.9521673,1.7,5.86135
124180,2021-04-13,SU01/5B,87.866,3.9521673,1.7,5.86135
124181,2021-04-13,TR14/9,84.707,3.9521673,1.7,5.86135
124182,2021-04-13,SE94/5,21.338,3.9521673,1.7,5.86135
124183,2021-04-13,TF03/37,19.236,3.9521673,1.7,5.86135
124184,2021-04-13,SN00/11,10.3704,3.9521673,1.7,5.86135
124185,2021-04-13,SU71/23,46.821,3.9521673,1.7,5.86135
124186,2021-04-14,NY63/2,131.57,6.2188334,0.5,4.5055504
124187,2021-04-14,SE95/6,24.11,6.2188334,0.5,4.5055504
124188,2021-04-14,NH95/17,29.58,6.2188334,0.5,4.5055504
124189,2021-04-14,TL33/4,87.96,6.2188334,0.5,4.5055504
124190,2021-04-14,ID30/1,114.32,6.2188334,0.5,4.5055504
124191,2021-04-14,TL33/67,88.16,6.2188334,0.5,4.5055504
124192,2021-04-14,NO20/14,37.66,6.2188334,0.5,4.5055504
124193,2021-04-14,SJ15/13,80.59111,6.2188334,0.5,4.5055504
124194,2021-04-14,SU17/57,138.16,6.2188334,0.5,4.5055504
124195,2021-04-14,SU81/1,53.929,6.2188334,0.5,4.5055504
124196,2021-04-14,SN00/11,10.2833,6.2188334,0.5,4.5055504
124197,2021-04-14,SE94/5,21.28,6.2188334,0.5,4.5055504
124198,2021-04-14,SU01/5B,87.693,6.2188334,0.5,4.5055504
124199,2021-04-14,SK00/41,130.786,6.2188334,0.5,4.5055504
124200,2021-04-14,TF03/37,19.126,6.2188334,0.5,4.5055504
124201,2021-04-14,SY68/34,69.133,6.2188334,0.5,4.5055504
124202,2021-04-14,ST07/10,59.7911,6.2188334,0.5,4.5055504
124203,2021-04-14,SJ62/235,55.123,6.2188334,0.5,4.5055504
124204,2021-04-14,SU71/23,46.607,6.2188334,0.5,4.5055504
124205,2021-04-14,TR14/9,84.593,6.2188334,0.5,4.5055504
124206,2021-04-15,SU17/57,138.06,5.323,0.0,5.4499993
124207,2021-04-15,SE95/6,23.99,5.323,0.0,5.4499993
124208,2021-04-15,SJ15/13,80.58937,5.323,0.0,5.4499993
124209,2021-04-15,NY63/2,131.56,5.323,0.0,5.4499993
124210,2021-04-15,NH95/17,29.59,5.323,0.0,5.4499993
124211,2021-04-15,NO20/14,37.65,5.323,0.0,5.4499993
124212,2021-04-15,TL33/4,87.96,5.323,0.0,5.4499993
124213,2021-04-15,TL33/67,88.14,5.323,0.0,5.4499993
124214,2021-04-15,ID30/1,114.27,5.323,0.0,5.4499993
124215,2021-04-15,SU71/23,46.396,5.323,0.0,5.4499993
124216,2021-04-15,ST07/10,59.5855,5.323,0.0,5.4499993
124217,2021-04-15,TF03/37,19.027,5.323,0.0,5.4499993
124218,2021-04-15,SJ62/235,55.124,5.323,0.0,5.4499993
124219,2021-04-15,SU01/5B,87.524,5.323,0.0,5.4499993
124220,2021-04-15,SN00/11,10.2042,5.323,0.0,5.4499993
124221,2021-04-15,SE94/5,21.223,5.323,0.0,5.4499993
124222,2021-04-15,SU81/1,53.716,5.323,0.0,5.4499993
124223,2021-04-15,SY68/34,69.081,5.323,0.0,5.4499993
124224,2021-04-15,SK00/41,130.775,5.323,0.0,5.4499993
124225,2021-04-15,TR14/9,84.479,5.323,0.0,5.4499993
124226,2021-04-16,SE95/6,23.88,6.44175,0.0,6.3174443
124227,2021-04-16,ID30/1,114.23,6.44175,0.0,6.3174443
124228,2021-04-16,NH95/17,29.57,6.44175,0.0,6.3174443
124229,2021-04-16,SU17/57,137.94,6.44175,0.0,6.3174443
124230,2021-04-16,SJ15/13,80.59504,6.44175,0.0,6.3174443
124231,2021-04-16,TL33/67,88.11,6.44175,0.0,6.3174443
124232,2021-04-16,TL33/4,87.95,6.44175,0.0,6.3174443
124233,2021-04-16,NY63/2,131.57,6.44175,0.0,6.3174443
124234,2021-04-16,NO20/14,37.62,6.44175,0.0,6.3174443
124235,2021-04-16,SU71/23,46.188,6.44175,0.0,6.3174443
124236,2021-04-16,ST07/10,59.3906,6.44175,0.0,6.3174443
124237,2021-04-16,SU01/5B,87.359,6.44175,0.0,6.3174443
124238,2021-04-16,TR14/9,84.367,6.44175,0.0,6.3174443
124239,2021-04-16,SJ62/235,55.124,6.44175,0.0,6.3174443
124240,2021-04-16,SN00/11,10.1295,6.44175,0.0,6.3174443
124241,2021-04-16,TF03/37,18.931,6.44175,0.0,6.3174443
124242,2021-04-16,SE94/5,21.167,6.44175,0.0,6.3174443
124243,2021-04-16,SU81/1,53.495,6.44175,0.0,6.3174443
124244,2021-04-16,SK00/41,130.77,6.44175,0.0,6.3174443
124245,2021-04-16,SY68/34,69.029,6.44175,0.0,6.3174443
124246,2021-04-17,TL33/4,87.95,7.7188344,0.0,5.690718
124247,2021-04-17,TL33/67,88.09,7.7188344,0.0,5.690718
124248,2021-04-17,NH95/17,29.58,7.7188344,0.0,5.690718
124249,2021-04-17,NO20/14,37.59,7.7188344,0.0,5.690718
124250,2021-04-17,SE95/6,23.77,7.7188344,0.0,5.690718
124251,2021-04-17,SU17/57,137.82,7.7188344,0.0,5.690718
124252,2021-04-17,SJ15/13,80.59619,7.7188344,0.0,5.690718
124253,2021-04-17,NY63/2,131.57,7.7188344,0.0,5.690718
124254,2021-04-17,ID30/1,114.19,7.7188344,0.0,5.690718
124255,2021-04-17,SU81/1,53.28,7.7188344,0.0,5.690718
124256,2021-04-17,TF03/37,18.85,7.7188344,0.0,5.690718
124257,2021-04-17,SK00/41,130.769,7.7188344,0.0,5.690718
124258,2021-04-17,SE94/5,21.097,7.7188344,0.0,5.690718
124259,2021-04-17,TR14/9,84.253,7.7188344,0.0,5.690718
124260,2021-04-17,SY68/34,68.978,7.7188344,0.0,5.690718
124261,2021-04-17,SU71/23,45.984,7.7188344,0.0,5.690718
124262,2021-04-17,SJ62/235,55.127,7.7188344,0.0,5.690718
124263,2021-04-17,ST07/10,59.2062,7.7188344,0.0,5.690718
124264,2021-04-17,SN00/11,10.0533,7.7188344,0.0,5.690718
124265,2021-04-17,SU01/5B,87.2,7.7188344,0.0,5.690718
124266,2021-04-18,NY63/2,131.59,7.3230004,0.0,6.58395
124267,2021-04-18,SE95/6,23.68,7.3230004,0.0,6.58395
124268,2021-04-18,TL33/4,87.94,7.3230004,0.0,6.58395
124269,2021-04-18,TL33/67,88.06,7.3230004,0.0,6.58395
124270,2021-04-18,SJ15/13,80.60774,7.3230004,0.0,6.58395
124271,2021-04-18,NH95/17,29.58,7.3230004,0.0,6.58395
124272,2021-04-18,NO20/14,37.58,7.3230004,0.0,6.58395
124273,2021-04-18,ID30/1,114.17,7.3230004,0.0,6.58395
124274,2021-04-18,SU17/57,137.68,7.3230004,0.0,6.58395
124275,2021-04-18,TR14/9,84.137,7.3230004,0.0,6.58395
124276,2021-04-18,ST07/10,59.027,7.3230004,0.0,6.58395
124277,2021-04-18,SN00/11,9.9802,7.3230004,0.0,6.58395
124278,2021-04-18,SJ62/235,55.128,7.3230004,0.0,6.58395
124279,2021-04-18,SU71/23,45.784,7.3230004,0.0,6.58395
124280,2021-04-18,SU01/5B,87.041,7.3230004,0.0,6.58395
124281,2021-04-18,SY68/34,68.929,7.3230004,0.0,6.58395
124282,2021-04-18,SU81/1,53.066,7.3230004,0.0,6.58395
124283,2021-04-18,SK00/41,130.77,7.3230004,0.0,6.58395
124284,2021-04-18,SE94/5,21.054,7.3230004,0.0,6.58395
124285,2021-04-18,TF03/37,18.759,7.3230004,0.0,6.58395
124286,2021-04-19,ID30/1,114.15,9.373,0.0,8.4654665
124287,2021-04-19,TL33/4,87.95,9.373,0.0,8.4654665
124288,2021-04-19,SU17/57,137.55,9.373,0.0,8.4654665
124289,2021-04-19,TL33/67,88.04,9.373,0.0,8.4654665
124290,2021-04-19,NY63/2,131.58,9.373,0.0,8.4654665
124291,2021-04-19,NH95/17,29.58,9.373,0.0,8.4654665
124292,2021-04-19,SE95/6,23.57,9.373,0.0,8.4654665
124293,2021-04-19,SJ15/13,80.61316,9.373,0.0,8.4654665
124294,2021-04-19,NO20/14,37.56,9.373,0.0,8.4654665
124295,2021-04-19,SU81/1,52.85,9.373,0.0,8.4654665
124296,2021-04-19,TR14/9,84.025,9.373,0.0,8.4654665
124297,2021-04-19,SN00/11,9.9066,9.373,0.0,8.4654665
124298,2021-04-19,SY68/34,68.88,9.373,0.0,8.4654665
124299,2021-04-19,SU71/23,45.589,9.373,0.0,8.4654665
124300,2021-04-19,ST07/10,58.8533,9.373,0.0,8.4654665
124301,2021-04-19,SU01/5B,86.885,9.373,0.0,8.4654665
124302,2021-04-19,SK00/41,130.775,9.373,0.0,8.4654665
124303,2021-04-19,SE94/5,21.0,9.373,0.0,8.4654665
124304,2021-04-19,TF03/37,18.65,9.373,0.0,8.4654665
124305,2021-04-19,SJ62/235,55.132,9.373,0.0,8.4654665
124306,2021-04-20,SP00/62,101.362,9.800084,0.0,6.7354913
124307,2021-04-20,NY63/2,131.6,9.800084,0.0,6.7354913
124308,2021-04-20,NO20/14,37.54,9.800084,0.0,6.7354913
124309,2021-04-20,SJ15/13,80.61985,9.800084,0.0,6.7354913
124310,2021-04-20,ID30/1,114.11,9.800084,0.0,6.7354913
124311,2021-04-20,NH95/17,29.52,9.800084,0.0,6.7354913
124312,2021-04-20,TL33/4,87.94,9.800084,0.0,6.7354913
124313,2021-04-20,SU17/57,137.4,9.800084,0.0,6.7354913
124314,2021-04-20,TQ25/86,99.07,9.800084,0.0,6.7354913
124315,2021-04-20,TL33/67,87.99,9.800084,0.0,6.7354913
124316,2021-04-20,SE95/6,23.48,9.800084,0.0,6.7354913
124317,2021-04-20,SU71/23,45.392,9.800084,0.0,6.7354913
124318,2021-04-20,SU81/1,52.633,9.800084,0.0,6.7354913
124319,2021-04-20,SJ62/235,55.125,9.800084,0.0,6.7354913
124320,2021-04-20,SU01/5B,86.727,9.800084,0.0,6.7354913
124321,2021-04-20,TF03/37,18.504,9.800084,0.0,6.7354913
124322,2021-04-20,SK00/41,130.778,9.800084,0.0,6.7354913
124323,2021-04-20,SE94/5,20.941,9.800084,0.0,6.7354913
124324,2021-04-20,TR14/9,83.918,9.800084,0.0,6.7354913
124325,2021-04-20,ST07/10,58.6821,9.800084,0.0,6.7354913
124326,2021-04-20,SY68/34,68.831,9.800084,0.0,6.7354913
124327,2021-04-20,SN00/11,9.826,9.800084,0.0,6.7354913
124328,2021-04-21,NO20/14,37.49,8.066751,0.0,9.3659525
124329,2021-04-21,SU17/57,137.29,8.066751,0.0,9.3659525
124330,2021-04-21,SE95/6,23.4,8.066751,0.0,9.3659525
124331,2021-04-21,TL33/4,87.92,8.066751,0.0,9.3659525
124332,2021-04-21,ID30/1,114.09,8.066751,0.0,9.3659525
124333,2021-04-21,SJ15/13,80.60656,8.066751,0.0,9.3659525
124334,2021-04-21,NY63/2,131.58,8.066751,0.0,9.3659525
124335,2021-04-21,NH95/17,29.56,8.066751,0.0,9.3659525
124336,2021-04-21,TL33/67,87.9,8.066751,0.0,9.3659525
124337,2021-04-21,TF81/2A,49.564,8.066751,0.0,9.3659525
124338,2021-04-21,SU71/23,45.186,8.066751,0.0,9.3659525
124339,2021-04-21,SU01/5B,86.558,8.066751,0.0,9.3659525
124340,2021-04-21,SK00/41,130.771,8.066751,0.0,9.3659525
124341,2021-04-21,SN00/11,9.7404,8.066751,0.0,9.3659525
124342,2021-04-21,TR14/9,83.791,8.066751,0.0,9.3659525
124343,2021-04-21,ST07/10,58.5162,8.066751,0.0,9.3659525
124344,2021-04-21,SE94/5,20.876,8.066751,0.0,9.3659525
124345,2021-04-21,TF03/37,18.363,8.066751,0.0,9.3659525
124346,2021-04-21,SJ62/235,55.107,8.066751,0.0,9.3659525
124347,2021-04-21,SU81/1,52.408,8.066751,0.0,9.3659525
124348,2021-04-21,SY68/34,68.78,8.066751,0.0,9.3659525
124349,2021-04-22,SE95/6,23.29,7.337584,0.0,5.446426
124350,2021-04-22,TL33/67,87.84,7.337584,0.0,5.446426
124351,2021-04-22,SJ15/13,80.57721,7.337584,0.0,5.446426
124352,2021-04-22,SU17/57,137.27,7.337584,0.0,5.446426
124353,2021-04-22,NY63/2,131.53,7.337584,0.0,5.446426
124354,2021-04-22,ID30/1,114.06,7.337584,0.0,5.446426
124355,2021-04-22,NH95/17,29.57,7.337584,0.0,5.446426
124356,2021-04-22,TL33/4,87.92,7.337584,0.0,5.446426
124357,2021-04-22,NO20/14,37.47,7.337584,0.0,5.446426
124358,2021-04-22,TR14/9,83.655,7.337584,0.0,5.446426
124359,2021-04-22,SY68/34,68.726,7.337584,0.0,5.446426
124360,2021-04-22,SN00/11,9.6644,7.337584,0.0,5.446426
124361,2021-04-22,SU71/23,44.98,7.337584,0.0,5.446426
124362,2021-04-22,TF03/37,18.245,7.337584,0.0,5.446426
124363,2021-04-22,TF81/2A,49.522,7.337584,0.0,5.446426
124364,2021-04-22,SE94/5,20.812,7.337584,0.0,5.446426
124365,2021-04-22,SK00/41,130.758,7.337584,0.0,5.446426
124366,2021-04-22,SU01/5B,86.38,7.337584,0.0,5.446426
124367,2021-04-22,SJ62/235,55.098,7.337584,0.0,5.446426
124368,2021-04-22,SU81/1,52.179,7.337584,0.0,5.446426
124369,2021-04-22,ST07/10,58.4323,7.337584,0.0,5.446426
124370,2021-04-23,TL33/4,87.9,10.145917,0.0,7.037466
124371,2021-04-23,SU17/57,137.2,10.145917,0.0,7.037466
124372,2021-04-23,ID30/1,114.02,10.145917,0.0,7.037466
124373,2021-04-23,SJ15/13,80.56415,10.145917,0.0,7.037466
124374,2021-04-23,NY63/2,131.51,10.145917,0.0,7.037466
124375,2021-04-23,NO20/14,37.45,10.145917,0.0,7.037466
124376,2021-04-23,SE95/6,23.2,10.145917,0.0,7.037466
124377,2021-04-23,TV59/7C,1.81,10.145917,0.0,7.037466
124378,2021-04-23,TM15/112,25.89,10.145917,0.0,7.037466
124379,2021-04-23,TL33/67,87.81,10.145917,0.0,7.037466
124380,2021-04-23,NH95/17,29.56,10.145917,0.0,7.037466
124381,2021-04-23,SU81/1,51.959,10.145917,0.0,7.037466
124382,2021-04-23,TF03/37,18.149,10.145917,0.0,7.037466
124383,2021-04-23,ST07/10,58.3284,10.145917,0.0,7.037466
124384,2021-04-23,SU71/23,44.777,10.145917,0.0,7.037466
124385,2021-04-23,SJ62/235,54.989,10.145917,0.0,7.037466
124386,2021-04-23,SK00/41,130.748,10.145917,0.0,7.037466
124387,2021-04-23,SN00/11,9.5941,10.145917,0.0,7.037466
124388,2021-04-23,SE94/5,20.749,10.145917,0.0,7.037466
124389,2021-04-23,TR14/9,83.529,10.145917,0.0,7.037466
124390,2021-04-23,TF81/2A,49.478,10.145917,0.0,7.037466
124391,2021-04-23,SY68/34,68.675,10.145917,0.0,7.037466
124392,2021-04-23,SU01/5B,86.203,10.145917,0.0,7.037466
124393,2021-04-24,NH95/17,29.54,9.777167,0.0,6.364618
124394,2021-04-24,SU17/57,137.1,9.777167,0.0,6.364618
124395,2021-04-24,TL33/67,87.76,9.777167,0.0,6.364618
124396,2021-04-24,SE95/6,23.11,9.777167,0.0,6.364618
124397,2021-04-24,NY63/2,131.5,9.777167,0.0,6.364618
124398,2021-04-24,TL33/4,87.88,9.777167,0.0,6.364618
124399,2021-04-24,SJ15/13,80.55811,9.777167,0.0,6.364618
124400,2021-04-24,NO20/14,37.42,9.777167,0.0,6.364618
124401,2021-04-24,ID30/1,113.98,9.777167,0.0,6.364618
124402,2021-04-24,SU81/1,51.755,9.777167,0.0,6.364618
124403,2021-04-24,SJ62/235,55.008,9.777167,0.0,6.364618
124404,2021-04-24,TF03/37,18.046,9.777167,0.0,6.364618
124405,2021-04-24,SU71/23,44.58,9.777167,0.0,6.364618
124406,2021-04-24,ST07/10,58.196,9.777167,0.0,6.364618
124407,2021-04-24,SK00/41,130.741,9.777167,0.0,6.364618
124408,2021-04-24,SY68/34,68.624,9.777167,0.0,6.364618
124409,2021-04-24,SN00/11,9.517,9.777167,0.0,6.364618
124410,2021-04-24,SE94/5,20.667,9.777167,0.0,6.364618
124411,2021-04-24,TR14/9,83.402,9.777167,0.0,6.364618
124412,2021-04-24,TF81/2A,49.438,9.777167,0.0,6.364618
124413,2021-04-24,SU01/5B,86.025,9.777167,0.0,6.364618
124414,2021-04-25,ID30/1,113.94,7.945917,0.0,5.8363266
124415,2021-04-25,SU17/57,137.01,7.945917,0.0,5.8363266
124416,2021-04-25,SJ15/13,80.54374,7.945917,0.0,5.8363266
124417,2021-04-25,TL33/4,87.87,7.945917,0.0,5.8363266
124418,2021-04-25,NY63/2,131.48,7.945917,0.0,5.8363266
124419,2021-04-25,NH95/17,29.54,7.945917,0.0,5.8363266
124420,2021-04-25,TL33/67,87.73,7.945917,0.0,5.8363266
124421,2021-04-25,NO20/14,37.41,7.945917,0.0,5.8363266
124422,2021-04-25,SE95/6,23.03,7.945917,0.0,5.8363266
124423,2021-04-25,SJ62/235,55.052,7.945917,0.0,5.8363266
124424,2021-04-25,SE94/5,20.603,7.945917,0.0,5.8363266
124425,2021-04-25,TF03/37,18.032,7.945917,0.0,5.8363266
124426,2021-04-25,SK00/41,130.735,7.945917,0.0,5.8363266
124427,2021-04-25,ST07/10,58.0391,7.945917,0.0,5.8363266
124428,2021-04-25,TF81/2A,49.413,7.945917,0.0,5.8363266
124429,2021-04-25,TR14/9,83.28,7.945917,0.0,5.8363266
124430,2021-04-25,SU71/23,44.384,7.945917,0.0,5.8363266
124431,2021-04-25,SU01/5B,85.85,7.945917,0.0,5.8363266
124432,2021-04-25,SU81/1,51.551,7.945917,0.0,5.8363266
124433,2021-04-25,SY68/34,68.573,7.945917,0.0,5.8363266
124434,2021-04-25,SN00/11,9.4414,7.945917,0.0,5.8363266
124435,2021-04-26,NY63/2,131.48,7.8917503,1.1,8.708759
124436,2021-04-26,NO20/14,37.44,7.8917503,1.1,8.708759
124437,2021-04-26,ID30/1,113.93,7.8917503,1.1,8.708759
124438,2021-04-26,NH95/17,29.57,7.8917503,1.1,8.708759
124439,2021-04-26,SJ15/13,80.54985,7.8917503,1.1,8.708759
124440,2021-04-26,SE95/6,22.94,7.8917503,1.1,8.708759
124441,2021-04-26,TL33/67,87.75,7.8917503,1.1,8.708759
124442,2021-04-26,SU17/57,136.9,7.8917503,1.1,8.708759
124443,2021-04-26,TL33/4,87.84,7.8917503,1.1,8.708759
124444,2021-04-26,TF03/37,18.003,7.8917503,1.1,8.708759
124445,2021-04-26,SK00/41,130.742,7.8917503,1.1,8.708759
124446,2021-04-26,SY68/34,68.524,7.8917503,1.1,8.708759
124447,2021-04-26,SU81/1,51.354,7.8917503,1.1,8.708759
124448,2021-04-26,SU71/23,44.197,7.8917503,1.1,8.708759
124449,2021-04-26,SU01/5B,85.683,7.8917503,1.1,8.708759
124450,2021-04-26,TR14/9,83.155,7.8917503,1.1,8.708759
124451,2021-04-26,SN00/11,9.3803,7.8917503,1.1,8.708759
124452,2021-04-26,TF81/2A,49.41,7.8917503,1.1,8.708759
124453,2021-04-26,SE94/5,20.567,7.8917503,1.1,8.708759
124454,2021-04-26,ST07/10,57.8796,7.8917503,1.1,8.708759
124455,2021-04-26,SJ62/235,55.084,7.8917503,1.1,8.708759
124456,2021-04-27,SP00/62,101.16,7.495917,2.9999998,10.35538
124457,2021-04-27,TL33/4,87.83,7.495917,2.9999998,10.35538
124458,2021-04-27,ID30/1,113.91,7.495917,2.9999998,10.35538
124459,2021-04-27,SE95/6,22.88,7.495917,2.9999998,10.35538
124460,2021-04-27,SJ15/13,80.59247,7.495917,2.9999998,10.35538
124461,2021-04-27,SU17/57,136.71,7.495917,2.9999998,10.35538
124462,2021-04-27,NY63/2,131.57,7.495917,2.9999998,10.35538
124463,2021-04-27,NH95/17,29.57,7.495917,2.9999998,10.35538
124464,2021-04-27,TF81/2A,49.339,7.495917,2.9999998,10.35538
124465,2021-04-27,TQ25/86,98.94,7.495917,2.9999998,10.35538
124466,2021-04-27,TL33/67,87.73,7.495917,2.9999998,10.35538
124467,2021-04-27,NO20/14,37.43,7.495917,2.9999998,10.35538
124468,2021-04-27,SU71/23,44.011,7.495917,2.9999998,10.35538
124469,2021-04-27,TF03/37,17.914,7.495917,2.9999998,10.35538
124470,2021-04-27,SJ62/235,55.097,7.495917,2.9999998,10.35538
124471,2021-04-27,SK00/41,130.761,7.495917,2.9999998,10.35538
124472,2021-04-27,SY68/34,68.482,7.495917,2.9999998,10.35538
124473,2021-04-27,SU01/5B,85.528,7.495917,2.9999998,10.35538
124474,2021-04-27,SN00/11,9.3199,7.495917,2.9999998,10.35538
124475,2021-04-27,SE94/5,20.511,7.495917,2.9999998,10.35538
124476,2021-04-27,TR14/9,83.033,7.495917,2.9999998,10.35538
124477,2021-04-27,ST07/10,57.7302,7.495917,2.9999998,10.35538
124478,2021-04-27,SU81/1,51.176,7.495917,2.9999998,10.35538
124479,2021-04-28,SJ15/13,80.60152,6.3959165,1.4000001,14.215392
124480,2021-04-28,NY63/2,131.55,6.3959165,1.4000001,14.215392
124481,2021-04-28,TA10/63,19.25,6.3959165,1.4000001,14.215392
124482,2021-04-28,TL33/67,87.66,6.3959165,1.4000001,14.215392
124483,2021-04-28,NH95/17,29.57,6.3959165,1.4000001,14.215392
124484,2021-04-28,SE95/6,22.8,6.3959165,1.4000001,14.215392
124485,2021-04-28,SU17/57,136.53,6.3959165,1.4000001,14.215392
124486,2021-04-28,TL33/4,87.8,6.3959165,1.4000001,14.215392
124487,2021-04-28,ID30/1,113.88,6.3959165,1.4000001,14.215392
124488,2021-04-28,TL44/12,44.62,6.3959165,1.4000001,14.215392
124489,2021-04-28,NO20/14,37.39,6.3959165,1.4000001,14.215392
124490,2021-04-28,SY68/34,68.441,6.3959165,1.4000001,14.215392
124491,2021-04-28,SN00/11,9.2496,6.3959165,1.4000001,14.215392
124492,2021-04-28,SU81/1,51.003,6.3959165,1.4000001,14.215392
124493,2021-04-28,SU71/23,43.823,6.3959165,1.4000001,14.215392
124494,2021-04-28,SK00/41,130.768,6.3959165,1.4000001,14.215392
124495,2021-04-28,SJ62/235,55.076,6.3959165,1.4000001,14.215392
124496,2021-04-28,TF03/37,17.804,6.3959165,1.4000001,14.215392
124497,2021-04-28,SE94/5,20.449,6.3959165,1.4000001,14.215392
124498,2021-04-28,SU01/5B,85.369,6.3959165,1.4000001,14.215392
124499,2021-04-28,TR14/9,82.912,6.3959165,1.4000001,14.215392
124500,2021-04-28,TF81/2A,49.29,6.3959165,1.4000001,14.215392
124501,2021-04-28,ST07/10,57.6443,6.3959165,1.4000001,14.215392
124502,2021-04-29,SJ15/13,80.586,5.1813335,0.9000001,9.262526
124503,2021-04-29,NH95/17,29.57,5.1813335,0.9000001,9.262526
124504,2021-04-29,TL33/67,87.57,5.1813335,0.9000001,9.262526
124505,2021-04-29,ID30/1,113.85,5.1813335,0.9000001,9.262526
124506,2021-04-29,TL33/4,87.78,5.1813335,0.9000001,9.262526
124507,2021-04-29,NY63/2,131.52,5.1813335,0.9000001,9.262526
124508,2021-04-29,SE95/6,22.72,5.1813335,0.9000001,9.262526
124509,2021-04-29,NO20/14,37.37,5.1813335,0.9000001,9.262526
124510,2021-04-29,SU17/57,136.48,5.1813335,0.9000001,9.262526
124511,2021-04-29,SU01/5B,85.191,5.1813335,0.9000001,9.262526
124512,2021-04-29,ST07/10,57.4904,5.1813335,0.9000001,9.262526
124513,2021-04-29,SE94/5,20.385,5.1813335,0.9000001,9.262526
124514,2021-04-29,SU71/23,43.628,5.1813335,0.9000001,9.262526
124515,2021-04-29,SU81/1,50.835,5.1813335,0.9000001,9.262526
124516,2021-04-29,TA10/63,19.178,5.1813335,0.9000001,9.262526
124517,2021-04-29,SY68/34,68.388,5.1813335,0.9000001,9.262526
124518,2021-04-29,TR14/9,82.77,5.1813335,0.9000001,9.262526
124519,2021-04-29,TF81/2A,49.244,5.1813335,0.9000001,9.262526
124520,2021-04-29,TF03/37,17.69,5.1813335,0.9000001,9.262526
124521,2021-04-29,SK00/41,130.762,5.1813335,0.9000001,9.262526
124522,2021-04-29,SJ62/235,55.069,5.1813335,0.9000001,9.262526
124523,2021-04-29,SN00/11,9.1746,5.1813335,0.9000001,9.262526
124524,2021-04-30,SJ15/13,80.56463,5.0084167,2.1000001,7.881618
124525,2021-04-30,ID30/1,113.83,5.0084167,2.1000001,7.881618
124526,2021-04-30,SU17/57,136.44,5.0084167,2.1000001,7.881618
124527,2021-04-30,TL33/67,87.52,5.0084167,2.1000001,7.881618
124528,2021-04-30,SE95/6,22.65,5.0084167,2.1000001,7.881618
124529,2021-04-30,NH95/17,29.55,5.0084167,2.1000001,7.881618
124530,2021-04-30,TL33/4,87.75,5.0084167,2.1000001,7.881618
124531,2021-04-30,NO20/14,37.35,5.0084167,2.1000001,7.881618
124532,2021-04-30,NY63/2,131.49,5.0084167,2.1000001,7.881618
124533,2021-04-30,SE94/5,20.324,5.0084167,2.1000001,7.881618
124534,2021-04-30,TF03/37,17.633,5.0084167,2.1000001,7.881618
124535,2021-04-30,SU01/5B,85.026,5.0084167,2.1000001,7.881618
124536,2021-04-30,TF81/2A,49.197,5.0084167,2.1000001,7.881618
124537,2021-04-30,SJ62/235,55.065,5.0084167,2.1000001,7.881618
124538,2021-04-30,TR14/9,82.631,5.0084167,2.1000001,7.881618
124539,2021-04-30,SY68/34,68.342,5.0084167,2.1000001,7.881618
124540,2021-04-30,SU71/23,43.446,5.0084167,2.1000001,7.881618
124541,2021-04-30,ST07/10,57.3369,5.0084167,2.1000001,7.881618
124542,2021-04-30,SU81/1,50.735,5.0084167,2.1000001,7.881618
124543,2021-04-30,TA10/63,19.134,5.0084167,2.1000001,7.881618
124544,2021-04-30,SN00/11,9.1074,5.0084167,2.1000001,7.881618
124545,2021-05-01,TL33/67,87.46,5.29175,2.4,4.7735376
124546,2021-05-01,SU17/57,136.37,5.29175,2.4,4.7735376
124547,2021-05-01,TQ25/86,98.83,5.29175,2.4,4.7735376
124548,2021-05-01,NH95/17,29.57,5.29175,2.4,4.7735376
124549,2021-05-01,NO20/14,37.34,5.29175,2.4,4.7735376
124550,2021-05-01,TL33/4,87.72,5.29175,2.4,4.7735376
124551,2021-05-01,ID30/1,113.8,5.29175,2.4,4.7735376
124552,2021-05-01,SJ15/13,80.55352,5.29175,2.4,4.7735376
124553,2021-05-01,NY63/2,131.47,5.29175,2.4,4.7735376
124554,2021-05-01,SP00/62,101.035,5.29175,2.4,4.7735376
124555,2021-05-01,SE95/6,22.58,5.29175,2.4,4.7735376
124556,2021-05-01,TA10/63,19.086,5.29175,2.4,4.7735376
124557,2021-05-01,SY68/34,68.314,5.29175,2.4,4.7735376
124558,2021-05-01,SE94/5,20.233,5.29175,2.4,4.7735376
124559,2021-05-01,SU01/5B,84.82,5.29175,2.4,4.7735376
124560,2021-05-01,SU71/23,43.25,5.29175,2.4,4.7735376
124561,2021-05-01,ST07/10,57.2176,5.29175,2.4,4.7735376
124562,2021-05-01,TF81/2A,49.153,5.29175,2.4,4.7735376
124563,2021-05-01,TF03/37,17.527,5.29175,2.4,4.7735376
124564,2021-05-01,TR14/9,82.486,5.29175,2.4,4.7735376
124565,2021-05-01,SJ62/235,55.058,5.29175,2.4,4.7735376
124566,2021-05-01,SN00/11,9.0524,5.29175,2.4,4.7735376
124567,2021-05-01,SU81/1,50.462,5.29175,2.4,4.7735376
124568,2021-05-01,SK00/41,130.745,5.29175,2.4,4.7735376
124569,2021-05-02,TL33/4,87.7,5.66675,2.8999999,7.7408576
124570,2021-05-02,NY63/2,131.45,5.66675,2.8999999,7.7408576
124571,2021-05-02,TL33/67,87.4,5.66675,2.8999999,7.7408576
124572,2021-05-02,NH95/17,29.56,5.66675,2.8999999,7.7408576
124573,2021-05-02,SE95/6,22.51,5.66675,2.8999999,7.7408576
124574,2021-05-02,ID30/1,113.81,5.66675,2.8999999,7.7408576
124575,2021-05-02,SJ15/13,80.53785,5.66675,2.8999999,7.7408576
124576,2021-05-02,NO20/14,37.31,5.66675,2.8999999,7.7408576
124577,2021-05-02,SU17/57,136.32,5.66675,2.8999999,7.7408576
124578,2021-05-02,TA10/63,19.044,5.66675,2.8999999,7.7408576
124579,2021-05-02,SU71/23,43.033,5.66675,2.8999999,7.7408576
124580,2021-05-02,TR14/9,82.336,5.66675,2.8999999,7.7408576
124581,2021-05-02,TF03/37,17.457,5.66675,2.8999999,7.7408576
124582,2021-05-02,SU01/5B,84.63,5.66675,2.8999999,7.7408576
124583,2021-05-02,SJ62/235,55.056,5.66675,2.8999999,7.7408576
124584,2021-05-02,SY68/34,68.265,5.66675,2.8999999,7.7408576
124585,2021-05-02,SK00/41,130.736,5.66675,2.8999999,7.7408576
124586,2021-05-02,SE94/5,20.184,5.66675,2.8999999,7.7408576
124587,2021-05-02,ST07/10,57.1221,5.66675,2.8999999,7.7408576
124588,2021-05-02,TF81/2A,49.143,5.66675,2.8999999,7.7408576
124589,2021-05-02,SN00/11,9.0001,5.66675,2.8999999,7.7408576
124590,2021-05-02,SU81/1,50.276,5.66675,2.8999999,7.7408576
124591,2021-05-03,TL33/67,87.53,5.218833,24.6,15.698805
124592,2021-05-03,NO20/14,37.35,5.218833,24.6,15.698805
124593,2021-05-03,SJ15/13,80.54084,5.218833,24.6,15.698805
124594,2021-05-03,SE95/6,22.45,5.218833,24.6,15.698805
124595,2021-05-03,NY63/2,131.45,5.218833,24.6,15.698805
124596,2021-05-03,NH95/17,29.55,5.218833,24.6,15.698805
124597,2021-05-03,ID30/1,113.84,5.218833,24.6,15.698805
124598,2021-05-03,SU17/57,136.25,5.218833,24.6,15.698805
124599,2021-05-03,TL33/4,87.66,5.218833,24.6,15.698805
124600,2021-05-03,TA10/63,19.042,5.218833,24.6,15.698805
124601,2021-05-03,SU81/1,50.12,5.218833,24.6,15.698805
124602,2021-05-03,TF03/37,17.517,5.218833,24.6,15.698805
124603,2021-05-03,SN00/11,9.0104,5.218833,24.6,15.698805
124604,2021-05-03,SU71/23,42.875,5.218833,24.6,15.698805
124605,2021-05-03,TF81/2A,49.092,5.218833,24.6,15.698805
124606,2021-05-03,SE94/5,20.122,5.218833,24.6,15.698805
124607,2021-05-03,SY68/34,68.219,5.218833,24.6,15.698805
124608,2021-05-03,SK00/41,130.752,5.218833,24.6,15.698805
124609,2021-05-03,TR14/9,82.218,5.218833,24.6,15.698805
124610,2021-05-03,SU01/5B,84.454,5.218833,24.6,15.698805
124611,2021-05-03,ST07/10,57.1111,5.218833,24.6,15.698805
124612,2021-05-03,SJ62/235,55.1,5.218833,24.6,15.698805
124613,2021-05-04,NH95/17,29.61,4.7105002,10.900002,17.164051
124614,2021-05-04,ID30/1,113.83,4.7105002,10.900002,17.164051
124615,2021-05-04,NY63/2,131.62,4.7105002,10.900002,17.164051
124616,2021-05-04,TL33/4,87.64,4.7105002,10.900002,17.164051
124617,2021-05-04,TQ25/86,98.58,4.7105002,10.900002,17.164051
124618,2021-05-04,SE95/6,22.4,4.7105002,10.900002,17.164051
124619,2021-05-04,SU17/57,135.93,4.7105002,10.900002,17.164051
124620,2021-05-04,SJ15/13,80.64296,4.7105002,10.900002,17.164051
124621,2021-05-04,NO20/14,37.37,4.7105002,10.900002,17.164051
124622,2021-05-04,TL33/67,87.37,4.7105002,10.900002,17.164051
124623,2021-05-04,SP00/62,100.976,4.7105002,10.900002,17.164051
124624,2021-05-04,ST07/10,57.0551,4.7105002,10.900002,17.164051
124625,2021-05-04,TF81/2A,49.039,4.7105002,10.900002,17.164051
124626,2021-05-04,SK00/41,130.756,4.7105002,10.900002,17.164051
124627,2021-05-04,SJ62/235,55.06,4.7105002,10.900002,17.164051
124628,2021-05-04,SU81/1,49.962,4.7105002,10.900002,17.164051
124629,2021-05-04,SY68/34,68.172,4.7105002,10.900002,17.164051
124630,2021-05-04,TA10/63,18.981,4.7105002,10.900002,17.164051
124631,2021-05-04,SU01/5B,84.286,4.7105002,10.900002,17.164051
124632,2021-05-04,SU71/23,42.717,4.7105002,10.900002,17.164051
124633,2021-05-04,TF03/37,17.393,4.7105002,10.900002,17.164051
124634,2021-05-04,SN00/11,8.9647,4.7105002,10.900002,17.164051
124635,2021-05-04,TR14/9,82.068,4.7105002,10.900002,17.164051
124636,2021-05-04,SE94/5,20.073,4.7105002,10.900002,17.164051
124637,2021-05-05,ID30/1,113.77,4.1271663,0.6,10.6291485
124638,2021-05-05,NY63/2,131.5,4.1271663,0.6,10.6291485
124639,2021-05-05,NO20/14,37.33,4.1271663,0.6,10.6291485
124640,2021-05-05,TL33/67,87.29,4.1271663,0.6,10.6291485
124641,2021-05-05,SJ15/13,80.61385,4.1271663,0.6,10.6291485
124642,2021-05-05,TL33/4,87.61,4.1271663,0.6,10.6291485
124643,2021-05-05,SE95/6,22.33,4.1271663,0.6,10.6291485
124644,2021-05-05,NH95/17,29.61,4.1271663,0.6,10.6291485
124645,2021-05-05,SU17/57,135.96,4.1271663,0.6,10.6291485
124646,2021-05-05,SU71/23,42.535,4.1271663,0.6,10.6291485
124647,2021-05-05,SU81/1,49.788,4.1271663,0.6,10.6291485
124648,2021-05-05,TF03/37,17.29,4.1271663,0.6,10.6291485
124649,2021-05-05,SN00/11,8.9162,4.1271663,0.6,10.6291485
124650,2021-05-05,TR14/9,81.924,4.1271663,0.6,10.6291485
124651,2021-05-05,SU01/5B,84.102,4.1271663,0.6,10.6291485
124652,2021-05-05,ST07/10,57.0158,4.1271663,0.6,10.6291485
124653,2021-05-05,SJ62/235,55.063,4.1271663,0.6,10.6291485
124654,2021-05-05,SE94/5,20.006,4.1271663,0.6,10.6291485
124655,2021-05-05,TA10/63,18.931,4.1271663,0.6,10.6291485
124656,2021-05-05,TF81/2A,48.995,4.1271663,0.6,10.6291485
124657,2021-05-05,SK00/41,130.736,4.1271663,0.6,10.6291485
124658,2021-05-05,SY68/34,68.123,4.1271663,0.6,10.6291485
124659,2021-05-06,TL33/4,87.57,3.9813328,5.9999995,9.202679
124660,2021-05-06,SJ15/13,80.6163,3.9813328,5.9999995,9.202679
124661,2021-05-06,ID30/1,113.85,3.9813328,5.9999995,9.202679
124662,2021-05-06,NO20/14,37.33,3.9813328,5.9999995,9.202679
124663,2021-05-06,SE95/6,22.27,3.9813328,5.9999995,9.202679
124664,2021-05-06,NH95/17,29.62,3.9813328,5.9999995,9.202679
124665,2021-05-06,NY63/2,131.47,3.9813328,5.9999995,9.202679
124666,2021-05-06,TL33/67,87.23,3.9813328,5.9999995,9.202679
124667,2021-05-06,SU17/57,135.91,3.9813328,5.9999995,9.202679
124668,2021-05-06,TF81/2A,48.944,3.9813328,5.9999995,9.202679
124669,2021-05-06,ST07/10,56.9751,3.9813328,5.9999995,9.202679
124670,2021-05-06,SE94/5,19.941,3.9813328,5.9999995,9.202679
124671,2021-05-06,SK00/41,130.724,3.9813328,5.9999995,9.202679
124672,2021-05-06,SJ62/235,55.058,3.9813328,5.9999995,9.202679
124673,2021-05-06,SN00/11,8.8635,3.9813328,5.9999995,9.202679
124674,2021-05-06,SU81/1,49.616,3.9813328,5.9999995,9.202679
124675,2021-05-06,TF03/37,17.204,3.9813328,5.9999995,9.202679
124676,2021-05-06,TA10/63,18.885,3.9813328,5.9999995,9.202679
124677,2021-05-06,SY68/34,68.074,3.9813328,5.9999995,9.202679
124678,2021-05-06,TR14/9,81.772,3.9813328,5.9999995,9.202679
124679,2021-05-06,SU01/5B,83.913,3.9813328,5.9999995,9.202679
124680,2021-05-06,SU71/23,42.358,3.9813328,5.9999995,9.202679
124681,2021-05-07,SJ15/13,80.59333,5.4313335,1.7,6.2905054
124682,2021-05-07,ID30/1,113.84,5.4313335,1.7,6.2905054
124683,2021-05-07,NO20/14,37.29,5.4313335,1.7,6.2905054
124684,2021-05-07,SE95/6,22.21,5.4313335,1.7,6.2905054
124685,2021-05-07,TL33/67,87.16,5.4313335,1.7,6.2905054
124686,2021-05-07,NY63/2,131.44,5.4313335,1.7,6.2905054
124687,2021-05-07,NH95/17,29.62,5.4313335,1.7,6.2905054
124688,2021-05-07,SU17/57,135.86,5.4313335,1.7,6.2905054
124689,2021-05-07,TL33/4,87.54,5.4313335,1.7,6.2905054
124690,2021-05-07,SJ62/235,55.061,5.4313335,1.7,6.2905054
124691,2021-05-07,TR14/9,81.622,5.4313335,1.7,6.2905054
124692,2021-05-07,TF81/2A,48.922,5.4313335,1.7,6.2905054
124693,2021-05-07,TA10/63,18.838,5.4313335,1.7,6.2905054
124694,2021-05-07,SY68/34,68.031,5.4313335,1.7,6.2905054
124695,2021-05-07,SN00/11,8.8288,5.4313335,1.7,6.2905054
124696,2021-05-07,SK00/41,130.704,5.4313335,1.7,6.2905054
124697,2021-05-07,ST07/10,56.9103,5.4313335,1.7,6.2905054
124698,2021-05-07,SE94/5,19.871,5.4313335,1.7,6.2905054
124699,2021-05-07,SU01/5B,83.716,5.4313335,1.7,6.2905054
124700,2021-05-07,SU71/23,42.177,5.4313335,1.7,6.2905054
124701,2021-05-07,SU81/1,49.434,5.4313335,1.7,6.2905054
124702,2021-05-07,TF03/37,17.12,5.4313335,1.7,6.2905054
124703,2021-05-08,SJ15/13,80.60707,7.1292496,6.7999997,17.000343
124704,2021-05-08,ID30/1,113.86,7.1292496,6.7999997,17.000343
124705,2021-05-08,NY63/2,131.42,7.1292496,6.7999997,17.000343
124706,2021-05-08,NO20/14,37.33,7.1292496,6.7999997,17.000343
124707,2021-05-08,SU17/57,135.79,7.1292496,6.7999997,17.000343
124708,2021-05-08,NH95/17,29.62,7.1292496,6.7999997,17.000343
124709,2021-05-08,TL33/67,87.2,7.1292496,6.7999997,17.000343
124710,2021-05-08,TL33/4,87.51,7.1292496,6.7999997,17.000343
124711,2021-05-08,SE95/6,22.14,7.1292496,6.7999997,17.000343
124712,2021-05-08,SU71/23,42.019,7.1292496,6.7999997,17.000343
124713,2021-05-08,ST07/10,57.7249,7.1292496,6.7999997,17.000343
124714,2021-05-08,SJ62/235,55.098,7.1292496,6.7999997,17.000343
124715,2021-05-08,SK00/41,130.72,7.1292496,6.7999997,17.000343
124716,2021-05-08,SN00/11,9.0989,7.1292496,6.7999997,17.000343
124717,2021-05-08,SU01/5B,83.542,7.1292496,6.7999997,17.000343
124718,2021-05-08,TF81/2A,48.883,7.1292496,6.7999997,17.000343
124719,2021-05-08,SE94/5,19.806,7.1292496,6.7999997,17.000343
124720,2021-05-08,SY68/34,68.002,7.1292496,6.7999997,17.000343
124721,2021-05-08,TF03/37,17.146,7.1292496,6.7999997,17.000343
124722,2021-05-08,TR14/9,81.486,7.1292496,6.7999997,17.000343
124723,2021-05-08,SU81/1,49.285,7.1292496,6.7999997,17.000343
124724,2021-05-08,TA10/63,18.824,7.1292496,6.7999997,17.000343
124725,2021-05-09,ID30/1,113.88,11.393834,0.70000005,16.773329
124726,2021-05-09,NO20/14,37.35,11.393834,0.70000005,16.773329
124727,2021-05-09,SJ15/13,80.67111,11.393834,0.70000005,16.773329
124728,2021-05-09,SU17/57,135.57,11.393834,0.70000005,16.773329
124729,2021-05-09,NH95/17,29.65,11.393834,0.70000005,16.773329
124730,2021-05-09,TL33/4,87.48,11.393834,0.70000005,16.773329
124731,2021-05-09,NY63/2,131.51,11.393834,0.70000005,16.773329
124732,2021-05-09,TL33/67,87.16,11.393834,0.70000005,16.773329
124733,2021-05-09,SE95/6,22.12,11.393834,0.70000005,16.773329
124734,2021-05-09,SJ62/235,55.096,11.393834,0.70000005,16.773329
124735,2021-05-09,TR14/9,81.375,11.393834,0.70000005,16.773329
124736,2021-05-09,SU71/23,41.858,11.393834,0.70000005,16.773329
124737,2021-05-09,SY68/34,67.958,11.393834,0.70000005,16.773329
124738,2021-05-09,SU81/1,49.126,11.393834,0.70000005,16.773329
124739,2021-05-09,TA10/63,18.785,11.393834,0.70000005,16.773329
124740,2021-05-09,SE94/5,19.769,11.393834,0.70000005,16.773329
124741,2021-05-09,TF81/2A,48.829,11.393834,0.70000005,16.773329
124742,2021-05-09,SU01/5B,83.376,11.393834,0.70000005,16.773329
124743,2021-05-09,SK00/41,130.735,11.393834,0.70000005,16.773329
124744,2021-05-09,ST07/10,59.3739,11.393834,0.70000005,16.773329
124745,2021-05-09,SN00/11,9.2306,11.393834,0.70000005,16.773329
124746,2021-05-09,TF03/37,17.083,11.393834,0.70000005,16.773329
124747,2021-05-10,SE95/6,22.07,10.566751,5.2,17.966719
124748,2021-05-10,SU01/5B,83.31,10.566751,5.2,17.966719
124749,2021-05-10,ID30/1,113.88,10.566751,5.2,17.966719
124750,2021-05-10,TL33/4,87.44,10.566751,5.2,17.966719
124751,2021-05-10,NH95/17,29.64,10.566751,5.2,17.966719
124752,2021-05-10,NO20/14,37.32,10.566751,5.2,17.966719
124753,2021-05-10,NY63/2,131.49,10.566751,5.2,17.966719
124754,2021-05-10,SJ15/13,80.688,10.566751,5.2,17.966719
124755,2021-05-10,TL33/67,87.02,10.566751,5.2,17.966719
124756,2021-05-10,SU17/57,135.48,10.566751,5.2,17.966719
124757,2021-05-10,SU81/1,48.942,10.566751,5.2,17.966719
124758,2021-05-10,TA10/63,18.727,10.566751,5.2,17.966719
124759,2021-05-10,TF81/2A,48.782,10.566751,5.2,17.966719
124760,2021-05-10,SU71/23,41.685,10.566751,5.2,17.966719
124761,2021-05-10,SJ62/235,55.074,10.566751,5.2,17.966719
124762,2021-05-10,TR14/9,81.23,10.566751,5.2,17.966719
124763,2021-05-10,SN00/11,9.2395,10.566751,5.2,17.966719
124764,2021-05-10,ST07/10,59.9278,10.566751,5.2,17.966719
124765,2021-05-10,TF03/37,17.014,10.566751,5.2,17.966719
124766,2021-05-10,SE94/5,19.711,10.566751,5.2,17.966719
124767,2021-05-10,SY68/34,67.914,10.566751,5.2,17.966719
124768,2021-05-10,SK00/41,130.73,10.566751,5.2,17.966719
124769,2021-05-11,SU17/57,135.5,9.816751,3.8999999,14.297632
124770,2021-05-11,TL33/67,86.97,9.816751,3.8999999,14.297632
124771,2021-05-11,SJ15/13,80.64174,9.816751,3.8999999,14.297632
124772,2021-05-11,SU01/5B,83.14,9.816751,3.8999999,14.297632
124773,2021-05-11,NH95/17,29.62,9.816751,3.8999999,14.297632
124774,2021-05-11,SP00/62,101.106,9.816751,3.8999999,14.297632
124775,2021-05-11,NO20/14,37.28,9.816751,3.8999999,14.297632
124776,2021-05-11,SE95/6,22.01,9.816751,3.8999999,14.297632
124777,2021-05-11,NY63/2,131.42,9.816751,3.8999999,14.297632
124778,2021-05-11,ID30/1,113.89,9.816751,3.8999999,14.297632
124779,2021-05-11,TL33/4,87.39,9.816751,3.8999999,14.297632
124780,2021-05-11,TQ25/86,98.32,9.816751,3.8999999,14.297632
124781,2021-05-11,TF81/2A,48.738,9.816751,3.8999999,14.297632
124782,2021-05-11,TR14/9,81.075,9.816751,3.8999999,14.297632
124783,2021-05-11,SY68/34,67.869,9.816751,3.8999999,14.297632
124784,2021-05-11,TF03/37,16.993,9.816751,3.8999999,14.297632
124785,2021-05-11,SE94/5,19.623,9.816751,3.8999999,14.297632
124786,2021-05-11,ST07/10,60.0222,9.816751,3.8999999,14.297632
124787,2021-05-11,SK00/41,130.711,9.816751,3.8999999,14.297632
124788,2021-05-11,SU71/23,41.516,9.816751,3.8999999,14.297632
124789,2021-05-11,SN00/11,9.2313,9.816751,3.8999999,14.297632
124790,2021-05-11,TA10/63,18.681,9.816751,3.8999999,14.297632
124791,2021-05-11,SU81/1,48.754,9.816751,3.8999999,14.297632
124792,2021-05-11,SJ62/235,55.07,9.816751,3.8999999,14.297632
124793,2021-05-12,SU01/5B,82.95,9.662584,3.0000002,7.1904345
124794,2021-05-12,SJ15/13,80.61837,9.662584,3.0000002,7.1904345
124795,2021-05-12,SU17/57,135.45,9.662584,3.0000002,7.1904345
124796,2021-05-12,TL33/67,86.92,9.662584,3.0000002,7.1904345
124797,2021-05-12,NH95/17,29.64,9.662584,3.0000002,7.1904345
124798,2021-05-12,ID30/1,113.9,9.662584,3.0000002,7.1904345
124799,2021-05-12,NO20/14,37.26,9.662584,3.0000002,7.1904345
124800,2021-05-12,NY63/2,131.38,9.662584,3.0000002,7.1904345
124801,2021-05-12,SE95/6,21.96,9.662584,3.0000002,7.1904345
124802,2021-05-12,TL33/4,87.36,9.662584,3.0000002,7.1904345
124803,2021-05-12,SY68/34,67.831,9.662584,3.0000002,7.1904345
124804,2021-05-12,TF03/37,16.942,9.662584,3.0000002,7.1904345
124805,2021-05-12,SE94/5,19.576,9.662584,3.0000002,7.1904345
124806,2021-05-12,SK00/41,130.698,9.662584,3.0000002,7.1904345
124807,2021-05-12,SU71/23,41.35,9.662584,3.0000002,7.1904345
124808,2021-05-12,TA10/63,18.639,9.662584,3.0000002,7.1904345
124809,2021-05-12,TR14/9,80.938,9.662584,3.0000002,7.1904345
124810,2021-05-12,TF81/2A,48.696,9.662584,3.0000002,7.1904345
124811,2021-05-12,SN00/11,9.1973,9.662584,3.0000002,7.1904345
124812,2021-05-12,SJ62/235,55.065,9.662584,3.0000002,7.1904345
124813,2021-05-12,SU81/1,48.57,9.662584,3.0000002,7.1904345
124814,2021-05-12,ST07/10,60.1558,9.662584,3.0000002,7.1904345
124815,2021-05-13,NH95/17,29.67,9.6855,3.5,5.728493
124816,2021-05-13,SJ15/13,80.59848,9.6855,3.5,5.728493
124817,2021-05-13,SE95/6,21.91,9.6855,3.5,5.728493
124818,2021-05-13,TL33/67,86.87,9.6855,3.5,5.728493
124819,2021-05-13,ID30/1,113.89,9.6855,3.5,5.728493
124820,2021-05-13,TL33/4,87.32,9.6855,3.5,5.728493
124821,2021-05-13,SU01/5B,82.77,9.6855,3.5,5.728493
124822,2021-05-13,NO20/14,37.24,9.6855,3.5,5.728493
124823,2021-05-13,NY63/2,131.36,9.6855,3.5,5.728493
124824,2021-05-13,SU17/57,135.36,9.6855,3.5,5.728493
124825,2021-05-13,ST07/10,62.6575,9.6855,3.5,5.728493
124826,2021-05-13,SK00/41,130.689,9.6855,3.5,5.728493
124827,2021-05-13,TF03/37,16.867,9.6855,3.5,5.728493
124828,2021-05-13,TF81/2A,48.657,9.6855,3.5,5.728493
124829,2021-05-13,SN00/11,9.1424,9.6855,3.5,5.728493
124830,2021-05-13,SU71/23,41.185,9.6855,3.5,5.728493
124831,2021-05-13,SY68/34,67.797,9.6855,3.5,5.728493
124832,2021-05-13,TR14/9,80.798,9.6855,3.5,5.728493
124833,2021-05-13,SU81/1,48.388,9.6855,3.5,5.728493
124834,2021-05-13,SJ62/235,55.06,9.6855,3.5,5.728493
124835,2021-05-13,TA10/63,18.596,9.6855,3.5,5.728493
124836,2021-05-13,SE94/5,19.514,9.6855,3.5,5.728493
124837,2021-05-14,NY63/2,131.35,9.133417,0.2,5.257935
124838,2021-05-14,NO20/14,37.24,9.133417,0.2,5.257935
124839,2021-05-14,SE95/6,21.86,9.133417,0.2,5.257935
124840,2021-05-14,ID30/1,113.85,9.133417,0.2,5.257935
124841,2021-05-14,SU01/5B,82.6,9.133417,0.2,5.257935
124842,2021-05-14,SJ15/13,80.58737,9.133417,0.2,5.257935
124843,2021-05-14,TL33/4,87.28,9.133417,0.2,5.257935
124844,2021-05-14,NH95/17,29.68,9.133417,0.2,5.257935
124845,2021-05-14,TL33/67,86.83,9.133417,0.2,5.257935
124846,2021-05-14,SU17/57,135.31,9.133417,0.2,5.257935
124847,2021-05-14,SU71/23,41.02,9.133417,0.2,5.257935
124848,2021-05-14,SJ62/235,55.069,9.133417,0.2,5.257935
124849,2021-05-14,SE94/5,19.454,9.133417,0.2,5.257935
124850,2021-05-14,ST07/10,65.749,9.133417,0.2,5.257935
124851,2021-05-14,SN00/11,9.1072,9.133417,0.2,5.257935
124852,2021-05-14,SU81/1,48.208,9.133417,0.2,5.257935
124853,2021-05-14,SK00/41,130.683,9.133417,0.2,5.257935
124854,2021-05-14,TF03/37,16.818,9.133417,0.2,5.257935
124855,2021-05-14,TR14/9,80.661,9.133417,0.2,5.257935
124856,2021-05-14,SY68/34,67.755,9.133417,0.2,5.257935
124857,2021-05-14,TA10/63,18.563,9.133417,0.2,5.257935
124858,2021-05-14,TF81/2A,48.626,9.133417,0.2,5.257935
124859,2021-05-15,NY63/2,131.37,9.943834,0.3,11.757777
124860,2021-05-15,TL33/67,86.82,9.943834,0.3,11.757777
124861,2021-05-15,NO20/14,37.25,9.943834,0.3,11.757777
124862,2021-05-15,SE95/6,21.8,9.943834,0.3,11.757777
124863,2021-05-15,SJ15/13,80.61,9.943834,0.3,11.757777
124864,2021-05-15,NH95/17,29.68,9.943834,0.3,11.757777
124865,2021-05-15,ID30/1,113.83,9.943834,0.3,11.757777
124866,2021-05-15,TL33/4,87.24,9.943834,0.3,11.757777
124867,2021-05-15,SU17/57,135.21,9.943834,0.3,11.757777
124868,2021-05-15,SU01/5B,82.43,9.943834,0.3,11.757777
124869,2021-05-15,SE94/5,19.396,9.943834,0.3,11.757777
124870,2021-05-15,SY68/34,67.72,9.943834,0.3,11.757777
124871,2021-05-15,TF81/2A,48.585,9.943834,0.3,11.757777
124872,2021-05-15,SU71/23,40.864,9.943834,0.3,11.757777
124873,2021-05-15,SJ62/235,55.077,9.943834,0.3,11.757777
124874,2021-05-15,TF03/37,16.756,9.943834,0.3,11.757777
124875,2021-05-15,SK00/41,130.697,9.943834,0.3,11.757777
124876,2021-05-15,ST07/10,67.0725,9.943834,0.3,11.757777
124877,2021-05-15,SN00/11,9.1057,9.943834,0.3,11.757777
124878,2021-05-15,TR14/9,80.527,9.943834,0.3,11.757777
124879,2021-05-15,SU81/1,48.042,9.943834,0.3,11.757777
124880,2021-05-15,TA10/63,18.533,9.943834,0.3,11.757777
124881,2021-05-16,ID30/1,113.81,10.043834,6.7,7.4394484
124882,2021-05-16,SU17/57,135.09,10.043834,6.7,7.4394484
124883,2021-05-16,TL33/67,86.76,10.043834,6.7,7.4394484
124884,2021-05-16,SJ15/13,80.62737,10.043834,6.7,7.4394484
124885,2021-05-16,SU01/5B,82.27,10.043834,6.7,7.4394484
124886,2021-05-16,NY63/2,131.4,10.043834,6.7,7.4394484
124887,2021-05-16,NH95/17,29.67,10.043834,6.7,7.4394484
124888,2021-05-16,SE95/6,21.76,10.043834,6.7,7.4394484
124889,2021-05-16,NO20/14,37.23,10.043834,6.7,7.4394484
124890,2021-05-16,TL33/4,87.19,10.043834,6.7,7.4394484
124891,2021-05-16,SJ62/235,55.072,10.043834,6.7,7.4394484
124892,2021-05-16,TA10/63,18.489,10.043834,6.7,7.4394484
124893,2021-05-16,ST07/10,67.699,10.043834,6.7,7.4394484
124894,2021-05-16,TF03/37,16.643,10.043834,6.7,7.4394484
124895,2021-05-16,SU71/23,40.708,10.043834,6.7,7.4394484
124896,2021-05-16,SK00/41,130.704,10.043834,6.7,7.4394484
124897,2021-05-16,SN00/11,9.0952,10.043834,6.7,7.4394484
124898,2021-05-16,TR14/9,80.413,10.043834,6.7,7.4394484
124899,2021-05-16,SU81/1,47.884,10.043834,6.7,7.4394484
124900,2021-05-16,SY68/34,67.693,10.043834,6.7,7.4394484
124901,2021-05-16,SE94/5,19.32,10.043834,6.7,7.4394484
124902,2021-05-16,TF81/2A,48.531,10.043834,6.7,7.4394484
124903,2021-05-17,ID30/1,113.78,9.983418,7.2000003,7.339086
124904,2021-05-17,NY63/2,131.37,9.983418,7.2000003,7.339086
124905,2021-05-17,TL33/67,86.62,9.983418,7.2000003,7.339086
124906,2021-05-17,SU01/5B,82.12,9.983418,7.2000003,7.339086
124907,2021-05-17,SE95/6,21.72,9.983418,7.2000003,7.339086
124908,2021-05-17,NH95/17,29.66,9.983418,7.2000003,7.339086
124909,2021-05-17,SJ15/13,80.60219,9.983418,7.2000003,7.339086
124910,2021-05-17,NO20/14,37.19,9.983418,7.2000003,7.339086
124911,2021-05-17,TL33/4,87.16,9.983418,7.2000003,7.339086
124912,2021-05-17,SU17/57,135.02,9.983418,7.2000003,7.339086
124913,2021-05-17,SK00/41,130.686,9.983418,7.2000003,7.339086
124914,2021-05-17,SU81/1,47.714,9.983418,7.2000003,7.339086
124915,2021-05-17,SU71/23,40.541,9.983418,7.2000003,7.339086
124916,2021-05-17,ST07/10,68.3718,9.983418,7.2000003,7.339086
124917,2021-05-17,TF03/37,16.569,9.983418,7.2000003,7.339086
124918,2021-05-17,SJ62/235,55.052,9.983418,7.2000003,7.339086
124919,2021-05-17,TF81/2A,48.483,9.983418,7.2000003,7.339086
124920,2021-05-17,SE94/5,19.273,9.983418,7.2000003,7.339086
124921,2021-05-17,SY68/34,67.661,9.983418,7.2000003,7.339086
124922,2021-05-17,TR14/9,80.281,9.983418,7.2000003,7.339086
124923,2021-05-17,TA10/63,18.434,9.983418,7.2000003,7.339086
124924,2021-05-17,SN00/11,9.0716,9.983418,7.2000003,7.339086
124925,2021-05-18,SE95/6,21.66,9.45425,0.8000001,7.5152283
124926,2021-05-18,TL33/67,86.56,9.45425,0.8000001,7.5152283
124927,2021-05-18,NO20/14,37.16,9.45425,0.8000001,7.5152283
124928,2021-05-18,SP00/62,101.627,9.45425,0.8000001,7.5152283
124929,2021-05-18,SU01/5B,81.95,9.45425,0.8000001,7.5152283
124930,2021-05-18,TQ25/86,98.12,9.45425,0.8000001,7.5152283
124931,2021-05-18,SJ15/13,80.56359,9.45425,0.8000001,7.5152283
124932,2021-05-18,NY63/2,131.32,9.45425,0.8000001,7.5152283
124933,2021-05-18,NH95/17,29.65,9.45425,0.8000001,7.5152283
124934,2021-05-18,SU17/57,135.07,9.45425,0.8000001,7.5152283
124935,2021-05-18,TL33/4,87.11,9.45425,0.8000001,7.5152283
124936,2021-05-18,ID30/1,113.77,9.45425,0.8000001,7.5152283
124937,2021-05-18,SU71/23,40.377,9.45425,0.8000001,7.5152283
124938,2021-05-18,TR14/9,80.148,9.45425,0.8000001,7.5152283
124939,2021-05-18,SK00/41,130.663,9.45425,0.8000001,7.5152283
124940,2021-05-18,ST07/10,69.222,9.45425,0.8000001,7.5152283
124941,2021-05-18,SN00/11,9.0404,9.45425,0.8000001,7.5152283
124942,2021-05-18,SY68/34,67.633,9.45425,0.8000001,7.5152283
124943,2021-05-18,TF03/37,16.542,9.45425,0.8000001,7.5152283
124944,2021-05-18,TA10/63,18.388,9.45425,0.8000001,7.5152283
124945,2021-05-18,SE94/5,19.21,9.45425,0.8000001,7.5152283
124946,2021-05-18,TF81/2A,48.436,9.45425,0.8000001,7.5152283
124947,2021-05-18,SJ62/235,55.044,9.45425,0.8000001,7.5152283
124948,2021-05-18,SU81/1,47.549,9.45425,0.8000001,7.5152283
124949,2021-05-19,TL33/67,86.48,9.660501,0.0,8.867562
124950,2021-05-19,SU01/5B,81.79,9.660501,0.0,8.867562
124951,2021-05-19,NY63/2,131.28,9.660501,0.0,8.867562
124952,2021-05-19,TL33/4,87.06,9.660501,0.0,8.867562
124953,2021-05-19,SE95/6,21.61,9.660501,0.0,8.867562
124954,2021-05-19,NO20/14,37.14,9.660501,0.0,8.867562
124955,2021-05-19,NH95/17,29.63,9.660501,0.0,8.867562
124956,2021-05-19,SJ15/13,80.5444,9.660501,0.0,8.867562
124957,2021-05-19,ID30/1,113.75,9.660501,0.0,8.867562
124958,2021-05-19,SU17/57,135.03,9.660501,0.0,8.867562
124959,2021-05-19,SJ62/235,55.039,9.660501,0.0,8.867562
124960,2021-05-19,SK00/41,130.644,9.660501,0.0,8.867562
124961,2021-05-19,SU81/1,47.379,9.660501,0.0,8.867562
124962,2021-05-19,TR14/9,80.0,9.660501,0.0,8.867562
124963,2021-05-19,ST07/10,69.1092,9.660501,0.0,8.867562
124964,2021-05-19,SY68/34,67.603,9.660501,0.0,8.867562
124965,2021-05-19,TF81/2A,48.42,9.660501,0.0,8.867562
124966,2021-05-19,SU71/23,40.209,9.660501,0.0,8.867562
124967,2021-05-19,SE94/5,19.149,9.660501,0.0,8.867562
124968,2021-05-19,SN00/11,9.0161,9.660501,0.0,8.867562
124969,2021-05-19,TA10/63,18.343,9.660501,0.0,8.867562
124970,2021-05-19,TF03/37,16.463,9.660501,0.0,8.867562
124971,2021-05-20,TL33/67,86.58,8.77925,13.400002,18.9828
124972,2021-05-20,NY63/2,131.26,8.77925,13.400002,18.9828
124973,2021-05-20,SJ15/13,80.52889,8.77925,13.400002,18.9828
124974,2021-05-20,TL44/12,44.533,8.77925,13.400002,18.9828
124975,2021-05-20,TL33/4,87.02,8.77925,13.400002,18.9828
124976,2021-05-20,SE95/6,21.56,8.77925,13.400002,18.9828
124977,2021-05-20,NO20/14,37.17,8.77925,13.400002,18.9828
124978,2021-05-20,ID30/1,113.81,8.77925,13.400002,18.9828
124979,2021-05-20,NH95/17,29.67,8.77925,13.400002,18.9828
124980,2021-05-20,SU01/5B,81.64,8.77925,13.400002,18.9828
124981,2021-05-20,SU17/57,135.02,8.77925,13.400002,18.9828
124982,2021-05-20,SN00/11,9.0526,8.77925,13.400002,18.9828
124983,2021-05-20,TR14/9,79.869,8.77925,13.400002,18.9828
124984,2021-05-20,SJ62/235,55.093,8.77925,13.400002,18.9828
124985,2021-05-20,SE94/5,19.101,8.77925,13.400002,18.9828
124986,2021-05-20,TF81/2A,48.389,8.77925,13.400002,18.9828
124987,2021-05-20,ST07/10,68.764,8.77925,13.400002,18.9828
124988,2021-05-20,SU71/23,40.064,8.77925,13.400002,18.9828
124989,2021-05-20,TF03/37,16.528,8.77925,13.400002,18.9828
124990,2021-05-20,SK00/41,130.666,8.77925,13.400002,18.9828
124991,2021-05-20,TA10/63,18.338,8.77925,13.400002,18.9828
124992,2021-05-20,SY68/34,67.572,8.77925,13.400002,18.9828
124993,2021-05-20,SU81/1,47.238,8.77925,13.400002,18.9828
124994,2021-05-21,SJ15/13,80.63978,10.131334,5.3,16.66235
124995,2021-05-21,NO20/14,37.22,10.131334,5.3,16.66235
124996,2021-05-21,SE95/6,21.53,10.131334,5.3,16.66235
124997,2021-05-21,TL33/67,86.52,10.131334,5.3,16.66235
124998,2021-05-21,SU01/5B,81.52,10.131334,5.3,16.66235
124999,2021-05-21,TL33/4,86.97,10.131334,5.3,16.66235
125000,2021-05-21,ID30/1,114.3,10.131334,5.3,16.66235
125001,2021-05-21,TV59/7C,1.56,10.131334,5.3,16.66235
125002,2021-05-21,TM15/112,25.7,10.131334,5.3,16.66235
125003,2021-05-21,NY63/2,131.42,10.131334,5.3,16.66235
125004,2021-05-21,NH95/17,29.69,10.131334,5.3,16.66235
125005,2021-05-21,SU17/57,134.74,10.131334,5.3,16.66235
125006,2021-05-21,SE94/5,19.055,10.131334,5.3,16.66235
125007,2021-05-21,SU81/1,47.092,10.131334,5.3,16.66235
125008,2021-05-21,SJ62/235,55.078,10.131334,5.3,16.66235
125009,2021-05-21,TA10/63,18.33,10.131334,5.3,16.66235
125010,2021-05-21,TF03/37,16.47,10.131334,5.3,16.66235
125011,2021-05-21,ST07/10,69.0582,10.131334,5.3,16.66235
125012,2021-05-21,TF81/2A,48.33,10.131334,5.3,16.66235
125013,2021-05-21,SY68/34,67.54,10.131334,5.3,16.66235
125014,2021-05-21,TR14/9,79.754,10.131334,5.3,16.66235
125015,2021-05-21,SN00/11,9.0746,10.131334,5.3,16.66235
125016,2021-05-21,SK00/41,130.702,10.131334,5.3,16.66235
125017,2021-05-21,SU71/23,39.92,10.131334,5.3,16.66235
125018,2021-05-22,NY63/2,131.35,7.1313343,1.2,12.748678
125019,2021-05-22,SJ15/13,80.66407,7.1313343,1.2,12.748678
125020,2021-05-22,SU17/57,134.66,7.1313343,1.2,12.748678
125021,2021-05-22,ID30/1,114.39,7.1313343,1.2,12.748678
125022,2021-05-22,SE95/6,21.49,7.1313343,1.2,12.748678
125023,2021-05-22,TL33/67,86.35,7.1313343,1.2,12.748678
125024,2021-05-22,NH95/17,29.68,7.1313343,1.2,12.748678
125025,2021-05-22,SU01/5B,81.42,7.1313343,1.2,12.748678
125026,2021-05-22,NO20/14,37.21,7.1313343,1.2,12.748678
125027,2021-05-22,TL33/4,86.93,7.1313343,1.2,12.748678
125028,2021-05-22,SU71/23,39.769,7.1313343,1.2,12.748678
125029,2021-05-22,ST07/10,70.1423,7.1313343,1.2,12.748678
125030,2021-05-22,TF81/2A,48.296,7.1313343,1.2,12.748678
125031,2021-05-22,SY68/34,67.508,7.1313343,1.2,12.748678
125032,2021-05-22,TR14/9,79.604,7.1313343,1.2,12.748678
125033,2021-05-22,SE94/5,18.974,7.1313343,1.2,12.748678
125034,2021-05-22,SN00/11,9.0839,7.1313343,1.2,12.748678
125035,2021-05-22,SK00/41,130.686,7.1313343,1.2,12.748678
125036,2021-05-22,SJ62/235,55.056,7.1313343,1.2,12.748678
125037,2021-05-22,SU81/1,46.927,7.1313343,1.2,12.748678
125038,2021-05-22,TF03/37,16.373,7.1313343,1.2,12.748678
125039,2021-05-23,NH95/17,29.68,7.908418,15.499999,17.275232
125040,2021-05-23,TL33/67,86.36,7.908418,15.499999,17.275232
125041,2021-05-23,SU01/5B,81.3,7.908418,15.499999,17.275232
125042,2021-05-23,NY63/2,131.28,7.908418,15.499999,17.275232
125043,2021-05-23,SE95/6,21.44,7.908418,15.499999,17.275232
125044,2021-05-23,SU17/57,134.73,7.908418,15.499999,17.275232
125045,2021-05-23,ID30/1,114.36,7.908418,15.499999,17.275232
125046,2021-05-23,NO20/14,37.22,7.908418,15.499999,17.275232
125047,2021-05-23,TL33/4,86.88,7.908418,15.499999,17.275232
125048,2021-05-23,SJ15/13,80.70026,7.908418,15.499999,17.275232
125049,2021-05-23,SU71/23,39.629,7.908418,15.499999,17.275232
125050,2021-05-23,SJ62/235,55.077,7.908418,15.499999,17.275232
125051,2021-05-23,SN00/11,9.148,7.908418,15.499999,17.275232
125052,2021-05-23,TR14/9,79.479,7.908418,15.499999,17.275232
125053,2021-05-23,SK00/41,130.679,7.908418,15.499999,17.275232
125054,2021-05-23,TF03/37,16.388,7.908418,15.499999,17.275232
125055,2021-05-23,TF81/2A,48.255,7.908418,15.499999,17.275232
125056,2021-05-23,SU81/1,46.777,7.908418,15.499999,17.275232
125057,2021-05-23,SY68/34,67.486,7.908418,15.499999,17.275232
125058,2021-05-23,ST07/10,70.4428,7.908418,15.499999,17.275232
125059,2021-05-23,SE94/5,18.945,7.908418,15.499999,17.275232
125060,2021-05-24,NH95/17,29.71,9.043834,2.8,12.603028
125061,2021-05-24,SJ15/13,80.73259,9.043834,2.8,12.603028
125062,2021-05-24,NY63/2,131.34,9.043834,2.8,12.603028
125063,2021-05-24,SU01/5B,81.2,9.043834,2.8,12.603028
125064,2021-05-24,ID30/1,114.34,9.043834,2.8,12.603028
125065,2021-05-24,SU17/57,134.58,9.043834,2.8,12.603028
125066,2021-05-24,SE95/6,21.43,9.043834,2.8,12.603028
125067,2021-05-24,TL33/67,86.25,9.043834,2.8,12.603028
125068,2021-05-24,NO20/14,37.28,9.043834,2.8,12.603028
125069,2021-05-24,TL33/4,86.83,9.043834,2.8,12.603028
125070,2021-05-24,SK00/41,130.677,9.043834,2.8,12.603028
125071,2021-05-24,ST07/10,70.4814,9.043834,2.8,12.603028
125072,2021-05-24,SE94/5,18.896,9.043834,2.8,12.603028
125073,2021-05-24,SY68/34,67.462,9.043834,2.8,12.603028
125074,2021-05-24,TF03/37,16.331,9.043834,2.8,12.603028
125075,2021-05-24,SJ62/235,55.058,9.043834,2.8,12.603028
125076,2021-05-24,SU81/1,46.624,9.043834,2.8,12.603028
125077,2021-05-24,TF81/2A,48.21,9.043834,2.8,12.603028
125078,2021-05-24,SN00/11,9.1991,9.043834,2.8,12.603028
125079,2021-05-24,TR14/9,79.332,9.043834,2.8,12.603028
125080,2021-05-24,SU71/23,39.493,9.043834,2.8,12.603028
125081,2021-05-25,TL33/4,86.79,9.545917,6.6,13.156876
125082,2021-05-25,SP00/62,102.482,9.545917,6.6,13.156876
125083,2021-05-25,NO20/14,37.31,9.545917,6.6,13.156876
125084,2021-05-25,TL33/67,86.18,9.545917,6.6,13.156876
125085,2021-05-25,TQ25/86,97.93,9.545917,6.6,13.156876
125086,2021-05-25,NH95/17,29.74,9.545917,6.6,13.156876
125087,2021-05-25,SU17/57,134.63,9.545917,6.6,13.156876
125088,2021-05-25,SE95/6,21.38,9.545917,6.6,13.156876
125089,2021-05-25,SJ15/13,80.70456,9.545917,6.6,13.156876
125090,2021-05-25,SU01/5B,81.1,9.545917,6.6,13.156876
125091,2021-05-25,NY63/2,131.28,9.545917,6.6,13.156876
125092,2021-05-25,ID30/1,114.28,9.545917,6.6,13.156876
125093,2021-05-25,TR14/9,79.193,9.545917,6.6,13.156876
125094,2021-05-25,TF81/2A,48.169,9.545917,6.6,13.156876
125095,2021-05-25,TF03/37,16.275,9.545917,6.6,13.156876
125096,2021-05-25,SE94/5,18.854,9.545917,6.6,13.156876
125097,2021-05-25,SU81/1,46.468,9.545917,6.6,13.156876
125098,2021-05-25,SY68/34,67.441,9.545917,6.6,13.156876
125099,2021-05-25,SN00/11,9.2356,9.545917,6.6,13.156876
125100,2021-05-25,ST07/10,70.2993,9.545917,6.6,13.156876
125101,2021-05-25,SJ62/235,55.056,9.545917,6.6,13.156876
125102,2021-05-25,SK00/41,130.654,9.545917,6.6,13.156876
125103,2021-05-25,SU71/23,39.353,9.545917,6.6,13.156876
125104,2021-05-26,SJ15/13,80.69296,9.700085,7.8999987,10.574725
125105,2021-05-26,TL33/67,86.11,9.700085,7.8999987,10.574725
125106,2021-05-26,NY63/2,131.24,9.700085,7.8999987,10.574725
125107,2021-05-26,SU17/57,134.59,9.700085,7.8999987,10.574725
125108,2021-05-26,NH95/17,29.77,9.700085,7.8999987,10.574725
125109,2021-05-26,ID30/1,114.38,9.700085,7.8999987,10.574725
125110,2021-05-26,SU01/5B,81.0,9.700085,7.8999987,10.574725
125111,2021-05-26,TL33/4,86.74,9.700085,7.8999987,10.574725
125112,2021-05-26,NO20/14,37.32,9.700085,7.8999987,10.574725
125113,2021-05-26,SE95/6,21.35,9.700085,7.8999987,10.574725
125114,2021-05-26,TF03/37,16.244,9.700085,7.8999987,10.574725
125115,2021-05-26,SE94/5,18.828,9.700085,7.8999987,10.574725
125116,2021-05-26,SK00/41,130.639,9.700085,7.8999987,10.574725
125117,2021-05-26,TR14/9,79.05,9.700085,7.8999987,10.574725
125118,2021-05-26,SJ62/235,55.055,9.700085,7.8999987,10.574725
125119,2021-05-26,SU71/23,39.216,9.700085,7.8999987,10.574725
125120,2021-05-26,SN00/11,9.2718,9.700085,7.8999987,10.574725
125121,2021-05-26,SU81/1,46.309,9.700085,7.8999987,10.574725
125122,2021-05-26,SY68/34,67.425,9.700085,7.8999987,10.574725
125123,2021-05-26,TF81/2A,48.125,9.700085,7.8999987,10.574725
125124,2021-05-26,ST07/10,69.8674,9.700085,7.8999987,10.574725
125125,2021-05-27,NH95/17,29.77,11.706334,0.1,5.307476
125126,2021-05-27,NO20/14,37.32,11.706334,0.1,5.307476
125127,2021-05-27,NY63/2,131.24,11.706334,0.1,5.307476
125128,2021-05-27,SU01/5B,80.91,11.706334,0.1,5.307476
125129,2021-05-27,SJ15/13,80.66941,11.706334,0.1,5.307476
125130,2021-05-27,TL33/67,86.04,11.706334,0.1,5.307476
125131,2021-05-27,ID30/1,114.38,11.706334,0.1,5.307476
125132,2021-05-27,TL33/4,86.69,11.706334,0.1,5.307476
125133,2021-05-27,SE95/6,21.32,11.706334,0.1,5.307476
125134,2021-05-27,SU17/57,134.58,11.706334,0.1,5.307476
125135,2021-05-27,SU81/1,46.145,11.706334,0.1,5.307476
125136,2021-05-27,TF03/37,16.202,11.706334,0.1,5.307476
125137,2021-05-27,SU71/23,39.078,11.706334,0.1,5.307476
125138,2021-05-27,SY68/34,67.414,11.706334,0.1,5.307476
125139,2021-05-27,TF81/2A,48.088,11.706334,0.1,5.307476
125140,2021-05-27,SE94/5,18.784,11.706334,0.1,5.307476
125141,2021-05-27,SJ62/235,55.049,11.706334,0.1,5.307476
125142,2021-05-27,SK00/41,130.623,11.706334,0.1,5.307476
125143,2021-05-27,ST07/10,69.3136,11.706334,0.1,5.307476
125144,2021-05-27,SN00/11,9.2979,11.706334,0.1,5.307476
125145,2021-05-27,TR14/9,78.907,11.706334,0.1,5.307476
125146,2021-05-28,NY63/2,131.22,12.418832,0.0,5.135987
125147,2021-05-28,NH95/17,29.76,12.418832,0.0,5.135987
125148,2021-05-28,SJ15/13,80.64474,12.418832,0.0,5.135987
125149,2021-05-28,SE95/6,21.3,12.418832,0.0,5.135987
125150,2021-05-28,ID30/1,114.34,12.418832,0.0,5.135987
125151,2021-05-28,TL33/67,85.98,12.418832,0.0,5.135987
125152,2021-05-28,NO20/14,37.31,12.418832,0.0,5.135987
125153,2021-05-28,TL33/4,86.64,12.418832,0.0,5.135987
125154,2021-05-28,SU17/57,134.57,12.418832,0.0,5.135987
125155,2021-05-28,SU01/5B,80.83,12.418832,0.0,5.135987
125156,2021-05-28,SK00/41,130.612,12.418832,0.0,5.135987
125157,2021-05-28,SU71/23,38.946,12.418832,0.0,5.135987
125158,2021-05-28,TF03/37,16.131,12.418832,0.0,5.135987
125159,2021-05-28,ST07/10,68.7063,12.418832,0.0,5.135987
125160,2021-05-28,SJ62/235,55.044,12.418832,0.0,5.135987
125161,2021-05-28,TF81/2A,48.049,12.418832,0.0,5.135987
125162,2021-05-28,SU81/1,45.994,12.418832,0.0,5.135987
125163,2021-05-28,SY68/34,67.404,12.418832,0.0,5.135987
125164,2021-05-28,SN00/11,9.3355,12.418832,0.0,5.135987
125165,2021-05-28,TR14/9,78.77,12.418832,0.0,5.135987
125166,2021-05-28,SE94/5,18.734,12.418832,0.0,5.135987
125167,2021-05-29,SE95/6,21.28,14.850083,0.4,6.849129
125168,2021-05-29,SU01/5B,80.77,14.850083,0.4,6.849129
125169,2021-05-29,NH95/17,29.75,14.850083,0.4,6.849129
125170,2021-05-29,NY63/2,131.2,14.850083,0.4,6.849129
125171,2021-05-29,TL33/67,85.91,14.850083,0.4,6.849129
125172,2021-05-29,ID30/1,114.3,14.850083,0.4,6.849129
125173,2021-05-29,NO20/14,37.29,14.850083,0.4,6.849129
125174,2021-05-29,TL33/4,86.59,14.850083,0.4,6.849129
125175,2021-05-29,SU17/57,134.54,14.850083,0.4,6.849129
125176,2021-05-29,SJ15/13,80.62726,14.850083,0.4,6.849129
125177,2021-05-29,SU71/23,38.813,14.850083,0.4,6.849129
125178,2021-05-29,SU81/1,45.844,14.850083,0.4,6.849129
125179,2021-05-29,SN00/11,9.3462,14.850083,0.4,6.849129
125180,2021-05-29,TR14/9,78.618,14.850083,0.4,6.849129
125181,2021-05-29,SY68/34,67.393,14.850083,0.4,6.849129
125182,2021-05-29,SK00/41,130.6,14.850083,0.4,6.849129
125183,2021-05-29,SE94/5,18.662,14.850083,0.4,6.849129
125184,2021-05-29,TF81/2A,48.019,14.850083,0.4,6.849129
125185,2021-05-29,TF03/37,16.08,14.850083,0.4,6.849129
125186,2021-05-29,SJ62/235,55.034,14.850083,0.4,6.849129
125187,2021-05-29,ST07/10,68.0018,14.850083,0.4,6.849129
125188,2021-05-30,TL33/67,85.89,15.606335,0.0,8.978559
125189,2021-05-30,TL33/4,86.53,15.606335,0.0,8.978559
125190,2021-05-30,SE95/6,21.27,15.606335,0.0,8.978559
125191,2021-05-30,ID30/1,114.25,15.606335,0.0,8.978559
125192,2021-05-30,SU17/57,134.54,15.606335,0.0,8.978559
125193,2021-05-30,NO20/14,37.3,15.606335,0.0,8.978559
125194,2021-05-30,NH95/17,29.74,15.606335,0.0,8.978559
125195,2021-05-30,SU01/5B,80.72,15.606335,0.0,8.978559
125196,2021-05-30,SJ15/13,80.60459,15.606335,0.0,8.978559
125197,2021-05-30,NY63/2,131.19,15.606335,0.0,8.978559
125198,2021-05-30,SN00/11,9.3545,15.606335,0.0,8.978559
125199,2021-05-30,ST07/10,67.2881,15.606335,0.0,8.978559
125200,2021-05-30,SU71/23,38.688,15.606335,0.0,8.978559
125201,2021-05-30,SU81/1,45.705,15.606335,0.0,8.978559
125202,2021-05-30,SJ62/235,55.041,15.606335,0.0,8.978559
125203,2021-05-30,TF81/2A,48.005,15.606335,0.0,8.978559
125204,2021-05-30,SK00/41,130.595,15.606335,0.0,8.978559
125205,2021-05-30,SE94/5,18.63,15.606335,0.0,8.978559
125206,2021-05-30,SY68/34,67.381,15.606335,0.0,8.978559
125207,2021-05-30,TF03/37,16.071,15.606335,0.0,8.978559
125208,2021-05-30,TR14/9,78.486,15.606335,0.0,8.978559
125209,2021-05-31,NO20/14,37.31,14.612584,0.0,13.788707
125210,2021-05-31,SJ15/13,80.61437,14.612584,0.0,13.788707
125211,2021-05-31,SU01/5B,80.69,14.612584,0.0,13.788707
125212,2021-05-31,NY63/2,131.21,14.612584,0.0,13.788707
125213,2021-05-31,TL33/67,85.88,14.612584,0.0,13.788707
125214,2021-05-31,SU17/57,134.46,14.612584,0.0,13.788707
125215,2021-05-31,ID30/1,114.2,14.612584,0.0,13.788707
125216,2021-05-31,SE95/6,21.25,14.612584,0.0,13.788707
125217,2021-05-31,TL33/4,86.49,14.612584,0.0,13.788707
125218,2021-05-31,NH95/17,29.75,14.612584,0.0,13.788707
125219,2021-05-31,SU81/1,45.63,14.612584,0.0,13.788707
125220,2021-05-31,SY68/34,67.371,14.612584,0.0,13.788707
125221,2021-05-31,SN00/11,9.358,14.612584,0.0,13.788707
125222,2021-05-31,SE94/5,18.57,14.612584,0.0,13.788707
125223,2021-05-31,TF03/37,16.069,14.612584,0.0,13.788707
125224,2021-05-31,SU71/23,38.575,14.612584,0.0,13.788707
125225,2021-05-31,ST07/10,66.6225,14.612584,0.0,13.788707
125226,2021-05-31,TF81/2A,47.964,14.612584,0.0,13.788707
125227,2021-05-31,SJ62/235,55.052,14.612584,0.0,13.788707
125228,2021-05-31,TR14/9,78.352,14.612584,0.0,13.788707
125229,2021-05-31,SK00/41,130.605,14.612584,0.0,13.788707
125230,2021-06-01,TL44/12,44.484,16.9605,0.0,12.276081
125231,2021-06-01,SU17/57,134.36,16.9605,0.0,12.276081
125232,2021-06-01,TQ25/86,97.883,16.9605,0.0,12.276081
125233,2021-06-01,ID30/1,114.15,16.9605,0.0,12.276081
125234,2021-06-01,SU01/5B,80.68,16.9605,0.0,12.276081
125235,2021-06-01,NO20/14,37.3,16.9605,0.0,12.276081
125236,2021-06-01,SP00/62,102.697,16.9605,0.0,12.276081
125237,2021-06-01,SJ15/13,80.62837,16.9605,0.0,12.276081
125238,2021-06-01,TL33/67,85.83,16.9605,0.0,12.276081
125239,2021-06-01,NH95/17,29.74,16.9605,0.0,12.276081
125240,2021-06-01,SE95/6,21.25,16.9605,0.0,12.276081
125241,2021-06-01,NY63/2,131.23,16.9605,0.0,12.276081
125242,2021-06-01,TL33/4,86.44,16.9605,0.0,12.276081
125243,2021-06-01,ST07/10,65.9833,16.9605,0.0,12.276081
125244,2021-06-01,SU81/1,45.446,16.9605,0.0,12.276081
125245,2021-06-01,TR14/9,78.228,16.9605,0.0,12.276081
125246,2021-06-01,SN00/11,9.3495,16.9605,0.0,12.276081
125247,2021-06-01,SY68/34,67.363,16.9605,0.0,12.276081
125248,2021-06-01,TF81/2A,47.93,16.9605,0.0,12.276081
125249,2021-06-01,SJ62/235,55.054,16.9605,0.0,12.276081
125250,2021-06-01,SE94/5,18.539,16.9605,0.0,12.276081
125251,2021-06-01,TF03/37,16.062,16.9605,0.0,12.276081
125252,2021-06-01,SU71/23,38.454,16.9605,0.0,12.276081
125253,2021-06-01,SK00/41,130.62,16.9605,0.0,12.276081
125254,2021-06-01,TA10/63,17.905,16.9605,0.0,12.276081
125255,2021-06-02,SU01/5B,80.67,17.254251,0.0,14.099204
125256,2021-06-02,NH95/17,29.73,17.254251,0.0,14.099204
125257,2021-06-02,TL33/67,85.76,17.254251,0.0,14.099204
125258,2021-06-02,NY63/2,131.22,17.254251,0.0,14.099204
125259,2021-06-02,NO20/14,37.27,17.254251,0.0,14.099204
125260,2021-06-02,TL44/12,44.431,17.254251,0.0,14.099204
125261,2021-06-02,SJ15/13,80.62744,17.254251,0.0,14.099204
125262,2021-06-02,SU17/57,134.28,17.254251,0.0,14.099204
125263,2021-06-02,TL33/4,86.39,17.254251,0.0,14.099204
125264,2021-06-02,SE95/6,21.24,17.254251,0.0,14.099204
125265,2021-06-02,ID30/1,114.1,17.254251,0.0,14.099204
125266,2021-06-02,SJ62/235,55.046,17.254251,0.0,14.099204
125267,2021-06-02,TA10/63,17.87,17.254251,0.0,14.099204
125268,2021-06-02,SE94/5,18.493,17.254251,0.0,14.099204
125269,2021-06-02,TQ25/86,97.848,17.254251,0.0,14.099204
125270,2021-06-02,ST07/10,65.328,17.254251,0.0,14.099204
125271,2021-06-02,SK00/41,130.628,17.254251,0.0,14.099204
125272,2021-06-02,SY68/34,67.355,17.254251,0.0,14.099204
125273,2021-06-02,SN00/11,9.3343,17.254251,0.0,14.099204
125274,2021-06-02,TF03/37,16.045,17.254251,0.0,14.099204
125275,2021-06-02,TF81/2A,47.893,17.254251,0.0,14.099204
125276,2021-06-02,SP00/62,102.645,17.254251,0.0,14.099204
125277,2021-06-02,SU71/23,38.331,17.254251,0.0,14.099204
125278,2021-06-02,SU81/1,45.314,17.254251,0.0,14.099204
125279,2021-06-02,TR14/9,78.106,17.254251,0.0,14.099204
125280,2021-06-03,TL44/12,44.37,15.368832,3.4000003,9.508371
125281,2021-06-03,SJ15/13,80.61493,15.368832,3.4000003,9.508371
125282,2021-06-03,SU17/57,134.27,15.368832,3.4000003,9.508371
125283,2021-06-03,TL33/67,85.66,15.368832,3.4000003,9.508371
125284,2021-06-03,TL33/4,86.34,15.368832,3.4000003,9.508371
125285,2021-06-03,ID30/1,114.06,15.368832,3.4000003,9.508371
125286,2021-06-03,SU01/5B,80.65,15.368832,3.4000003,9.508371
125287,2021-06-03,SE95/6,21.24,15.368832,3.4000003,9.508371
125288,2021-06-03,NY63/2,131.2,15.368832,3.4000003,9.508371
125289,2021-06-03,NH95/17,29.71,15.368832,3.4000003,9.508371
125290,2021-06-03,NO20/14,37.26,15.368832,3.4000003,9.508371
125291,2021-06-03,SU81/1,45.18,15.368832,3.4000003,9.508371
125292,2021-06-03,TF81/2A,47.857,15.368832,3.4000003,9.508371
125293,2021-06-03,SE94/5,18.444,15.368832,3.4000003,9.508371
125294,2021-06-03,SP00/62,102.61,15.368832,3.4000003,9.508371
125295,2021-06-03,SU71/23,38.2,15.368832,3.4000003,9.508371
125296,2021-06-03,TQ25/86,97.821,15.368832,3.4000003,9.508371
125297,2021-06-03,SY68/34,67.349,15.368832,3.4000003,9.508371
125298,2021-06-03,TA10/63,17.832,15.368832,3.4000003,9.508371
125299,2021-06-03,TF03/37,15.94,15.368832,3.4000003,9.508371
125300,2021-06-03,SJ62/235,55.023,15.368832,3.4000003,9.508371
125301,2021-06-03,SK00/41,130.62,15.368832,3.4000003,9.508371
125302,2021-06-03,ST07/10,64.7252,15.368832,3.4000003,9.508371
125303,2021-06-03,TR14/9,77.977,15.368832,3.4000003,9.508371
125304,2021-06-03,SN00/11,9.3029,15.368832,3.4000003,9.508371
125305,2021-06-04,TL33/67,85.6,13.095917,0.0,9.8916235
125306,2021-06-04,TL44/12,44.308,13.095917,0.0,9.8916235
125307,2021-06-04,NY63/2,131.18,13.095917,0.0,9.8916235
125308,2021-06-04,SU01/5B,80.62,13.095917,0.0,9.8916235
125309,2021-06-04,SE95/6,21.23,13.095917,0.0,9.8916235
125310,2021-06-04,NH95/17,29.69,13.095917,0.0,9.8916235
125311,2021-06-04,SU17/57,134.32,13.095917,0.0,9.8916235
125312,2021-06-04,SJ15/13,80.57515,13.095917,0.0,9.8916235
125313,2021-06-04,TL33/4,86.29,13.095917,0.0,9.8916235
125314,2021-06-04,NO20/14,37.23,13.095917,0.0,9.8916235
125315,2021-06-04,ID30/1,114.02,13.095917,0.0,9.8916235
125316,2021-06-04,TR14/9,77.845,13.095917,0.0,9.8916235
125317,2021-06-04,TF81/2A,47.824,13.095917,0.0,9.8916235
125318,2021-06-04,SP00/62,102.578,13.095917,0.0,9.8916235
125319,2021-06-04,SJ62/235,55.014,13.095917,0.0,9.8916235
125320,2021-06-04,SU71/23,38.066,13.095917,0.0,9.8916235
125321,2021-06-04,TA10/63,17.796,13.095917,0.0,9.8916235
125322,2021-06-04,TQ25/86,97.793,13.095917,0.0,9.8916235
125323,2021-06-04,SE94/5,18.391,13.095917,0.0,9.8916235
125324,2021-06-04,SK00/41,130.607,13.095917,0.0,9.8916235
125325,2021-06-04,SY68/34,67.344,13.095917,0.0,9.8916235
125326,2021-06-04,ST07/10,64.1406,13.095917,0.0,9.8916235
125327,2021-06-04,TF03/37,15.838,13.095917,0.0,9.8916235
125328,2021-06-04,SU81/1,45.06,13.095917,0.0,9.8916235
125329,2021-06-04,SN00/11,9.2749,13.095917,0.0,9.8916235
125330,2021-06-05,TL33/4,86.24,14.277164,0.2,8.8633585
125331,2021-06-05,TL33/67,85.55,14.277164,0.2,8.8633585
125332,2021-06-05,TL44/12,44.25,14.277164,0.2,8.8633585
125333,2021-06-05,NO20/14,37.22,14.277164,0.2,8.8633585
125334,2021-06-05,SU17/57,134.32,14.277164,0.2,8.8633585
125335,2021-06-05,SJ15/13,80.557,14.277164,0.2,8.8633585
125336,2021-06-05,NY63/2,131.15,14.277164,0.2,8.8633585
125337,2021-06-05,NH95/17,29.67,14.277164,0.2,8.8633585
125338,2021-06-05,ID30/1,113.98,14.277164,0.2,8.8633585
125339,2021-06-05,SE95/6,21.21,14.277164,0.2,8.8633585
125340,2021-06-05,SU01/5B,80.58,14.277164,0.2,8.8633585
125341,2021-06-05,TQ25/86,97.77,14.277164,0.2,8.8633585
125342,2021-06-05,SY68/34,67.34,14.277164,0.2,8.8633585
125343,2021-06-05,TR14/9,77.714,14.277164,0.2,8.8633585
125344,2021-06-05,SK00/41,130.6,14.277164,0.2,8.8633585
125345,2021-06-05,SU81/1,44.949,14.277164,0.2,8.8633585
125346,2021-06-05,SJ62/235,55.01,14.277164,0.2,8.8633585
125347,2021-06-05,TA10/63,17.763,14.277164,0.2,8.8633585
125348,2021-06-05,SU71/23,37.956,14.277164,0.2,8.8633585
125349,2021-06-05,SE94/5,18.324,14.277164,0.2,8.8633585
125350,2021-06-05,SP00/62,102.542,14.277164,0.2,8.8633585
125351,2021-06-05,TF81/2A,47.793,14.277164,0.2,8.8633585
125352,2021-06-05,SN00/11,9.2501,14.277164,0.2,8.8633585
125353,2021-06-05,ST07/10,63.627,14.277164,0.2,8.8633585
125354,2021-06-05,TF03/37,15.779,14.277164,0.2,8.8633585
125355,2021-06-06,SE95/6,21.19,14.3584175,0.1,6.660255
125356,2021-06-06,ID30/1,113.96,14.3584175,0.1,6.660255
125357,2021-06-06,SJ15/13,80.5463,14.3584175,0.1,6.660255
125358,2021-06-06,TL33/4,86.19,14.3584175,0.1,6.660255
125359,2021-06-06,NH95/17,29.66,14.3584175,0.1,6.660255
125360,2021-06-06,TL33/67,85.5,14.3584175,0.1,6.660255
125361,2021-06-06,TL44/12,44.195,14.3584175,0.1,6.660255
125362,2021-06-06,NY63/2,131.15,14.3584175,0.1,6.660255
125363,2021-06-06,SU01/5B,80.53,14.3584175,0.1,6.660255
125364,2021-06-06,SU17/57,134.31,14.3584175,0.1,6.660255
125365,2021-06-06,NO20/14,37.21,14.3584175,0.1,6.660255
125366,2021-06-06,TF81/2A,47.763,14.3584175,0.1,6.660255
125367,2021-06-06,SN00/11,9.2228,14.3584175,0.1,6.660255
125368,2021-06-06,TR14/9,77.579,14.3584175,0.1,6.660255
125369,2021-06-06,SK00/41,130.596,14.3584175,0.1,6.660255
125370,2021-06-06,SP00/62,102.507,14.3584175,0.1,6.660255
125371,2021-06-06,SU71/23,37.839,14.3584175,0.1,6.660255
125372,2021-06-06,TA10/63,17.731,14.3584175,0.1,6.660255
125373,2021-06-06,ST07/10,63.1415,14.3584175,0.1,6.660255
125374,2021-06-06,TQ25/86,97.744,14.3584175,0.1,6.660255
125375,2021-06-06,SJ62/235,55.008,14.3584175,0.1,6.660255
125376,2021-06-06,SE94/5,18.296,14.3584175,0.1,6.660255
125377,2021-06-06,TF03/37,15.725,14.3584175,0.1,6.660255
125378,2021-06-06,SU81/1,44.835,14.3584175,0.1,6.660255
125379,2021-06-06,SY68/34,67.338,14.3584175,0.1,6.660255
125380,2021-06-07,NY63/2,131.14,14.606335,0.5,10.257265
125381,2021-06-07,TL44/12,44.141,14.606335,0.5,10.257265
125382,2021-06-07,SU01/5B,80.47,14.606335,0.5,10.257265
125383,2021-06-07,TL33/67,85.46,14.606335,0.5,10.257265
125384,2021-06-07,SE95/6,21.18,14.606335,0.5,10.257265
125385,2021-06-07,TL33/4,86.13,14.606335,0.5,10.257265
125386,2021-06-07,SU17/57,134.29,14.606335,0.5,10.257265
125387,2021-06-07,NH95/17,29.64,14.606335,0.5,10.257265
125388,2021-06-07,SJ15/13,80.5453,14.606335,0.5,10.257265
125389,2021-06-07,NO20/14,37.2,14.606335,0.5,10.257265
125390,2021-06-07,ID30/1,113.93,14.606335,0.5,10.257265
125391,2021-06-07,SN00/11,9.1892,14.606335,0.5,10.257265
125392,2021-06-07,TF03/37,15.682,14.606335,0.5,10.257265
125393,2021-06-07,TF81/2A,47.733,14.606335,0.5,10.257265
125394,2021-06-07,SY68/34,67.334,14.606335,0.5,10.257265
125395,2021-06-07,SE94/5,18.254,14.606335,0.5,10.257265
125396,2021-06-07,SU71/23,37.722,14.606335,0.5,10.257265
125397,2021-06-07,SP00/62,102.47,14.606335,0.5,10.257265
125398,2021-06-07,TR14/9,77.441,14.606335,0.5,10.257265
125399,2021-06-07,TA10/63,17.701,14.606335,0.5,10.257265
125400,2021-06-07,SJ62/235,55.006,14.606335,0.5,10.257265
125401,2021-06-07,SK00/41,130.595,14.606335,0.5,10.257265
125402,2021-06-07,SU81/1,44.724,14.606335,0.5,10.257265
125403,2021-06-07,ST07/10,62.6457,14.606335,0.5,10.257265
125404,2021-06-07,TQ25/86,97.721,14.606335,0.5,10.257265
125405,2021-06-08,SU01/5B,80.4,14.216747,0.0,12.237706
125406,2021-06-08,TL33/4,86.08,14.216747,0.0,12.237706
125407,2021-06-08,NH95/17,29.6,14.216747,0.0,12.237706
125408,2021-06-08,SJ15/13,80.54058,14.216747,0.0,12.237706
125409,2021-06-08,NY63/2,131.13,14.216747,0.0,12.237706
125410,2021-06-08,TL33/67,85.41,14.216747,0.0,12.237706
125411,2021-06-08,ID30/1,113.9,14.216747,0.0,12.237706
125412,2021-06-08,SU17/57,134.28,14.216747,0.0,12.237706
125413,2021-06-08,SE95/6,21.18,14.216747,0.0,12.237706
125414,2021-06-08,TL44/12,44.084,14.216747,0.0,12.237706
125415,2021-06-08,NO20/14,37.11,14.216747,0.0,12.237706
125416,2021-06-08,TF81/2A,47.703,14.216747,0.0,12.237706
125417,2021-06-08,SK00/41,130.595,14.216747,0.0,12.237706
125418,2021-06-08,TQ25/86,97.7,14.216747,0.0,12.237706
125419,2021-06-08,SJ62/235,55.003,14.216747,0.0,12.237706
125420,2021-06-08,ST07/10,62.2562,14.216747,0.0,12.237706
125421,2021-06-08,TF03/37,15.639,14.216747,0.0,12.237706
125422,2021-06-08,TR14/9,77.311,14.216747,0.0,12.237706
125423,2021-06-08,SP00/62,102.429,14.216747,0.0,12.237706
125424,2021-06-08,SU71/23,37.608,14.216747,0.0,12.237706
125425,2021-06-08,SE94/5,18.212,14.216747,0.0,12.237706
125426,2021-06-08,SN00/11,9.1523,14.216747,0.0,12.237706
125427,2021-06-08,TA10/63,17.671,14.216747,0.0,12.237706
125428,2021-06-08,SY68/34,67.331,14.216747,0.0,12.237706
125429,2021-06-08,SU81/1,44.615,14.216747,0.0,12.237706
125430,2021-06-09,SE95/6,21.16,15.681332,0.3,16.430607
125431,2021-06-09,SU01/5B,80.33,15.681332,0.3,16.430607
125432,2021-06-09,TL33/67,85.36,15.681332,0.3,16.430607
125433,2021-06-09,TL44/12,44.023,15.681332,0.3,16.430607
125434,2021-06-09,ID30/1,113.87,15.681332,0.3,16.430607
125435,2021-06-09,NO20/14,37.0,15.681332,0.3,16.430607
125436,2021-06-09,TL33/4,86.03,15.681332,0.3,16.430607
125437,2021-06-09,SU17/57,134.26,15.681332,0.3,16.430607
125438,2021-06-09,SJ15/13,80.54116,15.681332,0.3,16.430607
125439,2021-06-09,NH95/17,29.6,15.681332,0.3,16.430607
125440,2021-06-09,NY63/2,131.13,15.681332,0.3,16.430607
125441,2021-06-09,TR14/9,77.183,15.681332,0.3,16.430607
125442,2021-06-09,TF03/37,15.579,15.681332,0.3,16.430607
125443,2021-06-09,TQ25/86,97.675,15.681332,0.3,16.430607
125444,2021-06-09,SJ62/235,55.0,15.681332,0.3,16.430607
125445,2021-06-09,SK00/41,130.596,15.681332,0.3,16.430607
125446,2021-06-09,SU81/1,44.506,15.681332,0.3,16.430607
125447,2021-06-09,TA10/63,17.642,15.681332,0.3,16.430607
125448,2021-06-09,SP00/62,102.385,15.681332,0.3,16.430607
125449,2021-06-09,TF81/2A,47.674,15.681332,0.3,16.430607
125450,2021-06-09,ST07/10,61.8759,15.681332,0.3,16.430607
125451,2021-06-09,SU71/23,37.495,15.681332,0.3,16.430607
125452,2021-06-09,SY68/34,67.329,15.681332,0.3,16.430607
125453,2021-06-09,SN00/11,9.1196,15.681332,0.3,16.430607
125454,2021-06-09,SE94/5,18.165,15.681332,0.3,16.430607
125455,2021-06-10,SJ15/13,80.54444,16.237581,0.9000001,18.879986
125456,2021-06-10,TL33/4,85.98,16.237581,0.9000001,18.879986
125457,2021-06-10,NY63/2,131.14,16.237581,0.9000001,18.879986
125458,2021-06-10,NO20/14,36.98,16.237581,0.9000001,18.879986
125459,2021-06-10,SU17/57,134.24,16.237581,0.9000001,18.879986
125460,2021-06-10,SE95/6,21.16,16.237581,0.9000001,18.879986
125461,2021-06-10,TL33/67,85.31,16.237581,0.9000001,18.879986
125462,2021-06-10,NH95/17,29.6,16.237581,0.9000001,18.879986
125463,2021-06-10,TL44/12,43.964,16.237581,0.9000001,18.879986
125464,2021-06-10,SU01/5B,80.25,16.237581,0.9000001,18.879986
125465,2021-06-10,ID30/1,113.85,16.237581,0.9000001,18.879986
125466,2021-06-10,SJ62/235,54.997,16.237581,0.9000001,18.879986
125467,2021-06-10,TF03/37,15.502,16.237581,0.9000001,18.879986
125468,2021-06-10,SY68/34,67.327,16.237581,0.9000001,18.879986
125469,2021-06-10,ST07/10,61.4817,16.237581,0.9000001,18.879986
125470,2021-06-10,TQ25/86,97.652,16.237581,0.9000001,18.879986
125471,2021-06-10,SE94/5,18.127,16.237581,0.9000001,18.879986
125472,2021-06-10,SP00/62,102.331,16.237581,0.9000001,18.879986
125473,2021-06-10,TA10/63,17.614,16.237581,0.9000001,18.879986
125474,2021-06-10,TF81/2A,47.642,16.237581,0.9000001,18.879986
125475,2021-06-10,SU71/23,37.381,16.237581,0.9000001,18.879986
125476,2021-06-10,SU81/1,44.403,16.237581,0.9000001,18.879986
125477,2021-06-10,SN00/11,9.0872,16.237581,0.9000001,18.879986
125478,2021-06-10,TR14/9,77.058,16.237581,0.9000001,18.879986
125479,2021-06-10,SK00/41,130.598,16.237581,0.9000001,18.879986
125480,2021-06-11,SJ15/13,80.5457,15.516749,0.8,16.980627
125481,2021-06-11,SU01/5B,80.17,15.516749,0.8,16.980627
125482,2021-06-11,TL44/12,43.905,15.516749,0.8,16.980627
125483,2021-06-11,ID30/1,113.81,15.516749,0.8,16.980627
125484,2021-06-11,NO20/14,37.1,15.516749,0.8,16.980627
125485,2021-06-11,NH95/17,29.58,15.516749,0.8,16.980627
125486,2021-06-11,TL33/67,85.25,15.516749,0.8,16.980627
125487,2021-06-11,NY63/2,131.14,15.516749,0.8,16.980627
125488,2021-06-11,TL33/4,85.92,15.516749,0.8,16.980627
125489,2021-06-11,SU17/57,134.22,15.516749,0.8,16.980627
125490,2021-06-11,SU71/23,37.268,15.516749,0.8,16.980627
125491,2021-06-11,SJ62/235,54.985,15.516749,0.8,16.980627
125492,2021-06-11,TA10/63,17.581,15.516749,0.8,16.980627
125493,2021-06-11,SY68/34,67.324,15.516749,0.8,16.980627
125494,2021-06-11,ST07/10,61.0914,15.516749,0.8,16.980627
125495,2021-06-11,SP00/62,102.274,15.516749,0.8,16.980627
125496,2021-06-11,TF81/2A,47.604,15.516749,0.8,16.980627
125497,2021-06-11,SN00/11,9.0497,15.516749,0.8,16.980627
125498,2021-06-11,TQ25/86,97.623,15.516749,0.8,16.980627
125499,2021-06-11,TR14/9,76.946,15.516749,0.8,16.980627
125500,2021-06-11,SE94/5,18.077,15.516749,0.8,16.980627
125501,2021-06-11,SK00/41,130.599,15.516749,0.8,16.980627
125502,2021-06-11,TF03/37,15.434,15.516749,0.8,16.980627
125503,2021-06-11,SU81/1,44.297,15.516749,0.8,16.980627
125504,2021-06-11,SE95/6,21.129,15.516749,0.8,16.980627
125505,2021-06-12,TL33/4,85.87,13.42925,0.0,12.51468
125506,2021-06-12,SJ15/13,80.52219,13.42925,0.0,12.51468
125507,2021-06-12,SU01/5B,80.08,13.42925,0.0,12.51468
125508,2021-06-12,TL44/12,43.839,13.42925,0.0,12.51468
125509,2021-06-12,ID30/1,113.78,13.42925,0.0,12.51468
125510,2021-06-12,SE95/6,21.13,13.42925,0.0,12.51468
125511,2021-06-12,TL33/67,85.15,13.42925,0.0,12.51468
125512,2021-06-12,NO20/14,36.98,13.42925,0.0,12.51468
125513,2021-06-12,NY63/2,131.1,13.42925,0.0,12.51468
125514,2021-06-12,SU17/57,134.23,13.42925,0.0,12.51468
125515,2021-06-12,NH95/17,29.54,13.42925,0.0,12.51468
125516,2021-06-12,TR14/9,76.802,13.42925,0.0,12.51468
125517,2021-06-12,SN00/11,9.0115,13.42925,0.0,12.51468
125518,2021-06-12,SK00/41,130.61,13.42925,0.0,12.51468
125519,2021-06-12,TF03/37,15.363,13.42925,0.0,12.51468
125520,2021-06-12,SJ62/235,54.972,13.42925,0.0,12.51468
125521,2021-06-12,TA10/63,17.54,13.42925,0.0,12.51468
125522,2021-06-12,SE94/5,18.006,13.42925,0.0,12.51468
125523,2021-06-12,ST07/10,60.7648,13.42925,0.0,12.51468
125524,2021-06-12,TF81/2A,47.578,13.42925,0.0,12.51468
125525,2021-06-12,TQ25/86,97.601,13.42925,0.0,12.51468
125526,2021-06-12,SY68/34,67.319,13.42925,0.0,12.51468
125527,2021-06-12,SP00/62,102.217,13.42925,0.0,12.51468
125528,2021-06-12,SU71/23,37.153,13.42925,0.0,12.51468
125529,2021-06-12,SU81/1,44.186,13.42925,0.0,12.51468
125530,2021-06-13,SE95/6,21.11,16.920916,1.1,11.866028
125531,2021-06-13,SJ15/13,80.49953,16.920916,1.1,11.866028
125532,2021-06-13,SU01/5B,79.98,16.920916,1.1,11.866028
125533,2021-06-13,TL44/12,43.78,16.920916,1.1,11.866028
125534,2021-06-13,NO20/14,36.81,16.920916,1.1,11.866028
125535,2021-06-13,NY63/2,131.07,16.920916,1.1,11.866028
125536,2021-06-13,ID30/1,113.76,16.920916,1.1,11.866028
125537,2021-06-13,NH95/17,29.53,16.920916,1.1,11.866028
125538,2021-06-13,SU17/57,134.29,16.920916,1.1,11.866028
125539,2021-06-13,TL33/4,85.82,16.920916,1.1,11.866028
125540,2021-06-13,TL33/67,85.13,16.920916,1.1,11.866028
125541,2021-06-13,TA10/63,17.517,16.920916,1.1,11.866028
125542,2021-06-13,TF03/37,15.346,16.920916,1.1,11.866028
125543,2021-06-13,SU71/23,37.045,16.920916,1.1,11.866028
125544,2021-06-13,SN00/11,8.9808,16.920916,1.1,11.866028
125545,2021-06-13,SP00/62,102.167,16.920916,1.1,11.866028
125546,2021-06-13,SE94/5,17.964,16.920916,1.1,11.866028
125547,2021-06-13,TR14/9,76.678,16.920916,1.1,11.866028
125548,2021-06-13,SY68/34,67.315,16.920916,1.1,11.866028
125549,2021-06-13,SK00/41,130.596,16.920916,1.1,11.866028
125550,2021-06-13,TQ25/86,97.581,16.920916,1.1,11.866028
125551,2021-06-13,SU81/1,44.083,16.920916,1.1,11.866028
125552,2021-06-13,ST07/10,60.4666,16.920916,1.1,11.866028
125553,2021-06-13,TF81/2A,47.55,16.920916,1.1,11.866028
125554,2021-06-13,SJ62/235,54.981,16.920916,1.1,11.866028
125555,2021-06-14,TL33/67,85.08,13.550084,3.7,15.2502985
125556,2021-06-14,SE95/6,21.11,13.550084,3.7,15.2502985
125557,2021-06-14,SJ15/13,80.51193,13.550084,3.7,15.2502985
125558,2021-06-14,TL44/12,43.723,13.550084,3.7,15.2502985
125559,2021-06-14,SU01/5B,79.89,13.550084,3.7,15.2502985
125560,2021-06-14,NO20/14,36.89,13.550084,3.7,15.2502985
125561,2021-06-14,ID30/1,113.77,13.550084,3.7,15.2502985
125562,2021-06-14,NY63/2,131.1,13.550084,3.7,15.2502985
125563,2021-06-14,TL33/4,85.77,13.550084,3.7,15.2502985
125564,2021-06-14,NH95/17,29.53,13.550084,3.7,15.2502985
125565,2021-06-14,SU17/57,134.25,13.550084,3.7,15.2502985
125566,2021-06-14,TF03/37,15.294,13.550084,3.7,15.2502985
125567,2021-06-14,SN00/11,8.9415,13.550084,3.7,15.2502985
125568,2021-06-14,SY68/34,67.311,13.550084,3.7,15.2502985
125569,2021-06-14,TR14/9,76.55,13.550084,3.7,15.2502985
125570,2021-06-14,TA10/63,17.485,13.550084,3.7,15.2502985
125571,2021-06-14,ST07/10,60.1528,13.550084,3.7,15.2502985
125572,2021-06-14,TF81/2A,47.525,13.550084,3.7,15.2502985
125573,2021-06-14,SU71/23,36.938,13.550084,3.7,15.2502985
125574,2021-06-14,SP00/62,102.113,13.550084,3.7,15.2502985
125575,2021-06-14,TQ25/86,97.557,13.550084,3.7,15.2502985
125576,2021-06-14,SK00/41,130.595,13.550084,3.7,15.2502985
125577,2021-06-14,SU81/1,43.985,13.550084,3.7,15.2502985
125578,2021-06-14,SE94/5,17.939,13.550084,3.7,15.2502985
125579,2021-06-14,SJ62/235,54.971,13.550084,3.7,15.2502985
125580,2021-06-15,SU17/57,134.25,13.758415,0.0,10.729507
125581,2021-06-15,NO20/14,37.02,13.758415,0.0,10.729507
125582,2021-06-15,TL33/4,85.71,13.758415,0.0,10.729507
125583,2021-06-15,SJ15/13,80.49819,13.758415,0.0,10.729507
125584,2021-06-15,ID30/1,113.75,13.758415,0.0,10.729507
125585,2021-06-15,SE95/6,21.08,13.758415,0.0,10.729507
125586,2021-06-15,NH95/17,29.53,13.758415,0.0,10.729507
125587,2021-06-15,NY63/2,131.07,13.758415,0.0,10.729507
125588,2021-06-15,SU01/5B,79.79,13.758415,0.0,10.729507
125589,2021-06-15,TL44/12,43.667,13.758415,0.0,10.729507
125590,2021-06-15,TL33/67,85.05,13.758415,0.0,10.729507
125591,2021-06-15,SJ62/235,54.983,13.758415,0.0,10.729507
125592,2021-06-15,SU71/23,36.702,13.758415,0.0,10.729507
125593,2021-06-15,TQ25/86,97.542,13.758415,0.0,10.729507
125594,2021-06-15,TR14/9,76.423,13.758415,0.0,10.729507
125595,2021-06-15,TF81/2A,47.504,13.758415,0.0,10.729507
125596,2021-06-15,ST07/10,59.8852,13.758415,0.0,10.729507
125597,2021-06-15,TF03/37,15.267,13.758415,0.0,10.729507
125598,2021-06-15,SE94/5,17.881,13.758415,0.0,10.729507
125599,2021-06-15,SN00/11,8.9175,13.758415,0.0,10.729507
125600,2021-06-15,SP00/62,102.063,13.758415,0.0,10.729507
125601,2021-06-15,TA10/63,17.462,13.758415,0.0,10.729507
125602,2021-06-15,SK00/41,130.596,13.758415,0.0,10.729507
125603,2021-06-15,SY68/34,67.304,13.758415,0.0,10.729507
125604,2021-06-15,SU81/1,43.884,13.758415,0.0,10.729507
125605,2021-06-16,SU01/5B,79.7,15.3375845,1.1,13.299049
125606,2021-06-16,SJ15/13,80.52468,15.3375845,1.1,13.299049
125607,2021-06-16,SE95/6,21.07,15.3375845,1.1,13.299049
125608,2021-06-16,NO20/14,36.96,15.3375845,1.1,13.299049
125609,2021-06-16,NH95/17,29.53,15.3375845,1.1,13.299049
125610,2021-06-16,TL33/67,85.03,15.3375845,1.1,13.299049
125611,2021-06-16,TL33/4,85.66,15.3375845,1.1,13.299049
125612,2021-06-16,NY63/2,131.11,15.3375845,1.1,13.299049
125613,2021-06-16,TL44/12,43.619,15.3375845,1.1,13.299049
125614,2021-06-16,ID30/1,113.73,15.3375845,1.1,13.299049
125615,2021-06-16,SU17/57,134.18,15.3375845,1.1,13.299049
125616,2021-06-16,TR14/9,76.325,15.3375845,1.1,13.299049
125617,2021-06-16,ST07/10,59.6162,15.3375845,1.1,13.299049
125618,2021-06-16,SU71/23,36.731,15.3375845,1.1,13.299049
125619,2021-06-16,TA10/63,17.44,15.3375845,1.1,13.299049
125620,2021-06-16,SK00/41,130.613,15.3375845,1.1,13.299049
125621,2021-06-16,SJ62/235,54.982,15.3375845,1.1,13.299049
125622,2021-06-16,SY68/34,67.297,15.3375845,1.1,13.299049
125623,2021-06-16,SP00/62,102.012,15.3375845,1.1,13.299049
125624,2021-06-16,TF81/2A,47.468,15.3375845,1.1,13.299049
125625,2021-06-16,SN00/11,8.8863,15.3375845,1.1,13.299049
125626,2021-06-16,SU81/1,43.798,15.3375845,1.1,13.299049
125627,2021-06-16,SE94/5,17.844,15.3375845,1.1,13.299049
125628,2021-06-16,TQ25/86,97.518,15.3375845,1.1,13.299049
125629,2021-06-16,TF03/37,15.212,15.3375845,1.1,13.299049
125630,2021-06-17,SU01/5B,79.62,14.952167,0.0,8.310375
125631,2021-06-17,NH95/17,29.51,14.952167,0.0,8.310375
125632,2021-06-17,ID30/1,113.71,14.952167,0.0,8.310375
125633,2021-06-17,NO20/14,36.84,14.952167,0.0,8.310375
125634,2021-06-17,TL33/67,84.92,14.952167,0.0,8.310375
125635,2021-06-17,TL44/12,43.561,14.952167,0.0,8.310375
125636,2021-06-17,NY63/2,131.1,14.952167,0.0,8.310375
125637,2021-06-17,TL33/4,85.61,14.952167,0.0,8.310375
125638,2021-06-17,SE95/6,21.07,14.952167,0.0,8.310375
125639,2021-06-17,SU17/57,134.11,14.952167,0.0,8.310375
125640,2021-06-17,SJ15/13,80.524,14.952167,0.0,8.310375
125641,2021-06-17,SU71/23,36.625,14.952167,0.0,8.310375
125642,2021-06-17,SE94/5,17.802,14.952167,0.0,8.310375
125643,2021-06-17,SU81/1,43.702,14.952167,0.0,8.310375
125644,2021-06-17,TF81/2A,47.44,14.952167,0.0,8.310375
125645,2021-06-17,TR14/9,76.198,14.952167,0.0,8.310375
125646,2021-06-17,ST07/10,59.3516,14.952167,0.0,8.310375
125647,2021-06-17,TQ25/86,97.512,14.952167,0.0,8.310375
125648,2021-06-17,TF03/37,15.127,14.952167,0.0,8.310375
125649,2021-06-17,SJ62/235,54.964,14.952167,0.0,8.310375
125650,2021-06-17,SP00/62,101.954,14.952167,0.0,8.310375
125651,2021-06-17,TA10/63,17.401,14.952167,0.0,8.310375
125652,2021-06-17,SY68/34,67.289,14.952167,0.0,8.310375
125653,2021-06-17,SN00/11,8.8401,14.952167,0.0,8.310375
125654,2021-06-17,SK00/41,130.612,14.952167,0.0,8.310375
125655,2021-06-18,SJ15/13,80.48959,13.539666,0.4,7.7811017
125656,2021-06-18,TL44/12,43.505,13.539666,0.4,7.7811017
125657,2021-06-18,TL33/67,84.88,13.539666,0.4,7.7811017
125658,2021-06-18,NO20/14,36.77,13.539666,0.4,7.7811017
125659,2021-06-18,SE95/6,21.04,13.539666,0.4,7.7811017
125660,2021-06-18,TL33/4,85.57,13.539666,0.4,7.7811017
125661,2021-06-18,NH95/17,29.49,13.539666,0.4,7.7811017
125662,2021-06-18,ID30/1,113.69,13.539666,0.4,7.7811017
125663,2021-06-18,NY63/2,131.05,13.539666,0.4,7.7811017
125664,2021-06-18,SU01/5B,79.53,13.539666,0.4,7.7811017
125665,2021-06-18,SU17/57,134.17,13.539666,0.4,7.7811017
125666,2021-06-18,SE94/5,17.764,13.539666,0.4,7.7811017
125667,2021-06-18,ST07/10,59.1153,13.539666,0.4,7.7811017
125668,2021-06-18,SJ62/235,54.961,13.539666,0.4,7.7811017
125669,2021-06-18,SU71/23,36.534,13.539666,0.4,7.7811017
125670,2021-06-18,SY68/34,67.28,13.539666,0.4,7.7811017
125671,2021-06-18,SN00/11,8.7996,13.539666,0.4,7.7811017
125672,2021-06-18,SP00/62,101.906,13.539666,0.4,7.7811017
125673,2021-06-18,SK00/41,130.603,13.539666,0.4,7.7811017
125674,2021-06-18,SU81/1,43.656,13.539666,0.4,7.7811017
125675,2021-06-18,TF03/37,15.112,13.539666,0.4,7.7811017
125676,2021-06-18,TR14/9,76.065,13.539666,0.4,7.7811017
125677,2021-06-18,TQ25/86,97.499,13.539666,0.4,7.7811017
125678,2021-06-18,TA10/63,17.371,13.539666,0.4,7.7811017
125679,2021-06-18,TF81/2A,47.413,13.539666,0.4,7.7811017
125680,2021-06-19,SE95/6,21.02,14.745915,0.2,10.284526
125681,2021-06-19,TL33/67,84.84,14.745915,0.2,10.284526
125682,2021-06-19,SU17/57,134.18,14.745915,0.2,10.284526
125683,2021-06-19,ID30/1,113.66,14.745915,0.2,10.284526
125684,2021-06-19,TL44/12,43.449,14.745915,0.2,10.284526
125685,2021-06-19,NO20/14,36.95,14.745915,0.2,10.284526
125686,2021-06-19,NY63/2,131.06,14.745915,0.2,10.284526
125687,2021-06-19,SJ15/13,80.48722,14.745915,0.2,10.284526
125688,2021-06-19,TL33/4,85.52,14.745915,0.2,10.284526
125689,2021-06-19,NH95/17,29.49,14.745915,0.2,10.284526
125690,2021-06-19,SU01/5B,79.43,14.745915,0.2,10.284526
125691,2021-06-19,SY68/34,67.275,14.745915,0.2,10.284526
125692,2021-06-19,SN00/11,8.7616,14.745915,0.2,10.284526
125693,2021-06-19,SJ62/235,54.872,14.745915,0.2,10.284526
125694,2021-06-19,TQ25/86,97.483,14.745915,0.2,10.284526
125695,2021-06-19,TA10/63,17.344,14.745915,0.2,10.284526
125696,2021-06-19,SU71/23,36.452,14.745915,0.2,10.284526
125697,2021-06-19,SP00/62,101.862,14.745915,0.2,10.284526
125698,2021-06-19,TF03/37,15.119,14.745915,0.2,10.284526
125699,2021-06-19,SU81/1,43.622,14.745915,0.2,10.284526
125700,2021-06-19,SE94/5,17.726,14.745915,0.2,10.284526
125701,2021-06-19,SK00/41,130.606,14.745915,0.2,10.284526
125702,2021-06-19,TF81/2A,47.385,14.745915,0.2,10.284526
125703,2021-06-19,ST07/10,58.9332,14.745915,0.2,10.284526
125704,2021-06-19,TR14/9,75.942,14.745915,0.2,10.284526
125705,2021-06-20,TL33/67,84.78,14.125083,1.0,6.440344
125706,2021-06-20,TL33/4,85.47,14.125083,1.0,6.440344
125707,2021-06-20,SJ15/13,80.49567,14.125083,1.0,6.440344
125708,2021-06-20,SU01/5B,79.33,14.125083,1.0,6.440344
125709,2021-06-20,SU17/57,134.12,14.125083,1.0,6.440344
125710,2021-06-20,ID30/1,113.64,14.125083,1.0,6.440344
125711,2021-06-20,TL44/12,43.39,14.125083,1.0,6.440344
125712,2021-06-20,NO20/14,37.0,14.125083,1.0,6.440344
125713,2021-06-20,NY63/2,131.06,14.125083,1.0,6.440344
125714,2021-06-20,SE95/6,21.0,14.125083,1.0,6.440344
125715,2021-06-20,NH95/17,29.48,14.125083,1.0,6.440344
125716,2021-06-20,SP00/62,101.815,14.125083,1.0,6.440344
125717,2021-06-20,SJ62/235,54.832,14.125083,1.0,6.440344
125718,2021-06-20,TF81/2A,47.348,14.125083,1.0,6.440344
125719,2021-06-20,TQ25/86,97.457,14.125083,1.0,6.440344
125720,2021-06-20,SY68/34,67.273,14.125083,1.0,6.440344
125721,2021-06-20,TR14/9,75.834,14.125083,1.0,6.440344
125722,2021-06-20,TA10/63,17.316,14.125083,1.0,6.440344
125723,2021-06-20,ST07/10,58.7648,14.125083,1.0,6.440344
125724,2021-06-20,SU71/23,36.372,14.125083,1.0,6.440344
125725,2021-06-20,TF03/37,15.101,14.125083,1.0,6.440344
125726,2021-06-20,SN00/11,8.7146,14.125083,1.0,6.440344
125727,2021-06-20,SK00/41,130.606,14.125083,1.0,6.440344
125728,2021-06-20,SE94/5,17.695,14.125083,1.0,6.440344
125729,2021-06-20,SU81/1,43.548,14.125083,1.0,6.440344
125730,2021-06-21,NO20/14,36.98,12.362584,0.4,8.503102
125731,2021-06-21,SE95/6,20.98,12.362584,0.4,8.503102
125732,2021-06-21,TL33/4,85.42,12.362584,0.4,8.503102
125733,2021-06-21,SJ15/13,80.47922,12.362584,0.4,8.503102
125734,2021-06-21,TL33/67,84.67,12.362584,0.4,8.503102
125735,2021-06-21,NY63/2,131.04,12.362584,0.4,8.503102
125736,2021-06-21,SU17/57,134.13,12.362584,0.4,8.503102
125737,2021-06-21,NH95/17,29.46,12.362584,0.4,8.503102
125738,2021-06-21,TL44/12,43.322,12.362584,0.4,8.503102
125739,2021-06-21,ID30/1,113.6,12.362584,0.4,8.503102
125740,2021-06-21,SU01/5B,79.23,12.362584,0.4,8.503102
125741,2021-06-21,SJ62/235,54.898,12.362584,0.4,8.503102
125742,2021-06-21,TR14/9,75.713,12.362584,0.4,8.503102
125743,2021-06-21,ST07/10,58.5891,12.362584,0.4,8.503102
125744,2021-06-21,TQ25/86,97.429,12.362584,0.4,8.503102
125745,2021-06-21,TF03/37,15.062,12.362584,0.4,8.503102
125746,2021-06-21,SN00/11,8.6532,12.362584,0.4,8.503102
125747,2021-06-21,TA10/63,17.278,12.362584,0.4,8.503102
125748,2021-06-21,TF81/2A,47.313,12.362584,0.4,8.503102
125749,2021-06-21,SY68/34,67.266,12.362584,0.4,8.503102
125750,2021-06-21,SU81/1,43.475,12.362584,0.4,8.503102
125751,2021-06-21,SE94/5,17.673,12.362584,0.4,8.503102
125752,2021-06-21,SP00/62,101.764,12.362584,0.4,8.503102
125753,2021-06-21,SK00/41,130.592,12.362584,0.4,8.503102
125754,2021-06-21,SU71/23,36.278,12.362584,0.4,8.503102
125755,2021-06-22,SE95/6,20.96,12.345916,0.0,7.2605414
125756,2021-06-22,TL44/12,43.252,12.345916,0.0,7.2605414
125757,2021-06-22,SJ15/13,80.44019,12.345916,0.0,7.2605414
125758,2021-06-22,NH95/17,29.46,12.345916,0.0,7.2605414
125759,2021-06-22,ID30/1,113.59,12.345916,0.0,7.2605414
125760,2021-06-22,SU17/57,134.21,12.345916,0.0,7.2605414
125761,2021-06-22,NO20/14,36.97,12.345916,0.0,7.2605414
125762,2021-06-22,NY63/2,130.99,12.345916,0.0,7.2605414
125763,2021-06-22,SU01/5B,79.12,12.345916,0.0,7.2605414
125764,2021-06-22,TL33/67,84.59,12.345916,0.0,7.2605414
125765,2021-06-22,TL33/4,85.37,12.345916,0.0,7.2605414
125766,2021-06-22,TQ25/86,97.404,12.345916,0.0,7.2605414
125767,2021-06-22,TA10/63,17.245,12.345916,0.0,7.2605414
125768,2021-06-22,SU81/1,43.404,12.345916,0.0,7.2605414
125769,2021-06-22,ST07/10,58.4207,12.345916,0.0,7.2605414
125770,2021-06-22,TF03/37,15.037,12.345916,0.0,7.2605414
125771,2021-06-22,SP00/62,101.715,12.345916,0.0,7.2605414
125772,2021-06-22,SE94/5,17.635,12.345916,0.0,7.2605414
125773,2021-06-22,TR14/9,75.58,12.345916,0.0,7.2605414
125774,2021-06-22,SJ62/235,54.902,12.345916,0.0,7.2605414
125775,2021-06-22,SU71/23,36.185,12.345916,0.0,7.2605414
125776,2021-06-22,SK00/41,130.572,12.345916,0.0,7.2605414
125777,2021-06-22,TF81/2A,47.284,12.345916,0.0,7.2605414
125778,2021-06-22,SN00/11,8.6022,12.345916,0.0,7.2605414
125779,2021-06-22,SY68/34,67.256,12.345916,0.0,7.2605414
125780,2021-06-23,ID30/1,113.6,12.968834,0.8000001,5.5358696
125781,2021-06-23,TL33/4,85.31,12.968834,0.8000001,5.5358696
125782,2021-06-23,TL44/12,43.186,12.968834,0.8000001,5.5358696
125783,2021-06-23,SU01/5B,79.0,12.968834,0.8000001,5.5358696
125784,2021-06-23,SU17/57,134.27,12.968834,0.8000001,5.5358696
125785,2021-06-23,TL33/67,84.55,12.968834,0.8000001,5.5358696
125786,2021-06-23,SE95/6,20.93,12.968834,0.8000001,5.5358696
125787,2021-06-23,NO20/14,36.99,12.968834,0.8000001,5.5358696
125788,2021-06-23,NY63/2,130.98,12.968834,0.8000001,5.5358696
125789,2021-06-23,NH95/17,29.45,12.968834,0.8000001,5.5358696
125790,2021-06-23,SJ15/13,80.42578,12.968834,0.8000001,5.5358696
125791,2021-06-23,SJ62/235,54.907,12.968834,0.8000001,5.5358696
125792,2021-06-23,TF81/2A,47.26,12.968834,0.8000001,5.5358696
125793,2021-06-23,SU81/1,43.346,12.968834,0.8000001,5.5358696
125794,2021-06-23,ST07/10,58.2425,12.968834,0.8000001,5.5358696
125795,2021-06-23,TQ25/86,97.384,12.968834,0.8000001,5.5358696
125796,2021-06-23,SU71/23,35.989,12.968834,0.8000001,5.5358696
125797,2021-06-23,TA10/63,17.219,12.968834,0.8000001,5.5358696
125798,2021-06-23,TF03/37,15.012,12.968834,0.8000001,5.5358696
125799,2021-06-23,SP00/62,101.669,12.968834,0.8000001,5.5358696
125800,2021-06-23,SY68/34,67.241,12.968834,0.8000001,5.5358696
125801,2021-06-23,TR14/9,75.44,12.968834,0.8000001,5.5358696
125802,2021-06-23,SE94/5,17.603,12.968834,0.8000001,5.5358696
125803,2021-06-23,SK00/41,130.563,12.968834,0.8000001,5.5358696
125804,2021-06-23,SN00/11,8.5637,12.968834,0.8000001,5.5358696
125805,2021-06-24,SJ15/13,80.43089,15.997998,7.7,7.5683637
125806,2021-06-24,NY63/2,130.99,15.997998,7.7,7.5683637
125807,2021-06-24,NO20/14,37.03,15.997998,7.7,7.5683637
125808,2021-06-24,ID30/1,113.61,15.997998,7.7,7.5683637
125809,2021-06-24,SU17/57,134.26,15.997998,7.7,7.5683637
125810,2021-06-24,TL44/12,43.126,15.997998,7.7,7.5683637
125811,2021-06-24,TL33/67,84.53,15.997998,7.7,7.5683637
125812,2021-06-24,NH95/17,29.47,15.997998,7.7,7.5683637
125813,2021-06-24,SU01/5B,78.88,15.997998,7.7,7.5683637
125814,2021-06-24,TL33/4,85.25,15.997998,7.7,7.5683637
125815,2021-06-24,SE95/6,20.92,15.997998,7.7,7.5683637
125816,2021-06-24,SK00/41,130.566,15.997998,7.7,7.5683637
125817,2021-06-24,TF03/37,15.003,15.997998,7.7,7.5683637
125818,2021-06-24,SY68/34,67.227,15.997998,7.7,7.5683637
125819,2021-06-24,SU71/23,35.942,15.997998,7.7,7.5683637
125820,2021-06-24,TF81/2A,47.232,15.997998,7.7,7.5683637
125821,2021-06-24,SP00/62,101.625,15.997998,7.7,7.5683637
125822,2021-06-24,TR14/9,75.317,15.997998,7.7,7.5683637
125823,2021-06-24,TA10/63,17.198,15.997998,7.7,7.5683637
125824,2021-06-24,ST07/10,58.0703,15.997998,7.7,7.5683637
125825,2021-06-24,SU81/1,43.3,15.997998,7.7,7.5683637
125826,2021-06-24,SE94/5,17.566,15.997998,7.7,7.5683637
125827,2021-06-24,SJ62/235,54.915,15.997998,7.7,7.5683637
125828,2021-06-24,TQ25/86,97.362,15.997998,7.7,7.5683637
125829,2021-06-24,SN00/11,8.5309,15.997998,7.7,7.5683637
125830,2021-06-25,NO20/14,37.13,11.3584175,10.799999,15.080333
125831,2021-06-25,NY63/2,131.02,11.3584175,10.799999,15.080333
125832,2021-06-25,ID30/1,113.65,11.3584175,10.799999,15.080333
125833,2021-06-25,NH95/17,29.48,11.3584175,10.799999,15.080333
125834,2021-06-25,SJ15/13,80.44635,11.3584175,10.799999,15.080333
125835,2021-06-25,SU17/57,134.21,11.3584175,10.799999,15.080333
125836,2021-06-25,SU01/5B,78.77,11.3584175,10.799999,15.080333
125837,2021-06-25,TL33/67,84.48,11.3584175,10.799999,15.080333
125838,2021-06-25,TL44/12,43.066,11.3584175,10.799999,15.080333
125839,2021-06-25,TL33/4,85.19,11.3584175,10.799999,15.080333
125840,2021-06-25,SE95/6,20.91,11.3584175,10.799999,15.080333
125841,2021-06-25,TF81/2A,47.198,11.3584175,10.799999,15.080333
125842,2021-06-25,SK00/41,130.575,11.3584175,10.799999,15.080333
125843,2021-06-25,TA10/63,17.17,11.3584175,10.799999,15.080333
125844,2021-06-25,TQ25/86,97.336,11.3584175,10.799999,15.080333
125845,2021-06-25,SY68/34,67.213,11.3584175,10.799999,15.080333
125846,2021-06-25,TF03/37,14.98,11.3584175,10.799999,15.080333
125847,2021-06-25,ST07/10,57.9099,11.3584175,10.799999,15.080333
125848,2021-06-25,SP00/62,101.58,11.3584175,10.799999,15.080333
125849,2021-06-25,SU81/1,43.234,11.3584175,10.799999,15.080333
125850,2021-06-25,SJ62/235,54.911,11.3584175,10.799999,15.080333
125851,2021-06-25,SN00/11,8.4983,11.3584175,10.799999,15.080333
125852,2021-06-25,TR14/9,75.193,11.3584175,10.799999,15.080333
125853,2021-06-25,SE94/5,17.529,11.3584175,10.799999,15.080333
125854,2021-06-26,SU01/5B,78.66,12.970917,1.1,11.638489
125855,2021-06-26,TL44/12,43.004,12.970917,1.1,11.638489
125856,2021-06-26,TL33/4,85.14,12.970917,1.1,11.638489
125857,2021-06-26,ID30/1,113.63,12.970917,1.1,11.638489
125858,2021-06-26,SU17/57,134.17,12.970917,1.1,11.638489
125859,2021-06-26,SE95/6,20.88,12.970917,1.1,11.638489
125860,2021-06-26,SJ15/13,80.44019,12.970917,1.1,11.638489
125861,2021-06-26,NO20/14,37.11,12.970917,1.1,11.638489
125862,2021-06-26,NH95/17,29.45,12.970917,1.1,11.638489
125863,2021-06-26,NY63/2,130.99,12.970917,1.1,11.638489
125864,2021-06-26,TL33/67,84.4,12.970917,1.1,11.638489
125865,2021-06-26,SY68/34,67.196,12.970917,1.1,11.638489
125866,2021-06-26,SK00/41,130.57,12.970917,1.1,11.638489
125867,2021-06-26,TQ25/86,97.315,12.970917,1.1,11.638489
125868,2021-06-26,SU71/23,35.641,12.970917,1.1,11.638489
125869,2021-06-26,SN00/11,8.4645,12.970917,1.1,11.638489
125870,2021-06-26,TA10/63,17.138,12.970917,1.1,11.638489
125871,2021-06-26,ST07/10,57.7983,12.970917,1.1,11.638489
125872,2021-06-26,TR14/9,75.058,12.970917,1.1,11.638489
125873,2021-06-26,SU81/1,43.16,12.970917,1.1,11.638489
125874,2021-06-26,TF81/2A,47.174,12.970917,1.1,11.638489
125875,2021-06-26,SJ62/235,54.913,12.970917,1.1,11.638489
125876,2021-06-26,SP00/62,101.534,12.970917,1.1,11.638489
125877,2021-06-26,TF03/37,14.945,12.970917,1.1,11.638489
125878,2021-06-26,SE94/5,17.471,12.970917,1.1,11.638489
125879,2021-06-26,TM15/112,25.67,12.970917,1.1,11.638489
125880,2021-06-27,SJ15/13,80.42978,15.252167,0.1,5.3449264
125881,2021-06-27,ID30/1,113.61,15.252167,0.1,5.3449264
125882,2021-06-27,NH95/17,29.44,15.252167,0.1,5.3449264
125883,2021-06-27,SU01/5B,78.54,15.252167,0.1,5.3449264
125884,2021-06-27,TL33/67,84.37,15.252167,0.1,5.3449264
125885,2021-06-27,SU17/57,134.18,15.252167,0.1,5.3449264
125886,2021-06-27,NO20/14,37.21,15.252167,0.1,5.3449264
125887,2021-06-27,SE95/6,20.86,15.252167,0.1,5.3449264
125888,2021-06-27,NY63/2,130.98,15.252167,0.1,5.3449264
125889,2021-06-27,TL44/12,42.944,15.252167,0.1,5.3449264
125890,2021-06-27,TL33/4,85.09,15.252167,0.1,5.3449264
125891,2021-06-27,TR14/9,74.941,15.252167,0.1,5.3449264
125892,2021-06-27,TF81/2A,47.146,15.252167,0.1,5.3449264
125893,2021-06-27,SJ62/235,54.92,15.252167,0.1,5.3449264
125894,2021-06-27,SU71/23,35.761,15.252167,0.1,5.3449264
125895,2021-06-27,ST07/10,57.6591,15.252167,0.1,5.3449264
125896,2021-06-27,TQ25/86,97.297,15.252167,0.1,5.3449264
125897,2021-06-27,SU81/1,43.093,15.252167,0.1,5.3449264
125898,2021-06-27,SY68/34,67.179,15.252167,0.1,5.3449264
125899,2021-06-27,TA10/63,17.114,15.252167,0.1,5.3449264
125900,2021-06-27,SP00/62,101.493,15.252167,0.1,5.3449264
125901,2021-06-27,SN00/11,8.43,15.252167,0.1,5.3449264
125902,2021-06-27,TF03/37,14.94,15.252167,0.1,5.3449264
125903,2021-06-27,SE94/5,17.448,15.252167,0.1,5.3449264
125904,2021-06-27,SK00/41,130.57,15.252167,0.1,5.3449264
125905,2021-06-28,SU01/5B,78.44,16.73133,0.0,4.7313056
125906,2021-06-28,TL33/4,85.04,16.73133,0.0,4.7313056
125907,2021-06-28,TL33/67,84.31,16.73133,0.0,4.7313056
125908,2021-06-28,SJ15/13,80.43511,16.73133,0.0,4.7313056
125909,2021-06-28,SU17/57,134.14,16.73133,0.0,4.7313056
125910,2021-06-28,NY63/2,130.98,16.73133,0.0,4.7313056
125911,2021-06-28,NH95/17,29.44,16.73133,0.0,4.7313056
125912,2021-06-28,NO20/14,37.26,16.73133,0.0,4.7313056
125913,2021-06-28,TL44/12,42.884,16.73133,0.0,4.7313056
125914,2021-06-28,ID30/1,113.57,16.73133,0.0,4.7313056
125915,2021-06-28,SE95/6,20.84,16.73133,0.0,4.7313056
125916,2021-06-28,SU81/1,43.018,16.73133,0.0,4.7313056
125917,2021-06-28,SJ62/235,54.918,16.73133,0.0,4.7313056
125918,2021-06-28,SE94/5,17.421,16.73133,0.0,4.7313056
125919,2021-06-28,SU71/23,35.71,16.73133,0.0,4.7313056
125920,2021-06-28,TA10/63,17.088,16.73133,0.0,4.7313056
125921,2021-06-28,TR14/9,74.824,16.73133,0.0,4.7313056
125922,2021-06-28,TQ25/86,97.271,16.73133,0.0,4.7313056
125923,2021-06-28,SK00/41,130.571,16.73133,0.0,4.7313056
125924,2021-06-28,SP00/62,101.453,16.73133,0.0,4.7313056
125925,2021-06-28,SN00/11,8.395,16.73133,0.0,4.7313056
125926,2021-06-28,TF03/37,14.92,16.73133,0.0,4.7313056
125927,2021-06-28,SY68/34,67.164,16.73133,0.0,4.7313056
125928,2021-06-28,ST07/10,57.5813,16.73133,0.0,4.7313056
125929,2021-06-28,TF81/2A,47.117,16.73133,0.0,4.7313056
125930,2021-06-29,TL33/67,84.24,17.523,0.0,6.789909
125931,2021-06-29,NY63/2,130.98,17.523,0.0,6.789909
125932,2021-06-29,TL44/12,42.823,17.523,0.0,6.789909
125933,2021-06-29,SJ15/13,80.42996,17.523,0.0,6.789909
125934,2021-06-29,TL33/4,84.98,17.523,0.0,6.789909
125935,2021-06-29,NH95/17,29.42,17.523,0.0,6.789909
125936,2021-06-29,NO20/14,37.18,17.523,0.0,6.789909
125937,2021-06-29,SU01/5B,78.33,17.523,0.0,6.789909
125938,2021-06-29,SE95/6,20.82,17.523,0.0,6.789909
125939,2021-06-29,SU17/57,134.14,17.523,0.0,6.789909
125940,2021-06-29,ID30/1,113.52,17.523,0.0,6.789909
125941,2021-06-29,SE94/5,17.383,17.523,0.0,6.789909
125942,2021-06-29,TA10/63,17.064,17.523,0.0,6.789909
125943,2021-06-29,TF81/2A,47.087,17.523,0.0,6.789909
125944,2021-06-29,TF03/37,14.877,17.523,0.0,6.789909
125945,2021-06-29,TR14/9,74.705,17.523,0.0,6.789909
125946,2021-06-29,ST07/10,57.4208,17.523,0.0,6.789909
125947,2021-06-29,SU81/1,42.968,17.523,0.0,6.789909
125948,2021-06-29,SY68/34,67.149,17.523,0.0,6.789909
125949,2021-06-29,SJ62/235,54.915,17.523,0.0,6.789909
125950,2021-06-29,TQ25/86,97.243,17.523,0.0,6.789909
125951,2021-06-29,SN00/11,8.3592,17.523,0.0,6.789909
125952,2021-06-29,SK00/41,130.567,17.523,0.0,6.789909
125953,2021-06-29,SU71/23,35.637,17.523,0.0,6.789909
125954,2021-06-29,SP00/62,101.414,17.523,0.0,6.789909
125955,2021-06-30,TL33/67,84.18,14.770919,0.0,7.911019
125956,2021-06-30,SE95/6,20.8,14.770919,0.0,7.911019
125957,2021-06-30,SU01/5B,78.22,14.770919,0.0,7.911019
125958,2021-06-30,SU17/57,134.14,14.770919,0.0,7.911019
125959,2021-06-30,TL33/4,84.93,14.770919,0.0,7.911019
125960,2021-06-30,NH95/17,29.42,14.770919,0.0,7.911019
125961,2021-06-30,SJ15/13,80.41867,14.770919,0.0,7.911019
125962,2021-06-30,TL44/12,42.762,14.770919,0.0,7.911019
125963,2021-06-30,ID30/1,113.5,14.770919,0.0,7.911019
125964,2021-06-30,NO20/14,37.14,14.770919,0.0,7.911019
125965,2021-06-30,NY63/2,130.96,14.770919,0.0,7.911019
125966,2021-06-30,TR14/9,74.572,14.770919,0.0,7.911019
125967,2021-06-30,SY68/34,67.129,14.770919,0.0,7.911019
125968,2021-06-30,SK00/41,130.56,14.770919,0.0,7.911019
125969,2021-06-30,SE94/5,17.345,14.770919,0.0,7.911019
125970,2021-06-30,SP00/62,101.374,14.770919,0.0,7.911019
125971,2021-06-30,TF81/2A,47.059,14.770919,0.0,7.911019
125972,2021-06-30,TA10/63,17.036,14.770919,0.0,7.911019
125973,2021-06-30,TQ25/86,97.217,14.770919,0.0,7.911019
125974,2021-06-30,SN00/11,8.3223,14.770919,0.0,7.911019
125975,2021-06-30,ST07/10,57.2615,14.770919,0.0,7.911019
125976,2021-06-30,SJ62/235,54.91,14.770919,0.0,7.911019
125977,2021-06-30,SU81/1,42.94,14.770919,0.0,7.911019
125978,2021-06-30,TF03/37,14.824,14.770919,0.0,7.911019
125979,2021-06-30,SU71/23,35.57,14.770919,0.0,7.911019
125980,2021-07-01,TL33/4,84.88,15.098002,0.0,4.6041555
125981,2021-07-01,TL33/67,84.13,15.098002,0.0,4.6041555
125982,2021-07-01,SU17/57,134.14,15.098002,0.0,4.6041555
125983,2021-07-01,NO20/14,37.11,15.098002,0.0,4.6041555
125984,2021-07-01,SU01/5B,78.11,15.098002,0.0,4.6041555
125985,2021-07-01,ID30/1,113.5,15.098002,0.0,4.6041555
125986,2021-07-01,SE95/6,20.77,15.098002,0.0,4.6041555
125987,2021-07-01,NH95/17,29.41,15.098002,0.0,4.6041555
125988,2021-07-01,NY63/2,130.94,15.098002,0.0,4.6041555
125989,2021-07-01,SJ15/13,80.40641,15.098002,0.0,4.6041555
125990,2021-07-01,TL44/12,42.704,15.098002,0.0,4.6041555
125991,2021-07-01,TA10/63,17.007,15.098002,0.0,4.6041555
125992,2021-07-01,TR14/9,74.572,15.098002,0.0,4.6041555
125993,2021-07-01,SJ62/235,54.909,15.098002,0.0,4.6041555
125994,2021-07-01,SU81/1,42.841,15.098002,0.0,4.6041555
125995,2021-07-01,TF03/37,14.771,15.098002,0.0,4.6041555
125996,2021-07-01,ST07/10,57.1099,15.098002,0.0,4.6041555
125997,2021-07-01,SU71/23,35.433,15.098002,0.0,4.6041555
125998,2021-07-01,SN00/11,8.2876,15.098002,0.0,4.6041555
125999,2021-07-01,TF81/2A,47.033,15.098002,0.0,4.6041555
126000,2021-07-01,TQ25/86,97.191,15.098002,0.0,4.6041555
126001,2021-07-01,SP00/62,101.335,15.098002,0.0,4.6041555
126002,2021-07-01,SK00/41,130.557,15.098002,0.0,4.6041555
126003,2021-07-01,SY68/34,67.108,15.098002,0.0,4.6041555
126004,2021-07-01,SE94/5,17.308,15.098002,0.0,4.6041555
126005,2021-07-02,SU17/57,134.11,15.979251,0.90000004,7.0382314
126006,2021-07-02,SJ15/13,80.40667,15.979251,0.90000004,7.0382314
126007,2021-07-02,TL44/12,42.649,15.979251,0.90000004,7.0382314
126008,2021-07-02,TL33/67,84.09,15.979251,0.90000004,7.0382314
126009,2021-07-02,NO20/14,37.1,15.979251,0.90000004,7.0382314
126010,2021-07-02,SU01/5B,78.01,15.979251,0.90000004,7.0382314
126011,2021-07-02,ID30/1,113.49,15.979251,0.90000004,7.0382314
126012,2021-07-02,NY63/2,130.94,15.979251,0.90000004,7.0382314
126013,2021-07-02,SE95/6,20.75,15.979251,0.90000004,7.0382314
126014,2021-07-02,NH95/17,29.4,15.979251,0.90000004,7.0382314
126015,2021-07-02,TL33/4,84.82,15.979251,0.90000004,7.0382314
126016,2021-07-02,SU81/1,42.776,15.979251,0.90000004,7.0382314
126017,2021-07-02,TF03/37,14.732,15.979251,0.90000004,7.0382314
126018,2021-07-02,SY68/34,67.086,15.979251,0.90000004,7.0382314
126019,2021-07-02,SP00/62,101.299,15.979251,0.90000004,7.0382314
126020,2021-07-02,SU71/23,35.44,15.979251,0.90000004,7.0382314
126021,2021-07-02,SN00/11,8.2578,15.979251,0.90000004,7.0382314
126022,2021-07-02,SK00/41,130.561,15.979251,0.90000004,7.0382314
126023,2021-07-02,TF81/2A,47.009,15.979251,0.90000004,7.0382314
126024,2021-07-02,TR14/9,74.44,15.979251,0.90000004,7.0382314
126025,2021-07-02,TA10/63,16.982,15.979251,0.90000004,7.0382314
126026,2021-07-02,SE94/5,17.273,15.979251,0.90000004,7.0382314
126027,2021-07-02,ST07/10,56.9692,15.979251,0.90000004,7.0382314
126028,2021-07-02,TQ25/86,97.166,15.979251,0.90000004,7.0382314
126029,2021-07-02,SJ62/235,54.913,15.979251,0.90000004,7.0382314
126030,2021-07-03,SU01/5B,77.91,16.46675,7.6,9.601233
126031,2021-07-03,TL33/67,84.06,16.46675,7.6,9.601233
126032,2021-07-03,SJ15/13,80.41332,16.46675,7.6,9.601233
126033,2021-07-03,TL44/12,42.595,16.46675,7.6,9.601233
126034,2021-07-03,SE95/6,20.73,16.46675,7.6,9.601233
126035,2021-07-03,TL33/4,84.77,16.46675,7.6,9.601233
126036,2021-07-03,NY63/2,130.96,16.46675,7.6,9.601233
126037,2021-07-03,NO20/14,37.1,16.46675,7.6,9.601233
126038,2021-07-03,NH95/17,29.41,16.46675,7.6,9.601233
126039,2021-07-03,SU17/57,134.06,16.46675,7.6,9.601233
126040,2021-07-03,ID30/1,113.48,16.46675,7.6,9.601233
126041,2021-07-03,TA10/63,16.961,16.46675,7.6,9.601233
126042,2021-07-03,SP00/62,101.269,16.46675,7.6,9.601233
126043,2021-07-03,SK00/41,130.573,16.46675,7.6,9.601233
126044,2021-07-03,SE94/5,17.235,16.46675,7.6,9.601233
126045,2021-07-03,TQ25/86,97.141,16.46675,7.6,9.601233
126046,2021-07-03,TR14/9,74.315,16.46675,7.6,9.601233
126047,2021-07-03,TF03/37,14.71,16.46675,7.6,9.601233
126048,2021-07-03,ST07/10,56.8496,16.46675,7.6,9.601233
126049,2021-07-03,SY68/34,67.063,16.46675,7.6,9.601233
126050,2021-07-03,SN00/11,8.242,16.46675,7.6,9.601233
126051,2021-07-03,SU71/23,35.263,16.46675,7.6,9.601233
126052,2021-07-03,TF81/2A,46.985,16.46675,7.6,9.601233
126053,2021-07-03,SJ62/235,54.919,16.46675,7.6,9.601233
126054,2021-07-03,SU81/1,42.714,16.46675,7.6,9.601233
126055,2021-07-04,NY63/2,130.97,16.510498,12.400001,7.4433556
126056,2021-07-04,TL44/12,42.544,16.510498,12.400001,7.4433556
126057,2021-07-04,NH95/17,29.42,16.510498,12.400001,7.4433556
126058,2021-07-04,ID30/1,113.48,16.510498,12.400001,7.4433556
126059,2021-07-04,SE95/6,20.72,16.510498,12.400001,7.4433556
126060,2021-07-04,NO20/14,37.1,16.510498,12.400001,7.4433556
126061,2021-07-04,TL33/4,84.72,16.510498,12.400001,7.4433556
126062,2021-07-04,SU17/57,134.0,16.510498,12.400001,7.4433556
126063,2021-07-04,SJ15/13,80.42393,16.510498,12.400001,7.4433556
126064,2021-07-04,TL33/67,84.02,16.510498,12.400001,7.4433556
126065,2021-07-04,SU01/5B,77.82,16.510498,12.400001,7.4433556
126066,2021-07-04,SN00/11,8.2304,16.510498,12.400001,7.4433556
126067,2021-07-04,TR14/9,74.19,16.510498,12.400001,7.4433556
126068,2021-07-04,TF81/2A,46.962,16.510498,12.400001,7.4433556
126069,2021-07-04,SU71/23,35.323,16.510498,12.400001,7.4433556
126070,2021-07-04,SY68/34,67.041,16.510498,12.400001,7.4433556
126071,2021-07-04,SU81/1,42.664,16.510498,12.400001,7.4433556
126072,2021-07-04,ST07/10,56.7765,16.510498,12.400001,7.4433556
126073,2021-07-04,TA10/63,16.937,16.510498,12.400001,7.4433556
126074,2021-07-04,SE94/5,17.155,16.510498,12.400001,7.4433556
126075,2021-07-04,SP00/62,101.24,16.510498,12.400001,7.4433556
126076,2021-07-04,TF03/37,14.701,16.510498,12.400001,7.4433556
126077,2021-07-04,SK00/41,130.59,16.510498,12.400001,7.4433556
126078,2021-07-04,TQ25/86,97.121,16.510498,12.400001,7.4433556
126079,2021-07-04,SJ62/235,54.922,16.510498,12.400001,7.4433556
126080,2021-07-05,TL33/67,84.0,14.998,7.599999,9.5131235
126081,2021-07-05,SU17/57,133.94,14.998,7.599999,9.5131235
126082,2021-07-05,NO20/14,37.1,14.998,7.599999,9.5131235
126083,2021-07-05,ID30/1,113.42,14.998,7.599999,9.5131235
126084,2021-07-05,SJ15/13,80.43867,14.998,7.599999,9.5131235
126085,2021-07-05,NH95/17,29.44,14.998,7.599999,9.5131235
126086,2021-07-05,TL44/12,42.494,14.998,7.599999,9.5131235
126087,2021-07-05,SE95/6,20.7,14.998,7.599999,9.5131235
126088,2021-07-05,NY63/2,130.99,14.998,7.599999,9.5131235
126089,2021-07-05,SU01/5B,77.74,14.998,7.599999,9.5131235
126090,2021-07-05,TL33/4,84.67,14.998,7.599999,9.5131235
126091,2021-07-05,SY68/34,67.025,14.998,7.599999,9.5131235
126092,2021-07-05,SP00/62,101.211,14.998,7.599999,9.5131235
126093,2021-07-05,SK00/41,130.601,14.998,7.599999,9.5131235
126094,2021-07-05,TA10/63,16.913,14.998,7.599999,9.5131235
126095,2021-07-05,TF03/37,14.693,14.998,7.599999,9.5131235
126096,2021-07-05,TF81/2A,46.928,14.998,7.599999,9.5131235
126097,2021-07-05,ST07/10,56.7402,14.998,7.599999,9.5131235
126098,2021-07-05,SU71/23,35.277,14.998,7.599999,9.5131235
126099,2021-07-05,SJ62/235,54.934,14.998,7.599999,9.5131235
126100,2021-07-05,SU81/1,42.629,14.998,7.599999,9.5131235
126101,2021-07-05,SN00/11,8.2319,14.998,7.599999,9.5131235
126102,2021-07-05,SE94/5,17.122,14.998,7.599999,9.5131235
126103,2021-07-05,TR14/9,74.072,14.998,7.599999,9.5131235
126104,2021-07-05,TQ25/86,97.097,14.998,7.599999,9.5131235
126105,2021-07-06,NO20/14,37.06,12.633416,14.7,9.392961
126106,2021-07-06,SU17/57,133.81,12.633416,14.7,9.392961
126107,2021-07-06,SE95/6,20.7,12.633416,14.7,9.392961
126108,2021-07-06,TL44/12,42.438,12.633416,14.7,9.392961
126109,2021-07-06,TL33/67,83.87,12.633416,14.7,9.392961
126110,2021-07-06,ID30/1,113.44,12.633416,14.7,9.392961
126111,2021-07-06,NY63/2,130.98,12.633416,14.7,9.392961
126112,2021-07-06,TL33/4,84.62,12.633416,14.7,9.392961
126113,2021-07-06,SU01/5B,77.66,12.633416,14.7,9.392961
126114,2021-07-06,SJ15/13,80.4657,12.633416,14.7,9.392961
126115,2021-07-06,NH95/17,29.44,12.633416,14.7,9.392961
126116,2021-07-06,SP00/62,101.181,12.633416,14.7,9.392961
126117,2021-07-06,SE94/5,17.088,12.633416,14.7,9.392961
126118,2021-07-06,SJ62/235,54.912,12.633416,14.7,9.392961
126119,2021-07-06,TA10/63,16.879,12.633416,14.7,9.392961
126120,2021-07-06,SU81/1,42.628,12.633416,14.7,9.392961
126121,2021-07-06,TR14/9,73.985,12.633416,14.7,9.392961
126122,2021-07-06,SU71/23,35.256,12.633416,14.7,9.392961
126123,2021-07-06,TF03/37,14.639,12.633416,14.7,9.392961
126124,2021-07-06,SN00/11,8.243,12.633416,14.7,9.392961
126125,2021-07-06,SY68/34,67.01,12.633416,14.7,9.392961
126126,2021-07-06,ST07/10,56.8128,12.633416,14.7,9.392961
126127,2021-07-06,TQ25/86,97.07,12.633416,14.7,9.392961
126128,2021-07-06,SK00/41,130.604,12.633416,14.7,9.392961
126129,2021-07-06,TF81/2A,46.889,12.633416,14.7,9.392961
126130,2021-07-07,TL44/12,42.368,14.941752,1.1,7.95995
126131,2021-07-07,ID30/1,113.41,14.941752,1.1,7.95995
126132,2021-07-07,SU01/5B,77.57,14.941752,1.1,7.95995
126133,2021-07-07,TL33/4,84.56,14.941752,1.1,7.95995
126134,2021-07-07,NH95/17,29.42,14.941752,1.1,7.95995
126135,2021-07-07,TL33/67,83.76,14.941752,1.1,7.95995
126136,2021-07-07,NY63/2,130.96,14.941752,1.1,7.95995
126137,2021-07-07,NO20/14,37.0,14.941752,1.1,7.95995
126138,2021-07-07,SJ15/13,80.43407,14.941752,1.1,7.95995
126139,2021-07-07,SU17/57,133.89,14.941752,1.1,7.95995
126140,2021-07-07,SE95/6,20.7,14.941752,1.1,7.95995
126141,2021-07-07,ST07/10,56.9191,14.941752,1.1,7.95995
126142,2021-07-07,SU71/23,34.915,14.941752,1.1,7.95995
126143,2021-07-07,SJ62/235,54.906,14.941752,1.1,7.95995
126144,2021-07-07,SN00/11,8.2134,14.941752,1.1,7.95995
126145,2021-07-07,SK00/41,130.569,14.941752,1.1,7.95995
126146,2021-07-07,TF81/2A,46.857,14.941752,1.1,7.95995
126147,2021-07-07,TF03/37,14.577,14.941752,1.1,7.95995
126148,2021-07-07,SY68/34,66.984,14.941752,1.1,7.95995
126149,2021-07-07,SE94/5,17.047,14.941752,1.1,7.95995
126150,2021-07-07,TQ25/86,97.044,14.941752,1.1,7.95995
126151,2021-07-07,TA10/63,16.841,14.941752,1.1,7.95995
126152,2021-07-07,SU81/1,42.608,14.941752,1.1,7.95995
126153,2021-07-07,SP00/62,101.153,14.941752,1.1,7.95995
126154,2021-07-07,TR14/9,73.868,14.941752,1.1,7.95995
126155,2021-07-08,TL33/67,83.7,15.291751,0.70000005,6.841658
126156,2021-07-08,SE95/6,20.68,15.291751,0.70000005,6.841658
126157,2021-07-08,SU17/57,133.96,15.291751,0.70000005,6.841658
126158,2021-07-08,NY63/2,130.89,15.291751,0.70000005,6.841658
126159,2021-07-08,TL33/4,84.5,15.291751,0.70000005,6.841658
126160,2021-07-08,NH95/17,29.4,15.291751,0.70000005,6.841658
126161,2021-07-08,TL44/12,42.302,15.291751,0.70000005,6.841658
126162,2021-07-08,ID30/1,113.43,15.291751,0.70000005,6.841658
126163,2021-07-08,SJ15/13,80.39015,15.291751,0.70000005,6.841658
126164,2021-07-08,NO20/14,36.96,15.291751,0.70000005,6.841658
126165,2021-07-08,SU01/5B,77.47,15.291751,0.70000005,6.841658
126166,2021-07-08,TF03/37,14.542,15.291751,0.70000005,6.841658
126167,2021-07-08,SN00/11,8.1891,15.291751,0.70000005,6.841658
126168,2021-07-08,SJ62/235,54.903,15.291751,0.70000005,6.841658
126169,2021-07-08,ST07/10,56.7917,15.291751,0.70000005,6.841658
126170,2021-07-08,SK00/41,130.541,15.291751,0.70000005,6.841658
126171,2021-07-08,SE94/5,17.052,15.291751,0.70000005,6.841658
126172,2021-07-08,TA10/63,16.808,15.291751,0.70000005,6.841658
126173,2021-07-08,TR14/9,73.749,15.291751,0.70000005,6.841658
126174,2021-07-08,SP00/62,101.125,15.291751,0.70000005,6.841658
126175,2021-07-08,TQ25/86,97.022,15.291751,0.70000005,6.841658
126176,2021-07-08,SU81/1,42.585,15.291751,0.70000005,6.841658
126177,2021-07-08,SU71/23,35.085,15.291751,0.70000005,6.841658
126178,2021-07-08,TF81/2A,46.831,15.291751,0.70000005,6.841658
126179,2021-07-08,SY68/34,66.958,15.291751,0.70000005,6.841658
126180,2021-07-09,NO20/14,36.95,15.873002,1.2,4.6851635
126181,2021-07-09,SU01/5B,77.36,15.873002,1.2,4.6851635
126182,2021-07-09,NH95/17,29.38,15.873002,1.2,4.6851635
126183,2021-07-09,SE95/6,20.67,15.873002,1.2,4.6851635
126184,2021-07-09,TL44/12,42.248,15.873002,1.2,4.6851635
126185,2021-07-09,ID30/1,113.45,15.873002,1.2,4.6851635
126186,2021-07-09,SU17/57,133.99,15.873002,1.2,4.6851635
126187,2021-07-09,NY63/2,130.87,15.873002,1.2,4.6851635
126188,2021-07-09,SJ15/13,80.37037,15.873002,1.2,4.6851635
126189,2021-07-09,TL33/67,83.68,15.873002,1.2,4.6851635
126190,2021-07-09,TL33/4,84.45,15.873002,1.2,4.6851635
126191,2021-07-09,ST07/10,56.6632,15.873002,1.2,4.6851635
126192,2021-07-09,TR14/9,73.625,15.873002,1.2,4.6851635
126193,2021-07-09,TF03/37,14.521,15.873002,1.2,4.6851635
126194,2021-07-09,SP00/62,101.1,15.873002,1.2,4.6851635
126195,2021-07-09,SY68/34,66.932,15.873002,1.2,4.6851635
126196,2021-07-09,SK00/41,130.53,15.873002,1.2,4.6851635
126197,2021-07-09,TF81/2A,46.806,15.873002,1.2,4.6851635
126198,2021-07-09,SN00/11,8.1666,15.873002,1.2,4.6851635
126199,2021-07-09,SU81/1,42.579,15.873002,1.2,4.6851635
126200,2021-07-09,SJ62/235,54.914,15.873002,1.2,4.6851635
126201,2021-07-09,SE94/5,17.025,15.873002,1.2,4.6851635
126202,2021-07-09,SU71/23,35.083,15.873002,1.2,4.6851635
126203,2021-07-09,TA10/63,16.786,15.873002,1.2,4.6851635
126204,2021-07-09,TQ25/86,97.0,15.873002,1.2,4.6851635
126205,2021-07-10,SU01/5B,77.27,16.85425,3.0,5.4943194
126206,2021-07-10,NO20/14,36.95,16.85425,3.0,5.4943194
126207,2021-07-10,NH95/17,29.4,16.85425,3.0,5.4943194
126208,2021-07-10,NY63/2,130.88,16.85425,3.0,5.4943194
126209,2021-07-10,TL44/12,42.198,16.85425,3.0,5.4943194
126210,2021-07-10,ID30/1,113.46,16.85425,3.0,5.4943194
126211,2021-07-10,SU17/57,133.93,16.85425,3.0,5.4943194
126212,2021-07-10,SJ15/13,80.38177,16.85425,3.0,5.4943194
126213,2021-07-10,TL33/4,84.4,16.85425,3.0,5.4943194
126214,2021-07-10,SE95/6,20.65,16.85425,3.0,5.4943194
126215,2021-07-10,TL33/67,83.64,16.85425,3.0,5.4943194
126216,2021-07-10,TR14/9,73.51,16.85425,3.0,5.4943194
126217,2021-07-10,ST07/10,56.532,16.85425,3.0,5.4943194
126218,2021-07-10,SK00/41,130.534,16.85425,3.0,5.4943194
126219,2021-07-10,TF03/37,14.531,16.85425,3.0,5.4943194
126220,2021-07-10,SP00/62,101.073,16.85425,3.0,5.4943194
126221,2021-07-10,SU71/23,35.135,16.85425,3.0,5.4943194
126222,2021-07-10,SN00/11,8.146,16.85425,3.0,5.4943194
126223,2021-07-10,SJ62/235,54.918,16.85425,3.0,5.4943194
126224,2021-07-10,TQ25/86,96.978,16.85425,3.0,5.4943194
126225,2021-07-10,SU81/1,42.596,16.85425,3.0,5.4943194
126226,2021-07-10,TF81/2A,46.78,16.85425,3.0,5.4943194
126227,2021-07-10,TA10/63,16.764,16.85425,3.0,5.4943194
126228,2021-07-10,SE94/5,16.993,16.85425,3.0,5.4943194
126229,2021-07-10,SY68/34,66.91,16.85425,3.0,5.4943194
126230,2021-07-11,ID30/1,113.45,16.841751,1.8,8.274984
126231,2021-07-11,SU01/5B,77.19,16.841751,1.8,8.274984
126232,2021-07-11,SU17/57,133.87,16.841751,1.8,8.274984
126233,2021-07-11,TL33/67,83.6,16.841751,1.8,8.274984
126234,2021-07-11,SJ15/13,80.38847,16.841751,1.8,8.274984
126235,2021-07-11,NY63/2,130.9,16.841751,1.8,8.274984
126236,2021-07-11,NO20/14,36.95,16.841751,1.8,8.274984
126237,2021-07-11,TL33/4,84.34,16.841751,1.8,8.274984
126238,2021-07-11,SE95/6,20.64,16.841751,1.8,8.274984
126239,2021-07-11,NH95/17,29.41,16.841751,1.8,8.274984
126240,2021-07-11,TL44/12,42.147,16.841751,1.8,8.274984
126241,2021-07-11,SE94/5,16.934,16.841751,1.8,8.274984
126242,2021-07-11,SP00/62,101.047,16.841751,1.8,8.274984
126243,2021-07-11,SK00/41,130.538,16.841751,1.8,8.274984
126244,2021-07-11,SN00/11,8.1877,16.841751,1.8,8.274984
126245,2021-07-11,TF03/37,14.531,16.841751,1.8,8.274984
126246,2021-07-11,SU81/1,42.613,16.841751,1.8,8.274984
126247,2021-07-11,TF81/2A,46.753,16.841751,1.8,8.274984
126248,2021-07-11,SJ62/235,54.919,16.841751,1.8,8.274984
126249,2021-07-11,TA10/63,16.739,16.841751,1.8,8.274984
126250,2021-07-11,ST07/10,56.4341,16.841751,1.8,8.274984
126251,2021-07-11,SU71/23,35.121,16.841751,1.8,8.274984
126252,2021-07-11,SY68/34,66.889,16.841751,1.8,8.274984
126253,2021-07-11,TQ25/86,96.964,16.841751,1.8,8.274984
126254,2021-07-11,TR14/9,73.395,16.841751,1.8,8.274984
126255,2021-07-12,SE95/6,20.62,16.637583,3.9999995,6.3583617
126256,2021-07-12,SU17/57,133.8,16.637583,3.9999995,6.3583617
126257,2021-07-12,NH95/17,29.41,16.637583,3.9999995,6.3583617
126258,2021-07-12,TL33/67,83.54,16.637583,3.9999995,6.3583617
126259,2021-07-12,NY63/2,130.9,16.637583,3.9999995,6.3583617
126260,2021-07-12,SU01/5B,77.11,16.637583,3.9999995,6.3583617
126261,2021-07-12,ID30/1,113.45,16.637583,3.9999995,6.3583617
126262,2021-07-12,SJ15/13,80.39122,16.637583,3.9999995,6.3583617
126263,2021-07-12,NO20/14,37.01,16.637583,3.9999995,6.3583617
126264,2021-07-12,TL33/4,84.29,16.637583,3.9999995,6.3583617
126265,2021-07-12,TL44/12,42.098,16.637583,3.9999995,6.3583617
126266,2021-07-12,SK00/41,130.541,16.637583,3.9999995,6.3583617
126267,2021-07-12,TF81/2A,46.723,16.637583,3.9999995,6.3583617
126268,2021-07-12,SJ62/235,54.913,16.637583,3.9999995,6.3583617
126269,2021-07-12,SU71/23,35.115,16.637583,3.9999995,6.3583617
126270,2021-07-12,TQ25/86,96.96,16.637583,3.9999995,6.3583617
126271,2021-07-12,TF03/37,14.508,16.637583,3.9999995,6.3583617
126272,2021-07-12,ST07/10,56.4327,16.637583,3.9999995,6.3583617
126273,2021-07-12,SN00/11,8.2183,16.637583,3.9999995,6.3583617
126274,2021-07-12,TA10/63,16.712,16.637583,3.9999995,6.3583617
126275,2021-07-12,SE94/5,16.925,16.637583,3.9999995,6.3583617
126276,2021-07-12,SP00/62,101.02,16.637583,3.9999995,6.3583617
126277,2021-07-12,TR14/9,73.288,16.637583,3.9999995,6.3583617
126278,2021-07-12,SY68/34,66.876,16.637583,3.9999995,6.3583617
126279,2021-07-12,SU81/1,42.642,16.637583,3.9999995,6.3583617
126280,2021-07-13,SU17/57,133.78,17.314665,0.1,8.475116
126281,2021-07-13,SU01/5B,77.03,17.314665,0.1,8.475116
126282,2021-07-13,NH95/17,29.4,17.314665,0.1,8.475116
126283,2021-07-13,TL33/4,84.24,17.314665,0.1,8.475116
126284,2021-07-13,SJ15/13,80.37474,17.314665,0.1,8.475116
126285,2021-07-13,NO20/14,36.97,17.314665,0.1,8.475116
126286,2021-07-13,TL33/67,83.46,17.314665,0.1,8.475116
126287,2021-07-13,TL44/12,42.04,17.314665,0.1,8.475116
126288,2021-07-13,NY63/2,130.88,17.314665,0.1,8.475116
126289,2021-07-13,ID30/1,113.43,17.314665,0.1,8.475116
126290,2021-07-13,SE95/6,20.61,17.314665,0.1,8.475116
126291,2021-07-13,ST07/10,56.375,17.314665,0.1,8.475116
126292,2021-07-13,SN00/11,8.2065,17.314665,0.1,8.475116
126293,2021-07-13,SP00/62,100.991,17.314665,0.1,8.475116
126294,2021-07-13,TQ25/86,96.962,17.314665,0.1,8.475116
126295,2021-07-13,TR14/9,73.189,17.314665,0.1,8.475116
126296,2021-07-13,SU71/23,34.762,17.314665,0.1,8.475116
126297,2021-07-13,TF03/37,14.461,17.314665,0.1,8.475116
126298,2021-07-13,SY68/34,66.852,17.314665,0.1,8.475116
126299,2021-07-13,SE94/5,16.893,17.314665,0.1,8.475116
126300,2021-07-13,TA10/63,16.681,17.314665,0.1,8.475116
126301,2021-07-13,TF81/2A,46.692,17.314665,0.1,8.475116
126302,2021-07-13,SJ62/235,54.9,17.314665,0.1,8.475116
126303,2021-07-13,SU81/1,42.73,17.314665,0.1,8.475116
126304,2021-07-13,SK00/41,130.528,17.314665,0.1,8.475116
126305,2021-07-14,TL33/67,83.39,17.168833,0.0,9.684346
126306,2021-07-14,NH95/17,29.4,17.168833,0.0,9.684346
126307,2021-07-14,NY63/2,130.85,17.168833,0.0,9.684346
126308,2021-07-14,SU01/5B,76.94,17.168833,0.0,9.684346
126309,2021-07-14,ID30/1,113.41,17.168833,0.0,9.684346
126310,2021-07-14,NO20/14,36.95,17.168833,0.0,9.684346
126311,2021-07-14,SU17/57,133.79,17.168833,0.0,9.684346
126312,2021-07-14,SE95/6,20.59,17.168833,0.0,9.684346
126313,2021-07-14,TL44/12,41.983,17.168833,0.0,9.684346
126314,2021-07-14,TL33/4,84.18,17.168833,0.0,9.684346
126315,2021-07-14,SJ15/13,80.354,17.168833,0.0,9.684346
126316,2021-07-14,SJ62/235,54.893,17.168833,0.0,9.684346
126317,2021-07-14,SE94/5,16.856,17.168833,0.0,9.684346
126318,2021-07-14,SK00/41,130.515,17.168833,0.0,9.684346
126319,2021-07-14,SP00/62,100.963,17.168833,0.0,9.684346
126320,2021-07-14,TF81/2A,46.66,17.168833,0.0,9.684346
126321,2021-07-14,SU71/23,34.431,17.168833,0.0,9.684346
126322,2021-07-14,SN00/11,8.1849,17.168833,0.0,9.684346
126323,2021-07-14,SY68/34,66.827,17.168833,0.0,9.684346
126324,2021-07-14,TQ25/86,96.956,17.168833,0.0,9.684346
126325,2021-07-14,ST07/10,56.2666,17.168833,0.0,9.684346
126326,2021-07-14,TF03/37,14.415,17.168833,0.0,9.684346
126327,2021-07-14,SU81/1,42.85,17.168833,0.0,9.684346
126328,2021-07-14,TA10/63,16.65,17.168833,0.0,9.684346
126329,2021-07-14,TR14/9,73.078,17.168833,0.0,9.684346
126330,2021-07-15,SE95/6,20.56,18.712585,0.0,8.390646
126331,2021-07-15,TL33/67,83.31,18.712585,0.0,8.390646
126332,2021-07-15,TL33/4,84.13,18.712585,0.0,8.390646
126333,2021-07-15,SU17/57,133.78,18.712585,0.0,8.390646
126334,2021-07-15,ID30/1,113.38,18.712585,0.0,8.390646
126335,2021-07-15,NO20/14,36.89,18.712585,0.0,8.390646
126336,2021-07-15,SU01/5B,76.8,18.712585,0.0,8.390646
126337,2021-07-15,SJ15/13,80.33607,18.712585,0.0,8.390646
126338,2021-07-15,NY63/2,130.84,18.712585,0.0,8.390646
126339,2021-07-15,NH95/17,29.38,18.712585,0.0,8.390646
126340,2021-07-15,TL44/12,41.922,18.712585,0.0,8.390646
126341,2021-07-15,SU71/23,34.507,18.712585,0.0,8.390646
126342,2021-07-15,TR14/9,72.966,18.712585,0.0,8.390646
126343,2021-07-15,TA10/63,16.619,18.712585,0.0,8.390646
126344,2021-07-15,TQ25/86,96.941,18.712585,0.0,8.390646
126345,2021-07-15,SK00/41,130.503,18.712585,0.0,8.390646
126346,2021-07-15,SU81/1,42.962,18.712585,0.0,8.390646
126347,2021-07-15,TF81/2A,46.629,18.712585,0.0,8.390646
126348,2021-07-15,SJ62/235,54.884,18.712585,0.0,8.390646
126349,2021-07-15,TF03/37,14.357,18.712585,0.0,8.390646
126350,2021-07-15,ST07/10,56.1336,18.712585,0.0,8.390646
126351,2021-07-15,SP00/62,100.935,18.712585,0.0,8.390646
126352,2021-07-15,SY68/34,66.8,18.712585,0.0,8.390646
126353,2021-07-15,SN00/11,8.1542,18.712585,0.0,8.390646
126354,2021-07-15,SE94/5,16.819,18.712585,0.0,8.390646
126355,2021-07-16,SJ15/13,80.31681,19.127169,0.0,8.126953
126356,2021-07-16,SU01/5B,76.7,19.127169,0.0,8.126953
126357,2021-07-16,NO20/14,36.88,19.127169,0.0,8.126953
126358,2021-07-16,NY63/2,130.82,19.127169,0.0,8.126953
126359,2021-07-16,TL44/12,41.863,19.127169,0.0,8.126953
126360,2021-07-16,SU17/57,133.79,19.127169,0.0,8.126953
126361,2021-07-16,ID30/1,113.33,19.127169,0.0,8.126953
126362,2021-07-16,SE95/6,20.54,19.127169,0.0,8.126953
126363,2021-07-16,TL33/4,84.07,19.127169,0.0,8.126953
126364,2021-07-16,NH95/17,29.35,19.127169,0.0,8.126953
126365,2021-07-16,TL33/67,83.26,19.127169,0.0,8.126953
126366,2021-07-16,TF03/37,14.278,19.127169,0.0,8.126953
126367,2021-07-16,SY68/34,66.772,19.127169,0.0,8.126953
126368,2021-07-16,SE94/5,16.783,19.127169,0.0,8.126953
126369,2021-07-16,TA10/63,16.592,19.127169,0.0,8.126953
126370,2021-07-16,SU71/23,34.554,19.127169,0.0,8.126953
126371,2021-07-16,ST07/10,55.994,19.127169,0.0,8.126953
126372,2021-07-16,SU81/1,43.053,19.127169,0.0,8.126953
126373,2021-07-16,SK00/41,130.492,19.127169,0.0,8.126953
126374,2021-07-16,SN00/11,8.1184,19.127169,0.0,8.126953
126375,2021-07-16,SP00/62,100.907,19.127169,0.0,8.126953
126376,2021-07-16,SJ62/235,54.879,19.127169,0.0,8.126953
126377,2021-07-16,TQ25/86,96.921,19.127169,0.0,8.126953
126378,2021-07-16,TF81/2A,46.604,19.127169,0.0,8.126953
126379,2021-07-16,TR14/9,72.855,19.127169,0.0,8.126953
126380,2021-07-17,TL33/67,83.23,20.245916,0.0,7.8491907
126381,2021-07-17,TL44/12,41.81,20.245916,0.0,7.8491907
126382,2021-07-17,NY63/2,130.8,20.245916,0.0,7.8491907
126383,2021-07-17,NH95/17,29.37,20.245916,0.0,7.8491907
126384,2021-07-17,ID30/1,113.31,20.245916,0.0,7.8491907
126385,2021-07-17,SE95/6,20.52,20.245916,0.0,7.8491907
126386,2021-07-17,SU17/57,133.78,20.245916,0.0,7.8491907
126387,2021-07-17,SJ15/13,80.30311,20.245916,0.0,7.8491907
126388,2021-07-17,TL33/4,84.02,20.245916,0.0,7.8491907
126389,2021-07-17,NO20/14,36.79,20.245916,0.0,7.8491907
126390,2021-07-17,SU01/5B,76.61,20.245916,0.0,7.8491907
126391,2021-07-17,TA10/63,16.569,20.245916,0.0,7.8491907
126392,2021-07-17,TF81/2A,46.58,20.245916,0.0,7.8491907
126393,2021-07-17,SE94/5,16.721,20.245916,0.0,7.8491907
126394,2021-07-17,ST07/10,55.8914,20.245916,0.0,7.8491907
126395,2021-07-17,SU71/23,34.571,20.245916,0.0,7.8491907
126396,2021-07-17,TF03/37,14.24,20.245916,0.0,7.8491907
126397,2021-07-17,SU81/1,43.141,20.245916,0.0,7.8491907
126398,2021-07-17,SN00/11,8.0822,20.245916,0.0,7.8491907
126399,2021-07-17,TR14/9,72.733,20.245916,0.0,7.8491907
126400,2021-07-17,SJ62/235,54.881,20.245916,0.0,7.8491907
126401,2021-07-17,SP00/62,100.881,20.245916,0.0,7.8491907
126402,2021-07-17,TQ25/86,96.902,20.245916,0.0,7.8491907
126403,2021-07-17,SY68/34,66.743,20.245916,0.0,7.8491907
126404,2021-07-17,SK00/41,130.486,20.245916,0.0,7.8491907
126405,2021-07-18,SE95/6,20.5,19.500086,0.0,7.9957395
126406,2021-07-18,SJ15/13,80.30881,19.500086,0.0,7.9957395
126407,2021-07-18,TL44/12,41.762,19.500086,0.0,7.9957395
126408,2021-07-18,TL33/4,83.96,19.500086,0.0,7.9957395
126409,2021-07-18,ID30/1,113.3,19.500086,0.0,7.9957395
126410,2021-07-18,NO20/14,36.89,19.500086,0.0,7.9957395
126411,2021-07-18,SU17/57,133.72,19.500086,0.0,7.9957395
126412,2021-07-18,SU01/5B,76.54,19.500086,0.0,7.9957395
126413,2021-07-18,NY63/2,130.82,19.500086,0.0,7.9957395
126414,2021-07-18,TL33/67,83.2,19.500086,0.0,7.9957395
126415,2021-07-18,NH95/17,29.37,19.500086,0.0,7.9957395
126416,2021-07-18,ST07/10,55.759,19.500086,0.0,7.9957395
126417,2021-07-18,TF81/2A,46.555,19.500086,0.0,7.9957395
126418,2021-07-18,SN00/11,8.0423,19.500086,0.0,7.9957395
126419,2021-07-18,SE94/5,16.688,19.500086,0.0,7.9957395
126420,2021-07-18,SJ62/235,54.787,19.500086,0.0,7.9957395
126421,2021-07-18,SY68/34,66.714,19.500086,0.0,7.9957395
126422,2021-07-18,SP00/62,100.859,19.500086,0.0,7.9957395
126423,2021-07-18,SU81/1,43.226,19.500086,0.0,7.9957395
126424,2021-07-18,SU71/23,34.385,19.500086,0.0,7.9957395
126425,2021-07-18,TF03/37,14.214,19.500086,0.0,7.9957395
126426,2021-07-18,TQ25/86,96.882,19.500086,0.0,7.9957395
126427,2021-07-18,TA10/63,16.545,19.500086,0.0,7.9957395
126428,2021-07-18,TR14/9,72.618,19.500086,0.0,7.9957395
126429,2021-07-18,SK00/41,130.491,19.500086,0.0,7.9957395
126430,2021-07-19,NO20/14,36.74,20.106333,0.0,4.473934
126431,2021-07-19,TL33/67,83.16,20.106333,0.0,4.473934
126432,2021-07-19,NY63/2,130.82,20.106333,0.0,4.473934
126433,2021-07-19,SE95/6,20.47,20.106333,0.0,4.473934
126434,2021-07-19,SU17/57,133.65,20.106333,0.0,4.473934
126435,2021-07-19,TL44/12,41.715,20.106333,0.0,4.473934
126436,2021-07-19,SJ15/13,80.31603,20.106333,0.0,4.473934
126437,2021-07-19,ID30/1,113.29,20.106333,0.0,4.473934
126438,2021-07-19,NH95/17,29.36,20.106333,0.0,4.473934
126439,2021-07-19,TL33/4,83.91,20.106333,0.0,4.473934
126440,2021-07-19,SU01/5B,76.47,20.106333,0.0,4.473934
126441,2021-07-19,TQ25/86,96.86,20.106333,0.0,4.473934
126442,2021-07-19,ST07/10,55.623,20.106333,0.0,4.473934
126443,2021-07-19,SJ62/235,54.856,20.106333,0.0,4.473934
126444,2021-07-19,SN00/11,7.9999,20.106333,0.0,4.473934
126445,2021-07-19,SE94/5,16.678,20.106333,0.0,4.473934
126446,2021-07-19,SU81/1,43.314,20.106333,0.0,4.473934
126447,2021-07-19,TF03/37,14.152,20.106333,0.0,4.473934
126448,2021-07-19,SU71/23,34.57,20.106333,0.0,4.473934
126449,2021-07-19,SP00/62,100.835,20.106333,0.0,4.473934
126450,2021-07-19,TR14/9,72.509,20.106333,0.0,4.473934
126451,2021-07-19,SK00/41,130.501,20.106333,0.0,4.473934
126452,2021-07-19,TF81/2A,46.527,20.106333,0.0,4.473934
126453,2021-07-19,TA10/63,16.52,20.106333,0.0,4.473934
126454,2021-07-19,SY68/34,66.686,20.106333,0.0,4.473934
126455,2021-07-20,SJ15/13,80.32093,20.275084,0.0,5.6626115
126456,2021-07-20,NH95/17,29.32,20.275084,0.0,5.6626115
126457,2021-07-20,SE95/6,20.45,20.275084,0.0,5.6626115
126458,2021-07-20,NY63/2,130.82,20.275084,0.0,5.6626115
126459,2021-07-20,TL33/4,83.86,20.275084,0.0,5.6626115
126460,2021-07-20,ID30/1,113.28,20.275084,0.0,5.6626115
126461,2021-07-20,SU17/57,133.57,20.275084,0.0,5.6626115
126462,2021-07-20,TL33/67,83.09,20.275084,0.0,5.6626115
126463,2021-07-20,TL44/12,41.666,20.275084,0.0,5.6626115
126464,2021-07-20,SU01/5B,76.4,20.275084,0.0,5.6626115
126465,2021-07-20,NO20/14,36.85,20.275084,0.0,5.6626115
126466,2021-07-20,TR14/9,72.408,20.275084,0.0,5.6626115
126467,2021-07-20,TQ25/86,96.835,20.275084,0.0,5.6626115
126468,2021-07-20,SU71/23,34.64,20.275084,0.0,5.6626115
126469,2021-07-20,TA10/63,16.49,20.275084,0.0,5.6626115
126470,2021-07-20,SJ62/235,54.855,20.275084,0.0,5.6626115
126471,2021-07-20,ST07/10,55.4757,20.275084,0.0,5.6626115
126472,2021-07-20,SP00/62,100.812,20.275084,0.0,5.6626115
126473,2021-07-20,SU81/1,43.389,20.275084,0.0,5.6626115
126474,2021-07-20,SE94/5,16.645,20.275084,0.0,5.6626115
126475,2021-07-20,SY68/34,66.657,20.275084,0.0,5.6626115
126476,2021-07-20,TF81/2A,46.497,20.275084,0.0,5.6626115
126477,2021-07-20,TF03/37,14.107,20.275084,0.0,5.6626115
126478,2021-07-20,SK00/41,130.504,20.275084,0.0,5.6626115
126479,2021-07-20,SN00/11,7.9536,20.275084,0.0,5.6626115
126480,2021-07-21,NY63/2,130.8,20.79175,0.5,5.7049294
126481,2021-07-21,SJ15/13,80.30984,20.79175,0.5,5.7049294
126482,2021-07-21,TL33/4,83.8,20.79175,0.5,5.7049294
126483,2021-07-21,ID30/1,113.27,20.79175,0.5,5.7049294
126484,2021-07-21,TL44/12,41.614,20.79175,0.5,5.7049294
126485,2021-07-21,NH95/17,29.31,20.79175,0.5,5.7049294
126486,2021-07-21,TL33/67,83.02,20.79175,0.5,5.7049294
126487,2021-07-21,SU01/5B,76.33,20.79175,0.5,5.7049294
126488,2021-07-21,SU17/57,133.54,20.79175,0.5,5.7049294
126489,2021-07-21,NO20/14,37.05,20.79175,0.5,5.7049294
126490,2021-07-21,SE95/6,20.42,20.79175,0.5,5.7049294
126491,2021-07-21,SU81/1,43.448,20.79175,0.5,5.7049294
126492,2021-07-21,SP00/62,100.789,20.79175,0.5,5.7049294
126493,2021-07-21,ST07/10,55.3437,20.79175,0.5,5.7049294
126494,2021-07-21,TF03/37,14.04,20.79175,0.5,5.7049294
126495,2021-07-21,SU71/23,34.546,20.79175,0.5,5.7049294
126496,2021-07-21,TF81/2A,46.473,20.79175,0.5,5.7049294
126497,2021-07-21,SJ62/235,54.853,20.79175,0.5,5.7049294
126498,2021-07-21,SY68/34,66.629,20.79175,0.5,5.7049294
126499,2021-07-21,SE94/5,16.609,20.79175,0.5,5.7049294
126500,2021-07-21,TA10/63,16.458,20.79175,0.5,5.7049294
126501,2021-07-21,TR14/9,72.309,20.79175,0.5,5.7049294
126502,2021-07-21,TQ25/86,96.812,20.79175,0.5,5.7049294
126503,2021-07-21,SN00/11,7.9097,20.79175,0.5,5.7049294
126504,2021-07-21,SK00/41,130.494,20.79175,0.5,5.7049294
126505,2021-07-22,SU17/57,133.52,21.681334,0.0,5.8216467
126506,2021-07-22,NY63/2,130.79,21.681334,0.0,5.8216467
126507,2021-07-22,ID30/1,113.26,21.681334,0.0,5.8216467
126508,2021-07-22,TL33/67,82.99,21.681334,0.0,5.8216467
126509,2021-07-22,NO20/14,37.09,21.681334,0.0,5.8216467
126510,2021-07-22,SJ15/13,80.30137,21.681334,0.0,5.8216467
126511,2021-07-22,TL33/4,83.75,21.681334,0.0,5.8216467
126512,2021-07-22,SE95/6,20.39,21.681334,0.0,5.8216467
126513,2021-07-22,NH95/17,29.3,21.681334,0.0,5.8216467
126514,2021-07-22,TL44/12,41.564,21.681334,0.0,5.8216467
126515,2021-07-22,SU01/5B,76.25,21.681334,0.0,5.8216467
126516,2021-07-22,ST07/10,55.2253,21.681334,0.0,5.8216467
126517,2021-07-22,SP00/62,100.77,21.681334,0.0,5.8216467
126518,2021-07-22,TQ25/86,96.793,21.681334,0.0,5.8216467
126519,2021-07-22,SU81/1,43.505,21.681334,0.0,5.8216467
126520,2021-07-22,SK00/41,130.49,21.681334,0.0,5.8216467
126521,2021-07-22,SN00/11,7.8739,21.681334,0.0,5.8216467
126522,2021-07-22,TR14/9,72.189,21.681334,0.0,5.8216467
126523,2021-07-22,SJ62/235,54.856,21.681334,0.0,5.8216467
126524,2021-07-22,SY68/34,66.6,21.681334,0.0,5.8216467
126525,2021-07-22,SE94/5,16.576,21.681334,0.0,5.8216467
126526,2021-07-22,TA10/63,16.432,21.681334,0.0,5.8216467
126527,2021-07-22,TF03/37,14.004,21.681334,0.0,5.8216467
126528,2021-07-22,SU71/23,34.685,21.681334,0.0,5.8216467
126529,2021-07-22,TF81/2A,46.452,21.681334,0.0,5.8216467
126530,2021-07-23,NY63/2,130.79,19.852167,0.2,7.044066
126531,2021-07-23,TL44/12,41.52,19.852167,0.2,7.044066
126532,2021-07-23,NH95/17,29.3,19.852167,0.2,7.044066
126533,2021-07-23,TL33/67,82.98,19.852167,0.2,7.044066
126534,2021-07-23,NO20/14,37.01,19.852167,0.2,7.044066
126535,2021-07-23,SJ15/13,80.30947,19.852167,0.2,7.044066
126536,2021-07-23,SE95/6,20.37,19.852167,0.2,7.044066
126537,2021-07-23,SU01/5B,76.18,19.852167,0.2,7.044066
126538,2021-07-23,TL33/4,83.69,19.852167,0.2,7.044066
126539,2021-07-23,SU17/57,133.45,19.852167,0.2,7.044066
126540,2021-07-23,ID30/1,113.26,19.852167,0.2,7.044066
126541,2021-07-23,TF03/37,14.0,19.852167,0.2,7.044066
126542,2021-07-23,TF81/2A,46.429,19.852167,0.2,7.044066
126543,2021-07-23,SY68/34,66.575,19.852167,0.2,7.044066
126544,2021-07-23,SU81/1,43.586,19.852167,0.2,7.044066
126545,2021-07-23,SJ62/235,54.862,19.852167,0.2,7.044066
126546,2021-07-23,SE94/5,16.541,19.852167,0.2,7.044066
126547,2021-07-23,SP00/62,100.751,19.852167,0.2,7.044066
126548,2021-07-23,TA10/63,16.411,19.852167,0.2,7.044066
126549,2021-07-23,ST07/10,55.1162,19.852167,0.2,7.044066
126550,2021-07-23,TQ25/86,96.772,19.852167,0.2,7.044066
126551,2021-07-23,SU71/23,34.714,19.852167,0.2,7.044066
126552,2021-07-23,TR14/9,72.079,19.852167,0.2,7.044066
126553,2021-07-23,SN00/11,7.846,19.852167,0.2,7.044066
126554,2021-07-23,SK00/41,130.502,19.852167,0.2,7.044066
126555,2021-07-23,TV59/7C,1.8,19.852167,0.2,7.044066
126556,2021-07-24,SJ15/13,80.32619,17.425085,0.0,6.5605574
126557,2021-07-24,TL44/12,41.482,17.425085,0.0,6.5605574
126558,2021-07-24,NY63/2,130.81,17.425085,0.0,6.5605574
126559,2021-07-24,TL33/4,83.64,17.425085,0.0,6.5605574
126560,2021-07-24,SE95/6,20.34,17.425085,0.0,6.5605574
126561,2021-07-24,ID30/1,113.26,17.425085,0.0,6.5605574
126562,2021-07-24,NH95/17,29.3,17.425085,0.0,6.5605574
126563,2021-07-24,SU01/5B,76.11,17.425085,0.0,6.5605574
126564,2021-07-24,TL33/67,82.94,17.425085,0.0,6.5605574
126565,2021-07-24,SU17/57,133.3,17.425085,0.0,6.5605574
126566,2021-07-24,NO20/14,36.75,17.425085,0.0,6.5605574
126567,2021-07-24,SP00/62,100.731,17.425085,0.0,6.5605574
126568,2021-07-24,TF81/2A,46.401,17.425085,0.0,6.5605574
126569,2021-07-24,SE94/5,16.455,17.425085,0.0,6.5605574
126570,2021-07-24,TA10/63,16.389,17.425085,0.0,6.5605574
126571,2021-07-24,TF03/37,13.992,17.425085,0.0,6.5605574
126572,2021-07-24,SK00/41,130.518,17.425085,0.0,6.5605574
126573,2021-07-24,SU81/1,43.667,17.425085,0.0,6.5605574
126574,2021-07-24,SY68/34,66.552,17.425085,0.0,6.5605574
126575,2021-07-24,SJ62/235,54.86,17.425085,0.0,6.5605574
126576,2021-07-24,ST07/10,54.9922,17.425085,0.0,6.5605574
126577,2021-07-24,TQ25/86,96.746,17.425085,0.0,6.5605574
126578,2021-07-24,SN00/11,7.8173,17.425085,0.0,6.5605574
126579,2021-07-24,SU71/23,34.717,17.425085,0.0,6.5605574
126580,2021-07-24,TR14/9,71.972,17.425085,0.0,6.5605574
126581,2021-07-25,SJ15/13,80.32626,16.579248,0.0,6.2110353
126582,2021-07-25,NO20/14,36.64,16.579248,0.0,6.2110353
126583,2021-07-25,NH95/17,29.29,16.579248,0.0,6.2110353
126584,2021-07-25,ID30/1,113.25,16.579248,0.0,6.2110353
126585,2021-07-25,SE95/6,20.31,16.579248,0.0,6.2110353
126586,2021-07-25,TL33/67,82.86,16.579248,0.0,6.2110353
126587,2021-07-25,NY63/2,130.81,16.579248,0.0,6.2110353
126588,2021-07-25,TL44/12,41.433,16.579248,0.0,6.2110353
126589,2021-07-25,TL33/4,83.59,16.579248,0.0,6.2110353
126590,2021-07-25,SU17/57,133.24,16.579248,0.0,6.2110353
126591,2021-07-25,SU01/5B,76.04,16.579248,0.0,6.2110353
126592,2021-07-25,SE94/5,16.444,16.579248,0.0,6.2110353
126593,2021-07-25,SN00/11,7.7953,16.579248,0.0,6.2110353
126594,2021-07-25,TQ25/86,96.724,16.579248,0.0,6.2110353
126595,2021-07-25,SP00/62,100.711,16.579248,0.0,6.2110353
126596,2021-07-25,TR14/9,71.878,16.579248,0.0,6.2110353
126597,2021-07-25,TF81/2A,46.376,16.579248,0.0,6.2110353
126598,2021-07-25,SY68/34,66.525,16.579248,0.0,6.2110353
126599,2021-07-25,TA10/63,16.358,16.579248,0.0,6.2110353
126600,2021-07-25,ST07/10,54.8784,16.579248,0.0,6.2110353
126601,2021-07-25,SK00/41,130.52,16.579248,0.0,6.2110353
126602,2021-07-25,SU71/23,34.762,16.579248,0.0,6.2110353
126603,2021-07-25,SJ62/235,54.851,16.579248,0.0,6.2110353
126604,2021-07-25,SU81/1,43.729,16.579248,0.0,6.2110353
126605,2021-07-25,TF03/37,13.986,16.579248,0.0,6.2110353
126606,2021-07-26,NO20/14,36.59,17.66675,2.6000001,4.7794647
126607,2021-07-26,SJ15/13,80.31567,17.66675,2.6000001,4.7794647
126608,2021-07-26,SU17/57,133.22,17.66675,2.6000001,4.7794647
126609,2021-07-26,NY63/2,130.8,17.66675,2.6000001,4.7794647
126610,2021-07-26,SE95/6,20.29,17.66675,2.6000001,4.7794647
126611,2021-07-26,TL33/4,83.54,17.66675,2.6000001,4.7794647
126612,2021-07-26,TL44/12,41.385,17.66675,2.6000001,4.7794647
126613,2021-07-26,ID30/1,113.23,17.66675,2.6000001,4.7794647
126614,2021-07-26,NH95/17,29.27,17.66675,2.6000001,4.7794647
126615,2021-07-26,TL33/67,82.81,17.66675,2.6000001,4.7794647
126616,2021-07-26,SU01/5B,75.97,17.66675,2.6000001,4.7794647
126617,2021-07-26,SJ62/235,54.848,17.66675,2.6000001,4.7794647
126618,2021-07-26,SN00/11,7.7727,17.66675,2.6000001,4.7794647
126619,2021-07-26,SE94/5,16.412,17.66675,2.6000001,4.7794647
126620,2021-07-26,ST07/10,54.7731,17.66675,2.6000001,4.7794647
126621,2021-07-26,TQ25/86,96.706,17.66675,2.6000001,4.7794647
126622,2021-07-26,TF03/37,13.974,17.66675,2.6000001,4.7794647
126623,2021-07-26,SY68/34,66.5,17.66675,2.6000001,4.7794647
126624,2021-07-26,TF81/2A,46.351,17.66675,2.6000001,4.7794647
126625,2021-07-26,TA10/63,16.334,17.66675,2.6000001,4.7794647
126626,2021-07-26,SP00/62,100.692,17.66675,2.6000001,4.7794647
126627,2021-07-26,SU81/1,43.771,17.66675,2.6000001,4.7794647
126628,2021-07-26,SK00/41,130.516,17.66675,2.6000001,4.7794647
126629,2021-07-26,TR14/9,71.784,17.66675,2.6000001,4.7794647
126630,2021-07-26,SU71/23,35.302,17.66675,2.6000001,4.7794647
126631,2021-07-27,TL44/12,41.337,16.598001,3.0,5.6747437
126632,2021-07-27,SU01/5B,75.88,16.598001,3.0,5.6747437
126633,2021-07-27,ID30/1,113.23,16.598001,3.0,5.6747437
126634,2021-07-27,TL33/67,82.77,16.598001,3.0,5.6747437
126635,2021-07-27,SU17/57,133.18,16.598001,3.0,5.6747437
126636,2021-07-27,NO20/14,36.56,16.598001,3.0,5.6747437
126637,2021-07-27,SJ15/13,80.313,16.598001,3.0,5.6747437
126638,2021-07-27,SE95/6,20.27,16.598001,3.0,5.6747437
126639,2021-07-27,TL33/4,83.49,16.598001,3.0,5.6747437
126640,2021-07-27,NY63/2,130.79,16.598001,3.0,5.6747437
126641,2021-07-27,NH95/17,29.31,16.598001,3.0,5.6747437
126642,2021-07-27,SU71/23,34.832,16.598001,3.0,5.6747437
126643,2021-07-27,TQ25/86,96.687,16.598001,3.0,5.6747437
126644,2021-07-27,SK00/41,130.517,16.598001,3.0,5.6747437
126645,2021-07-27,ST07/10,54.6955,16.598001,3.0,5.6747437
126646,2021-07-27,SU81/1,43.832,16.598001,3.0,5.6747437
126647,2021-07-27,TA10/63,16.308,16.598001,3.0,5.6747437
126648,2021-07-27,SE94/5,16.397,16.598001,3.0,5.6747437
126649,2021-07-27,SN00/11,7.7606,16.598001,3.0,5.6747437
126650,2021-07-27,TF81/2A,46.325,16.598001,3.0,5.6747437
126651,2021-07-27,SJ62/235,54.847,16.598001,3.0,5.6747437
126652,2021-07-27,TR14/9,71.676,16.598001,3.0,5.6747437
126653,2021-07-27,TF03/37,13.947,16.598001,3.0,5.6747437
126654,2021-07-27,SY68/34,66.486,16.598001,3.0,5.6747437
126655,2021-07-27,SP00/62,100.676,16.598001,3.0,5.6747437
126656,2021-07-28,NH95/17,29.47,14.610499,21.199997,10.042895
126657,2021-07-28,SJ15/13,80.3163,14.610499,21.199997,10.042895
126658,2021-07-28,NY63/2,130.81,14.610499,21.199997,10.042895
126659,2021-07-28,TL33/4,83.44,14.610499,21.199997,10.042895
126660,2021-07-28,TL44/12,41.289,14.610499,21.199997,10.042895
126661,2021-07-28,NO20/14,36.72,14.610499,21.199997,10.042895
126662,2021-07-28,SU01/5B,75.8,14.610499,21.199997,10.042895
126663,2021-07-28,SU17/57,133.1,14.610499,21.199997,10.042895
126664,2021-07-28,TL33/67,82.71,14.610499,21.199997,10.042895
126665,2021-07-28,SE95/6,20.25,14.610499,21.199997,10.042895
126666,2021-07-28,ID30/1,113.23,14.610499,21.199997,10.042895
126667,2021-07-28,SU71/23,35.01,14.610499,21.199997,10.042895
126668,2021-07-28,SJ62/235,54.842,14.610499,21.199997,10.042895
126669,2021-07-28,TF03/37,13.895,14.610499,21.199997,10.042895
126670,2021-07-28,SU81/1,43.875,14.610499,21.199997,10.042895
126671,2021-07-28,TQ25/86,96.665,14.610499,21.199997,10.042895
126672,2021-07-28,ST07/10,54.6702,14.610499,21.199997,10.042895
126673,2021-07-28,TR14/9,71.588,14.610499,21.199997,10.042895
126674,2021-07-28,SK00/41,130.519,14.610499,21.199997,10.042895
126675,2021-07-28,SY68/34,66.457,14.610499,21.199997,10.042895
126676,2021-07-28,SE94/5,16.368,14.610499,21.199997,10.042895
126677,2021-07-28,SP00/62,100.662,14.610499,21.199997,10.042895
126678,2021-07-28,SN00/11,7.7511,14.610499,21.199997,10.042895
126679,2021-07-28,TA10/63,16.292,14.610499,21.199997,10.042895
126680,2021-07-28,TF81/2A,46.298,14.610499,21.199997,10.042895
126681,2021-07-28,TM15/112,25.55,14.610499,21.199997,10.042895
126682,2021-07-29,SE95/6,20.23,14.872998,7.2999997,14.574617
126683,2021-07-29,TL33/4,83.38,14.872998,7.2999997,14.574617
126684,2021-07-29,TL33/67,82.65,14.872998,7.2999997,14.574617
126685,2021-07-29,ID30/1,113.27,14.872998,7.2999997,14.574617
126686,2021-07-29,SU01/5B,75.72,14.872998,7.2999997,14.574617
126687,2021-07-29,NH95/17,29.57,14.872998,7.2999997,14.574617
126688,2021-07-29,SJ15/13,80.30578,14.872998,7.2999997,14.574617
126689,2021-07-29,SU17/57,133.07,14.872998,7.2999997,14.574617
126690,2021-07-29,NO20/14,36.79,14.872998,7.2999997,14.574617
126691,2021-07-29,NY63/2,130.8,14.872998,7.2999997,14.574617
126692,2021-07-29,TL44/12,41.237,14.872998,7.2999997,14.574617
126693,2021-07-29,TR14/9,71.487,14.872998,7.2999997,14.574617
126694,2021-07-29,ST07/10,54.6106,14.872998,7.2999997,14.574617
126695,2021-07-29,SK00/41,130.51,14.872998,7.2999997,14.574617
126696,2021-07-29,SE94/5,16.29,14.872998,7.2999997,14.574617
126697,2021-07-29,SP00/62,100.646,14.872998,7.2999997,14.574617
126698,2021-07-29,TQ25/86,96.645,14.872998,7.2999997,14.574617
126699,2021-07-29,SU81/1,43.897,14.872998,7.2999997,14.574617
126700,2021-07-29,SN00/11,7.7568,14.872998,7.2999997,14.574617
126701,2021-07-29,SY68/34,66.431,14.872998,7.2999997,14.574617
126702,2021-07-29,SU71/23,35.035,14.872998,7.2999997,14.574617
126703,2021-07-29,SJ62/235,54.838,14.872998,7.2999997,14.574617
126704,2021-07-29,TF03/37,13.836,14.872998,7.2999997,14.574617
126705,2021-07-29,TF81/2A,46.276,14.872998,7.2999997,14.574617
126706,2021-07-30,TL44/12,41.189,14.593833,9.700001,7.008676
126707,2021-07-30,NH95/17,29.59,14.593833,9.700001,7.008676
126708,2021-07-30,ID30/1,113.23,14.593833,9.700001,7.008676
126709,2021-07-30,SU17/57,133.0,14.593833,9.700001,7.008676
126710,2021-07-30,SJ15/13,80.30589,14.593833,9.700001,7.008676
126711,2021-07-30,SE95/6,20.21,14.593833,9.700001,7.008676
126712,2021-07-30,NO20/14,36.78,14.593833,9.700001,7.008676
126713,2021-07-30,TL33/67,82.6,14.593833,9.700001,7.008676
126714,2021-07-30,TL33/4,83.33,14.593833,9.700001,7.008676
126715,2021-07-30,SU01/5B,75.64,14.593833,9.700001,7.008676
126716,2021-07-30,NY63/2,130.77,14.593833,9.700001,7.008676
126717,2021-07-30,SJ62/235,54.825,14.593833,9.700001,7.008676
126718,2021-07-30,SY68/34,66.406,14.593833,9.700001,7.008676
126719,2021-07-30,SU71/23,35.07,14.593833,9.700001,7.008676
126720,2021-07-30,SK00/41,130.514,14.593833,9.700001,7.008676
126721,2021-07-30,TR14/9,71.305,14.593833,9.700001,7.008676
126722,2021-07-30,TF81/2A,46.245,14.593833,9.700001,7.008676
126723,2021-07-30,TF03/37,13.818,14.593833,9.700001,7.008676
126724,2021-07-30,SU81/1,43.919,14.593833,9.700001,7.008676
126725,2021-07-30,SE94/5,16.287,14.593833,9.700001,7.008676
126726,2021-07-30,SP00/62,100.63,14.593833,9.700001,7.008676
126727,2021-07-30,TQ25/86,96.624,14.593833,9.700001,7.008676
126728,2021-07-30,SN00/11,7.8845,14.593833,9.700001,7.008676
126729,2021-07-30,ST07/10,54.7318,14.593833,9.700001,7.008676
126730,2021-07-31,SE95/6,20.21,15.085499,1.6000001,10.455595
126731,2021-07-31,ID30/1,113.22,15.085499,1.6000001,10.455595
126732,2021-07-31,NH95/17,29.58,15.085499,1.6000001,10.455595
126733,2021-07-31,NY63/2,130.76,15.085499,1.6000001,10.455595
126734,2021-07-31,TL33/67,82.53,15.085499,1.6000001,10.455595
126735,2021-07-31,TL44/12,41.137,15.085499,1.6000001,10.455595
126736,2021-07-31,SU01/5B,75.56,15.085499,1.6000001,10.455595
126737,2021-07-31,SU17/57,132.99,15.085499,1.6000001,10.455595
126738,2021-07-31,TL33/4,83.28,15.085499,1.6000001,10.455595
126739,2021-07-31,NO20/14,36.78,15.085499,1.6000001,10.455595
126740,2021-07-31,SJ15/13,80.285,15.085499,1.6000001,10.455595
126741,2021-07-31,SY68/34,66.38,15.085499,1.6000001,10.455595
126742,2021-07-31,ST07/10,54.6553,15.085499,1.6000001,10.455595
126743,2021-07-31,TF81/2A,46.258,15.085499,1.6000001,10.455595
126744,2021-07-31,SP00/62,100.618,15.085499,1.6000001,10.455595
126745,2021-07-31,TF03/37,13.799,15.085499,1.6000001,10.455595
126746,2021-07-31,TQ25/86,96.602,15.085499,1.6000001,10.455595
126747,2021-07-31,SJ62/235,54.825,15.085499,1.6000001,10.455595
126748,2021-07-31,SE94/5,16.234,15.085499,1.6000001,10.455595
126749,2021-07-31,SN00/11,7.9156,15.085499,1.6000001,10.455595
126750,2021-07-31,SU81/1,43.92,15.085499,1.6000001,10.455595
126751,2021-07-31,SU71/23,35.101,15.085499,1.6000001,10.455595
126752,2021-07-31,SK00/41,130.496,15.085499,1.6000001,10.455595
126753,2021-07-31,TR14/9,71.215,15.085499,1.6000001,10.455595
126754,2021-08-01,SJ15/13,80.2703,14.425082,1.4000001,7.119359
126755,2021-08-01,SU01/5B,75.47,14.425082,1.4000001,7.119359
126756,2021-08-01,NO20/14,36.75,14.425082,1.4000001,7.119359
126757,2021-08-01,TL33/67,82.46,14.425082,1.4000001,7.119359
126758,2021-08-01,SU17/57,132.97,14.425082,1.4000001,7.119359
126759,2021-08-01,NY63/2,130.74,14.425082,1.4000001,7.119359
126760,2021-08-01,NH95/17,29.57,14.425082,1.4000001,7.119359
126761,2021-08-01,ID30/1,113.22,14.425082,1.4000001,7.119359
126762,2021-08-01,TL44/12,41.083,14.425082,1.4000001,7.119359
126763,2021-08-01,SE95/6,20.19,14.425082,1.4000001,7.119359
126764,2021-08-01,TL33/4,83.23,14.425082,1.4000001,7.119359
126765,2021-08-01,TF81/2A,46.188,14.425082,1.4000001,7.119359
126766,2021-08-01,SN00/11,7.914,14.425082,1.4000001,7.119359
126767,2021-08-01,TQ25/86,96.582,14.425082,1.4000001,7.119359
126768,2021-08-01,SP00/62,100.604,14.425082,1.4000001,7.119359
126769,2021-08-01,SJ62/235,54.817,14.425082,1.4000001,7.119359
126770,2021-08-01,TF03/37,13.777,14.425082,1.4000001,7.119359
126771,2021-08-01,TR14/9,71.117,14.425082,1.4000001,7.119359
126772,2021-08-01,ST07/10,54.7852,14.425082,1.4000001,7.119359
126773,2021-08-01,SK00/41,130.48,14.425082,1.4000001,7.119359
126774,2021-08-01,SU81/1,43.915,14.425082,1.4000001,7.119359
126775,2021-08-01,SU71/23,35.446,14.425082,1.4000001,7.119359
126776,2021-08-01,SE94/5,16.207,14.425082,1.4000001,7.119359
126777,2021-08-01,SY68/34,66.353,14.425082,1.4000001,7.119359
126778,2021-08-02,SU17/57,132.96,14.002166,0.0,7.439712
126779,2021-08-02,NO20/14,36.74,14.002166,0.0,7.439712
126780,2021-08-02,NH95/17,29.57,14.002166,0.0,7.439712
126781,2021-08-02,SE95/6,20.16,14.002166,0.0,7.439712
126782,2021-08-02,NY63/2,130.72,14.002166,0.0,7.439712
126783,2021-08-02,TL44/12,41.03,14.002166,0.0,7.439712
126784,2021-08-02,SU01/5B,75.39,14.002166,0.0,7.439712
126785,2021-08-02,ID30/1,113.21,14.002166,0.0,7.439712
126786,2021-08-02,SJ15/13,80.25063,14.002166,0.0,7.439712
126787,2021-08-02,TL33/4,83.18,14.002166,0.0,7.439712
126788,2021-08-02,TL33/67,82.42,14.002166,0.0,7.439712
126789,2021-08-02,ST07/10,54.6974,14.002166,0.0,7.439712
126790,2021-08-02,SY68/34,66.327,14.002166,0.0,7.439712
126791,2021-08-02,SN00/11,7.901,14.002166,0.0,7.439712
126792,2021-08-02,SJ62/235,54.819,14.002166,0.0,7.439712
126793,2021-08-02,TF81/2A,46.163,14.002166,0.0,7.439712
126794,2021-08-02,SU71/23,35.463,14.002166,0.0,7.439712
126795,2021-08-02,SE94/5,16.194,14.002166,0.0,7.439712
126796,2021-08-02,TQ25/86,96.562,14.002166,0.0,7.439712
126797,2021-08-02,TR14/9,71.024,14.002166,0.0,7.439712
126798,2021-08-02,TF03/37,13.768,14.002166,0.0,7.439712
126799,2021-08-02,SK00/41,130.469,14.002166,0.0,7.439712
126800,2021-08-02,SP00/62,100.59,14.002166,0.0,7.439712
126801,2021-08-02,SU81/1,43.904,14.002166,0.0,7.439712
126802,2021-08-03,TL44/12,40.981,14.158418,0.1,6.0891967
126803,2021-08-03,SU17/57,132.91,14.158418,0.1,6.0891967
126804,2021-08-03,SU01/5B,75.29,14.158418,0.1,6.0891967
126805,2021-08-03,NY63/2,130.72,14.158418,0.1,6.0891967
126806,2021-08-03,ID30/1,113.2,14.158418,0.1,6.0891967
126807,2021-08-03,SJ15/13,80.24822,14.158418,0.1,6.0891967
126808,2021-08-03,SE95/6,20.15,14.158418,0.1,6.0891967
126809,2021-08-03,NH95/17,29.55,14.158418,0.1,6.0891967
126810,2021-08-03,TL33/4,83.12,14.158418,0.1,6.0891967
126811,2021-08-03,TL33/67,82.38,14.158418,0.1,6.0891967
126812,2021-08-03,NO20/14,36.71,14.158418,0.1,6.0891967
126813,2021-08-03,TF03/37,13.718,14.158418,0.1,6.0891967
126814,2021-08-03,SE94/5,16.161,14.158418,0.1,6.0891967
126815,2021-08-03,SP00/62,100.576,14.158418,0.1,6.0891967
126816,2021-08-03,SK00/41,130.467,14.158418,0.1,6.0891967
126817,2021-08-03,TQ25/86,96.539,14.158418,0.1,6.0891967
126818,2021-08-03,TR14/9,70.932,14.158418,0.1,6.0891967
126819,2021-08-03,SU81/1,43.889,14.158418,0.1,6.0891967
126820,2021-08-03,SN00/11,7.8778,14.158418,0.1,6.0891967
126821,2021-08-03,ST07/10,54.5662,14.158418,0.1,6.0891967
126822,2021-08-03,SJ62/235,54.818,14.158418,0.1,6.0891967
126823,2021-08-03,SU71/23,35.055,14.158418,0.1,6.0891967
126824,2021-08-03,TF81/2A,46.138,14.158418,0.1,6.0891967
126825,2021-08-03,SY68/34,66.3,14.158418,0.1,6.0891967
126826,2021-08-04,SU01/5B,75.21,15.623,0.5,9.338352
126827,2021-08-04,TL33/4,83.07,15.623,0.5,9.338352
126828,2021-08-04,TL33/67,82.35,15.623,0.5,9.338352
126829,2021-08-04,NO20/14,36.72,15.623,0.5,9.338352
126830,2021-08-04,SJ15/13,80.24585,15.623,0.5,9.338352
126831,2021-08-04,TL44/12,40.932,15.623,0.5,9.338352
126832,2021-08-04,NY63/2,130.72,15.623,0.5,9.338352
126833,2021-08-04,SU17/57,132.87,15.623,0.5,9.338352
126834,2021-08-04,NH95/17,29.54,15.623,0.5,9.338352
126835,2021-08-04,ID30/1,113.18,15.623,0.5,9.338352
126836,2021-08-04,SE95/6,20.13,15.623,0.5,9.338352
126837,2021-08-04,SN00/11,7.8511,15.623,0.5,9.338352
126838,2021-08-04,ST07/10,54.4393,15.623,0.5,9.338352
126839,2021-08-04,SP00/62,100.563,15.623,0.5,9.338352
126840,2021-08-04,SU71/23,35.384,15.623,0.5,9.338352
126841,2021-08-04,SU81/1,43.871,15.623,0.5,9.338352
126842,2021-08-04,TR14/9,70.835,15.623,0.5,9.338352
126843,2021-08-04,SE94/5,16.133,15.623,0.5,9.338352
126844,2021-08-04,SK00/41,130.469,15.623,0.5,9.338352
126845,2021-08-04,TF03/37,13.684,15.623,0.5,9.338352
126846,2021-08-04,TQ25/86,96.522,15.623,0.5,9.338352
126847,2021-08-04,SJ62/235,54.82,15.623,0.5,9.338352
126848,2021-08-04,SY68/34,66.273,15.623,0.5,9.338352
126849,2021-08-04,TF81/2A,46.121,15.623,0.5,9.338352
126850,2021-08-05,SE95/6,20.12,16.373,3.1999998,18.519682
126851,2021-08-05,NH95/17,29.55,16.373,3.1999998,18.519682
126852,2021-08-05,SU17/57,132.81,16.373,3.1999998,18.519682
126853,2021-08-05,NO20/14,36.76,16.373,3.1999998,18.519682
126854,2021-08-05,ID30/1,113.39,16.373,3.1999998,18.519682
126855,2021-08-05,SU01/5B,75.13,16.373,3.1999998,18.519682
126856,2021-08-05,NY63/2,130.73,16.373,3.1999998,18.519682
126857,2021-08-05,SJ15/13,80.26053,16.373,3.1999998,18.519682
126858,2021-08-05,TL33/67,82.38,16.373,3.1999998,18.519682
126859,2021-08-05,TL33/4,83.02,16.373,3.1999998,18.519682
126860,2021-08-05,TL44/12,40.893,16.373,3.1999998,18.519682
126861,2021-08-05,ST07/10,54.4792,16.373,3.1999998,18.519682
126862,2021-08-05,TQ25/86,96.497,16.373,3.1999998,18.519682
126863,2021-08-05,SK00/41,130.498,16.373,3.1999998,18.519682
126864,2021-08-05,SU71/23,35.517,16.373,3.1999998,18.519682
126865,2021-08-05,SJ62/235,54.84,16.373,3.1999998,18.519682
126866,2021-08-05,SN00/11,7.8095,16.373,3.1999998,18.519682
126867,2021-08-05,SY68/34,66.25,16.373,3.1999998,18.519682
126868,2021-08-05,TR14/9,70.768,16.373,3.1999998,18.519682
126869,2021-08-05,SP00/62,100.555,16.373,3.1999998,18.519682
126870,2021-08-05,TF81/2A,46.095,16.373,3.1999998,18.519682
126871,2021-08-05,SE94/5,16.099,16.373,3.1999998,18.519682
126872,2021-08-05,SU81/1,43.878,16.373,3.1999998,18.519682
126873,2021-08-05,TF03/37,13.688,16.373,3.1999998,18.519682
126874,2021-08-06,NY63/2,130.78,15.49175,13.700002,14.225531
126875,2021-08-06,SU17/57,132.62,15.49175,13.700002,14.225531
126876,2021-08-06,TL33/4,82.97,15.49175,13.700002,14.225531
126877,2021-08-06,TL44/12,40.85,15.49175,13.700002,14.225531
126878,2021-08-06,SJ15/13,80.30467,15.49175,13.700002,14.225531
126879,2021-08-06,TL33/67,82.28,15.49175,13.700002,14.225531
126880,2021-08-06,SE95/6,20.11,15.49175,13.700002,14.225531
126881,2021-08-06,NO20/14,36.8,15.49175,13.700002,14.225531
126882,2021-08-06,SU01/5B,75.06,15.49175,13.700002,14.225531
126883,2021-08-06,NH95/17,29.55,15.49175,13.700002,14.225531
126884,2021-08-06,ID30/1,113.46,15.49175,13.700002,14.225531
126885,2021-08-06,SJ62/235,54.828,15.49175,13.700002,14.225531
126886,2021-08-06,SY68/34,66.226,15.49175,13.700002,14.225531
126887,2021-08-06,TQ25/86,96.487,15.49175,13.700002,14.225531
126888,2021-08-06,SU71/23,35.532,15.49175,13.700002,14.225531
126889,2021-08-06,SK00/41,130.515,15.49175,13.700002,14.225531
126890,2021-08-06,TF81/2A,46.069,15.49175,13.700002,14.225531
126891,2021-08-06,SN00/11,7.7729,15.49175,13.700002,14.225531
126892,2021-08-06,SE94/5,16.068,15.49175,13.700002,14.225531
126893,2021-08-06,ST07/10,54.7504,15.49175,13.700002,14.225531
126894,2021-08-06,TF03/37,13.64,15.49175,13.700002,14.225531
126895,2021-08-06,SP00/62,100.547,15.49175,13.700002,14.225531
126896,2021-08-06,SU81/1,43.865,15.49175,13.700002,14.225531
126897,2021-08-06,TR14/9,70.683,15.49175,13.700002,14.225531
126898,2021-08-07,TL33/4,82.93,14.537583,5.899999,16.591452
126899,2021-08-07,SJ15/13,80.29748,14.537583,5.899999,16.591452
126900,2021-08-07,NY63/2,130.77,14.537583,5.899999,16.591452
126901,2021-08-07,TL44/12,40.806,14.537583,5.899999,16.591452
126902,2021-08-07,NH95/17,29.55,14.537583,5.899999,16.591452
126903,2021-08-07,ID30/1,113.41,14.537583,5.899999,16.591452
126904,2021-08-07,SE95/6,20.08,14.537583,5.899999,16.591452
126905,2021-08-07,TL33/67,82.21,14.537583,5.899999,16.591452
126906,2021-08-07,SU17/57,132.61,14.537583,5.899999,16.591452
126907,2021-08-07,SU01/5B,74.98,14.537583,5.899999,16.591452
126908,2021-08-07,NO20/14,36.77,14.537583,5.899999,16.591452
126909,2021-08-07,TR14/9,70.608,14.537583,5.899999,16.591452
126910,2021-08-07,SN00/11,7.7619,14.537583,5.899999,16.591452
126911,2021-08-07,SE94/5,15.989,14.537583,5.899999,16.591452
126912,2021-08-07,TQ25/86,96.472,14.537583,5.899999,16.591452
126913,2021-08-07,ST07/10,54.6347,14.537583,5.899999,16.591452
126914,2021-08-07,SJ62/235,54.812,14.537583,5.899999,16.591452
126915,2021-08-07,TF03/37,13.612,14.537583,5.899999,16.591452
126916,2021-08-07,SK00/41,130.511,14.537583,5.899999,16.591452
126917,2021-08-07,SP00/62,100.538,14.537583,5.899999,16.591452
126918,2021-08-07,SU81/1,43.896,14.537583,5.899999,16.591452
126919,2021-08-07,SY68/34,66.202,14.537583,5.899999,16.591452
126920,2021-08-07,TF81/2A,46.037,14.537583,5.899999,16.591452
126921,2021-08-07,SU71/23,35.571,14.537583,5.899999,16.591452
126922,2021-08-08,NH95/17,29.53,14.929249,23.400002,10.293402
126923,2021-08-08,NY63/2,130.75,14.929249,23.400002,10.293402
126924,2021-08-08,SE95/6,20.08,14.929249,23.400002,10.293402
126925,2021-08-08,TL44/12,40.755,14.929249,23.400002,10.293402
126926,2021-08-08,NO20/14,36.73,14.929249,23.400002,10.293402
126927,2021-08-08,TL33/4,82.87,14.929249,23.400002,10.293402
126928,2021-08-08,TL33/67,82.1,14.929249,23.400002,10.293402
126929,2021-08-08,ID30/1,113.62,14.929249,23.400002,10.293402
126930,2021-08-08,SU17/57,132.59,14.929249,23.400002,10.293402
126931,2021-08-08,SU01/5B,74.9,14.929249,23.400002,10.293402
126932,2021-08-08,SJ15/13,80.28837,14.929249,23.400002,10.293402
126933,2021-08-08,SU71/23,35.622,14.929249,23.400002,10.293402
126934,2021-08-08,SK00/41,130.485,14.929249,23.400002,10.293402
126935,2021-08-08,SU81/1,43.916,14.929249,23.400002,10.293402
126936,2021-08-08,TR14/9,70.536,14.929249,23.400002,10.293402
126937,2021-08-08,SY68/34,66.18,14.929249,23.400002,10.293402
126938,2021-08-08,SE94/5,16.01,14.929249,23.400002,10.293402
126939,2021-08-08,TQ25/86,96.47,14.929249,23.400002,10.293402
126940,2021-08-08,ST07/10,54.7711,14.929249,23.400002,10.293402
126941,2021-08-08,SJ62/235,54.803,14.929249,23.400002,10.293402
126942,2021-08-08,TF03/37,13.581,14.929249,23.400002,10.293402
126943,2021-08-08,SN00/11,7.7378,14.929249,23.400002,10.293402
126944,2021-08-08,TF81/2A,46.008,14.929249,23.400002,10.293402
126945,2021-08-08,SP00/62,100.528,14.929249,23.400002,10.293402
126946,2021-08-09,NH95/17,29.52,14.791749,6.299999,9.085613
126947,2021-08-09,TL33/67,82.05,14.791749,6.299999,9.085613
126948,2021-08-09,TL44/12,40.701,14.791749,6.299999,9.085613
126949,2021-08-09,SU01/5B,74.81,14.791749,6.299999,9.085613
126950,2021-08-09,SJ15/13,80.25219,14.791749,6.299999,9.085613
126951,2021-08-09,NY63/2,130.71,14.791749,6.299999,9.085613
126952,2021-08-09,SU17/57,132.64,14.791749,6.299999,9.085613
126953,2021-08-09,SE95/6,20.07,14.791749,6.299999,9.085613
126954,2021-08-09,ID30/1,113.89,14.791749,6.299999,9.085613
126955,2021-08-09,TL33/4,82.82,14.791749,6.299999,9.085613
126956,2021-08-09,NO20/14,36.69,14.791749,6.299999,9.085613
126957,2021-08-09,SE94/5,15.982,14.791749,6.299999,9.085613
126958,2021-08-09,SY68/34,66.16,14.791749,6.299999,9.085613
126959,2021-08-09,ST07/10,55.2969,14.791749,6.299999,9.085613
126960,2021-08-09,TF03/37,13.568,14.791749,6.299999,9.085613
126961,2021-08-09,TR14/9,70.457,14.791749,6.299999,9.085613
126962,2021-08-09,SP00/62,100.519,14.791749,6.299999,9.085613
126963,2021-08-09,SN00/11,7.7221,14.791749,6.299999,9.085613
126964,2021-08-09,SK00/41,130.46,14.791749,6.299999,9.085613
126965,2021-08-09,TQ25/86,96.464,14.791749,6.299999,9.085613
126966,2021-08-09,TF81/2A,45.981,14.791749,6.299999,9.085613
126967,2021-08-09,SU71/23,35.7,14.791749,6.299999,9.085613
126968,2021-08-09,SJ62/235,54.801,14.791749,6.299999,9.085613
126969,2021-08-09,SU81/1,43.942,14.791749,6.299999,9.085613
126970,2021-08-10,SU01/5B,74.71,15.041751,5.8999996,6.729946
126971,2021-08-10,SJ15/13,80.23015,15.041751,5.8999996,6.729946
126972,2021-08-10,SU17/57,132.64,15.041751,5.8999996,6.729946
126973,2021-08-10,TL33/4,82.77,15.041751,5.8999996,6.729946
126974,2021-08-10,NH95/17,29.52,15.041751,5.8999996,6.729946
126975,2021-08-10,NO20/14,36.69,15.041751,5.8999996,6.729946
126976,2021-08-10,TL44/12,40.65,15.041751,5.8999996,6.729946
126977,2021-08-10,SE95/6,20.05,15.041751,5.8999996,6.729946
126978,2021-08-10,TL33/67,81.99,15.041751,5.8999996,6.729946
126979,2021-08-10,NY63/2,130.69,15.041751,5.8999996,6.729946
126980,2021-08-10,ID30/1,113.77,15.041751,5.8999996,6.729946
126981,2021-08-10,SY68/34,66.132,15.041751,5.8999996,6.729946
126982,2021-08-10,SU71/23,35.842,15.041751,5.8999996,6.729946
126983,2021-08-10,SP00/62,100.509,15.041751,5.8999996,6.729946
126984,2021-08-10,TF81/2A,45.955,15.041751,5.8999996,6.729946
126985,2021-08-10,TR14/9,70.361,15.041751,5.8999996,6.729946
126986,2021-08-10,ST07/10,55.4204,15.041751,5.8999996,6.729946
126987,2021-08-10,SJ62/235,54.796,15.041751,5.8999996,6.729946
126988,2021-08-10,SN00/11,7.6992,15.041751,5.8999996,6.729946
126989,2021-08-10,TQ25/86,96.456,15.041751,5.8999996,6.729946
126990,2021-08-10,SE94/5,15.963,15.041751,5.8999996,6.729946
126991,2021-08-10,SU81/1,44.029,15.041751,5.8999996,6.729946
126992,2021-08-10,TF03/37,13.523,15.041751,5.8999996,6.729946
126993,2021-08-10,SK00/41,130.443,15.041751,5.8999996,6.729946
126994,2021-08-11,NH95/17,29.54,15.158417,4.1,14.787247
126995,2021-08-11,TL44/12,40.601,15.158417,4.1,14.787247
126996,2021-08-11,SE95/6,20.04,15.158417,4.1,14.787247
126997,2021-08-11,SU01/5B,74.63,15.158417,4.1,14.787247
126998,2021-08-11,NO20/14,36.72,15.158417,4.1,14.787247
126999,2021-08-11,TL33/4,82.72,15.158417,4.1,14.787247
127000,2021-08-11,ID30/1,113.65,15.158417,4.1,14.787247
127001,2021-08-11,SU17/57,132.64,15.158417,4.1,14.787247
127002,2021-08-11,SJ15/13,80.21222,15.158417,4.1,14.787247
127003,2021-08-11,TL33/67,81.96,15.158417,4.1,14.787247
127004,2021-08-11,NY63/2,130.67,15.158417,4.1,14.787247
127005,2021-08-11,TF03/37,13.497,15.158417,4.1,14.787247
127006,2021-08-11,SU71/23,35.957,15.158417,4.1,14.787247
127007,2021-08-11,TF81/2A,45.93,15.158417,4.1,14.787247
127008,2021-08-11,TQ25/86,96.445,15.158417,4.1,14.787247
127009,2021-08-11,SU81/1,44.096,15.158417,4.1,14.787247
127010,2021-08-11,SY68/34,66.108,15.158417,4.1,14.787247
127011,2021-08-11,TR14/9,70.273,15.158417,4.1,14.787247
127012,2021-08-11,SP00/62,100.499,15.158417,4.1,14.787247
127013,2021-08-11,SN00/11,7.694,15.158417,4.1,14.787247
127014,2021-08-11,SK00/41,130.432,15.158417,4.1,14.787247
127015,2021-08-11,SJ62/235,54.796,15.158417,4.1,14.787247
127016,2021-08-11,ST07/10,55.3592,15.158417,4.1,14.787247
127017,2021-08-11,SE94/5,15.939,15.158417,4.1,14.787247
127018,2021-08-12,SE95/6,20.05,14.783418,0.3,16.485996
127019,2021-08-12,TL44/12,40.554,14.783418,0.3,16.485996
127020,2021-08-12,TL33/67,81.9,14.783418,0.3,16.485996
127021,2021-08-12,NY63/2,130.67,14.783418,0.3,16.485996
127022,2021-08-12,TL33/4,82.67,14.783418,0.3,16.485996
127023,2021-08-12,SU17/57,132.6,14.783418,0.3,16.485996
127024,2021-08-12,NO20/14,36.73,14.783418,0.3,16.485996
127025,2021-08-12,ID30/1,113.56,14.783418,0.3,16.485996
127026,2021-08-12,SU01/5B,74.55,14.783418,0.3,16.485996
127027,2021-08-12,NH95/17,29.56,14.783418,0.3,16.485996
127028,2021-08-12,SJ15/13,80.21022,14.783418,0.3,16.485996
127029,2021-08-12,TF03/37,13.461,14.783418,0.3,16.485996
127030,2021-08-12,SU81/1,44.157,14.783418,0.3,16.485996
127031,2021-08-12,SN00/11,7.6763,14.783418,0.3,16.485996
127032,2021-08-12,SU71/23,36.123,14.783418,0.3,16.485996
127033,2021-08-12,SK00/41,130.427,14.783418,0.3,16.485996
127034,2021-08-12,SJ62/235,54.793,14.783418,0.3,16.485996
127035,2021-08-12,TR14/9,70.185,14.783418,0.3,16.485996
127036,2021-08-12,TQ25/86,96.43,14.783418,0.3,16.485996
127037,2021-08-12,TF81/2A,45.903,14.783418,0.3,16.485996
127038,2021-08-12,SP00/62,100.489,14.783418,0.3,16.485996
127039,2021-08-12,SY68/34,66.084,14.783418,0.3,16.485996
127040,2021-08-12,SE94/5,15.918,14.783418,0.3,16.485996
127041,2021-08-12,ST07/10,55.228,14.783418,0.3,16.485996
127042,2021-08-13,ID30/1,113.46,14.900082,2.6,15.917604
127043,2021-08-13,NH95/17,29.57,14.900082,2.6,15.917604
127044,2021-08-13,SU17/57,132.58,14.900082,2.6,15.917604
127045,2021-08-13,NO20/14,36.72,14.900082,2.6,15.917604
127046,2021-08-13,SJ15/13,80.2033,14.900082,2.6,15.917604
127047,2021-08-13,TL44/12,40.507,14.900082,2.6,15.917604
127048,2021-08-13,SE95/6,20.01,14.900082,2.6,15.917604
127049,2021-08-13,TL33/67,81.85,14.900082,2.6,15.917604
127050,2021-08-13,TL33/4,82.62,14.900082,2.6,15.917604
127051,2021-08-13,NY63/2,130.67,14.900082,2.6,15.917604
127052,2021-08-13,SU01/5B,74.47,14.900082,2.6,15.917604
127053,2021-08-13,SK00/41,130.419,14.900082,2.6,15.917604
127054,2021-08-13,SY68/34,66.061,14.900082,2.6,15.917604
127055,2021-08-13,TR14/9,70.084,14.900082,2.6,15.917604
127056,2021-08-13,TF03/37,13.414,14.900082,2.6,15.917604
127057,2021-08-13,SU71/23,36.262,14.900082,2.6,15.917604
127058,2021-08-13,SU81/1,44.209,14.900082,2.6,15.917604
127059,2021-08-13,ST07/10,55.1259,14.900082,2.6,15.917604
127060,2021-08-13,SN00/11,7.6548,14.900082,2.6,15.917604
127061,2021-08-13,TQ25/86,96.415,14.900082,2.6,15.917604
127062,2021-08-13,SE94/5,15.833,14.900082,2.6,15.917604
127063,2021-08-13,SJ62/235,54.788,14.900082,2.6,15.917604
127064,2021-08-13,SP00/62,100.48,14.900082,2.6,15.917604
127065,2021-08-13,TF81/2A,45.881,14.900082,2.6,15.917604
127066,2021-08-13,TV59/7C,1.6,14.900082,2.6,15.917604
127067,2021-08-14,SJ15/13,80.19096,14.689667,0.70000005,11.12169
127068,2021-08-14,TL33/4,82.57,14.689667,0.70000005,11.12169
127069,2021-08-14,TL33/67,81.83,14.689667,0.70000005,11.12169
127070,2021-08-14,TL44/12,40.465,14.689667,0.70000005,11.12169
127071,2021-08-14,NY63/2,130.66,14.689667,0.70000005,11.12169
127072,2021-08-14,SE95/6,19.99,14.689667,0.70000005,11.12169
127073,2021-08-14,SU17/57,132.56,14.689667,0.70000005,11.12169
127074,2021-08-14,NH95/17,29.54,14.689667,0.70000005,11.12169
127075,2021-08-14,ID30/1,113.37,14.689667,0.70000005,11.12169
127076,2021-08-14,SU01/5B,74.4,14.689667,0.70000005,11.12169
127077,2021-08-14,NO20/14,36.71,14.689667,0.70000005,11.12169
127078,2021-08-14,SU71/23,36.394,14.689667,0.70000005,11.12169
127079,2021-08-14,SN00/11,7.6476,14.689667,0.70000005,11.12169
127080,2021-08-14,SU81/1,44.276,14.689667,0.70000005,11.12169
127081,2021-08-14,SJ62/235,54.792,14.689667,0.70000005,11.12169
127082,2021-08-14,TQ25/86,96.401,14.689667,0.70000005,11.12169
127083,2021-08-14,ST07/10,55.0124,14.689667,0.70000005,11.12169
127084,2021-08-14,TF03/37,13.403,14.689667,0.70000005,11.12169
127085,2021-08-14,TF81/2A,45.86,14.689667,0.70000005,11.12169
127086,2021-08-14,SY68/34,66.037,14.689667,0.70000005,11.12169
127087,2021-08-14,SE94/5,15.793,14.689667,0.70000005,11.12169
127088,2021-08-14,SK00/41,130.418,14.689667,0.70000005,11.12169
127089,2021-08-14,SP00/62,100.472,14.689667,0.70000005,11.12169
127090,2021-08-14,TR14/9,70.002,14.689667,0.70000005,11.12169
127091,2021-08-15,NO20/14,36.72,14.052166,4.3,9.750621
127092,2021-08-15,TL33/67,81.81,14.052166,4.3,9.750621
127093,2021-08-15,NH95/17,29.56,14.052166,4.3,9.750621
127094,2021-08-15,TL44/12,40.428,14.052166,4.3,9.750621
127095,2021-08-15,SU17/57,132.47,14.052166,4.3,9.750621
127096,2021-08-15,NY63/2,130.66,14.052166,4.3,9.750621
127097,2021-08-15,TL33/4,82.52,14.052166,4.3,9.750621
127098,2021-08-15,SU01/5B,74.35,14.052166,4.3,9.750621
127099,2021-08-15,SJ15/13,80.20411,14.052166,4.3,9.750621
127100,2021-08-15,ID30/1,113.33,14.052166,4.3,9.750621
127101,2021-08-15,SE95/6,19.99,14.052166,4.3,9.750621
127102,2021-08-15,SY68/34,66.013,14.052166,4.3,9.750621
127103,2021-08-15,SE94/5,15.774,14.052166,4.3,9.750621
127104,2021-08-15,SK00/41,130.431,14.052166,4.3,9.750621
127105,2021-08-15,TF81/2A,45.83,14.052166,4.3,9.750621
127106,2021-08-15,SN00/11,7.6377,14.052166,4.3,9.750621
127107,2021-08-15,TQ25/86,96.375,14.052166,4.3,9.750621
127108,2021-08-15,ST07/10,54.8772,14.052166,4.3,9.750621
127109,2021-08-15,TR14/9,69.933,14.052166,4.3,9.750621
127110,2021-08-15,SP00/62,100.462,14.052166,4.3,9.750621
127111,2021-08-15,SU81/1,44.358,14.052166,4.3,9.750621
127112,2021-08-15,TF03/37,13.396,14.052166,4.3,9.750621
127113,2021-08-15,SU71/23,36.522,14.052166,4.3,9.750621
127114,2021-08-16,NO20/14,36.69,14.008416,0.9000001,16.323973
127115,2021-08-16,SE95/6,19.96,14.008416,0.9000001,16.323973
127116,2021-08-16,TL33/4,82.47,14.008416,0.9000001,16.323973
127117,2021-08-16,TL33/67,81.69,14.008416,0.9000001,16.323973
127118,2021-08-16,SJ15/13,80.19544,14.008416,0.9000001,16.323973
127119,2021-08-16,NY63/2,130.67,14.008416,0.9000001,16.323973
127120,2021-08-16,NH95/17,29.54,14.008416,0.9000001,16.323973
127121,2021-08-16,SU01/5B,74.31,14.008416,0.9000001,16.323973
127122,2021-08-16,TL44/12,40.383,14.008416,0.9000001,16.323973
127123,2021-08-16,ID30/1,113.3,14.008416,0.9000001,16.323973
127124,2021-08-16,SU17/57,132.4,14.008416,0.9000001,16.323973
127125,2021-08-16,SE94/5,15.744,14.008416,0.9000001,16.323973
127126,2021-08-16,SJ62/235,54.781,14.008416,0.9000001,16.323973
127127,2021-08-16,SN00/11,7.6154,14.008416,0.9000001,16.323973
127128,2021-08-16,SU71/23,36.624,14.008416,0.9000001,16.323973
127129,2021-08-16,SY68/34,65.987,14.008416,0.9000001,16.323973
127130,2021-08-16,TR14/9,69.835,14.008416,0.9000001,16.323973
127131,2021-08-16,TF03/37,13.352,14.008416,0.9000001,16.323973
127132,2021-08-16,TF81/2A,45.807,14.008416,0.9000001,16.323973
127133,2021-08-16,TQ25/86,96.353,14.008416,0.9000001,16.323973
127134,2021-08-16,SK00/41,130.418,14.008416,0.9000001,16.323973
127135,2021-08-16,SU81/1,44.414,14.008416,0.9000001,16.323973
127136,2021-08-16,SP00/62,100.451,14.008416,0.9000001,16.323973
127137,2021-08-16,ST07/10,54.7096,14.008416,0.9000001,16.323973
127138,2021-08-17,SU17/57,132.44,15.27925,3.2999995,17.473154
127139,2021-08-17,SJ15/13,80.17567,15.27925,3.2999995,17.473154
127140,2021-08-17,ID30/1,113.41,15.27925,3.2999995,17.473154
127141,2021-08-17,NO20/14,36.68,15.27925,3.2999995,17.473154
127142,2021-08-17,SE95/6,19.95,15.27925,3.2999995,17.473154
127143,2021-08-17,TL44/12,40.341,15.27925,3.2999995,17.473154
127144,2021-08-17,TL33/4,82.42,15.27925,3.2999995,17.473154
127145,2021-08-17,SU01/5B,74.26,15.27925,3.2999995,17.473154
127146,2021-08-17,TL33/67,81.67,15.27925,3.2999995,17.473154
127147,2021-08-17,NY63/2,130.63,15.27925,3.2999995,17.473154
127148,2021-08-17,NH95/17,29.55,15.27925,3.2999995,17.473154
127149,2021-08-17,SJ62/235,54.778,15.27925,3.2999995,17.473154
127150,2021-08-17,SU71/23,36.78,15.27925,3.2999995,17.473154
127151,2021-08-17,TF03/37,13.337,15.27925,3.2999995,17.473154
127152,2021-08-17,TF81/2A,45.785,15.27925,3.2999995,17.473154
127153,2021-08-17,TQ25/86,96.331,15.27925,3.2999995,17.473154
127154,2021-08-17,SN00/11,7.5973,15.27925,3.2999995,17.473154
127155,2021-08-17,SE94/5,15.718,15.27925,3.2999995,17.473154
127156,2021-08-17,SU81/1,44.479,15.27925,3.2999995,17.473154
127157,2021-08-17,SP00/62,100.441,15.27925,3.2999995,17.473154
127158,2021-08-17,ST07/10,54.5608,15.27925,3.2999995,17.473154
127159,2021-08-17,SY68/34,65.962,15.27925,3.2999995,17.473154
127160,2021-08-17,TR14/9,69.748,15.27925,3.2999995,17.473154
127161,2021-08-17,SK00/41,130.411,15.27925,3.2999995,17.473154
127162,2021-08-18,NY63/2,130.64,14.906333,0.5,14.125142
127163,2021-08-18,SU01/5B,74.22,14.906333,0.5,14.125142
127164,2021-08-18,TL44/12,40.302,14.906333,0.5,14.125142
127165,2021-08-18,SU17/57,132.38,14.906333,0.5,14.125142
127166,2021-08-18,NH95/17,29.53,14.906333,0.5,14.125142
127167,2021-08-18,TL33/67,81.65,14.906333,0.5,14.125142
127168,2021-08-18,SJ15/13,80.17659,14.906333,0.5,14.125142
127169,2021-08-18,TL33/4,82.37,14.906333,0.5,14.125142
127170,2021-08-18,NO20/14,36.68,14.906333,0.5,14.125142
127171,2021-08-18,SE95/6,19.93,14.906333,0.5,14.125142
127172,2021-08-18,ID30/1,113.41,14.906333,0.5,14.125142
127173,2021-08-18,TQ25/86,96.305,14.906333,0.5,14.125142
127174,2021-08-18,SU71/23,36.712,14.906333,0.5,14.125142
127175,2021-08-18,SE94/5,15.686,14.906333,0.5,14.125142
127176,2021-08-18,SU81/1,44.57,14.906333,0.5,14.125142
127177,2021-08-18,SK00/41,130.412,14.906333,0.5,14.125142
127178,2021-08-18,SJ62/235,54.78,14.906333,0.5,14.125142
127179,2021-08-18,ST07/10,54.4246,14.906333,0.5,14.125142
127180,2021-08-18,TF03/37,13.327,14.906333,0.5,14.125142
127181,2021-08-18,SP00/62,100.431,14.906333,0.5,14.125142
127182,2021-08-18,TF81/2A,45.762,14.906333,0.5,14.125142
127183,2021-08-18,TR14/9,69.668,14.906333,0.5,14.125142
127184,2021-08-18,SN00/11,7.5778,14.906333,0.5,14.125142
127185,2021-08-18,SY68/34,65.938,14.906333,0.5,14.125142
127186,2021-08-19,TL33/67,81.6,14.675083,1.3000002,5.997469
127187,2021-08-19,SJ15/13,80.19015,14.675083,1.3000002,5.997469
127188,2021-08-19,NO20/14,36.68,14.675083,1.3000002,5.997469
127189,2021-08-19,SU17/57,132.29,14.675083,1.3000002,5.997469
127190,2021-08-19,TL44/12,40.262,14.675083,1.3000002,5.997469
127191,2021-08-19,SU01/5B,74.17,14.675083,1.3000002,5.997469
127192,2021-08-19,NY63/2,130.65,14.675083,1.3000002,5.997469
127193,2021-08-19,TL33/4,82.32,14.675083,1.3000002,5.997469
127194,2021-08-19,SE95/6,19.91,14.675083,1.3000002,5.997469
127195,2021-08-19,ID30/1,113.37,14.675083,1.3000002,5.997469
127196,2021-08-19,NH95/17,29.5,14.675083,1.3000002,5.997469
127197,2021-08-19,SK00/41,130.418,14.675083,1.3000002,5.997469
127198,2021-08-19,ST07/10,54.2871,14.675083,1.3000002,5.997469
127199,2021-08-19,TF03/37,13.32,14.675083,1.3000002,5.997469
127200,2021-08-19,SJ62/235,54.776,14.675083,1.3000002,5.997469
127201,2021-08-19,SE94/5,15.658,14.675083,1.3000002,5.997469
127202,2021-08-19,SP00/62,100.419,14.675083,1.3000002,5.997469
127203,2021-08-19,TF81/2A,45.737,14.675083,1.3000002,5.997469
127204,2021-08-19,SU71/23,36.881,14.675083,1.3000002,5.997469
127205,2021-08-19,TR14/9,69.598,14.675083,1.3000002,5.997469
127206,2021-08-19,TQ25/86,96.276,14.675083,1.3000002,5.997469
127207,2021-08-19,SY68/34,65.914,14.675083,1.3000002,5.997469
127208,2021-08-19,SN00/11,7.56,14.675083,1.3000002,5.997469
127209,2021-08-19,SU81/1,44.655,14.675083,1.3000002,5.997469
127210,2021-08-20,TL33/67,81.53,16.668833,1.1,8.741808
127211,2021-08-20,TL44/12,40.218,16.668833,1.1,8.741808
127212,2021-08-20,NH95/17,29.47,16.668833,1.1,8.741808
127213,2021-08-20,NY63/2,130.64,16.668833,1.1,8.741808
127214,2021-08-20,SU17/57,132.24,16.668833,1.1,8.741808
127215,2021-08-20,SJ15/13,80.18514,16.668833,1.1,8.741808
127216,2021-08-20,ID30/1,113.31,16.668833,1.1,8.741808
127217,2021-08-20,TL33/4,82.27,16.668833,1.1,8.741808
127218,2021-08-20,SU01/5B,74.14,16.668833,1.1,8.741808
127219,2021-08-20,NO20/14,36.68,16.668833,1.1,8.741808
127220,2021-08-20,SE95/6,19.89,16.668833,1.1,8.741808
127221,2021-08-20,TR14/9,69.507,16.668833,1.1,8.741808
127222,2021-08-20,SY68/34,65.891,16.668833,1.1,8.741808
127223,2021-08-20,SE94/5,15.627,16.668833,1.1,8.741808
127224,2021-08-20,TF03/37,13.271,16.668833,1.1,8.741808
127225,2021-08-20,ST07/10,54.1504,16.668833,1.1,8.741808
127226,2021-08-20,SJ62/235,54.771,16.668833,1.1,8.741808
127227,2021-08-20,TF81/2A,45.716,16.668833,1.1,8.741808
127228,2021-08-20,SU81/1,44.717,16.668833,1.1,8.741808
127229,2021-08-20,SP00/62,100.41,16.668833,1.1,8.741808
127230,2021-08-20,TQ25/86,96.248,16.668833,1.1,8.741808
127231,2021-08-20,SN00/11,7.5405,16.668833,1.1,8.741808
127232,2021-08-20,SU71/23,36.967,16.668833,1.1,8.741808
127233,2021-08-20,SK00/41,130.411,16.668833,1.1,8.741808
127234,2021-08-20,TM15/112,25.49,16.668833,1.1,8.741808
127235,2021-08-21,NO20/14,36.68,16.575083,13.500002,9.562295
127236,2021-08-21,TL33/67,81.5,16.575083,13.500002,9.562295
127237,2021-08-21,SU17/57,132.22,16.575083,13.500002,9.562295
127238,2021-08-21,SE95/6,19.88,16.575083,13.500002,9.562295
127239,2021-08-21,TL33/4,82.22,16.575083,13.500002,9.562295
127240,2021-08-21,ID30/1,113.31,16.575083,13.500002,9.562295
127241,2021-08-21,SU01/5B,74.09,16.575083,13.500002,9.562295
127242,2021-08-21,NY63/2,130.62,16.575083,13.500002,9.562295
127243,2021-08-21,NH95/17,29.46,16.575083,13.500002,9.562295
127244,2021-08-21,SJ15/13,80.18,16.575083,13.500002,9.562295
127245,2021-08-21,TL44/12,40.178,16.575083,13.500002,9.562295
127246,2021-08-21,TF81/2A,45.687,16.575083,13.500002,9.562295
127247,2021-08-21,SN00/11,7.5313,16.575083,13.500002,9.562295
127248,2021-08-21,SE94/5,15.595,16.575083,13.500002,9.562295
127249,2021-08-21,SY68/34,65.869,16.575083,13.500002,9.562295
127250,2021-08-21,SU71/23,37.127,16.575083,13.500002,9.562295
127251,2021-08-21,TQ25/86,96.213,16.575083,13.500002,9.562295
127252,2021-08-21,SP00/62,100.411,16.575083,13.500002,9.562295
127253,2021-08-21,TF03/37,13.265,16.575083,13.500002,9.562295
127254,2021-08-21,SK00/41,130.412,16.575083,13.500002,9.562295
127255,2021-08-21,TR14/9,69.436,16.575083,13.500002,9.562295
127256,2021-08-21,SU81/1,44.774,16.575083,13.500002,9.562295
127257,2021-08-21,ST07/10,54.4356,16.575083,13.500002,9.562295
127258,2021-08-21,SJ62/235,54.76,16.575083,13.500002,9.562295
127259,2021-08-22,NO20/14,36.67,16.593832,2.5000002,4.6969566
127260,2021-08-22,SU01/5B,74.05,16.593832,2.5000002,4.6969566
127261,2021-08-22,SE95/6,19.86,16.593832,2.5000002,4.6969566
127262,2021-08-22,TL33/4,82.17,16.593832,2.5000002,4.6969566
127263,2021-08-22,SJ15/13,80.17263,16.593832,2.5000002,4.6969566
127264,2021-08-22,ID30/1,113.28,16.593832,2.5000002,4.6969566
127265,2021-08-22,NH95/17,29.43,16.593832,2.5000002,4.6969566
127266,2021-08-22,TL33/67,81.39,16.593832,2.5000002,4.6969566
127267,2021-08-22,NY63/2,130.63,16.593832,2.5000002,4.6969566
127268,2021-08-22,TL44/12,40.132,16.593832,2.5000002,4.6969566
127269,2021-08-22,SN00/11,7.5093,16.593832,2.5000002,4.6969566
127270,2021-08-22,SJ62/235,54.756,16.593832,2.5000002,4.6969566
127271,2021-08-22,TR14/9,69.353,16.593832,2.5000002,4.6969566
127272,2021-08-22,SY68/34,65.845,16.593832,2.5000002,4.6969566
127273,2021-08-22,ST07/10,54.5114,16.593832,2.5000002,4.6969566
127274,2021-08-22,SP00/62,100.413,16.593832,2.5000002,4.6969566
127275,2021-08-22,TQ25/86,96.175,16.593832,2.5000002,4.6969566
127276,2021-08-22,SU81/1,44.801,16.593832,2.5000002,4.6969566
127277,2021-08-22,SU17/57,132.228,16.593832,2.5000002,4.6969566
127278,2021-08-22,SK00/41,130.402,16.593832,2.5000002,4.6969566
127279,2021-08-22,TF03/37,13.218,16.593832,2.5000002,4.6969566
127280,2021-08-22,SE94/5,15.566,16.593832,2.5000002,4.6969566
127281,2021-08-22,TF81/2A,45.66,16.593832,2.5000002,4.6969566
127282,2021-08-22,SU71/23,37.193,16.593832,2.5000002,4.6969566
127283,2021-08-23,ID30/1,113.32,16.793833,0.3,4.5498166
127284,2021-08-23,NY63/2,130.58,16.793833,0.3,4.5498166
127285,2021-08-23,SU01/5B,73.99,16.793833,0.3,4.5498166
127286,2021-08-23,TL44/12,40.084,16.793833,0.3,4.5498166
127287,2021-08-23,SU17/57,132.24,16.793833,0.3,4.5498166
127288,2021-08-23,SJ15/13,80.13158,16.793833,0.3,4.5498166
127289,2021-08-23,SE95/6,19.85,16.793833,0.3,4.5498166
127290,2021-08-23,NO20/14,36.65,16.793833,0.3,4.5498166
127291,2021-08-23,TL33/4,82.12,16.793833,0.3,4.5498166
127292,2021-08-23,TL33/67,81.33,16.793833,0.3,4.5498166
127293,2021-08-23,NH95/17,29.42,16.793833,0.3,4.5498166
127294,2021-08-23,ST07/10,54.4805,16.793833,0.3,4.5498166
127295,2021-08-23,SE94/5,15.531,16.793833,0.3,4.5498166
127296,2021-08-23,TQ25/86,96.141,16.793833,0.3,4.5498166
127297,2021-08-23,SJ62/235,54.751,16.793833,0.3,4.5498166
127298,2021-08-23,SU71/23,37.172,16.793833,0.3,4.5498166
127299,2021-08-23,TF03/37,13.169,16.793833,0.3,4.5498166
127300,2021-08-23,SY68/34,65.821,16.793833,0.3,4.5498166
127301,2021-08-23,TR14/9,69.263,16.793833,0.3,4.5498166
127302,2021-08-23,SN00/11,7.4893,16.793833,0.3,4.5498166
127303,2021-08-23,TF81/2A,45.638,16.793833,0.3,4.5498166
127304,2021-08-23,SU81/1,44.818,16.793833,0.3,4.5498166
127305,2021-08-23,SK00/41,130.377,16.793833,0.3,4.5498166
127306,2021-08-24,SU17/57,132.25,16.787582,0.5,4.5387855
127307,2021-08-24,NY63/2,130.57,16.787582,0.5,4.5387855
127308,2021-08-24,SU01/5B,73.94,16.787582,0.5,4.5387855
127309,2021-08-24,TL33/67,81.31,16.787582,0.5,4.5387855
127310,2021-08-24,NO20/14,36.65,16.787582,0.5,4.5387855
127311,2021-08-24,SE95/6,19.81,16.787582,0.5,4.5387855
127312,2021-08-24,NH95/17,29.41,16.787582,0.5,4.5387855
127313,2021-08-24,TL33/4,82.07,16.787582,0.5,4.5387855
127314,2021-08-24,SJ15/13,80.117,16.787582,0.5,4.5387855
127315,2021-08-24,ID30/1,113.33,16.787582,0.5,4.5387855
127316,2021-08-24,TL44/12,40.036,16.787582,0.5,4.5387855
127317,2021-08-24,SU81/1,44.846,16.787582,0.5,4.5387855
127318,2021-08-24,SY68/34,65.798,16.787582,0.5,4.5387855
127319,2021-08-24,SK00/41,130.36,16.787582,0.5,4.5387855
127320,2021-08-24,SP00/62,100.395,16.787582,0.5,4.5387855
127321,2021-08-24,SN00/11,7.4705,16.787582,0.5,4.5387855
127322,2021-08-24,TF81/2A,45.62,16.787582,0.5,4.5387855
127323,2021-08-24,TR14/9,69.167,16.787582,0.5,4.5387855
127324,2021-08-24,TF03/37,13.15,16.787582,0.5,4.5387855
127325,2021-08-24,TQ25/86,96.109,16.787582,0.5,4.5387855
127326,2021-08-24,ST07/10,54.4046,16.787582,0.5,4.5387855
127327,2021-08-24,SU71/23,37.234,16.787582,0.5,4.5387855
127328,2021-08-24,SJ62/235,54.755,16.787582,0.5,4.5387855
127329,2021-08-24,SE94/5,15.499,16.787582,0.5,4.5387855
127330,2021-08-25,TL44/12,39.995,17.229252,0.0,6.125252
127331,2021-08-25,SJ15/13,80.12381,17.229252,0.0,6.125252
127332,2021-08-25,TL33/4,82.02,17.229252,0.0,6.125252
127333,2021-08-25,NH95/17,29.41,17.229252,0.0,6.125252
127334,2021-08-25,SE95/6,19.83,17.229252,0.0,6.125252
127335,2021-08-25,NY63/2,130.58,17.229252,0.0,6.125252
127336,2021-08-25,NO20/14,36.66,17.229252,0.0,6.125252
127337,2021-08-25,TL33/67,81.31,17.229252,0.0,6.125252
127338,2021-08-25,ID30/1,113.31,17.229252,0.0,6.125252
127339,2021-08-25,SU17/57,132.18,17.229252,0.0,6.125252
127340,2021-08-25,SU01/5B,73.88,17.229252,0.0,6.125252
127341,2021-08-25,SP00/62,100.384,17.229252,0.0,6.125252
127342,2021-08-25,SU71/23,37.297,17.229252,0.0,6.125252
127343,2021-08-25,ST07/10,54.318,17.229252,0.0,6.125252
127344,2021-08-25,TQ25/86,96.076,17.229252,0.0,6.125252
127345,2021-08-25,TR14/9,69.089,17.229252,0.0,6.125252
127346,2021-08-25,SN00/11,7.4537,17.229252,0.0,6.125252
127347,2021-08-25,SE94/5,15.462,17.229252,0.0,6.125252
127348,2021-08-25,TF81/2A,45.597,17.229252,0.0,6.125252
127349,2021-08-25,SJ62/235,54.758,17.229252,0.0,6.125252
127350,2021-08-25,SU81/1,44.897,17.229252,0.0,6.125252
127351,2021-08-25,TF03/37,13.14,17.229252,0.0,6.125252
127352,2021-08-25,SK00/41,130.368,17.229252,0.0,6.125252
127353,2021-08-25,SY68/34,65.775,17.229252,0.0,6.125252
127354,2021-08-26,TL44/12,39.951,14.800083,0.0,8.805848
127355,2021-08-26,NO20/14,36.67,14.800083,0.0,8.805848
127356,2021-08-26,NY63/2,130.59,14.800083,0.0,8.805848
127357,2021-08-26,SE95/6,19.82,14.800083,0.0,8.805848
127358,2021-08-26,SU01/5B,73.84,14.800083,0.0,8.805848
127359,2021-08-26,NH95/17,29.41,14.800083,0.0,8.805848
127360,2021-08-26,TL33/67,81.25,14.800083,0.0,8.805848
127361,2021-08-26,SU17/57,132.09,14.800083,0.0,8.805848
127362,2021-08-26,SJ15/13,80.13593,14.800083,0.0,8.805848
127363,2021-08-26,ID30/1,113.28,14.800083,0.0,8.805848
127364,2021-08-26,TL33/4,81.98,14.800083,0.0,8.805848
127365,2021-08-26,TR14/9,69.015,14.800083,0.0,8.805848
127366,2021-08-26,SJ62/235,54.751,14.800083,0.0,8.805848
127367,2021-08-26,SY68/34,65.751,14.800083,0.0,8.805848
127368,2021-08-26,ST07/10,54.1985,14.800083,0.0,8.805848
127369,2021-08-26,TF03/37,13.095,14.800083,0.0,8.805848
127370,2021-08-26,SU71/23,37.35,14.800083,0.0,8.805848
127371,2021-08-26,SE94/5,15.434,14.800083,0.0,8.805848
127372,2021-08-26,SU81/1,44.957,14.800083,0.0,8.805848
127373,2021-08-26,TQ25/86,96.042,14.800083,0.0,8.805848
127374,2021-08-26,TF81/2A,45.572,14.800083,0.0,8.805848
127375,2021-08-26,SN00/11,7.4345,14.800083,0.0,8.805848
127376,2021-08-26,SK00/41,130.384,14.800083,0.0,8.805848
127377,2021-08-27,SJ15/13,80.13015,13.098001,0.0,6.3465247
127378,2021-08-27,TL44/12,39.908,13.098001,0.0,6.3465247
127379,2021-08-27,ID30/1,113.25,13.098001,0.0,6.3465247
127380,2021-08-27,SU17/57,132.05,13.098001,0.0,6.3465247
127381,2021-08-27,TL33/67,81.18,13.098001,0.0,6.3465247
127382,2021-08-27,SU01/5B,73.79,13.098001,0.0,6.3465247
127383,2021-08-27,NH95/17,29.4,13.098001,0.0,6.3465247
127384,2021-08-27,NO20/14,36.66,13.098001,0.0,6.3465247
127385,2021-08-27,SE95/6,19.79,13.098001,0.0,6.3465247
127386,2021-08-27,NY63/2,130.58,13.098001,0.0,6.3465247
127387,2021-08-27,TL33/4,81.93,13.098001,0.0,6.3465247
127388,2021-08-27,SU71/23,37.39,13.098001,0.0,6.3465247
127389,2021-08-27,SE94/5,15.401,13.098001,0.0,6.3465247
127390,2021-08-27,SY68/34,65.727,13.098001,0.0,6.3465247
127391,2021-08-27,TF81/2A,45.547,13.098001,0.0,6.3465247
127392,2021-08-27,TF03/37,13.053,13.098001,0.0,6.3465247
127393,2021-08-27,SJ62/235,54.743,13.098001,0.0,6.3465247
127394,2021-08-27,SU81/1,44.994,13.098001,0.0,6.3465247
127395,2021-08-27,SK00/41,130.378,13.098001,0.0,6.3465247
127396,2021-08-27,SP00/62,100.369,13.098001,0.0,6.3465247
127397,2021-08-27,SN00/11,7.4139,13.098001,0.0,6.3465247
127398,2021-08-27,TQ25/86,96.005,13.098001,0.0,6.3465247
127399,2021-08-27,ST07/10,54.0884,13.098001,0.0,6.3465247
127400,2021-08-27,TR14/9,68.932,13.098001,0.0,6.3465247
127401,2021-08-28,SU17/57,132.04,13.883416,0.0,5.580145
127402,2021-08-28,TL33/67,81.14,13.883416,0.0,5.580145
127403,2021-08-28,NH95/17,29.38,13.883416,0.0,5.580145
127404,2021-08-28,SJ15/13,80.11581,13.883416,0.0,5.580145
127405,2021-08-28,NO20/14,36.65,13.883416,0.0,5.580145
127406,2021-08-28,TL33/4,81.88,13.883416,0.0,5.580145
127407,2021-08-28,NY63/2,130.56,13.883416,0.0,5.580145
127408,2021-08-28,SE95/6,19.75,13.883416,0.0,5.580145
127409,2021-08-28,TL44/12,39.866,13.883416,0.0,5.580145
127410,2021-08-28,SU01/5B,73.74,13.883416,0.0,5.580145
127411,2021-08-28,ID30/1,113.21,13.883416,0.0,5.580145
127412,2021-08-28,SJ62/235,54.741,13.883416,0.0,5.580145
127413,2021-08-28,SP00/62,100.361,13.883416,0.0,5.580145
127414,2021-08-28,SN00/11,7.3944,13.883416,0.0,5.580145
127415,2021-08-28,TQ25/86,95.97,13.883416,0.0,5.580145
127416,2021-08-28,ST07/10,53.9926,13.883416,0.0,5.580145
127417,2021-08-28,SK00/41,130.362,13.883416,0.0,5.580145
127418,2021-08-28,TR14/9,68.837,13.883416,0.0,5.580145
127419,2021-08-28,TF03/37,13.038,13.883416,0.0,5.580145
127420,2021-08-28,SU81/1,45.012,13.883416,0.0,5.580145
127421,2021-08-28,SE94/5,15.371,13.883416,0.0,5.580145
127422,2021-08-28,TF81/2A,45.525,13.883416,0.0,5.580145
127423,2021-08-28,SY68/34,65.704,13.883416,0.0,5.580145
127424,2021-08-28,SU71/23,37.375,13.883416,0.0,5.580145
127425,2021-08-29,SU01/5B,73.68,14.506332,0.0,8.516944
127426,2021-08-29,TL44/12,39.824,14.506332,0.0,8.516944
127427,2021-08-29,TL33/4,81.83,14.506332,0.0,8.516944
127428,2021-08-29,NO20/14,36.65,14.506332,0.0,8.516944
127429,2021-08-29,SJ15/13,80.11059,14.506332,0.0,8.516944
127430,2021-08-29,SU17/57,132.01,14.506332,0.0,8.516944
127431,2021-08-29,NY63/2,130.56,14.506332,0.0,8.516944
127432,2021-08-29,ID30/1,113.19,14.506332,0.0,8.516944
127433,2021-08-29,NH95/17,29.37,14.506332,0.0,8.516944
127434,2021-08-29,TL33/67,81.11,14.506332,0.0,8.516944
127435,2021-08-29,SE95/6,19.71,14.506332,0.0,8.516944
127436,2021-08-29,SJ62/235,54.737,14.506332,0.0,8.516944
127437,2021-08-29,SN00/11,7.3758,14.506332,0.0,8.516944
127438,2021-08-29,SP00/62,100.352,14.506332,0.0,8.516944
127439,2021-08-29,TQ25/86,95.928,14.506332,0.0,8.516944
127440,2021-08-29,TF81/2A,45.501,14.506332,0.0,8.516944
127441,2021-08-29,SK00/41,130.358,14.506332,0.0,8.516944
127442,2021-08-29,ST07/10,53.9012,14.506332,0.0,8.516944
127443,2021-08-29,SU81/1,45.032,14.506332,0.0,8.516944
127444,2021-08-29,SE94/5,15.338,14.506332,0.0,8.516944
127445,2021-08-29,SY68/34,65.681,14.506332,0.0,8.516944
127446,2021-08-29,TF03/37,13.036,14.506332,0.0,8.516944
127447,2021-08-29,SU71/23,37.439,14.506332,0.0,8.516944
127448,2021-08-29,TR14/9,68.767,14.506332,0.0,8.516944
127449,2021-08-30,TL33/4,81.79,13.6813345,0.0,9.413713
127450,2021-08-30,SJ15/13,80.10526,13.6813345,0.0,9.413713
127451,2021-08-30,SU17/57,131.96,13.6813345,0.0,9.413713
127452,2021-08-30,SE95/6,19.74,13.6813345,0.0,9.413713
127453,2021-08-30,TL33/67,81.04,13.6813345,0.0,9.413713
127454,2021-08-30,ID30/1,113.17,13.6813345,0.0,9.413713
127455,2021-08-30,NY63/2,130.56,13.6813345,0.0,9.413713
127456,2021-08-30,NH95/17,29.37,13.6813345,0.0,9.413713
127457,2021-08-30,TL44/12,39.78,13.6813345,0.0,9.413713
127458,2021-08-30,SU01/5B,73.64,13.6813345,0.0,9.413713
127459,2021-08-30,NO20/14,36.59,13.6813345,0.0,9.413713
127460,2021-08-30,TF03/37,13.019,13.6813345,0.0,9.413713
127461,2021-08-30,SE94/5,15.305,13.6813345,0.0,9.413713
127462,2021-08-30,SU71/23,37.443,13.6813345,0.0,9.413713
127463,2021-08-30,SY68/34,65.658,13.6813345,0.0,9.413713
127464,2021-08-30,TR14/9,68.689,13.6813345,0.0,9.413713
127465,2021-08-30,SU81/1,45.039,13.6813345,0.0,9.413713
127466,2021-08-30,ST07/10,53.8072,13.6813345,0.0,9.413713
127467,2021-08-30,SP00/62,100.343,13.6813345,0.0,9.413713
127468,2021-08-30,TQ25/86,95.885,13.6813345,0.0,9.413713
127469,2021-08-30,TF81/2A,45.476,13.6813345,0.0,9.413713
127470,2021-08-30,SJ62/235,54.732,13.6813345,0.0,9.413713
127471,2021-08-30,SN00/11,7.3567,13.6813345,0.0,9.413713
127472,2021-08-30,SK00/41,130.355,13.6813345,0.0,9.413713
127473,2021-08-31,SE95/6,19.71,13.325082,0.0,9.733574
127474,2021-08-31,SU01/5B,73.59,13.325082,0.0,9.733574
127475,2021-08-31,SU17/57,131.95,13.325082,0.0,9.733574
127476,2021-08-31,SJ15/13,80.091,13.325082,0.0,9.733574
127477,2021-08-31,NY63/2,130.54,13.325082,0.0,9.733574
127478,2021-08-31,TL44/12,39.736,13.325082,0.0,9.733574
127479,2021-08-31,TL33/67,80.98,13.325082,0.0,9.733574
127480,2021-08-31,NH95/17,29.36,13.325082,0.0,9.733574
127481,2021-08-31,TL33/4,81.74,13.325082,0.0,9.733574
127482,2021-08-31,NO20/14,36.5,13.325082,0.0,9.733574
127483,2021-08-31,ID30/1,113.18,13.325082,0.0,9.733574
127484,2021-08-31,SU71/23,37.495,13.325082,0.0,9.733574
127485,2021-08-31,SY68/34,65.639,13.325082,0.0,9.733574
127486,2021-08-31,SE94/5,15.274,13.325082,0.0,9.733574
127487,2021-08-31,TF03/37,12.985,13.325082,0.0,9.733574
127488,2021-08-31,ST07/10,53.7193,13.325082,0.0,9.733574
127489,2021-08-31,TR14/9,68.594,13.325082,0.0,9.733574
127490,2021-08-31,SU81/1,45.032,13.325082,0.0,9.733574
127491,2021-08-31,TQ25/86,95.843,13.325082,0.0,9.733574
127492,2021-08-31,SJ62/235,54.729,13.325082,0.0,9.733574
127493,2021-08-31,SN00/11,7.3388,13.325082,0.0,9.733574
127494,2021-08-31,SP00/62,100.336,13.325082,0.0,9.733574
127495,2021-08-31,TF81/2A,45.454,13.325082,0.0,9.733574
127496,2021-09-01,TR14/9,68.507,13.9855,0.1,8.945972
127497,2021-09-01,NO20/14,36.47,13.9855,0.1,8.945972
127498,2021-09-01,NH95/17,29.35,13.9855,0.1,8.945972
127499,2021-09-01,NY63/2,130.53,13.9855,0.1,8.945972
127500,2021-09-01,SN00/11,7.3234,13.9855,0.1,8.945972
127501,2021-09-01,SU17/57,131.94,13.9855,0.1,8.945972
127502,2021-09-01,SJ15/13,80.08174,13.9855,0.1,8.945972
127503,2021-09-01,SY68/34,65.615,13.9855,0.1,8.945972
127504,2021-09-01,ST07/10,53.6369,13.9855,0.1,8.945972
127505,2021-09-01,TL33/4,81.69,13.9855,0.1,8.945972
127506,2021-09-01,SU01/5B,73.52,13.9855,0.1,8.945972
127507,2021-09-01,TL33/67,80.96,13.9855,0.1,8.945972
127508,2021-09-01,SE95/6,19.7,13.9855,0.1,8.945972
127509,2021-09-01,TL44/12,39.692,13.9855,0.1,8.945972
127510,2021-09-01,SP00/62,100.328,13.9855,0.1,8.945972
127511,2021-09-01,TF03/37,12.958,13.9855,0.1,8.945972
127512,2021-09-01,SK00/41,130.34,13.9855,0.1,8.945972
127513,2021-09-01,SE94/5,15.244,13.9855,0.1,8.945972
127514,2021-09-01,SU81/1,45.034,13.9855,0.1,8.945972
127515,2021-09-01,SJ62/235,54.728,13.9855,0.1,8.945972
127516,2021-09-01,SU71/23,37.504,13.9855,0.1,8.945972
127517,2021-09-01,TF81/2A,45.434,13.9855,0.1,8.945972
127518,2021-09-01,TQ25/86,95.802,13.9855,0.1,8.945972
127519,2021-09-02,TL33/4,81.65,14.781335,0.0,6.094727
127520,2021-09-02,SJ15/13,80.086,14.781335,0.0,6.094727
127521,2021-09-02,SU17/57,131.89,14.781335,0.0,6.094727
127522,2021-09-02,SN00/11,7.3091,14.781335,0.0,6.094727
127523,2021-09-02,NH95/17,29.35,14.781335,0.0,6.094727
127524,2021-09-02,NY63/2,130.53,14.781335,0.0,6.094727
127525,2021-09-02,TR14/9,68.425,14.781335,0.0,6.094727
127526,2021-09-02,TL44/12,39.651,14.781335,0.0,6.094727
127527,2021-09-02,NO20/14,36.58,14.781335,0.0,6.094727
127528,2021-09-02,TL33/67,80.94,14.781335,0.0,6.094727
127529,2021-09-02,ST07/10,53.5528,14.781335,0.0,6.094727
127530,2021-09-02,SU01/5B,73.46,14.781335,0.0,6.094727
127531,2021-09-02,SY68/34,65.593,14.781335,0.0,6.094727
127532,2021-09-02,SE95/6,19.69,14.781335,0.0,6.094727
127533,2021-09-02,SE94/5,15.217,14.781335,0.0,6.094727
127534,2021-09-02,TF81/2A,45.414,14.781335,0.0,6.094727
127535,2021-09-02,SJ62/235,54.73,14.781335,0.0,6.094727
127536,2021-09-02,SU71/23,37.515,14.781335,0.0,6.094727
127537,2021-09-02,SK00/41,130.347,14.781335,0.0,6.094727
127538,2021-09-02,TF03/37,12.915,14.781335,0.0,6.094727
127539,2021-09-02,SU81/1,45.041,14.781335,0.0,6.094727
127540,2021-09-02,TQ25/86,95.764,14.781335,0.0,6.094727
127541,2021-09-02,SP00/62,100.32,14.781335,0.0,6.094727
127542,2021-09-03,NO20/14,36.61,13.350082,0.2,5.422345
127543,2021-09-03,SU17/57,131.8,13.350082,0.2,5.422345
127544,2021-09-03,NY63/2,130.54,13.350082,0.2,5.422345
127545,2021-09-03,TL33/4,81.6,13.350082,0.2,5.422345
127546,2021-09-03,SE95/6,19.65,13.350082,0.2,5.422345
127547,2021-09-03,TR14/9,68.355,13.350082,0.2,5.422345
127548,2021-09-03,TL33/67,80.91,13.350082,0.2,5.422345
127549,2021-09-03,TL44/12,39.612,13.350082,0.2,5.422345
127550,2021-09-03,SU01/5B,73.41,13.350082,0.2,5.422345
127551,2021-09-03,ST07/10,53.4624,13.350082,0.2,5.422345
127552,2021-09-03,NH95/17,29.35,13.350082,0.2,5.422345
127553,2021-09-03,ID30/1,113.16,13.350082,0.2,5.422345
127554,2021-09-03,SY68/34,65.571,13.350082,0.2,5.422345
127555,2021-09-03,SN00/11,7.2959,13.350082,0.2,5.422345
127556,2021-09-03,SJ15/13,80.10256,13.350082,0.2,5.422345
127557,2021-09-03,SK00/41,130.361,13.350082,0.2,5.422345
127558,2021-09-03,SU81/1,45.053,13.350082,0.2,5.422345
127559,2021-09-03,SJ62/235,54.731,13.350082,0.2,5.422345
127560,2021-09-03,SE94/5,15.192,13.350082,0.2,5.422345
127561,2021-09-03,SU71/23,37.525,13.350082,0.2,5.422345
127562,2021-09-03,TF03/37,12.884,13.350082,0.2,5.422345
127563,2021-09-03,SP00/62,100.311,13.350082,0.2,5.422345
127564,2021-09-03,TF81/2A,45.392,13.350082,0.2,5.422345
127565,2021-09-03,TQ25/86,95.723,13.350082,0.2,5.422345
127566,2021-09-04,SE95/6,19.65,13.989667,0.0,8.913014
127567,2021-09-04,TL33/67,80.85,13.989667,0.0,8.913014
127568,2021-09-04,TL33/4,81.56,13.989667,0.0,8.913014
127569,2021-09-04,TR14/9,68.286,13.989667,0.0,8.913014
127570,2021-09-04,SY68/34,65.549,13.989667,0.0,8.913014
127571,2021-09-04,SU17/57,131.71,13.989667,0.0,8.913014
127572,2021-09-04,SJ15/13,80.11659,13.989667,0.0,8.913014
127573,2021-09-04,SN00/11,7.2806,13.989667,0.0,8.913014
127574,2021-09-04,NY63/2,130.55,13.989667,0.0,8.913014
127575,2021-09-04,TL44/12,39.572,13.989667,0.0,8.913014
127576,2021-09-04,ST07/10,53.3632,13.989667,0.0,8.913014
127577,2021-09-04,NH95/17,29.36,13.989667,0.0,8.913014
127578,2021-09-04,SU01/5B,73.35,13.989667,0.0,8.913014
127579,2021-09-04,ID30/1,113.16,13.989667,0.0,8.913014
127580,2021-09-04,NO20/14,36.62,13.989667,0.0,8.913014
127581,2021-09-04,TF81/2A,45.368,13.989667,0.0,8.913014
127582,2021-09-04,SK00/41,130.367,13.989667,0.0,8.913014
127583,2021-09-04,TQ25/86,95.68,13.989667,0.0,8.913014
127584,2021-09-04,SP00/62,100.303,13.989667,0.0,8.913014
127585,2021-09-04,TF03/37,12.845,13.989667,0.0,8.913014
127586,2021-09-04,SJ62/235,54.724,13.989667,0.0,8.913014
127587,2021-09-04,SU71/23,37.616,13.989667,0.0,8.913014
127588,2021-09-04,SU81/1,45.051,13.989667,0.0,8.913014
127589,2021-09-04,SE94/5,15.103,13.989667,0.0,8.913014
127590,2021-09-05,SE95/6,19.64,16.081331,1.0,9.781575
127591,2021-09-05,NH95/17,29.35,16.081331,1.0,9.781575
127592,2021-09-05,SU17/57,131.67,16.081331,1.0,9.781575
127593,2021-09-05,SU01/5B,73.29,16.081331,1.0,9.781575
127594,2021-09-05,ID30/1,113.15,16.081331,1.0,9.781575
127595,2021-09-05,SN00/11,7.2645,16.081331,1.0,9.781575
127596,2021-09-05,SJ15/13,80.11074,16.081331,1.0,9.781575
127597,2021-09-05,TL44/12,39.531,16.081331,1.0,9.781575
127598,2021-09-05,SY68/34,65.526,16.081331,1.0,9.781575
127599,2021-09-05,TL33/67,80.78,16.081331,1.0,9.781575
127600,2021-09-05,TL33/4,81.52,16.081331,1.0,9.781575
127601,2021-09-05,ST07/10,53.2644,16.081331,1.0,9.781575
127602,2021-09-05,NY63/2,130.54,16.081331,1.0,9.781575
127603,2021-09-05,NO20/14,36.6,16.081331,1.0,9.781575
127604,2021-09-05,TR14/9,68.205,16.081331,1.0,9.781575
127605,2021-09-05,SE94/5,15.125,16.081331,1.0,9.781575
127606,2021-09-05,SU71/23,37.598,16.081331,1.0,9.781575
127607,2021-09-05,SK00/41,130.359,16.081331,1.0,9.781575
127608,2021-09-05,SP00/62,100.295,16.081331,1.0,9.781575
127609,2021-09-05,TQ25/86,95.635,16.081331,1.0,9.781575
127610,2021-09-05,TF81/2A,45.345,16.081331,1.0,9.781575
127611,2021-09-05,TF03/37,12.791,16.081331,1.0,9.781575
127612,2021-09-05,SJ62/235,54.718,16.081331,1.0,9.781575
127613,2021-09-05,SU81/1,45.03,16.081331,1.0,9.781575
127614,2021-09-06,NO20/14,36.59,17.40425,3.1,8.671425
127615,2021-09-06,NH95/17,29.35,17.40425,3.1,8.671425
127616,2021-09-06,ID30/1,113.19,17.40425,3.1,8.671425
127617,2021-09-06,TR14/9,68.113,17.40425,3.1,8.671425
127618,2021-09-06,TL44/12,39.489,17.40425,3.1,8.671425
127619,2021-09-06,SJ15/13,80.09452,17.40425,3.1,8.671425
127620,2021-09-06,ST07/10,53.176,17.40425,3.1,8.671425
127621,2021-09-06,SY68/34,65.502,17.40425,3.1,8.671425
127622,2021-09-06,SU17/57,131.66,17.40425,3.1,8.671425
127623,2021-09-06,SN00/11,7.2513,17.40425,3.1,8.671425
127624,2021-09-06,SU01/5B,73.23,17.40425,3.1,8.671425
127625,2021-09-06,SE95/6,19.62,17.40425,3.1,8.671425
127626,2021-09-06,TL33/67,80.74,17.40425,3.1,8.671425
127627,2021-09-06,NY63/2,130.53,17.40425,3.1,8.671425
127628,2021-09-06,TL33/4,81.47,17.40425,3.1,8.671425
127629,2021-09-06,SU81/1,45.004,17.40425,3.1,8.671425
127630,2021-09-06,SE94/5,15.054,17.40425,3.1,8.671425
127631,2021-09-06,SP00/62,100.287,17.40425,3.1,8.671425
127632,2021-09-06,SJ62/235,54.713,17.40425,3.1,8.671425
127633,2021-09-06,TF81/2A,45.326,17.40425,3.1,8.671425
127634,2021-09-06,SK00/41,130.348,17.40425,3.1,8.671425
127635,2021-09-06,SU71/23,37.466,17.40425,3.1,8.671425
127636,2021-09-06,TQ25/86,95.592,17.40425,3.1,8.671425
127637,2021-09-06,TF03/37,12.741,17.40425,3.1,8.671425
127638,2021-09-07,NH95/17,29.33,18.102167,0.0,6.706959
127639,2021-09-07,TR14/9,68.032,18.102167,0.0,6.706959
127640,2021-09-07,ID30/1,113.15,18.102167,0.0,6.706959
127641,2021-09-07,TL33/4,81.43,18.102167,0.0,6.706959
127642,2021-09-07,NO20/14,36.58,18.102167,0.0,6.706959
127643,2021-09-07,NY63/2,130.52,18.102167,0.0,6.706959
127644,2021-09-07,ST07/10,53.0923,18.102167,0.0,6.706959
127645,2021-09-07,SE95/6,19.62,18.102167,0.0,6.706959
127646,2021-09-07,TL33/67,80.73,18.102167,0.0,6.706959
127647,2021-09-07,SJ15/13,80.08852,18.102167,0.0,6.706959
127648,2021-09-07,SY68/34,65.479,18.102167,0.0,6.706959
127649,2021-09-07,SN00/11,7.2381,18.102167,0.0,6.706959
127650,2021-09-07,SU01/5B,73.17,18.102167,0.0,6.706959
127651,2021-09-07,SU17/57,131.63,18.102167,0.0,6.706959
127652,2021-09-07,TL44/12,39.449,18.102167,0.0,6.706959
127653,2021-09-07,TF03/37,12.702,18.102167,0.0,6.706959
127654,2021-09-07,SU71/23,37.384,18.102167,0.0,6.706959
127655,2021-09-07,TQ25/86,95.551,18.102167,0.0,6.706959
127656,2021-09-07,SP00/62,100.28,18.102167,0.0,6.706959
127657,2021-09-07,SU81/1,44.993,18.102167,0.0,6.706959
127658,2021-09-07,SE94/5,15.004,18.102167,0.0,6.706959
127659,2021-09-07,SJ62/235,54.716,18.102167,0.0,6.706959
127660,2021-09-07,SK00/41,130.349,18.102167,0.0,6.706959
127661,2021-09-07,TF81/2A,45.308,18.102167,0.0,6.706959
127662,2021-09-08,TL33/4,81.39,20.814667,0.0,11.343435
127663,2021-09-08,TL33/67,80.72,20.814667,0.0,11.343435
127664,2021-09-08,SE95/6,19.6,20.814667,0.0,11.343435
127665,2021-09-08,TL44/12,39.413,20.814667,0.0,11.343435
127666,2021-09-08,NO20/14,36.6,20.814667,0.0,11.343435
127667,2021-09-08,TR14/9,67.959,20.814667,0.0,11.343435
127668,2021-09-08,ST07/10,52.9975,20.814667,0.0,11.343435
127669,2021-09-08,SN00/11,7.2405,20.814667,0.0,11.343435
127670,2021-09-08,SU01/5B,73.11,20.814667,0.0,11.343435
127671,2021-09-08,SU17/57,131.53,20.814667,0.0,11.343435
127672,2021-09-08,SY68/34,65.456,20.814667,0.0,11.343435
127673,2021-09-08,NH95/17,29.33,20.814667,0.0,11.343435
127674,2021-09-08,NY63/2,130.53,20.814667,0.0,11.343435
127675,2021-09-08,SJ15/13,80.10296,20.814667,0.0,11.343435
127676,2021-09-08,SU71/23,37.373,20.814667,0.0,11.343435
127677,2021-09-08,SK00/41,130.365,20.814667,0.0,11.343435
127678,2021-09-08,SU81/1,44.988,20.814667,0.0,11.343435
127679,2021-09-08,TF81/2A,45.287,20.814667,0.0,11.343435
127680,2021-09-08,TF03/37,12.665,20.814667,0.0,11.343435
127681,2021-09-08,SP00/62,100.275,20.814667,0.0,11.343435
127682,2021-09-08,SJ62/235,54.718,20.814667,0.0,11.343435
127683,2021-09-08,SE94/5,14.971,20.814667,0.0,11.343435
127684,2021-09-08,TQ25/86,95.504,20.814667,0.0,11.343435
127685,2021-09-09,SU17/57,131.42,18.483418,2.8999996,8.405818
127686,2021-09-09,TL33/4,81.34,18.483418,2.8999996,8.405818
127687,2021-09-09,NH95/17,29.36,18.483418,2.8999996,8.405818
127688,2021-09-09,NO20/14,36.6,18.483418,2.8999996,8.405818
127689,2021-09-09,SU01/5B,73.06,18.483418,2.8999996,8.405818
127690,2021-09-09,SY68/34,65.435,18.483418,2.8999996,8.405818
127691,2021-09-09,SJ15/13,80.11574,18.483418,2.8999996,8.405818
127692,2021-09-09,TR14/9,67.898,18.483418,2.8999996,8.405818
127693,2021-09-09,ST07/10,52.949,18.483418,2.8999996,8.405818
127694,2021-09-09,NY63/2,130.56,18.483418,2.8999996,8.405818
127695,2021-09-09,TL44/12,39.376,18.483418,2.8999996,8.405818
127696,2021-09-09,SE95/6,19.58,18.483418,2.8999996,8.405818
127697,2021-09-09,SN00/11,7.2649,18.483418,2.8999996,8.405818
127698,2021-09-09,TL33/67,80.66,18.483418,2.8999996,8.405818
127699,2021-09-09,TF81/2A,45.263,18.483418,2.8999996,8.405818
127700,2021-09-09,SE94/5,14.942,18.483418,2.8999996,8.405818
127701,2021-09-09,SU81/1,44.968,18.483418,2.8999996,8.405818
127702,2021-09-09,SK00/41,130.375,18.483418,2.8999996,8.405818
127703,2021-09-09,TQ25/86,95.453,18.483418,2.8999996,8.405818
127704,2021-09-09,TF03/37,12.613,18.483418,2.8999996,8.405818
127705,2021-09-09,SJ62/235,54.71,18.483418,2.8999996,8.405818
127706,2021-09-09,SP00/62,100.267,18.483418,2.8999996,8.405818
127707,2021-09-09,SU71/23,37.46,18.483418,2.8999996,8.405818
127708,2021-09-10,TL33/67,80.57,17.370916,4.3999996,4.5762687
127709,2021-09-10,SY68/34,65.417,17.370916,4.3999996,4.5762687
127710,2021-09-10,TR14/9,67.823,17.370916,4.3999996,4.5762687
127711,2021-09-10,SN00/11,7.2651,17.370916,4.3999996,4.5762687
127712,2021-09-10,SU17/57,131.38,17.370916,4.3999996,4.5762687
127713,2021-09-10,SJ15/13,80.1407,17.370916,4.3999996,4.5762687
127714,2021-09-10,NY63/2,130.54,17.370916,4.3999996,4.5762687
127715,2021-09-10,TL44/12,39.337,17.370916,4.3999996,4.5762687
127716,2021-09-10,ST07/10,52.8668,17.370916,4.3999996,4.5762687
127717,2021-09-10,SU01/5B,73.0,17.370916,4.3999996,4.5762687
127718,2021-09-10,TL33/4,81.3,17.370916,4.3999996,4.5762687
127719,2021-09-10,SE95/6,19.58,17.370916,4.3999996,4.5762687
127720,2021-09-10,TQ25/86,95.398,17.370916,4.3999996,4.5762687
127721,2021-09-10,TF81/2A,45.238,17.370916,4.3999996,4.5762687
127722,2021-09-10,TF03/37,12.576,17.370916,4.3999996,4.5762687
127723,2021-09-10,SU71/23,37.475,17.370916,4.3999996,4.5762687
127724,2021-09-10,SE94/5,14.91,17.370916,4.3999996,4.5762687
127725,2021-09-10,SP00/62,100.261,17.370916,4.3999996,4.5762687
127726,2021-09-10,SU81/1,44.924,17.370916,4.3999996,4.5762687
127727,2021-09-10,SJ62/235,54.701,17.370916,4.3999996,4.5762687
127728,2021-09-10,SK00/41,130.364,17.370916,4.3999996,4.5762687
127729,2021-09-11,SY68/34,65.395,15.966748,1.4000001,11.829234
127730,2021-09-11,TL33/4,81.26,15.966748,1.4000001,11.829234
127731,2021-09-11,SJ15/13,80.12704,15.966748,1.4000001,11.829234
127732,2021-09-11,SU17/57,131.41,15.966748,1.4000001,11.829234
127733,2021-09-11,NY63/2,130.52,15.966748,1.4000001,11.829234
127734,2021-09-11,TL33/67,80.51,15.966748,1.4000001,11.829234
127735,2021-09-11,SN00/11,7.2431,15.966748,1.4000001,11.829234
127736,2021-09-11,ST07/10,52.781,15.966748,1.4000001,11.829234
127737,2021-09-11,TL44/12,39.296,15.966748,1.4000001,11.829234
127738,2021-09-11,SE95/6,19.56,15.966748,1.4000001,11.829234
127739,2021-09-11,SU01/5B,72.93,15.966748,1.4000001,11.829234
127740,2021-09-11,TR14/9,67.746,15.966748,1.4000001,11.829234
127741,2021-09-11,SU81/1,44.872,15.966748,1.4000001,11.829234
127742,2021-09-11,SJ62/235,54.693,15.966748,1.4000001,11.829234
127743,2021-09-11,TF03/37,12.554,15.966748,1.4000001,11.829234
127744,2021-09-11,TF81/2A,45.214,15.966748,1.4000001,11.829234
127745,2021-09-11,SU71/23,37.422,15.966748,1.4000001,11.829234
127746,2021-09-11,SP00/62,100.255,15.966748,1.4000001,11.829234
127747,2021-09-11,SE94/5,14.879,15.966748,1.4000001,11.829234
127748,2021-09-11,SK00/41,130.343,15.966748,1.4000001,11.829234
127749,2021-09-11,TQ25/86,95.344,15.966748,1.4000001,11.829234
127750,2021-09-12,ST07/10,52.6929,12.685501,0.3,5.884205
127751,2021-09-12,SJ15/13,80.10644,12.685501,0.3,5.884205
127752,2021-09-12,SU17/57,131.42,12.685501,0.3,5.884205
127753,2021-09-12,TR14/9,67.655,12.685501,0.3,5.884205
127754,2021-09-12,TL33/67,80.46,12.685501,0.3,5.884205
127755,2021-09-12,TL33/4,81.21,12.685501,0.3,5.884205
127756,2021-09-12,SY68/34,65.372,12.685501,0.3,5.884205
127757,2021-09-12,SN00/11,7.2379,12.685501,0.3,5.884205
127758,2021-09-12,SU01/5B,72.87,12.685501,0.3,5.884205
127759,2021-09-12,NY63/2,130.49,12.685501,0.3,5.884205
127760,2021-09-12,SE95/6,19.55,12.685501,0.3,5.884205
127761,2021-09-12,TL44/12,39.252,12.685501,0.3,5.884205
127762,2021-09-12,SE94/5,14.884,12.685501,0.3,5.884205
127763,2021-09-12,SJ62/235,54.693,12.685501,0.3,5.884205
127764,2021-09-12,TF81/2A,45.195,12.685501,0.3,5.884205
127765,2021-09-12,SU71/23,37.375,12.685501,0.3,5.884205
127766,2021-09-12,SP00/62,100.249,12.685501,0.3,5.884205
127767,2021-09-12,SK00/41,130.328,12.685501,0.3,5.884205
127768,2021-09-12,TF03/37,12.541,12.685501,0.3,5.884205
127769,2021-09-12,TQ25/86,95.287,12.685501,0.3,5.884205
127770,2021-09-12,SU81/1,44.823,12.685501,0.3,5.884205
127771,2021-09-13,SJ15/13,80.10504,13.027167,0.0,12.210585
127772,2021-09-13,TL33/67,80.46,13.027167,0.0,12.210585
127773,2021-09-13,ST07/10,52.613,13.027167,0.0,12.210585
127774,2021-09-13,TR14/9,67.579,13.027167,0.0,12.210585
127775,2021-09-13,SN00/11,7.2612,13.027167,0.0,12.210585
127776,2021-09-13,NY63/2,130.48,13.027167,0.0,12.210585
127777,2021-09-13,TL44/12,39.211,13.027167,0.0,12.210585
127778,2021-09-13,SE95/6,19.52,13.027167,0.0,12.210585
127779,2021-09-13,SY68/34,65.35,13.027167,0.0,12.210585
127780,2021-09-13,SU17/57,131.38,13.027167,0.0,12.210585
127781,2021-09-13,SU01/5B,72.8,13.027167,0.0,12.210585
127782,2021-09-13,TL33/4,81.17,13.027167,0.0,12.210585
127783,2021-09-13,SK00/41,130.327,13.027167,0.0,12.210585
127784,2021-09-13,TF81/2A,45.176,13.027167,0.0,12.210585
127785,2021-09-13,SJ62/235,54.698,13.027167,0.0,12.210585
127786,2021-09-13,TQ25/86,95.23,13.027167,0.0,12.210585
127787,2021-09-13,SU71/23,37.159,13.027167,0.0,12.210585
127788,2021-09-13,SP00/62,100.241,13.027167,0.0,12.210585
127789,2021-09-13,SE94/5,14.879,13.027167,0.0,12.210585
127790,2021-09-13,TF03/37,12.535,13.027167,0.0,12.210585
127791,2021-09-13,SU81/1,44.784,13.027167,0.0,12.210585
127792,2021-09-14,ST07/10,52.5286,13.943833,1.3000001,8.769845
127793,2021-09-14,TR14/9,67.52,13.943833,1.3000001,8.769845
127794,2021-09-14,SN00/11,7.2502,13.943833,1.3000001,8.769845
127795,2021-09-14,SE95/6,19.52,13.943833,1.3000001,8.769845
127796,2021-09-14,SJ15/13,80.11689,13.943833,1.3000001,8.769845
127797,2021-09-14,SY68/34,65.338,13.943833,1.3000001,8.769845
127798,2021-09-14,TL44/12,39.176,13.943833,1.3000001,8.769845
127799,2021-09-14,NY63/2,130.5,13.943833,1.3000001,8.769845
127800,2021-09-14,TL33/4,81.14,13.943833,1.3000001,8.769845
127801,2021-09-14,SU01/5B,72.74,13.943833,1.3000001,8.769845
127802,2021-09-14,TL33/67,80.43,13.943833,1.3000001,8.769845
127803,2021-09-14,SU17/57,131.31,13.943833,1.3000001,8.769845
127804,2021-09-14,SJ62/235,54.695,13.943833,1.3000001,8.769845
127805,2021-09-14,TF81/2A,45.152,13.943833,1.3000001,8.769845
127806,2021-09-14,TQ25/86,95.16,13.943833,1.3000001,8.769845
127807,2021-09-14,SP00/62,100.242,13.943833,1.3000001,8.769845
127808,2021-09-14,SU71/23,37.116,13.943833,1.3000001,8.769845
127809,2021-09-14,TF03/37,12.519,13.943833,1.3000001,8.769845
127810,2021-09-14,SK00/41,130.333,13.943833,1.3000001,8.769845
127811,2021-09-14,SU81/1,44.739,13.943833,1.3000001,8.769845
127812,2021-09-14,SE94/5,14.856,13.943833,1.3000001,8.769845
127813,2021-09-15,SU17/57,131.26,14.11675,0.0,4.033866
127814,2021-09-15,NO20/14,36.55,14.11675,0.0,4.033866
127815,2021-09-15,NH95/17,29.31,14.11675,0.0,4.033866
127816,2021-09-15,TL33/67,80.35,14.11675,0.0,4.033866
127817,2021-09-15,SU01/5B,72.68,14.11675,0.0,4.033866
127818,2021-09-15,SJ15/13,80.11137,14.11675,0.0,4.033866
127819,2021-09-15,NY63/2,130.49,14.11675,0.0,4.033866
127820,2021-09-15,ST07/10,52.4348,14.11675,0.0,4.033866
127821,2021-09-15,SY68/34,65.316,14.11675,0.0,4.033866
127822,2021-09-15,TR14/9,67.435,14.11675,0.0,4.033866
127823,2021-09-15,SN00/11,7.2323,14.11675,0.0,4.033866
127824,2021-09-15,TL33/4,81.1,14.11675,0.0,4.033866
127825,2021-09-15,SE95/6,19.51,14.11675,0.0,4.033866
127826,2021-09-15,TL44/12,39.137,14.11675,0.0,4.033866
127827,2021-09-15,TQ25/86,95.092,14.11675,0.0,4.033866
127828,2021-09-15,SJ62/235,54.688,14.11675,0.0,4.033866
127829,2021-09-15,TF81/2A,45.131,14.11675,0.0,4.033866
127830,2021-09-15,SP00/62,100.237,14.11675,0.0,4.033866
127831,2021-09-15,SU71/23,37.058,14.11675,0.0,4.033866
127832,2021-09-15,SE94/5,14.83,14.11675,0.0,4.033866
127833,2021-09-15,TF03/37,12.49,14.11675,0.0,4.033866
127834,2021-09-15,SU81/1,44.674,14.11675,0.0,4.033866
127835,2021-09-15,SK00/41,130.326,14.11675,0.0,4.033866
127836,2021-09-16,SU17/57,131.27,15.008415,0.2,8.768642
127837,2021-09-16,ST07/10,52.3541,15.008415,0.2,8.768642
127838,2021-09-16,NH95/17,29.33,15.008415,0.2,8.768642
127839,2021-09-16,TL33/67,80.31,15.008415,0.2,8.768642
127840,2021-09-16,TL33/4,81.06,15.008415,0.2,8.768642
127841,2021-09-16,SU01/5B,72.61,15.008415,0.2,8.768642
127842,2021-09-16,SE95/6,19.49,15.008415,0.2,8.768642
127843,2021-09-16,SJ15/13,80.09815,15.008415,0.2,8.768642
127844,2021-09-16,NY63/2,130.48,15.008415,0.2,8.768642
127845,2021-09-16,SY68/34,65.292,15.008415,0.2,8.768642
127846,2021-09-16,TL44/12,39.097,15.008415,0.2,8.768642
127847,2021-09-16,TR14/9,67.354,15.008415,0.2,8.768642
127848,2021-09-16,NO20/14,36.55,15.008415,0.2,8.768642
127849,2021-09-16,SN00/11,7.2154,15.008415,0.2,8.768642
127850,2021-09-16,TF81/2A,45.111,15.008415,0.2,8.768642
127851,2021-09-16,SP00/62,100.23,15.008415,0.2,8.768642
127852,2021-09-16,SK00/41,130.319,15.008415,0.2,8.768642
127853,2021-09-16,SE94/5,14.799,15.008415,0.2,8.768642
127854,2021-09-16,SU71/23,37.001,15.008415,0.2,8.768642
127855,2021-09-16,SJ62/235,54.688,15.008415,0.2,8.768642
127856,2021-09-16,SU81/1,44.613,15.008415,0.2,8.768642
127857,2021-09-16,TF03/37,12.458,15.008415,0.2,8.768642
127858,2021-09-16,TQ25/86,95.027,15.008415,0.2,8.768642
127859,2021-09-17,SU17/57,131.24,15.079251,0.0,14.122578
127860,2021-09-17,SU01/5B,72.55,15.079251,0.0,14.122578
127861,2021-09-17,SN00/11,7.2205,15.079251,0.0,14.122578
127862,2021-09-17,TL33/67,80.28,15.079251,0.0,14.122578
127863,2021-09-17,NO20/14,36.55,15.079251,0.0,14.122578
127864,2021-09-17,SE95/6,19.47,15.079251,0.0,14.122578
127865,2021-09-17,TR14/9,67.277,15.079251,0.0,14.122578
127866,2021-09-17,ST07/10,52.2644,15.079251,0.0,14.122578
127867,2021-09-17,NY63/2,130.48,15.079251,0.0,14.122578
127868,2021-09-17,TL33/4,81.01,15.079251,0.0,14.122578
127869,2021-09-17,SY68/34,65.268,15.079251,0.0,14.122578
127870,2021-09-17,TL44/12,39.059,15.079251,0.0,14.122578
127871,2021-09-17,SJ15/13,80.10481,15.079251,0.0,14.122578
127872,2021-09-17,NH95/17,29.33,15.079251,0.0,14.122578
127873,2021-09-17,SE94/5,14.714,15.079251,0.0,14.122578
127874,2021-09-17,SU71/23,37.12,15.079251,0.0,14.122578
127875,2021-09-17,SP00/62,100.224,15.079251,0.0,14.122578
127876,2021-09-17,SK00/41,130.322,15.079251,0.0,14.122578
127877,2021-09-17,TQ25/86,94.961,15.079251,0.0,14.122578
127878,2021-09-17,TF81/2A,45.091,15.079251,0.0,14.122578
127879,2021-09-17,SU81/1,44.555,15.079251,0.0,14.122578
127880,2021-09-17,SJ62/235,54.681,15.079251,0.0,14.122578
127881,2021-09-17,TF03/37,12.44,15.079251,0.0,14.122578
127882,2021-09-17,TV59/7C,1.61,15.079251,0.0,14.122578
127883,2021-09-18,SE95/6,19.46,16.362585,3.5,10.2884445
127884,2021-09-18,SU17/57,131.17,16.362585,3.5,10.2884445
127885,2021-09-18,ST07/10,52.1749,16.362585,3.5,10.2884445
127886,2021-09-18,NY63/2,130.47,16.362585,3.5,10.2884445
127887,2021-09-18,TR14/9,67.212,16.362585,3.5,10.2884445
127888,2021-09-18,TL44/12,39.021,16.362585,3.5,10.2884445
127889,2021-09-18,TL33/67,80.24,16.362585,3.5,10.2884445
127890,2021-09-18,SY68/34,65.243,16.362585,3.5,10.2884445
127891,2021-09-18,NH95/17,29.32,16.362585,3.5,10.2884445
127892,2021-09-18,SU01/5B,72.49,16.362585,3.5,10.2884445
127893,2021-09-18,TL33/4,80.97,16.362585,3.5,10.2884445
127894,2021-09-18,NO20/14,36.53,16.362585,3.5,10.2884445
127895,2021-09-18,SJ15/13,80.09842,16.362585,3.5,10.2884445
127896,2021-09-18,SN00/11,7.2399,16.362585,3.5,10.2884445
127897,2021-09-18,SE94/5,14.686,16.362585,3.5,10.2884445
127898,2021-09-18,TF03/37,12.434,16.362585,3.5,10.2884445
127899,2021-09-18,SP00/62,100.219,16.362585,3.5,10.2884445
127900,2021-09-18,TQ25/86,94.892,16.362585,3.5,10.2884445
127901,2021-09-18,TF81/2A,45.068,16.362585,3.5,10.2884445
127902,2021-09-18,SJ62/235,54.682,16.362585,3.5,10.2884445
127903,2021-09-18,SU81/1,44.491,16.362585,3.5,10.2884445
127904,2021-09-18,SU71/23,37.066,16.362585,3.5,10.2884445
127905,2021-09-18,SK00/41,130.318,16.362585,3.5,10.2884445
127906,2021-09-19,SJ15/13,80.09511,14.212583,8.4,10.330438
127907,2021-09-19,SU17/57,131.14,14.212583,8.4,10.330438
127908,2021-09-19,NH95/17,29.32,14.212583,8.4,10.330438
127909,2021-09-19,NO20/14,36.53,14.212583,8.4,10.330438
127910,2021-09-19,SY68/34,65.216,14.212583,8.4,10.330438
127911,2021-09-19,TL33/67,80.17,14.212583,8.4,10.330438
127912,2021-09-19,SN00/11,7.2385,14.212583,8.4,10.330438
127913,2021-09-19,ST07/10,52.0821,14.212583,8.4,10.330438
127914,2021-09-19,TR14/9,67.145,14.212583,8.4,10.330438
127915,2021-09-19,SU01/5B,72.43,14.212583,8.4,10.330438
127916,2021-09-19,NY63/2,130.48,14.212583,8.4,10.330438
127917,2021-09-19,TL33/4,80.93,14.212583,8.4,10.330438
127918,2021-09-19,SE95/6,19.45,14.212583,8.4,10.330438
127919,2021-09-19,TL44/12,38.982,14.212583,8.4,10.330438
127920,2021-09-19,SP00/62,100.213,14.212583,8.4,10.330438
127921,2021-09-19,TF81/2A,45.046,14.212583,8.4,10.330438
127922,2021-09-19,SJ62/235,54.672,14.212583,8.4,10.330438
127923,2021-09-19,SE94/5,14.711,14.212583,8.4,10.330438
127924,2021-09-19,SU71/23,36.973,14.212583,8.4,10.330438
127925,2021-09-19,TQ25/86,94.822,14.212583,8.4,10.330438
127926,2021-09-19,TF03/37,12.415,14.212583,8.4,10.330438
127927,2021-09-19,SU81/1,44.416,14.212583,8.4,10.330438
127928,2021-09-19,SK00/41,130.309,14.212583,8.4,10.330438
127929,2021-09-20,TL33/67,80.07,13.4355,0.4,6.2091928
127930,2021-09-20,TL33/4,80.89,13.4355,0.4,6.2091928
127931,2021-09-20,SY68/34,65.191,13.4355,0.4,6.2091928
127932,2021-09-20,SE95/6,19.41,13.4355,0.4,6.2091928
127933,2021-09-20,ST07/10,51.9932,13.4355,0.4,6.2091928
127934,2021-09-20,NH95/17,29.3,13.4355,0.4,6.2091928
127935,2021-09-20,TL44/12,38.94,13.4355,0.4,6.2091928
127936,2021-09-20,SU17/57,131.17,13.4355,0.4,6.2091928
127937,2021-09-20,NY63/2,130.44,13.4355,0.4,6.2091928
127938,2021-09-20,SJ15/13,80.06037,13.4355,0.4,6.2091928
127939,2021-09-20,SN00/11,7.2258,13.4355,0.4,6.2091928
127940,2021-09-20,TR14/9,67.065,13.4355,0.4,6.2091928
127941,2021-09-20,NO20/14,36.5,13.4355,0.4,6.2091928
127942,2021-09-20,SU01/5B,72.37,13.4355,0.4,6.2091928
127943,2021-09-20,SK00/41,130.288,13.4355,0.4,6.2091928
127944,2021-09-20,SJ62/235,54.664,13.4355,0.4,6.2091928
127945,2021-09-20,SE94/5,14.688,13.4355,0.4,6.2091928
127946,2021-09-20,TF03/37,12.378,13.4355,0.4,6.2091928
127947,2021-09-20,TF81/2A,45.031,13.4355,0.4,6.2091928
127948,2021-09-20,TQ25/86,94.756,13.4355,0.4,6.2091928
127949,2021-09-20,SU81/1,44.319,13.4355,0.4,6.2091928
127950,2021-09-20,SP00/62,100.207,13.4355,0.4,6.2091928
127951,2021-09-20,SU71/23,36.929,13.4355,0.4,6.2091928
127952,2021-09-21,ST07/10,51.9866,13.5771675,0.0,7.4286184
127953,2021-09-21,TL33/4,80.84,13.5771675,0.0,7.4286184
127954,2021-09-21,NH95/17,29.29,13.5771675,0.0,7.4286184
127955,2021-09-21,NO20/14,36.5,13.5771675,0.0,7.4286184
127956,2021-09-21,SY68/34,65.168,13.5771675,0.0,7.4286184
127957,2021-09-21,TL33/67,80.04,13.5771675,0.0,7.4286184
127958,2021-09-21,SU17/57,131.23,13.5771675,0.0,7.4286184
127959,2021-09-21,SJ15/13,80.0333,13.5771675,0.0,7.4286184
127960,2021-09-21,SN00/11,7.2181,13.5771675,0.0,7.4286184
127961,2021-09-21,TL44/12,38.899,13.5771675,0.0,7.4286184
127962,2021-09-21,SU01/5B,72.29,13.5771675,0.0,7.4286184
127963,2021-09-21,SE95/6,19.42,13.5771675,0.0,7.4286184
127964,2021-09-21,NY63/2,130.42,13.5771675,0.0,7.4286184
127965,2021-09-21,TR14/9,66.978,13.5771675,0.0,7.4286184
127966,2021-09-21,SE94/5,14.665,13.5771675,0.0,7.4286184
127967,2021-09-21,SJ62/235,54.664,13.5771675,0.0,7.4286184
127968,2021-09-21,SU71/23,36.857,13.5771675,0.0,7.4286184
127969,2021-09-21,SK00/41,130.276,13.5771675,0.0,7.4286184
127970,2021-09-21,TF81/2A,45.017,13.5771675,0.0,7.4286184
127971,2021-09-21,TQ25/86,94.694,13.5771675,0.0,7.4286184
127972,2021-09-21,SP00/62,100.203,13.5771675,0.0,7.4286184
127973,2021-09-21,TF03/37,12.361,13.5771675,0.0,7.4286184
127974,2021-09-21,SU81/1,44.234,13.5771675,0.0,7.4286184
127975,2021-09-22,NY63/2,130.43,15.275083,0.70000005,13.811132
127976,2021-09-22,SN00/11,7.2131,15.275083,0.70000005,13.811132
127977,2021-09-22,ST07/10,51.9312,15.275083,0.70000005,13.811132
127978,2021-09-22,TL44/12,38.862,15.275083,0.70000005,13.811132
127979,2021-09-22,TL33/67,80.05,15.275083,0.70000005,13.811132
127980,2021-09-22,SU01/5B,72.23,15.275083,0.70000005,13.811132
127981,2021-09-22,SY68/34,65.144,15.275083,0.70000005,13.811132
127982,2021-09-22,NO20/14,36.51,15.275083,0.70000005,13.811132
127983,2021-09-22,TR14/9,66.904,15.275083,0.70000005,13.811132
127984,2021-09-22,NH95/17,29.3,15.275083,0.70000005,13.811132
127985,2021-09-22,SJ15/13,80.03478,15.275083,0.70000005,13.811132
127986,2021-09-22,SE95/6,19.39,15.275083,0.70000005,13.811132
127987,2021-09-22,SU17/57,131.21,15.275083,0.70000005,13.811132
127988,2021-09-22,TL33/4,80.81,15.275083,0.70000005,13.811132
127989,2021-09-22,SU81/1,44.17,15.275083,0.70000005,13.811132
127990,2021-09-22,TQ25/86,94.636,15.275083,0.70000005,13.811132
127991,2021-09-22,SK00/41,130.284,15.275083,0.70000005,13.811132
127992,2021-09-22,SU71/23,36.797,15.275083,0.70000005,13.811132
127993,2021-09-22,SJ62/235,54.673,15.275083,0.70000005,13.811132
127994,2021-09-22,SP00/62,100.197,15.275083,0.70000005,13.811132
127995,2021-09-22,SE94/5,14.638,15.275083,0.70000005,13.811132
127996,2021-09-22,TF81/2A,45.001,15.275083,0.70000005,13.811132
127997,2021-09-22,TF03/37,12.384,15.275083,0.70000005,13.811132
127998,2021-09-23,SU01/5B,72.17,14.785501,0.8000001,16.574629
127999,2021-09-23,SE95/6,19.39,14.785501,0.8000001,16.574629
128000,2021-09-23,SN00/11,7.2077,14.785501,0.8000001,16.574629
128001,2021-09-23,NY63/2,130.46,14.785501,0.8000001,16.574629
128002,2021-09-23,TL44/12,38.828,14.785501,0.8000001,16.574629
128003,2021-09-23,TL33/4,80.77,14.785501,0.8000001,16.574629
128004,2021-09-23,NH95/17,29.32,14.785501,0.8000001,16.574629
128005,2021-09-23,TR14/9,66.833,14.785501,0.8000001,16.574629
128006,2021-09-23,SJ15/13,80.061,14.785501,0.8000001,16.574629
128007,2021-09-23,NO20/14,36.52,14.785501,0.8000001,16.574629
128008,2021-09-23,TL33/67,80.03,14.785501,0.8000001,16.574629
128009,2021-09-23,SU17/57,131.12,14.785501,0.8000001,16.574629
128010,2021-09-23,SY68/34,65.121,14.785501,0.8000001,16.574629
128011,2021-09-23,ST07/10,51.8275,14.785501,0.8000001,16.574629
128012,2021-09-23,TF81/2A,44.983,14.785501,0.8000001,16.574629
128013,2021-09-23,SU81/1,44.113,14.785501,0.8000001,16.574629
128014,2021-09-23,SE94/5,14.606,14.785501,0.8000001,16.574629
128015,2021-09-23,SJ62/235,54.67,14.785501,0.8000001,16.574629
128016,2021-09-23,TQ25/86,94.579,14.785501,0.8000001,16.574629
128017,2021-09-23,TF03/37,12.384,14.785501,0.8000001,16.574629
128018,2021-09-23,SP00/62,100.189,14.785501,0.8000001,16.574629
128019,2021-09-23,SU71/23,36.728,14.785501,0.8000001,16.574629
128020,2021-09-23,SK00/41,130.3,14.785501,0.8000001,16.574629
128021,2021-09-23,TM15/112,25.34,14.785501,0.8000001,16.574629
128022,2021-09-24,ST07/10,51.7283,16.520918,1.9000001,14.5180645
128023,2021-09-24,TR14/9,66.758,16.520918,1.9000001,14.5180645
128024,2021-09-24,SN00/11,7.2001,16.520918,1.9000001,14.5180645
128025,2021-09-24,SE95/6,19.39,16.520918,1.9000001,14.5180645
128026,2021-09-24,TL33/67,79.98,16.520918,1.9000001,14.5180645
128027,2021-09-24,SU17/57,131.03,16.520918,1.9000001,14.5180645
128028,2021-09-24,SJ15/13,80.06632,16.520918,1.9000001,14.5180645
128029,2021-09-24,NO20/14,36.51,16.520918,1.9000001,14.5180645
128030,2021-09-24,NH95/17,29.32,16.520918,1.9000001,14.5180645
128031,2021-09-24,TL33/4,80.73,16.520918,1.9000001,14.5180645
128032,2021-09-24,SY68/34,65.097,16.520918,1.9000001,14.5180645
128033,2021-09-24,NY63/2,130.45,16.520918,1.9000001,14.5180645
128034,2021-09-24,SU01/5B,72.12,16.520918,1.9000001,14.5180645
128035,2021-09-24,TL44/12,38.792,16.520918,1.9000001,14.5180645
128036,2021-09-24,TQ25/86,94.522,16.520918,1.9000001,14.5180645
128037,2021-09-24,SJ62/235,54.665,16.520918,1.9000001,14.5180645
128038,2021-09-24,SP00/62,100.182,16.520918,1.9000001,14.5180645
128039,2021-09-24,SE94/5,14.587,16.520918,1.9000001,14.5180645
128040,2021-09-24,SK00/41,130.308,16.520918,1.9000001,14.5180645
128041,2021-09-24,SU71/23,36.676,16.520918,1.9000001,14.5180645
128042,2021-09-24,TF03/37,12.326,16.520918,1.9000001,14.5180645
128043,2021-09-24,TF81/2A,44.965,16.520918,1.9000001,14.5180645
128044,2021-09-24,SU81/1,44.049,16.520918,1.9000001,14.5180645
128045,2021-09-25,NO20/14,36.47,16.860498,0.90000004,9.242189
128046,2021-09-25,NY63/2,130.45,16.860498,0.90000004,9.242189
128047,2021-09-25,TR14/9,66.689,16.860498,0.90000004,9.242189
128048,2021-09-25,TL33/4,80.68,16.860498,0.90000004,9.242189
128049,2021-09-25,TL33/67,79.95,16.860498,0.90000004,9.242189
128050,2021-09-25,SU17/57,130.97,16.860498,0.90000004,9.242189
128051,2021-09-25,SJ15/13,80.06611,16.860498,0.90000004,9.242189
128052,2021-09-25,NH95/17,29.29,16.860498,0.90000004,9.242189
128053,2021-09-25,ST07/10,51.6354,16.860498,0.90000004,9.242189
128054,2021-09-25,TL44/12,38.759,16.860498,0.90000004,9.242189
128055,2021-09-25,SN00/11,7.1938,16.860498,0.90000004,9.242189
128056,2021-09-25,SY68/34,65.074,16.860498,0.90000004,9.242189
128057,2021-09-25,SU01/5B,72.07,16.860498,0.90000004,9.242189
128058,2021-09-25,SE95/6,19.37,16.860498,0.90000004,9.242189
128059,2021-09-25,TQ25/86,94.467,16.860498,0.90000004,9.242189
128060,2021-09-25,TF81/2A,44.948,16.860498,0.90000004,9.242189
128061,2021-09-25,TF03/37,12.283,16.860498,0.90000004,9.242189
128062,2021-09-25,SK00/41,130.31,16.860498,0.90000004,9.242189
128063,2021-09-25,SJ62/235,54.663,16.860498,0.90000004,9.242189
128064,2021-09-25,SU81/1,43.986,16.860498,0.90000004,9.242189
128065,2021-09-25,SP00/62,100.178,16.860498,0.90000004,9.242189
128066,2021-09-25,SE94/5,14.559,16.860498,0.90000004,9.242189
128067,2021-09-25,SU71/23,36.611,16.860498,0.90000004,9.242189
128068,2021-09-26,SJ15/13,80.07348,16.220915,1.8000002,17.308765
128069,2021-09-26,TL33/67,79.91,16.220915,1.8000002,17.308765
128070,2021-09-26,SU17/57,130.91,16.220915,1.8000002,17.308765
128071,2021-09-26,TR14/9,66.632,16.220915,1.8000002,17.308765
128072,2021-09-26,NO20/14,36.46,16.220915,1.8000002,17.308765
128073,2021-09-26,NY63/2,130.45,16.220915,1.8000002,17.308765
128074,2021-09-26,ST07/10,51.5604,16.220915,1.8000002,17.308765
128075,2021-09-26,NH95/17,29.3,16.220915,1.8000002,17.308765
128076,2021-09-26,SN00/11,7.202,16.220915,1.8000002,17.308765
128077,2021-09-26,TL44/12,38.727,16.220915,1.8000002,17.308765
128078,2021-09-26,SU01/5B,72.02,16.220915,1.8000002,17.308765
128079,2021-09-26,SE95/6,19.35,16.220915,1.8000002,17.308765
128080,2021-09-26,SY68/34,65.051,16.220915,1.8000002,17.308765
128081,2021-09-26,TL33/4,80.65,16.220915,1.8000002,17.308765
128082,2021-09-26,SK00/41,130.315,16.220915,1.8000002,17.308765
128083,2021-09-26,TF81/2A,44.925,16.220915,1.8000002,17.308765
128084,2021-09-26,SU81/1,43.912,16.220915,1.8000002,17.308765
128085,2021-09-26,TF03/37,12.277,16.220915,1.8000002,17.308765
128086,2021-09-26,SP00/62,100.171,16.220915,1.8000002,17.308765
128087,2021-09-26,SJ62/235,54.666,16.220915,1.8000002,17.308765
128088,2021-09-26,SE94/5,14.531,16.220915,1.8000002,17.308765
128089,2021-09-26,TQ25/86,94.41,16.220915,1.8000002,17.308765
128090,2021-09-26,SU71/23,36.546,16.220915,1.8000002,17.308765
128091,2021-09-27,TL33/4,80.592,12.543835,21.300001,18.388327
128092,2021-09-27,TL44/12,38.695,12.543835,21.300001,18.388327
128093,2021-09-27,TL33/67,79.8,12.543835,21.300001,18.388327
128094,2021-09-27,SN00/11,7.2735,12.543835,21.300001,18.388327
128095,2021-09-27,SJ15/13,80.09244,12.543835,21.300001,18.388327
128096,2021-09-27,SU01/5B,71.96,12.543835,21.300001,18.388327
128097,2021-09-27,TR14/9,66.549,12.543835,21.300001,18.388327
128098,2021-09-27,SU17/57,130.84,12.543835,21.300001,18.388327
128099,2021-09-27,NH95/17,29.35,12.543835,21.300001,18.388327
128100,2021-09-27,NO20/14,36.45,12.543835,21.300001,18.388327
128101,2021-09-27,SE95/6,19.34,12.543835,21.300001,18.388327
128102,2021-09-27,NY63/2,130.46,12.543835,21.300001,18.388327
128103,2021-09-27,ST07/10,51.733,12.543835,21.300001,18.388327
128104,2021-09-27,SY68/34,65.032,12.543835,21.300001,18.388327
128105,2021-09-27,SK00/41,130.309,12.543835,21.300001,18.388327
128106,2021-09-27,SE94/5,14.466,12.543835,21.300001,18.388327
128107,2021-09-27,SU71/23,36.468,12.543835,21.300001,18.388327
128108,2021-09-27,TF03/37,12.22,12.543835,21.300001,18.388327
128109,2021-09-27,SU81/1,43.827,12.543835,21.300001,18.388327
128110,2021-09-27,SP00/62,100.168,12.543835,21.300001,18.388327
128111,2021-09-27,TQ25/86,94.363,12.543835,21.300001,18.388327
128112,2021-09-27,TF81/2A,44.909,12.543835,21.300001,18.388327
128113,2021-09-27,SJ62/235,54.655,12.543835,21.300001,18.388327
128114,2021-09-28,NY63/2,130.43,10.550084,15.800001,12.7099695
128115,2021-09-28,ST07/10,52.7604,10.550084,15.800001,12.7099695
128116,2021-09-28,TL33/67,79.83,10.550084,15.800001,12.7099695
128117,2021-09-28,SN00/11,7.3913,10.550084,15.800001,12.7099695
128118,2021-09-28,NH95/17,29.38,10.550084,15.800001,12.7099695
128119,2021-09-28,SE95/6,19.3,10.550084,15.800001,12.7099695
128120,2021-09-28,TL33/4,80.57,10.550084,15.800001,12.7099695
128121,2021-09-28,SU01/5B,71.9,10.550084,15.800001,12.7099695
128122,2021-09-28,SU17/57,130.91,10.550084,15.800001,12.7099695
128123,2021-09-28,SJ15/13,80.04859,10.550084,15.800001,12.7099695
128124,2021-09-28,TL44/12,38.662,10.550084,15.800001,12.7099695
128125,2021-09-28,NO20/14,36.42,10.550084,15.800001,12.7099695
128126,2021-09-28,SY68/34,65.013,10.550084,15.800001,12.7099695
128127,2021-09-28,SU81/1,43.753,10.550084,15.800001,12.7099695
128128,2021-09-28,TR14/9,66.489,10.550084,15.800001,12.7099695
128129,2021-09-28,TQ25/86,94.29,10.550084,15.800001,12.7099695
128130,2021-09-28,TF03/37,12.216,10.550084,15.800001,12.7099695
128131,2021-09-28,SJ62/235,54.657,10.550084,15.800001,12.7099695
128132,2021-09-28,SU71/23,36.395,10.550084,15.800001,12.7099695
128133,2021-09-28,SP00/62,100.215,10.550084,15.800001,12.7099695
128134,2021-09-28,SE94/5,14.462,10.550084,15.800001,12.7099695
128135,2021-09-28,TF81/2A,44.885,10.550084,15.800001,12.7099695
128136,2021-09-28,SK00/41,130.294,10.550084,15.800001,12.7099695
128137,2021-09-29,SU17/57,130.82,8.968834,1.3000002,12.550833
128138,2021-09-29,NH95/17,29.37,8.968834,1.3000002,12.550833
128139,2021-09-29,SN00/11,7.4866,8.968834,1.3000002,12.550833
128140,2021-09-29,NO20/14,36.39,8.968834,1.3000002,12.550833
128141,2021-09-29,SU01/5B,71.85,8.968834,1.3000002,12.550833
128142,2021-09-29,SJ15/13,80.04284,8.968834,1.3000002,12.550833
128143,2021-09-29,TL33/67,79.71,8.968834,1.3000002,12.550833
128144,2021-09-29,TL44/12,38.627,8.968834,1.3000002,12.550833
128145,2021-09-29,ST07/10,53.8903,8.968834,1.3000002,12.550833
128146,2021-09-29,NY63/2,130.45,8.968834,1.3000002,12.550833
128147,2021-09-29,TL33/4,80.53,8.968834,1.3000002,12.550833
128148,2021-09-29,SE95/6,19.31,8.968834,1.3000002,12.550833
128149,2021-09-29,SE94/5,14.444,8.968834,1.3000002,12.550833
128150,2021-09-29,SK00/41,130.272,8.968834,1.3000002,12.550833
128151,2021-09-29,SY68/34,64.999,8.968834,1.3000002,12.550833
128152,2021-09-29,TF03/37,12.161,8.968834,1.3000002,12.550833
128153,2021-09-29,SJ62/235,54.649,8.968834,1.3000002,12.550833
128154,2021-09-29,SU81/1,43.659,8.968834,1.3000002,12.550833
128155,2021-09-29,TQ25/86,94.273,8.968834,1.3000002,12.550833
128156,2021-09-29,TR14/9,66.398,8.968834,1.3000002,12.550833
128157,2021-09-29,SP00/62,100.253,8.968834,1.3000002,12.550833
128158,2021-09-29,TF81/2A,44.874,8.968834,1.3000002,12.550833
128159,2021-09-29,SU71/23,36.308,8.968834,1.3000002,12.550833
128160,2021-09-30,NH95/17,29.39,11.877168,12.400002,16.366335
128161,2021-09-30,ST07/10,54.2486,11.877168,12.400002,16.366335
128162,2021-09-30,TL33/4,80.494,11.877168,12.400002,16.366335
128163,2021-09-30,TL44/12,38.595,11.877168,12.400002,16.366335
128164,2021-09-30,SJ15/13,80.02174,11.877168,12.400002,16.366335
128165,2021-09-30,NY63/2,130.41,11.877168,12.400002,16.366335
128166,2021-09-30,SU01/5B,71.78,11.877168,12.400002,16.366335
128167,2021-09-30,NO20/14,36.41,11.877168,12.400002,16.366335
128168,2021-09-30,SU17/57,130.93,11.877168,12.400002,16.366335
128169,2021-09-30,SN00/11,7.621,11.877168,12.400002,16.366335
128170,2021-09-30,SE95/6,19.26,11.877168,12.400002,16.366335
128171,2021-09-30,TA10/63,14.39,11.877168,12.400002,16.366335
128172,2021-09-30,TQ25/86,94.238,11.877168,12.400002,16.366335
128173,2021-09-30,TF81/2A,44.857,11.877168,12.400002,16.366335
128174,2021-09-30,SJ62/235,54.676,11.877168,12.400002,16.366335
128175,2021-09-30,SU81/1,43.592,11.877168,12.400002,16.366335
128176,2021-09-30,TR14/9,66.332,11.877168,12.400002,16.366335
128177,2021-09-30,TF03/37,12.213,11.877168,12.400002,16.366335
128178,2021-09-30,SP00/62,100.26,11.877168,12.400002,16.366335
128179,2021-09-30,SK00/41,130.28,11.877168,12.400002,16.366335
128180,2021-09-30,TL33/67,79.76,11.877168,12.400002,16.366335
128181,2021-09-30,SE94/5,14.419,11.877168,12.400002,16.366335
128182,2021-09-30,SU71/23,36.24,11.877168,12.400002,16.366335
128183,2021-09-30,SY68/34,64.978,11.877168,12.400002,16.366335
128184,2021-10-01,SU01/5B,71.74,11.200085,7.5,18.583889
128185,2021-10-01,TL44/12,38.567,11.200085,7.5,18.583889
128186,2021-10-01,NO20/14,36.41,11.200085,7.5,18.583889
128187,2021-10-01,TL33/4,80.46,11.200085,7.5,18.583889
128188,2021-10-01,SU17/57,130.77,11.200085,7.5,18.583889
128189,2021-10-01,SJ15/13,80.07516,11.200085,7.5,18.583889
128190,2021-10-01,TL33/67,79.7,11.200085,7.5,18.583889
128191,2021-10-01,NY63/2,130.48,11.200085,7.5,18.583889
128192,2021-10-01,NH95/17,29.41,11.200085,7.5,18.583889
128193,2021-10-01,SE95/6,19.29,11.200085,7.5,18.583889
128194,2021-10-01,SJ62/235,54.672,11.200085,7.5,18.583889
128195,2021-10-01,SY68/34,64.963,11.200085,7.5,18.583889
128196,2021-10-01,ST07/10,55.0057,11.200085,7.5,18.583889
128197,2021-10-01,SP00/62,100.262,11.200085,7.5,18.583889
128198,2021-10-01,SK00/41,130.294,11.200085,7.5,18.583889
128199,2021-10-01,SE94/5,14.394,11.200085,7.5,18.583889
128200,2021-10-01,TR14/9,66.273,11.200085,7.5,18.583889
128201,2021-10-01,SU71/23,36.173,11.200085,7.5,18.583889
128202,2021-10-01,SN00/11,7.8022,11.200085,7.5,18.583889
128203,2021-10-01,SU81/1,43.536,11.200085,7.5,18.583889
128204,2021-10-01,TF03/37,12.22,11.200085,7.5,18.583889
128205,2021-10-01,TF81/2A,44.85,11.200085,7.5,18.583889
128206,2021-10-01,TQ25/86,94.23,11.200085,7.5,18.583889
128207,2021-10-02,SJ15/13,80.0733,9.877167,23.399998,18.20586
128208,2021-10-02,SU17/57,130.74,9.877167,23.399998,18.20586
128209,2021-10-02,TL33/67,79.77,9.877167,23.399998,18.20586
128210,2021-10-02,NH95/17,29.41,9.877167,23.399998,18.20586
128211,2021-10-02,SU01/5B,71.69,9.877167,23.399998,18.20586
128212,2021-10-02,NO20/14,36.41,9.877167,23.399998,18.20586
128213,2021-10-02,NY63/2,130.46,9.877167,23.399998,18.20586
128214,2021-10-02,TL44/12,38.543,9.877167,23.399998,18.20586
128215,2021-10-02,SE95/6,19.28,9.877167,23.399998,18.20586
128216,2021-10-02,TL33/4,80.42,9.877167,23.399998,18.20586
128217,2021-10-02,SU71/23,36.139,9.877167,23.399998,18.20586
128218,2021-10-02,SN00/11,8.0544,9.877167,23.399998,18.20586
128219,2021-10-02,SU81/1,43.526,9.877167,23.399998,18.20586
128220,2021-10-02,SK00/41,130.324,9.877167,23.399998,18.20586
128221,2021-10-02,TR14/9,66.235,9.877167,23.399998,18.20586
128222,2021-10-02,SE94/5,14.371,9.877167,23.399998,18.20586
128223,2021-10-02,SY68/34,64.984,9.877167,23.399998,18.20586
128224,2021-10-02,TQ25/86,94.222,9.877167,23.399998,18.20586
128225,2021-10-02,TF81/2A,44.823,9.877167,23.399998,18.20586
128226,2021-10-02,TF03/37,12.298,9.877167,23.399998,18.20586
128227,2021-10-02,SJ62/235,54.697,9.877167,23.399998,18.20586
128228,2021-10-02,ST07/10,56.9501,9.877167,23.399998,18.20586
128229,2021-10-02,SP00/62,100.345,9.877167,23.399998,18.20586
128230,2021-10-03,TL33/67,79.59,9.814668,8.800001,14.177145
128231,2021-10-03,SU01/5B,71.68,9.814668,8.800001,14.177145
128232,2021-10-03,TL44/12,38.515,9.814668,8.800001,14.177145
128233,2021-10-03,SU17/57,130.53,9.814668,8.800001,14.177145
128234,2021-10-03,NH95/17,29.4,9.814668,8.800001,14.177145
128235,2021-10-03,NY63/2,130.54,9.814668,8.800001,14.177145
128236,2021-10-03,TL33/4,80.38,9.814668,8.800001,14.177145
128237,2021-10-03,NO20/14,36.4,9.814668,8.800001,14.177145
128238,2021-10-03,SJ15/13,80.11996,9.814668,8.800001,14.177145
128239,2021-10-03,SE95/6,19.27,9.814668,8.800001,14.177145
128240,2021-10-03,SY68/34,65.003,9.814668,8.800001,14.177145
128241,2021-10-03,SE94/5,14.349,9.814668,8.800001,14.177145
128242,2021-10-03,TR14/9,66.153,9.814668,8.800001,14.177145
128243,2021-10-03,TQ25/86,94.226,9.814668,8.800001,14.177145
128244,2021-10-03,SK00/41,130.317,9.814668,8.800001,14.177145
128245,2021-10-03,SP00/62,100.353,9.814668,8.800001,14.177145
128246,2021-10-03,TF81/2A,44.806,9.814668,8.800001,14.177145
128247,2021-10-03,SU81/1,43.494,9.814668,8.800001,14.177145
128248,2021-10-03,TF03/37,12.265,9.814668,8.800001,14.177145
128249,2021-10-03,SN00/11,8.2951,9.814668,8.800001,14.177145
128250,2021-10-03,ST07/10,60.6477,9.814668,8.800001,14.177145
128251,2021-10-03,SU71/23,36.083,9.814668,8.800001,14.177145
128252,2021-10-03,SJ62/235,54.667,9.814668,8.800001,14.177145
128253,2021-10-04,NH95/17,29.36,9.887584,3.1,13.071264
128254,2021-10-04,TL33/4,80.342,9.887584,3.1,13.071264
128255,2021-10-04,NY63/2,130.47,9.887584,3.1,13.071264
128256,2021-10-04,SU01/5B,71.62,9.887584,3.1,13.071264
128257,2021-10-04,NO20/14,36.34,9.887584,3.1,13.071264
128258,2021-10-04,SJ15/13,80.06993,9.887584,3.1,13.071264
128259,2021-10-04,TL44/12,38.485,9.887584,3.1,13.071264
128260,2021-10-04,TL33/67,79.59,9.887584,3.1,13.071264
128261,2021-10-04,SE95/6,19.29,9.887584,3.1,13.071264
128262,2021-10-04,TF03/37,12.275,9.887584,3.1,13.071264
128263,2021-10-04,SY68/34,64.995,9.887584,3.1,13.071264
128264,2021-10-04,TF81/2A,44.788,9.887584,3.1,13.071264
128265,2021-10-04,TQ25/86,94.357,9.887584,3.1,13.071264
128266,2021-10-04,ST07/10,64.282,9.887584,3.1,13.071264
128267,2021-10-04,SK00/41,130.293,9.887584,3.1,13.071264
128268,2021-10-04,SJ62/235,54.671,9.887584,3.1,13.071264
128269,2021-10-04,SE94/5,14.326,9.887584,3.1,13.071264
128270,2021-10-04,TR14/9,66.11,9.887584,3.1,13.071264
128271,2021-10-04,SU17/57,130.613,9.887584,3.1,13.071264
128272,2021-10-04,SU81/1,43.44,9.887584,3.1,13.071264
128273,2021-10-04,SN00/11,8.5589,9.887584,3.1,13.071264
128274,2021-10-04,SU71/23,36.022,9.887584,3.1,13.071264
128275,2021-10-05,SU17/57,130.56,9.216751,35.9,22.321526
128276,2021-10-05,SE95/6,19.29,9.216751,35.9,22.321526
128277,2021-10-05,NO20/14,36.33,9.216751,35.9,22.321526
128278,2021-10-05,TL44/12,38.458,9.216751,35.9,22.321526
128279,2021-10-05,NH95/17,29.36,9.216751,35.9,22.321526
128280,2021-10-05,NY63/2,130.48,9.216751,35.9,22.321526
128281,2021-10-05,TL33/4,80.31,9.216751,35.9,22.321526
128282,2021-10-05,TL33/67,79.51,9.216751,35.9,22.321526
128283,2021-10-05,SJ15/13,80.10341,9.216751,35.9,22.321526
128284,2021-10-05,SU01/5B,71.59,9.216751,35.9,22.321526
128285,2021-10-05,SY68/34,65.024,9.216751,35.9,22.321526
128286,2021-10-05,ST07/10,67.7504,9.216751,35.9,22.321526
128287,2021-10-05,TF03/37,12.245,9.216751,35.9,22.321526
128288,2021-10-05,TF81/2A,44.761,9.216751,35.9,22.321526
128289,2021-10-05,SK00/41,130.284,9.216751,35.9,22.321526
128290,2021-10-05,TQ25/86,94.442,9.216751,35.9,22.321526
128291,2021-10-05,SJ62/235,54.649,9.216751,35.9,22.321526
128292,2021-10-05,SN00/11,8.9173,9.216751,35.9,22.321526
128293,2021-10-05,TR14/9,66.055,9.216751,35.9,22.321526
128294,2021-10-05,SE94/5,14.308,9.216751,35.9,22.321526
128295,2021-10-05,SU81/1,43.536,9.216751,35.9,22.321526
128296,2021-10-05,SU71/23,36.136,9.216751,35.9,22.321526
128297,2021-10-06,SE95/6,19.31,10.133418,1.9000001,12.651437
128298,2021-10-06,NY63/2,130.48,10.133418,1.9000001,12.651437
128299,2021-10-06,SU01/5B,71.58,10.133418,1.9000001,12.651437
128300,2021-10-06,SJ15/13,80.06416,10.133418,1.9000001,12.651437
128301,2021-10-06,TL33/67,79.39,10.133418,1.9000001,12.651437
128302,2021-10-06,TL44/12,38.425,10.133418,1.9000001,12.651437
128303,2021-10-06,NH95/17,29.32,10.133418,1.9000001,12.651437
128304,2021-10-06,SU17/57,130.69,10.133418,1.9000001,12.651437
128305,2021-10-06,NO20/14,36.32,10.133418,1.9000001,12.651437
128306,2021-10-06,TL33/4,80.27,10.133418,1.9000001,12.651437
128307,2021-10-06,SK00/41,130.244,10.133418,1.9000001,12.651437
128308,2021-10-06,SP00/62,100.519,10.133418,1.9000001,12.651437
128309,2021-10-06,TF81/2A,44.743,10.133418,1.9000001,12.651437
128310,2021-10-06,TF03/37,12.259,10.133418,1.9000001,12.651437
128311,2021-10-06,SU71/23,36.316,10.133418,1.9000001,12.651437
128312,2021-10-06,SN00/11,9.186,10.133418,1.9000001,12.651437
128313,2021-10-06,TQ25/86,94.51,10.133418,1.9000001,12.651437
128314,2021-10-06,SY68/34,65.009,10.133418,1.9000001,12.651437
128315,2021-10-06,SE94/5,14.287,10.133418,1.9000001,12.651437
128316,2021-10-06,TR14/9,65.989,10.133418,1.9000001,12.651437
128317,2021-10-06,ST07/10,68.3144,10.133418,1.9000001,12.651437
128318,2021-10-06,SU81/1,43.637,10.133418,1.9000001,12.651437
128319,2021-10-06,SJ62/235,54.642,10.133418,1.9000001,12.651437
128320,2021-10-07,SU17/57,130.78,15.283418,1.5000002,18.146553
128321,2021-10-07,NY63/2,130.46,15.283418,1.5000002,18.146553
128322,2021-10-07,TL33/67,79.37,15.283418,1.5000002,18.146553
128323,2021-10-07,NH95/17,29.34,15.283418,1.5000002,18.146553
128324,2021-10-07,SJ15/13,80.05567,15.283418,1.5000002,18.146553
128325,2021-10-07,SU01/5B,71.57,15.283418,1.5000002,18.146553
128326,2021-10-07,TL44/12,38.392,15.283418,1.5000002,18.146553
128327,2021-10-07,NO20/14,36.33,15.283418,1.5000002,18.146553
128328,2021-10-07,TL33/4,80.23,15.283418,1.5000002,18.146553
128329,2021-10-07,SE95/6,19.37,15.283418,1.5000002,18.146553
128330,2021-10-07,TF81/2A,44.727,15.283418,1.5000002,18.146553
128331,2021-10-07,TF03/37,12.303,15.283418,1.5000002,18.146553
128332,2021-10-07,SK00/41,130.225,15.283418,1.5000002,18.146553
128333,2021-10-07,TR14/9,65.915,15.283418,1.5000002,18.146553
128334,2021-10-07,SP00/62,100.536,15.283418,1.5000002,18.146553
128335,2021-10-07,SE94/5,14.21,15.283418,1.5000002,18.146553
128336,2021-10-07,SU71/23,36.394,15.283418,1.5000002,18.146553
128337,2021-10-07,TQ25/86,94.57,15.283418,1.5000002,18.146553
128338,2021-10-07,SY68/34,64.98,15.283418,1.5000002,18.146553
128339,2021-10-07,SJ62/235,54.64,15.283418,1.5000002,18.146553
128340,2021-10-07,ST07/10,68.0883,15.283418,1.5000002,18.146553
128341,2021-10-07,SN00/11,9.3636,15.283418,1.5000002,18.146553
128342,2021-10-07,SU81/1,43.648,15.283418,1.5000002,18.146553
128343,2021-10-08,TL33/67,79.35,15.250084,0.1,13.226918
128344,2021-10-08,NO20/14,36.31,15.250084,0.1,13.226918
128345,2021-10-08,TL44/12,38.361,15.250084,0.1,13.226918
128346,2021-10-08,NY63/2,130.44,15.250084,0.1,13.226918
128347,2021-10-08,NH95/17,29.32,15.250084,0.1,13.226918
128348,2021-10-08,SE95/6,19.47,15.250084,0.1,13.226918
128349,2021-10-08,SU17/57,130.8,15.250084,0.1,13.226918
128350,2021-10-08,TL33/4,80.19,15.250084,0.1,13.226918
128351,2021-10-08,SU01/5B,71.6,15.250084,0.1,13.226918
128352,2021-10-08,SJ15/13,80.03896,15.250084,0.1,13.226918
128353,2021-10-08,SU71/23,36.445,15.250084,0.1,13.226918
128354,2021-10-08,SY68/34,64.963,15.250084,0.1,13.226918
128355,2021-10-08,SN00/11,9.4393,15.250084,0.1,13.226918
128356,2021-10-08,TR14/9,65.848,15.250084,0.1,13.226918
128357,2021-10-08,SE94/5,14.231,15.250084,0.1,13.226918
128358,2021-10-08,SU81/1,43.646,15.250084,0.1,13.226918
128359,2021-10-08,TF81/2A,44.713,15.250084,0.1,13.226918
128360,2021-10-08,TF03/37,12.367,15.250084,0.1,13.226918
128361,2021-10-08,TQ25/86,94.626,15.250084,0.1,13.226918
128362,2021-10-08,SK00/41,130.213,15.250084,0.1,13.226918
128363,2021-10-08,ST07/10,67.6569,15.250084,0.1,13.226918
128364,2021-10-08,SJ62/235,54.639,15.250084,0.1,13.226918
128365,2021-10-08,SP00/62,100.522,15.250084,0.1,13.226918
128366,2021-10-09,SU17/57,130.78,14.158417,2.3999996,10.849247
128367,2021-10-09,SE95/6,19.55,14.158417,2.3999996,10.849247
128368,2021-10-09,SJ15/13,80.03578,14.158417,2.3999996,10.849247
128369,2021-10-09,NY63/2,130.43,14.158417,2.3999996,10.849247
128370,2021-10-09,TL33/4,80.15,14.158417,2.3999996,10.849247
128371,2021-10-09,NO20/14,36.32,14.158417,2.3999996,10.849247
128372,2021-10-09,NH95/17,29.32,14.158417,2.3999996,10.849247
128373,2021-10-09,TL44/12,38.332,14.158417,2.3999996,10.849247
128374,2021-10-09,SU01/5B,71.64,14.158417,2.3999996,10.849247
128375,2021-10-09,TL33/67,79.33,14.158417,2.3999996,10.849247
128376,2021-10-09,TQ25/86,94.67,14.158417,2.3999996,10.849247
128377,2021-10-09,SE94/5,14.242,14.158417,2.3999996,10.849247
128378,2021-10-09,TF81/2A,44.698,14.158417,2.3999996,10.849247
128379,2021-10-09,SK00/41,130.21,14.158417,2.3999996,10.849247
128380,2021-10-09,SU71/23,36.491,14.158417,2.3999996,10.849247
128381,2021-10-09,SP00/62,100.503,14.158417,2.3999996,10.849247
128382,2021-10-09,TR14/9,65.792,14.158417,2.3999996,10.849247
128383,2021-10-09,ST07/10,67.1578,14.158417,2.3999996,10.849247
128384,2021-10-09,SY68/34,64.946,14.158417,2.3999996,10.849247
128385,2021-10-09,SJ62/235,54.637,14.158417,2.3999996,10.849247
128386,2021-10-09,SU81/1,43.647,14.158417,2.3999996,10.849247
128387,2021-10-09,TF03/37,12.426,14.158417,2.3999996,10.849247
128388,2021-10-09,SN00/11,9.4493,14.158417,2.3999996,10.849247
128389,2021-10-10,NH95/17,29.32,11.218835,0.0,11.948268
128390,2021-10-10,SU17/57,130.76,11.218835,0.0,11.948268
128391,2021-10-10,NO20/14,36.32,11.218835,0.0,11.948268
128392,2021-10-10,SJ15/13,80.02256,11.218835,0.0,11.948268
128393,2021-10-10,SU01/5B,71.7,11.218835,0.0,11.948268
128394,2021-10-10,SE95/6,19.58,11.218835,0.0,11.948268
128395,2021-10-10,TL33/67,79.29,11.218835,0.0,11.948268
128396,2021-10-10,TL33/4,80.12,11.218835,0.0,11.948268
128397,2021-10-10,NY63/2,130.43,11.218835,0.0,11.948268
128398,2021-10-10,TL44/12,38.304,11.218835,0.0,11.948268
128399,2021-10-10,SP00/62,100.493,11.218835,0.0,11.948268
128400,2021-10-10,TQ25/86,94.705,11.218835,0.0,11.948268
128401,2021-10-10,SK00/41,130.205,11.218835,0.0,11.948268
128402,2021-10-10,ST07/10,66.5868,11.218835,0.0,11.948268
128403,2021-10-10,SN00/11,9.4226,11.218835,0.0,11.948268
128404,2021-10-10,SE94/5,14.223,11.218835,0.0,11.948268
128405,2021-10-10,SY68/34,64.926,11.218835,0.0,11.948268
128406,2021-10-10,SJ62/235,54.634,11.218835,0.0,11.948268
128407,2021-10-10,TF03/37,12.466,11.218835,0.0,11.948268
128408,2021-10-10,TF81/2A,44.685,11.218835,0.0,11.948268
128409,2021-10-10,SU71/23,36.528,11.218835,0.0,11.948268
128410,2021-10-10,TR14/9,65.729,11.218835,0.0,11.948268
128411,2021-10-10,SU81/1,43.636,11.218835,0.0,11.948268
128412,2021-10-11,SE95/6,19.73,10.7438345,1.5000001,12.102085
128413,2021-10-11,TL33/4,80.08,10.7438345,1.5000001,12.102085
128414,2021-10-11,TL33/67,79.28,10.7438345,1.5000001,12.102085
128415,2021-10-11,SU17/57,130.76,10.7438345,1.5000001,12.102085
128416,2021-10-11,NH95/17,29.33,10.7438345,1.5000001,12.102085
128417,2021-10-11,NO20/14,36.31,10.7438345,1.5000001,12.102085
128418,2021-10-11,TL44/12,38.279,10.7438345,1.5000001,12.102085
128419,2021-10-11,SJ15/13,80.01519,10.7438345,1.5000001,12.102085
128420,2021-10-11,SU01/5B,71.78,10.7438345,1.5000001,12.102085
128421,2021-10-11,NY63/2,130.43,10.7438345,1.5000001,12.102085
128422,2021-10-11,SK00/41,130.203,10.7438345,1.5000001,12.102085
128423,2021-10-11,SU81/1,43.634,10.7438345,1.5000001,12.102085
128424,2021-10-11,ST07/10,65.9616,10.7438345,1.5000001,12.102085
128425,2021-10-11,SE94/5,14.181,10.7438345,1.5000001,12.102085
128426,2021-10-11,SY68/34,64.903,10.7438345,1.5000001,12.102085
128427,2021-10-11,SU71/23,36.56,10.7438345,1.5000001,12.102085
128428,2021-10-11,TF81/2A,44.672,10.7438345,1.5000001,12.102085
128429,2021-10-11,TR14/9,65.674,10.7438345,1.5000001,12.102085
128430,2021-10-11,SP00/62,100.488,10.7438345,1.5000001,12.102085
128431,2021-10-11,SJ62/235,54.636,10.7438345,1.5000001,12.102085
128432,2021-10-11,SN00/11,9.3795,10.7438345,1.5000001,12.102085
128433,2021-10-11,TQ25/86,94.731,10.7438345,1.5000001,12.102085
128434,2021-10-11,TF03/37,12.495,10.7438345,1.5000001,12.102085
128435,2021-10-12,NH95/17,29.36,11.979251,1.8000002,9.215626
128436,2021-10-12,SU01/5B,71.88,11.979251,1.8000002,9.215626
128437,2021-10-12,SJ15/13,80.0277,11.979251,1.8000002,9.215626
128438,2021-10-12,SU17/57,130.71,11.979251,1.8000002,9.215626
128439,2021-10-12,SE95/6,19.82,11.979251,1.8000002,9.215626
128440,2021-10-12,NY63/2,130.44,11.979251,1.8000002,9.215626
128441,2021-10-12,NO20/14,36.31,11.979251,1.8000002,9.215626
128442,2021-10-12,TL33/67,79.24,11.979251,1.8000002,9.215626
128443,2021-10-12,TL33/4,80.04,11.979251,1.8000002,9.215626
128444,2021-10-12,TL44/12,38.256,11.979251,1.8000002,9.215626
128445,2021-10-12,SJ62/235,54.634,11.979251,1.8000002,9.215626
128446,2021-10-12,SU81/1,43.66,11.979251,1.8000002,9.215626
128447,2021-10-12,SU71/23,36.598,11.979251,1.8000002,9.215626
128448,2021-10-12,ST07/10,65.1564,11.979251,1.8000002,9.215626
128449,2021-10-12,SK00/41,130.21,11.979251,1.8000002,9.215626
128450,2021-10-12,SP00/62,100.477,11.979251,1.8000002,9.215626
128451,2021-10-12,SE94/5,14.158,11.979251,1.8000002,9.215626
128452,2021-10-12,TF81/2A,44.657,11.979251,1.8000002,9.215626
128453,2021-10-12,TR14/9,65.614,11.979251,1.8000002,9.215626
128454,2021-10-12,SN00/11,9.3221,11.979251,1.8000002,9.215626
128455,2021-10-12,TQ25/86,94.747,11.979251,1.8000002,9.215626
128456,2021-10-12,SY68/34,64.889,11.979251,1.8000002,9.215626
128457,2021-10-12,TF03/37,12.529,11.979251,1.8000002,9.215626
128458,2021-10-13,SU17/57,130.67,12.010501,1.7000002,10.137822
128459,2021-10-13,SJ15/13,80.02619,12.010501,1.7000002,10.137822
128460,2021-10-13,ID30/1,113.25,12.010501,1.7000002,10.137822
128461,2021-10-13,NO20/14,36.3,12.010501,1.7000002,10.137822
128462,2021-10-13,SE95/6,19.88,12.010501,1.7000002,10.137822
128463,2021-10-13,TL33/4,80.01,12.010501,1.7000002,10.137822
128464,2021-10-13,TL44/12,38.237,12.010501,1.7000002,10.137822
128465,2021-10-13,NY63/2,130.44,12.010501,1.7000002,10.137822
128466,2021-10-13,TL33/67,79.21,12.010501,1.7000002,10.137822
128467,2021-10-13,SU01/5B,71.99,12.010501,1.7000002,10.137822
128468,2021-10-13,NH95/17,29.4,12.010501,1.7000002,10.137822
128469,2021-10-13,SU81/1,43.687,12.010501,1.7000002,10.137822
128470,2021-10-13,TF03/37,12.541,12.010501,1.7000002,10.137822
128471,2021-10-13,SJ62/235,54.631,12.010501,1.7000002,10.137822
128472,2021-10-13,SK00/41,130.207,12.010501,1.7000002,10.137822
128473,2021-10-13,SU71/23,36.63,12.010501,1.7000002,10.137822
128474,2021-10-13,TQ25/86,94.759,12.010501,1.7000002,10.137822
128475,2021-10-13,ST07/10,64.2684,12.010501,1.7000002,10.137822
128476,2021-10-13,SY68/34,64.873,12.010501,1.7000002,10.137822
128477,2021-10-13,TF81/2A,44.648,12.010501,1.7000002,10.137822
128478,2021-10-13,SN00/11,9.2462,12.010501,1.7000002,10.137822
128479,2021-10-13,SE94/5,14.137,12.010501,1.7000002,10.137822
128480,2021-10-13,TR14/9,65.544,12.010501,1.7000002,10.137822
128481,2021-10-13,SP00/62,100.47,12.010501,1.7000002,10.137822
128482,2021-10-14,SE95/6,19.96,11.370915,4.5,13.926094
128483,2021-10-14,NO20/14,36.3,11.370915,4.5,13.926094
128484,2021-10-14,TL33/67,79.23,11.370915,4.5,13.926094
128485,2021-10-14,NH95/17,29.42,11.370915,4.5,13.926094
128486,2021-10-14,NY63/2,130.44,11.370915,4.5,13.926094
128487,2021-10-14,SJ15/13,80.04904,11.370915,4.5,13.926094
128488,2021-10-14,SU01/5B,72.09,11.370915,4.5,13.926094
128489,2021-10-14,TL44/12,38.221,11.370915,4.5,13.926094
128490,2021-10-14,SU17/57,130.64,11.370915,4.5,13.926094
128491,2021-10-14,TL33/4,79.97,11.370915,4.5,13.926094
128492,2021-10-14,ID30/1,113.25,11.370915,4.5,13.926094
128493,2021-10-14,TF03/37,12.548,11.370915,4.5,13.926094
128494,2021-10-14,SE94/5,14.117,11.370915,4.5,13.926094
128495,2021-10-14,TR14/9,65.499,11.370915,4.5,13.926094
128496,2021-10-14,SJ62/235,54.638,11.370915,4.5,13.926094
128497,2021-10-14,SY68/34,64.856,11.370915,4.5,13.926094
128498,2021-10-14,SU81/1,43.737,11.370915,4.5,13.926094
128499,2021-10-14,ST07/10,63.5343,11.370915,4.5,13.926094
128500,2021-10-14,SU71/23,36.672,11.370915,4.5,13.926094
128501,2021-10-14,SK00/41,130.216,11.370915,4.5,13.926094
128502,2021-10-14,TF81/2A,44.632,11.370915,4.5,13.926094
128503,2021-10-14,SN00/11,9.1781,11.370915,4.5,13.926094
128504,2021-10-14,SP00/62,100.469,11.370915,4.5,13.926094
128505,2021-10-14,TQ25/86,94.76,11.370915,4.5,13.926094
128506,2021-10-15,ID30/1,113.29,7.250084,0.1,5.0657682
128507,2021-10-15,SE95/6,20.01,7.250084,0.1,5.0657682
128508,2021-10-15,NY63/2,130.46,7.250084,0.1,5.0657682
128509,2021-10-15,TL44/12,38.206,7.250084,0.1,5.0657682
128510,2021-10-15,TL33/67,79.14,7.250084,0.1,5.0657682
128511,2021-10-15,SU01/5B,72.21,7.250084,0.1,5.0657682
128512,2021-10-15,NH95/17,29.39,7.250084,0.1,5.0657682
128513,2021-10-15,SJ15/13,80.06504,7.250084,0.1,5.0657682
128514,2021-10-15,SU17/57,130.54,7.250084,0.1,5.0657682
128515,2021-10-15,TL33/4,79.94,7.250084,0.1,5.0657682
128516,2021-10-15,NO20/14,36.27,7.250084,0.1,5.0657682
128517,2021-10-15,SU81/1,43.783,7.250084,0.1,5.0657682
128518,2021-10-15,SP00/62,100.455,7.250084,0.1,5.0657682
128519,2021-10-15,SE94/5,14.098,7.250084,0.1,5.0657682
128520,2021-10-15,SK00/41,130.216,7.250084,0.1,5.0657682
128521,2021-10-15,TR14/9,65.426,7.250084,0.1,5.0657682
128522,2021-10-15,ST07/10,62.8702,7.250084,0.1,5.0657682
128523,2021-10-15,TF03/37,12.535,7.250084,0.1,5.0657682
128524,2021-10-15,SU71/23,36.71,7.250084,0.1,5.0657682
128525,2021-10-15,SN00/11,9.0898,7.250084,0.1,5.0657682
128526,2021-10-15,SJ62/235,54.628,7.250084,0.1,5.0657682
128527,2021-10-15,SY68/34,64.841,7.250084,0.1,5.0657682
128528,2021-10-15,TF81/2A,44.622,7.250084,0.1,5.0657682
128529,2021-10-15,TQ25/86,94.76,7.250084,0.1,5.0657682
128530,2021-10-16,SJ15/13,80.05333,8.710502,1.7,11.167282
128531,2021-10-16,NO20/14,36.28,8.710502,1.7,11.167282
128532,2021-10-16,TL44/12,38.193,8.710502,1.7,11.167282
128533,2021-10-16,NY63/2,130.43,8.710502,1.7,11.167282
128534,2021-10-16,SU01/5B,72.33,8.710502,1.7,11.167282
128535,2021-10-16,ID30/1,113.31,8.710502,1.7,11.167282
128536,2021-10-16,NH95/17,29.4,8.710502,1.7,11.167282
128537,2021-10-16,TL33/4,79.9,8.710502,1.7,11.167282
128538,2021-10-16,SU17/57,130.54,8.710502,1.7,11.167282
128539,2021-10-16,TL33/67,79.14,8.710502,1.7,11.167282
128540,2021-10-16,SE95/6,19.99,8.710502,1.7,11.167282
128541,2021-10-16,TF03/37,12.531,8.710502,1.7,11.167282
128542,2021-10-16,TF81/2A,44.609,8.710502,1.7,11.167282
128543,2021-10-16,TQ25/86,94.755,8.710502,1.7,11.167282
128544,2021-10-16,ST07/10,62.3029,8.710502,1.7,11.167282
128545,2021-10-16,SE94/5,14.077,8.710502,1.7,11.167282
128546,2021-10-16,SP00/62,100.451,8.710502,1.7,11.167282
128547,2021-10-16,SN00/11,9.0194,8.710502,1.7,11.167282
128548,2021-10-16,TR14/9,65.37,8.710502,1.7,11.167282
128549,2021-10-16,SU81/1,43.823,8.710502,1.7,11.167282
128550,2021-10-16,SK00/41,130.215,8.710502,1.7,11.167282
128551,2021-10-16,SY68/34,64.83,8.710502,1.7,11.167282
128552,2021-10-16,SJ62/235,54.632,8.710502,1.7,11.167282
128553,2021-10-16,SU71/23,36.745,8.710502,1.7,11.167282
128554,2021-10-17,SE95/6,20.09,13.110499,2.4,13.343047
128555,2021-10-17,TL33/67,79.09,13.110499,2.4,13.343047
128556,2021-10-17,SU17/57,130.48,13.110499,2.4,13.343047
128557,2021-10-17,NH95/17,29.4,13.110499,2.4,13.343047
128558,2021-10-17,TL33/4,79.86,13.110499,2.4,13.343047
128559,2021-10-17,ID30/1,113.39,13.110499,2.4,13.343047
128560,2021-10-17,SU01/5B,72.44,13.110499,2.4,13.343047
128561,2021-10-17,SJ15/13,80.06878,13.110499,2.4,13.343047
128562,2021-10-17,NO20/14,36.32,13.110499,2.4,13.343047
128563,2021-10-17,NY63/2,130.45,13.110499,2.4,13.343047
128564,2021-10-17,TL44/12,38.18,13.110499,2.4,13.343047
128565,2021-10-17,TQ25/86,94.748,13.110499,2.4,13.343047
128566,2021-10-17,SJ62/235,54.627,13.110499,2.4,13.343047
128567,2021-10-17,ST07/10,61.783,13.110499,2.4,13.343047
128568,2021-10-17,TR14/9,65.305,13.110499,2.4,13.343047
128569,2021-10-17,SY68/34,64.819,13.110499,2.4,13.343047
128570,2021-10-17,SU71/23,36.779,13.110499,2.4,13.343047
128571,2021-10-17,SK00/41,130.219,13.110499,2.4,13.343047
128572,2021-10-17,TF03/37,12.552,13.110499,2.4,13.343047
128573,2021-10-17,SU81/1,43.865,13.110499,2.4,13.343047
128574,2021-10-17,SE94/5,14.057,13.110499,2.4,13.343047
128575,2021-10-17,TF81/2A,44.598,13.110499,2.4,13.343047
128576,2021-10-17,SP00/62,100.444,13.110499,2.4,13.343047
128577,2021-10-17,SN00/11,8.9466,13.110499,2.4,13.343047
128578,2021-10-18,SJ15/13,80.0573,13.883418,0.6,16.026087
128579,2021-10-18,TL33/67,79.07,13.883418,0.6,16.026087
128580,2021-10-18,TL33/4,79.83,13.883418,0.6,16.026087
128581,2021-10-18,ID30/1,113.45,13.883418,0.6,16.026087
128582,2021-10-18,SE95/6,20.16,13.883418,0.6,16.026087
128583,2021-10-18,NO20/14,36.34,13.883418,0.6,16.026087
128584,2021-10-18,SU01/5B,72.55,13.883418,0.6,16.026087
128585,2021-10-18,TL44/12,38.168,13.883418,0.6,16.026087
128586,2021-10-18,NH95/17,29.41,13.883418,0.6,16.026087
128587,2021-10-18,SU17/57,130.45,13.883418,0.6,16.026087
128588,2021-10-18,NY63/2,130.43,13.883418,0.6,16.026087
128589,2021-10-18,SY68/34,64.825,13.883418,0.6,16.026087
128590,2021-10-18,TF03/37,12.564,13.883418,0.6,16.026087
128591,2021-10-18,SJ62/235,54.63,13.883418,0.6,16.026087
128592,2021-10-18,SK00/41,130.218,13.883418,0.6,16.026087
128593,2021-10-18,SU81/1,43.905,13.883418,0.6,16.026087
128594,2021-10-18,ST07/10,61.3489,13.883418,0.6,16.026087
128595,2021-10-18,SN00/11,8.9079,13.883418,0.6,16.026087
128596,2021-10-18,TR14/9,65.244,13.883418,0.6,16.026087
128597,2021-10-18,SU71/23,36.813,13.883418,0.6,16.026087
128598,2021-10-18,SE94/5,14.037,13.883418,0.6,16.026087
128599,2021-10-18,TQ25/86,94.74,13.883418,0.6,16.026087
128600,2021-10-18,TF81/2A,44.591,13.883418,0.6,16.026087
128601,2021-10-18,SP00/62,100.439,13.883418,0.6,16.026087
128602,2021-10-19,NO20/14,36.36,15.077167,4.1,17.11845
128603,2021-10-19,ID30/1,113.48,15.077167,4.1,17.11845
128604,2021-10-19,SU17/57,130.39,15.077167,4.1,17.11845
128605,2021-10-19,NY63/2,130.42,15.077167,4.1,17.11845
128606,2021-10-19,TL33/67,79.08,15.077167,4.1,17.11845
128607,2021-10-19,TL33/4,79.79,15.077167,4.1,17.11845
128608,2021-10-19,NH95/17,29.42,15.077167,4.1,17.11845
128609,2021-10-19,SU01/5B,72.65,15.077167,4.1,17.11845
128610,2021-10-19,TL44/12,38.157,15.077167,4.1,17.11845
128611,2021-10-19,SJ15/13,80.05963,15.077167,4.1,17.11845
128612,2021-10-19,SE95/6,20.19,15.077167,4.1,17.11845
128613,2021-10-19,SU81/1,43.956,15.077167,4.1,17.11845
128614,2021-10-19,SN00/11,9.0366,15.077167,4.1,17.11845
128615,2021-10-19,TQ25/86,94.76,15.077167,4.1,17.11845
128616,2021-10-19,TR14/9,65.199,15.077167,4.1,17.11845
128617,2021-10-19,TF03/37,12.582,15.077167,4.1,17.11845
128618,2021-10-19,SP00/62,100.462,15.077167,4.1,17.11845
128619,2021-10-19,ST07/10,61.6839,15.077167,4.1,17.11845
128620,2021-10-19,SU71/23,36.851,15.077167,4.1,17.11845
128621,2021-10-19,SE94/5,14.018,15.077167,4.1,17.11845
128622,2021-10-19,SK00/41,130.229,15.077167,4.1,17.11845
128623,2021-10-19,SY68/34,64.933,15.077167,4.1,17.11845
128624,2021-10-19,SJ62/235,54.637,15.077167,4.1,17.11845
128625,2021-10-19,TF81/2A,44.584,15.077167,4.1,17.11845
128626,2021-10-20,TL44/12,38.149,9.427167,1.5,9.705374
128627,2021-10-20,SE95/6,20.24,9.427167,1.5,9.705374
128628,2021-10-20,SJ15/13,80.08244,9.427167,1.5,9.705374
128629,2021-10-20,SU01/5B,72.75,9.427167,1.5,9.705374
128630,2021-10-20,TL33/67,79.11,9.427167,1.5,9.705374
128631,2021-10-20,SU17/57,130.28,9.427167,1.5,9.705374
128632,2021-10-20,NH95/17,29.45,9.427167,1.5,9.705374
128633,2021-10-20,NO20/14,36.37,9.427167,1.5,9.705374
128634,2021-10-20,NY63/2,130.46,9.427167,1.5,9.705374
128635,2021-10-20,TL33/4,79.77,9.427167,1.5,9.705374
128636,2021-10-20,ID30/1,113.44,9.427167,1.5,9.705374
128637,2021-10-20,SP00/62,100.558,9.427167,1.5,9.705374
128638,2021-10-20,SJ62/235,54.637,9.427167,1.5,9.705374
128639,2021-10-20,SE94/5,14.002,9.427167,1.5,9.705374
128640,2021-10-20,TR14/9,65.178,9.427167,1.5,9.705374
128641,2021-10-20,TQ25/86,94.977,9.427167,1.5,9.705374
128642,2021-10-20,TF03/37,12.578,9.427167,1.5,9.705374
128643,2021-10-20,SU71/23,36.93,9.427167,1.5,9.705374
128644,2021-10-20,SY68/34,65.132,9.427167,1.5,9.705374
128645,2021-10-20,SN00/11,9.2631,9.427167,1.5,9.705374
128646,2021-10-20,ST07/10,64.7682,9.427167,1.5,9.705374
128647,2021-10-20,TF81/2A,44.561,9.427167,1.5,9.705374
128648,2021-10-20,SK00/41,130.255,9.427167,1.5,9.705374
128649,2021-10-20,SU81/1,44.137,9.427167,1.5,9.705374
128650,2021-10-21,NY63/2,130.47,6.6167502,2.0,16.825994
128651,2021-10-21,SU17/57,130.17,6.6167502,2.0,16.825994
128652,2021-10-21,TL44/12,38.135,6.6167502,2.0,16.825994
128653,2021-10-21,SU01/5B,72.92,6.6167502,2.0,16.825994
128654,2021-10-21,NH95/17,29.44,6.6167502,2.0,16.825994
128655,2021-10-21,NO20/14,36.31,6.6167502,2.0,16.825994
128656,2021-10-21,SJ15/13,80.07852,6.6167502,2.0,16.825994
128657,2021-10-21,SE95/6,20.26,6.6167502,2.0,16.825994
128658,2021-10-21,TL33/4,79.73,6.6167502,2.0,16.825994
128659,2021-10-21,TL33/67,78.88,6.6167502,2.0,16.825994
128660,2021-10-21,ID30/1,113.42,6.6167502,2.0,16.825994
128661,2021-10-21,SP00/62,100.628,6.6167502,2.0,16.825994
128662,2021-10-21,SY68/34,65.258,6.6167502,2.0,16.825994
128663,2021-10-21,TR14/9,65.122,6.6167502,2.0,16.825994
128664,2021-10-21,SU81/1,44.996,6.6167502,2.0,16.825994
128665,2021-10-21,SU71/23,37.108,6.6167502,2.0,16.825994
128666,2021-10-21,TQ25/86,95.16,6.6167502,2.0,16.825994
128667,2021-10-21,SN00/11,9.4656,6.6167502,2.0,16.825994
128668,2021-10-21,SK00/41,130.222,6.6167502,2.0,16.825994
128669,2021-10-21,TF81/2A,44.547,6.6167502,2.0,16.825994
128670,2021-10-21,SJ62/235,54.611,6.6167502,2.0,16.825994
128671,2021-10-21,ST07/10,67.8762,6.6167502,2.0,16.825994
128672,2021-10-21,SE94/5,13.981,6.6167502,2.0,16.825994
128673,2021-10-21,TF03/37,12.494,6.6167502,2.0,16.825994
128674,2021-10-22,NO20/14,36.3,8.700084,1.2,15.8930025
128675,2021-10-22,ID30/1,113.51,8.700084,1.2,15.8930025
128676,2021-10-22,TL44/12,38.115,8.700084,1.2,15.8930025
128677,2021-10-22,SU17/57,130.42,8.700084,1.2,15.8930025
128678,2021-10-22,SE95/6,20.26,8.700084,1.2,15.8930025
128679,2021-10-22,NH95/17,29.43,8.700084,1.2,15.8930025
128680,2021-10-22,NY63/2,130.39,8.700084,1.2,15.8930025
128681,2021-10-22,SU01/5B,73.6,8.700084,1.2,15.8930025
128682,2021-10-22,TL33/67,78.84,8.700084,1.2,15.8930025
128683,2021-10-22,SJ15/13,80.01559,8.700084,1.2,15.8930025
128684,2021-10-22,TL33/4,79.69,8.700084,1.2,15.8930025
128685,2021-10-22,TR14/9,65.054,8.700084,1.2,15.8930025
128686,2021-10-22,SY68/34,65.352,8.700084,1.2,15.8930025
128687,2021-10-22,SU81/1,45.972,8.700084,1.2,15.8930025
128688,2021-10-22,SK00/41,130.191,8.700084,1.2,15.8930025
128689,2021-10-22,TF81/2A,44.539,8.700084,1.2,15.8930025
128690,2021-10-22,TQ25/86,95.287,8.700084,1.2,15.8930025
128691,2021-10-22,TF03/37,12.471,8.700084,1.2,15.8930025
128692,2021-10-22,ST07/10,68.4232,8.700084,1.2,15.8930025
128693,2021-10-22,SU71/23,37.414,8.700084,1.2,15.8930025
128694,2021-10-22,SP00/62,100.688,8.700084,1.2,15.8930025
128695,2021-10-22,SN00/11,9.6277,8.700084,1.2,15.8930025
128696,2021-10-22,SE94/5,13.962,8.700084,1.2,15.8930025
128697,2021-10-22,SJ62/235,54.608,8.700084,1.2,15.8930025
128698,2021-10-22,TV59/7C,1.56,8.700084,1.2,15.8930025
128699,2021-10-23,TL33/4,79.66,9.731334,0.5,17.205023
128700,2021-10-23,SU01/5B,75.82,9.731334,0.5,17.205023
128701,2021-10-23,NH95/17,29.44,9.731334,0.5,17.205023
128702,2021-10-23,ID30/1,113.45,9.731334,0.5,17.205023
128703,2021-10-23,NY63/2,130.36,9.731334,0.5,17.205023
128704,2021-10-23,NO20/14,36.32,9.731334,0.5,17.205023
128705,2021-10-23,SU17/57,130.47,9.731334,0.5,17.205023
128706,2021-10-23,TL44/12,38.097,9.731334,0.5,17.205023
128707,2021-10-23,SE95/6,20.2,9.731334,0.5,17.205023
128708,2021-10-23,SJ15/13,79.99385,9.731334,0.5,17.205023
128709,2021-10-23,TL33/67,78.85,9.731334,0.5,17.205023
128710,2021-10-23,TQ25/86,95.393,9.731334,0.5,17.205023
128711,2021-10-23,ST07/10,68.2933,9.731334,0.5,17.205023
128712,2021-10-23,TF03/37,12.508,9.731334,0.5,17.205023
128713,2021-10-23,SU71/23,37.78,9.731334,0.5,17.205023
128714,2021-10-23,SE94/5,13.947,9.731334,0.5,17.205023
128715,2021-10-23,TR14/9,64.994,9.731334,0.5,17.205023
128716,2021-10-23,TF81/2A,44.535,9.731334,0.5,17.205023
128717,2021-10-23,SY68/34,65.448,9.731334,0.5,17.205023
128718,2021-10-23,SN00/11,9.7462,9.731334,0.5,17.205023
128719,2021-10-23,SJ62/235,54.616,9.731334,0.5,17.205023
128720,2021-10-23,SU81/1,46.617,9.731334,0.5,17.205023
128721,2021-10-23,SK00/41,130.18,9.731334,0.5,17.205023
128722,2021-10-23,SP00/62,100.747,9.731334,0.5,17.205023
128723,2021-10-24,SU01/5B,77.77,11.291752,7.2999988,22.403507
128724,2021-10-24,ID30/1,113.58,11.291752,7.2999988,22.403507
128725,2021-10-24,SJ15/13,80.01833,11.291752,7.2999988,22.403507
128726,2021-10-24,SE95/6,20.3,11.291752,7.2999988,22.403507
128727,2021-10-24,TL33/67,78.87,11.291752,7.2999988,22.403507
128728,2021-10-24,TL33/4,79.62,11.291752,7.2999988,22.403507
128729,2021-10-24,NY63/2,130.4,11.291752,7.2999988,22.403507
128730,2021-10-24,NO20/14,36.34,11.291752,7.2999988,22.403507
128731,2021-10-24,NH95/17,29.44,11.291752,7.2999988,22.403507
128732,2021-10-24,SU17/57,130.41,11.291752,7.2999988,22.403507
128733,2021-10-24,TL44/12,38.081,11.291752,7.2999988,22.403507
128734,2021-10-24,SN00/11,9.8365,11.291752,7.2999988,22.403507
128735,2021-10-24,TQ25/86,95.47,11.291752,7.2999988,22.403507
128736,2021-10-24,SU81/1,47.122,11.291752,7.2999988,22.403507
128737,2021-10-24,SJ62/235,54.62,11.291752,7.2999988,22.403507
128738,2021-10-24,SP00/62,100.785,11.291752,7.2999988,22.403507
128739,2021-10-24,SU71/23,38.148,11.291752,7.2999988,22.403507
128740,2021-10-24,ST07/10,67.961,11.291752,7.2999988,22.403507
128741,2021-10-24,TF03/37,12.536,11.291752,7.2999988,22.403507
128742,2021-10-24,SK00/41,130.194,11.291752,7.2999988,22.403507
128743,2021-10-24,TF81/2A,44.526,11.291752,7.2999988,22.403507
128744,2021-10-24,SY68/34,65.538,11.291752,7.2999988,22.403507
128745,2021-10-24,SE94/5,13.928,11.291752,7.2999988,22.403507
128746,2021-10-24,TR14/9,64.955,11.291752,7.2999988,22.403507
128747,2021-10-25,NY63/2,130.42,9.456333,1.9000002,10.369401
128748,2021-10-25,SJ15/13,80.026,9.456333,1.9000002,10.369401
128749,2021-10-25,TL33/4,79.59,9.456333,1.9000002,10.369401
128750,2021-10-25,SU01/5B,79.07,9.456333,1.9000002,10.369401
128751,2021-10-25,ID30/1,113.66,9.456333,1.9000002,10.369401
128752,2021-10-25,SU17/57,130.34,9.456333,1.9000002,10.369401
128753,2021-10-25,SE95/6,20.31,9.456333,1.9000002,10.369401
128754,2021-10-25,TL33/67,78.82,9.456333,1.9000002,10.369401
128755,2021-10-25,NH95/17,29.44,9.456333,1.9000002,10.369401
128756,2021-10-25,NO20/14,36.3,9.456333,1.9000002,10.369401
128757,2021-10-25,TL44/12,38.067,9.456333,1.9000002,10.369401
128758,2021-10-25,TQ25/86,95.527,9.456333,1.9000002,10.369401
128759,2021-10-25,SE94/5,13.909,9.456333,1.9000002,10.369401
128760,2021-10-25,SP00/62,100.802,9.456333,1.9000002,10.369401
128761,2021-10-25,TR14/9,64.91,9.456333,1.9000002,10.369401
128762,2021-10-25,SU71/23,38.473,9.456333,1.9000002,10.369401
128763,2021-10-25,SN00/11,9.8724,9.456333,1.9000002,10.369401
128764,2021-10-25,ST07/10,68.8176,9.456333,1.9000002,10.369401
128765,2021-10-25,TF81/2A,44.518,9.456333,1.9000002,10.369401
128766,2021-10-25,SJ62/235,54.608,9.456333,1.9000002,10.369401
128767,2021-10-25,SU81/1,47.482,9.456333,1.9000002,10.369401
128768,2021-10-25,SY68/34,65.622,9.456333,1.9000002,10.369401
128769,2021-10-25,TF03/37,12.516,9.456333,1.9000002,10.369401
128770,2021-10-25,SK00/41,130.195,9.456333,1.9000002,10.369401
128771,2021-10-26,SU17/57,130.35,12.058417,2.3999999,18.986294
128772,2021-10-26,TL33/67,78.78,12.058417,2.3999999,18.986294
128773,2021-10-26,NO20/14,36.29,12.058417,2.3999999,18.986294
128774,2021-10-26,NY63/2,130.39,12.058417,2.3999999,18.986294
128775,2021-10-26,TL44/12,38.056,12.058417,2.3999999,18.986294
128776,2021-10-26,NH95/17,29.45,12.058417,2.3999999,18.986294
128777,2021-10-26,TL33/4,79.55,12.058417,2.3999999,18.986294
128778,2021-10-26,SU01/5B,79.94,12.058417,2.3999999,18.986294
128779,2021-10-26,SE95/6,20.31,12.058417,2.3999999,18.986294
128780,2021-10-26,TM15/112,25.22,12.058417,2.3999999,18.986294
128781,2021-10-26,ID30/1,113.61,12.058417,2.3999999,18.986294
128782,2021-10-26,SJ15/13,80.00896,12.058417,2.3999999,18.986294
128783,2021-10-26,ST07/10,70.5647,12.058417,2.3999999,18.986294
128784,2021-10-26,SE94/5,13.896,12.058417,2.3999999,18.986294
128785,2021-10-26,SK00/41,130.184,12.058417,2.3999999,18.986294
128786,2021-10-26,SU81/1,47.72,12.058417,2.3999999,18.986294
128787,2021-10-26,SY68/34,65.701,12.058417,2.3999999,18.986294
128788,2021-10-26,TF03/37,12.482,12.058417,2.3999999,18.986294
128789,2021-10-26,SN00/11,9.8804,12.058417,2.3999999,18.986294
128790,2021-10-26,TR14/9,64.854,12.058417,2.3999999,18.986294
128791,2021-10-26,SJ62/235,54.606,12.058417,2.3999999,18.986294
128792,2021-10-26,TF81/2A,44.512,12.058417,2.3999999,18.986294
128793,2021-10-26,TQ25/86,95.574,12.058417,2.3999999,18.986294
128794,2021-10-26,SU71/23,38.745,12.058417,2.3999999,18.986294
128795,2021-10-27,NY63/2,130.4,14.477165,24.800003,24.945812
128796,2021-10-27,SU17/57,130.36,14.477165,24.800003,24.945812
128797,2021-10-27,SJ15/13,80.00848,14.477165,24.800003,24.945812
128798,2021-10-27,ID30/1,113.7,14.477165,24.800003,24.945812
128799,2021-10-27,TL44/12,38.046,14.477165,24.800003,24.945812
128800,2021-10-27,NO20/14,36.29,14.477165,24.800003,24.945812
128801,2021-10-27,TL33/4,79.52,14.477165,24.800003,24.945812
128802,2021-10-27,SE95/6,20.34,14.477165,24.800003,24.945812
128803,2021-10-27,NH95/17,29.45,14.477165,24.800003,24.945812
128804,2021-10-27,TL33/67,78.79,14.477165,24.800003,24.945812
128805,2021-10-27,SU01/5B,80.53,14.477165,24.800003,24.945812
128806,2021-10-27,ST07/10,70.7762,14.477165,24.800003,24.945812
128807,2021-10-27,SK00/41,130.184,14.477165,24.800003,24.945812
128808,2021-10-27,SU71/23,38.996,14.477165,24.800003,24.945812
128809,2021-10-27,TF03/37,12.476,14.477165,24.800003,24.945812
128810,2021-10-27,SU81/1,47.921,14.477165,24.800003,24.945812
128811,2021-10-27,TR14/9,64.802,14.477165,24.800003,24.945812
128812,2021-10-27,SJ62/235,54.609,14.477165,24.800003,24.945812
128813,2021-10-27,SY68/34,65.769,14.477165,24.800003,24.945812
128814,2021-10-27,SE94/5,13.877,14.477165,24.800003,24.945812
128815,2021-10-27,SN00/11,9.8844,14.477165,24.800003,24.945812
128816,2021-10-27,SP00/62,100.842,14.477165,24.800003,24.945812
128817,2021-10-27,TQ25/86,95.691,14.477165,24.800003,24.945812
128818,2021-10-27,TF81/2A,44.512,14.477165,24.800003,24.945812
128819,2021-10-28,SJ15/13,80.02604,13.785499,21.600004,23.183342
128820,2021-10-28,SU01/5B,80.98,13.785499,21.600004,23.183342
128821,2021-10-28,SU17/57,130.29,13.785499,21.600004,23.183342
128822,2021-10-28,ID30/1,114.07,13.785499,21.600004,23.183342
128823,2021-10-28,TL44/12,38.043,13.785499,21.600004,23.183342
128824,2021-10-28,TL33/4,79.48,13.785499,21.600004,23.183342
128825,2021-10-28,TL33/67,78.83,13.785499,21.600004,23.183342
128826,2021-10-28,NO20/14,36.34,13.785499,21.600004,23.183342
128827,2021-10-28,NH95/17,29.45,13.785499,21.600004,23.183342
128828,2021-10-28,NY63/2,130.42,13.785499,21.600004,23.183342
128829,2021-10-28,SE95/6,20.26,13.785499,21.600004,23.183342
128830,2021-10-28,TF03/37,12.5,13.785499,21.600004,23.183342
128831,2021-10-28,TR14/9,64.767,13.785499,21.600004,23.183342
128832,2021-10-28,SN00/11,10.021,13.785499,21.600004,23.183342
128833,2021-10-28,SU81/1,48.143,13.785499,21.600004,23.183342
128834,2021-10-28,SY68/34,65.835,13.785499,21.600004,23.183342
128835,2021-10-28,SJ62/235,54.625,13.785499,21.600004,23.183342
128836,2021-10-28,SP00/62,100.857,13.785499,21.600004,23.183342
128837,2021-10-28,SE94/5,13.823,13.785499,21.600004,23.183342
128838,2021-10-28,SU71/23,39.25,13.785499,21.600004,23.183342
128839,2021-10-28,SK00/41,130.205,13.785499,21.600004,23.183342
128840,2021-10-28,ST07/10,72.1093,13.785499,21.600004,23.183342
128841,2021-10-28,TF81/2A,44.507,13.785499,21.600004,23.183342
128842,2021-10-29,SE95/6,20.28,10.683417,13.6,17.060728
128843,2021-10-29,NH95/17,29.47,10.683417,13.6,17.060728
128844,2021-10-29,SU17/57,130.14,10.683417,13.6,17.060728
128845,2021-10-29,NO20/14,36.4,10.683417,13.6,17.060728
128846,2021-10-29,TL33/67,78.79,10.683417,13.6,17.060728
128847,2021-10-29,NY63/2,130.47,10.683417,13.6,17.060728
128848,2021-10-29,SJ15/13,80.06707,10.683417,13.6,17.060728
128849,2021-10-29,TL44/12,38.044,10.683417,13.6,17.060728
128850,2021-10-29,ID30/1,114.16,10.683417,13.6,17.060728
128851,2021-10-29,TL33/4,79.45,10.683417,13.6,17.060728
128852,2021-10-29,SU01/5B,81.46,10.683417,13.6,17.060728
128853,2021-10-29,SP00/62,100.894,10.683417,13.6,17.060728
128854,2021-10-29,TR14/9,64.731,10.683417,13.6,17.060728
128855,2021-10-29,SU71/23,39.48,10.683417,13.6,17.060728
128856,2021-10-29,SY68/34,65.917,10.683417,13.6,17.060728
128857,2021-10-29,TF03/37,12.486,10.683417,13.6,17.060728
128858,2021-10-29,TQ25/86,95.707,10.683417,13.6,17.060728
128859,2021-10-29,ST07/10,76.3546,10.683417,13.6,17.060728
128860,2021-10-29,TF81/2A,44.501,10.683417,13.6,17.060728
128861,2021-10-29,SU81/1,48.34,10.683417,13.6,17.060728
128862,2021-10-29,SK00/41,130.223,10.683417,13.6,17.060728
128863,2021-10-29,SN00/11,11.0262,10.683417,13.6,17.060728
128864,2021-10-29,SJ62/235,54.624,10.683417,13.6,17.060728
128865,2021-10-29,SE94/5,13.83,10.683417,13.6,17.060728
128866,2021-10-30,TL44/12,38.048,8.875084,11.400001,16.047009
128867,2021-10-30,NO20/14,36.43,8.875084,11.400001,16.047009
128868,2021-10-30,NY63/2,130.48,8.875084,11.400001,16.047009
128869,2021-10-30,SJ15/13,80.06746,8.875084,11.400001,16.047009
128870,2021-10-30,SE95/6,20.34,8.875084,11.400001,16.047009
128871,2021-10-30,SU01/5B,81.92,8.875084,11.400001,16.047009
128872,2021-10-30,TL33/4,79.42,8.875084,11.400001,16.047009
128873,2021-10-30,NH95/17,29.52,8.875084,11.400001,16.047009
128874,2021-10-30,SU17/57,130.12,8.875084,11.400001,16.047009
128875,2021-10-30,TL33/67,78.73,8.875084,11.400001,16.047009
128876,2021-10-30,ID30/1,114.07,8.875084,11.400001,16.047009
128877,2021-10-30,TR14/9,64.693,8.875084,11.400001,16.047009
128878,2021-10-30,TF81/2A,44.502,8.875084,11.400001,16.047009
128879,2021-10-30,SU81/1,48.473,8.875084,11.400001,16.047009
128880,2021-10-30,SN00/11,12.9219,8.875084,11.400001,16.047009
128881,2021-10-30,SY68/34,66.02,8.875084,11.400001,16.047009
128882,2021-10-30,SP00/62,100.929,8.875084,11.400001,16.047009
128883,2021-10-30,TF03/37,12.467,8.875084,11.400001,16.047009
128884,2021-10-30,SU71/23,39.669,8.875084,11.400001,16.047009
128885,2021-10-30,SK00/41,130.22,8.875084,11.400001,16.047009
128886,2021-10-30,ST07/10,77.6296,8.875084,11.400001,16.047009
128887,2021-10-30,SE94/5,13.848,8.875084,11.400001,16.047009
128888,2021-10-30,SJ62/235,54.625,8.875084,11.400001,16.047009
128889,2021-10-30,TQ25/86,95.759,8.875084,11.400001,16.047009
128890,2021-10-31,TL33/4,79.39,8.458418,10.100002,21.283937
128891,2021-10-31,SE95/6,20.32,8.458418,10.100002,21.283937
128892,2021-10-31,SJ15/13,80.07333,8.458418,10.100002,21.283937
128893,2021-10-31,TL44/12,38.053,8.458418,10.100002,21.283937
128894,2021-10-31,TL33/67,78.77,8.458418,10.100002,21.283937
128895,2021-10-31,SU17/57,130.15,8.458418,10.100002,21.283937
128896,2021-10-31,NO20/14,36.47,8.458418,10.100002,21.283937
128897,2021-10-31,NH95/17,29.54,8.458418,10.100002,21.283937
128898,2021-10-31,NY63/2,130.5,8.458418,10.100002,21.283937
128899,2021-10-31,SU01/5B,82.28,8.458418,10.100002,21.283937
128900,2021-10-31,ID30/1,114.31,8.458418,10.100002,21.283937
128901,2021-10-31,TF03/37,12.529,8.458418,10.100002,21.283937
128902,2021-10-31,SN00/11,13.6874,8.458418,10.100002,21.283937
128903,2021-10-31,TR14/9,64.674,8.458418,10.100002,21.283937
128904,2021-10-31,TF81/2A,44.489,8.458418,10.100002,21.283937
128905,2021-10-31,SJ62/235,54.64,8.458418,10.100002,21.283937
128906,2021-10-31,SP00/62,100.97,8.458418,10.100002,21.283937
128907,2021-10-31,SE94/5,13.848,8.458418,10.100002,21.283937
128908,2021-10-31,ST07/10,78.8215,8.458418,10.100002,21.283937
128909,2021-10-31,SU71/23,39.859,8.458418,10.100002,21.283937
128910,2021-10-31,SY68/34,66.301,8.458418,10.100002,21.283937
128911,2021-10-31,TQ25/86,95.804,8.458418,10.100002,21.283937
128912,2021-10-31,SK00/41,130.232,8.458418,10.100002,21.283937
128913,2021-10-31,TA10/63,13.568,8.458418,10.100002,21.283937
128914,2021-10-31,SU81/1,48.611,8.458418,10.100002,21.283937
128915,2021-11-01,TL33/67,78.77,7.754251,4.0999994,15.025227
128916,2021-11-01,SU17/57,130.1,7.754251,4.0999994,15.025227
128917,2021-11-01,NY63/2,130.59,7.754251,4.0999994,15.025227
128918,2021-11-01,ID30/1,114.8,7.754251,4.0999994,15.025227
128919,2021-11-01,SE95/6,20.37,7.754251,4.0999994,15.025227
128920,2021-11-01,SN00/11,13.6214,7.754251,4.0999994,15.025227
128921,2021-11-01,SJ15/13,80.126,7.754251,4.0999994,15.025227
128922,2021-11-01,NH95/17,29.61,7.754251,4.0999994,15.025227
128923,2021-11-01,TL33/4,79.36,7.754251,4.0999994,15.025227
128924,2021-11-01,SU01/5B,82.63,7.754251,4.0999994,15.025227
128925,2021-11-01,NO20/14,36.47,7.754251,4.0999994,15.025227
128926,2021-11-01,TL44/12,38.057,7.754251,4.0999994,15.025227
128927,2021-11-01,SP00/62,101.257,7.754251,4.0999994,15.025227
128928,2021-11-01,SE94/5,13.825,7.754251,4.0999994,15.025227
128929,2021-11-01,ST07/10,80.5614,7.754251,4.0999994,15.025227
128930,2021-11-01,SU71/23,40.017,7.754251,4.0999994,15.025227
128931,2021-11-01,TF03/37,12.427,7.754251,4.0999994,15.025227
128932,2021-11-01,SJ62/235,54.621,7.754251,4.0999994,15.025227
128933,2021-11-01,SY68/34,66.605,7.754251,4.0999994,15.025227
128934,2021-11-01,TR14/9,64.638,7.754251,4.0999994,15.025227
128935,2021-11-01,SK00/41,130.215,7.754251,4.0999994,15.025227
128936,2021-11-01,SU81/1,48.712,7.754251,4.0999994,15.025227
128937,2021-11-01,TA10/63,13.531,7.754251,4.0999994,15.025227
128938,2021-11-01,TF81/2A,44.481,7.754251,4.0999994,15.025227
128939,2021-11-01,TQ25/86,95.841,7.754251,4.0999994,15.025227
128940,2021-11-02,SN00/11,13.4236,6.808417,0.5,5.231983
128941,2021-11-02,SE95/6,20.3,6.808417,0.5,5.231983
128942,2021-11-02,SU17/57,130.21,6.808417,0.5,5.231983
128943,2021-11-02,SU01/5B,83.07,6.808417,0.5,5.231983
128944,2021-11-02,TL44/12,38.056,6.808417,0.5,5.231983
128945,2021-11-02,TL33/67,78.64,6.808417,0.5,5.231983
128946,2021-11-02,NY63/2,130.54,6.808417,0.5,5.231983
128947,2021-11-02,NH95/17,29.64,6.808417,0.5,5.231983
128948,2021-11-02,TL33/4,79.33,6.808417,0.5,5.231983
128949,2021-11-02,NO20/14,36.42,6.808417,0.5,5.231983
128950,2021-11-02,SJ15/13,80.19285,6.808417,0.5,5.231983
128951,2021-11-02,ID30/1,115.07,6.808417,0.5,5.231983
128952,2021-11-02,TR14/9,64.6,6.808417,0.5,5.231983
128953,2021-11-02,TF81/2A,44.472,6.808417,0.5,5.231983
128954,2021-11-02,TA10/63,13.506,6.808417,0.5,5.231983
128955,2021-11-02,SE94/5,13.814,6.808417,0.5,5.231983
128956,2021-11-02,SU71/23,40.161,6.808417,0.5,5.231983
128957,2021-11-02,SY68/34,66.899,6.808417,0.5,5.231983
128958,2021-11-02,ST07/10,81.061,6.808417,0.5,5.231983
128959,2021-11-02,SP00/62,101.489,6.808417,0.5,5.231983
128960,2021-11-02,TF03/37,12.396,6.808417,0.5,5.231983
128961,2021-11-02,TQ25/86,95.867,6.808417,0.5,5.231983
128962,2021-11-02,SU81/1,48.775,6.808417,0.5,5.231983
128963,2021-11-02,SJ62/235,54.617,6.808417,0.5,5.231983
128964,2021-11-02,SK00/41,130.189,6.808417,0.5,5.231983
128965,2021-11-03,SE95/6,20.42,5.0604997,2.0,9.327831
128966,2021-11-03,NY63/2,130.51,5.0604997,2.0,9.327831
128967,2021-11-03,SN00/11,13.2366,5.0604997,2.0,9.327831
128968,2021-11-03,TL33/67,78.58,5.0604997,2.0,9.327831
128969,2021-11-03,SU17/57,130.32,5.0604997,2.0,9.327831
128970,2021-11-03,NH95/17,29.63,5.0604997,2.0,9.327831
128971,2021-11-03,ID30/1,115.13,5.0604997,2.0,9.327831
128972,2021-11-03,NO20/14,36.39,5.0604997,2.0,9.327831
128973,2021-11-03,TL33/4,79.29,5.0604997,2.0,9.327831
128974,2021-11-03,SJ15/13,80.18937,5.0604997,2.0,9.327831
128975,2021-11-03,SU01/5B,84.11,5.0604997,2.0,9.327831
128976,2021-11-03,SU71/23,40.301,5.0604997,2.0,9.327831
128977,2021-11-03,TF81/2A,44.461,5.0604997,2.0,9.327831
128978,2021-11-03,SU81/1,48.822,5.0604997,2.0,9.327831
128979,2021-11-03,SY68/34,67.13,5.0604997,2.0,9.327831
128980,2021-11-03,ST07/10,80.2069,5.0604997,2.0,9.327831
128981,2021-11-03,SP00/62,101.602,5.0604997,2.0,9.327831
128982,2021-11-03,TF03/37,12.4,5.0604997,2.0,9.327831
128983,2021-11-03,TL44/12,38.052,5.0604997,2.0,9.327831
128984,2021-11-03,SK00/41,130.164,5.0604997,2.0,9.327831
128985,2021-11-03,TA10/63,13.478,5.0604997,2.0,9.327831
128986,2021-11-03,SJ62/235,54.606,5.0604997,2.0,9.327831
128987,2021-11-03,TR14/9,64.564,5.0604997,2.0,9.327831
128988,2021-11-03,TQ25/86,95.88,5.0604997,2.0,9.327831
128989,2021-11-03,SE94/5,13.803,5.0604997,2.0,9.327831
128990,2021-11-04,NO20/14,36.39,3.6084166,0.0,9.292813
128991,2021-11-04,SU17/57,130.5,3.6084166,0.0,9.292813
128992,2021-11-04,TL33/4,79.26,3.6084166,0.0,9.292813
128993,2021-11-04,NY63/2,130.47,3.6084166,0.0,9.292813
128994,2021-11-04,SN00/11,13.075,3.6084166,0.0,9.292813
128995,2021-11-04,ID30/1,115.03,3.6084166,0.0,9.292813
128996,2021-11-04,SJ15/13,80.14159,3.6084166,0.0,9.292813
128997,2021-11-04,SE95/6,20.44,3.6084166,0.0,9.292813
128998,2021-11-04,TL33/67,78.5,3.6084166,0.0,9.292813
128999,2021-11-04,SU01/5B,85.47,3.6084166,0.0,9.292813
129000,2021-11-04,NH95/17,29.62,3.6084166,0.0,9.292813
129001,2021-11-04,TF81/2A,44.453,3.6084166,0.0,9.292813
129002,2021-11-04,TQ25/86,95.89,3.6084166,0.0,9.292813
129003,2021-11-04,SJ62/235,54.6,3.6084166,0.0,9.292813
129004,2021-11-04,TL44/12,38.045,3.6084166,0.0,9.292813
129005,2021-11-04,ST07/10,78.7321,3.6084166,0.0,9.292813
129006,2021-11-04,TA10/63,13.452,3.6084166,0.0,9.292813
129007,2021-11-04,TF03/37,12.425,3.6084166,0.0,9.292813
129008,2021-11-04,SY68/34,67.312,3.6084166,0.0,9.292813
129009,2021-11-04,SK00/41,130.14,3.6084166,0.0,9.292813
129010,2021-11-04,TR14/9,64.527,3.6084166,0.0,9.292813
129011,2021-11-04,SE94/5,13.793,3.6084166,0.0,9.292813
129012,2021-11-04,SU81/1,48.838,3.6084166,0.0,9.292813
129013,2021-11-04,SP00/62,101.689,3.6084166,0.0,9.292813
129014,2021-11-04,SU71/23,40.431,3.6084166,0.0,9.292813
129015,2021-11-05,NY63/2,130.43,8.275083,1.4000001,8.725369
129016,2021-11-05,SU01/5B,86.61,8.275083,1.4000001,8.725369
129017,2021-11-05,SE95/6,20.52,8.275083,1.4000001,8.725369
129018,2021-11-05,SJ15/13,80.1027,8.275083,1.4000001,8.725369
129019,2021-11-05,NO20/14,36.4,8.275083,1.4000001,8.725369
129020,2021-11-05,SU17/57,130.72,8.275083,1.4000001,8.725369
129021,2021-11-05,SN00/11,12.9395,8.275083,1.4000001,8.725369
129022,2021-11-05,TL33/4,79.23,8.275083,1.4000001,8.725369
129023,2021-11-05,ID30/1,114.91,8.275083,1.4000001,8.725369
129024,2021-11-05,TL33/67,78.48,8.275083,1.4000001,8.725369
129025,2021-11-05,NH95/17,29.63,8.275083,1.4000001,8.725369
129026,2021-11-05,TR14/9,64.481,8.275083,1.4000001,8.725369
129027,2021-11-05,TF81/2A,44.455,8.275083,1.4000001,8.725369
129028,2021-11-05,SE94/5,13.784,8.275083,1.4000001,8.725369
129029,2021-11-05,TF03/37,12.478,8.275083,1.4000001,8.725369
129030,2021-11-05,SP00/62,101.75,8.275083,1.4000001,8.725369
129031,2021-11-05,TA10/63,13.43,8.275083,1.4000001,8.725369
129032,2021-11-05,SK00/41,130.121,8.275083,1.4000001,8.725369
129033,2021-11-05,TL44/12,38.043,8.275083,1.4000001,8.725369
129034,2021-11-05,SU81/1,48.86,8.275083,1.4000001,8.725369
129035,2021-11-05,SY68/34,67.465,8.275083,1.4000001,8.725369
129036,2021-11-05,SJ62/235,54.6,8.275083,1.4000001,8.725369
129037,2021-11-05,TQ25/86,95.913,8.275083,1.4000001,8.725369
129038,2021-11-05,ST07/10,77.2594,8.275083,1.4000001,8.725369
129039,2021-11-05,SU71/23,40.568,8.275083,1.4000001,8.725369
129040,2021-11-06,ID30/1,114.79,9.925084,6.5,19.070208
129041,2021-11-06,NO20/14,36.43,9.925084,6.5,19.070208
129042,2021-11-06,NY63/2,130.46,9.925084,6.5,19.070208
129043,2021-11-06,SE95/6,20.58,9.925084,6.5,19.070208
129044,2021-11-06,SJ15/13,80.09119,9.925084,6.5,19.070208
129045,2021-11-06,NH95/17,29.65,9.925084,6.5,19.070208
129046,2021-11-06,SN00/11,12.8338,9.925084,6.5,19.070208
129047,2021-11-06,SU01/5B,87.31,9.925084,6.5,19.070208
129048,2021-11-06,SU17/57,130.89,9.925084,6.5,19.070208
129049,2021-11-06,TL33/67,78.54,9.925084,6.5,19.070208
129050,2021-11-06,TL33/4,79.2,9.925084,6.5,19.070208
129051,2021-11-06,SK00/41,130.13,9.925084,6.5,19.070208
129052,2021-11-06,TL44/12,38.042,9.925084,6.5,19.070208
129053,2021-11-06,SU71/23,40.737,9.925084,6.5,19.070208
129054,2021-11-06,SY68/34,67.61,9.925084,6.5,19.070208
129055,2021-11-06,SE94/5,13.778,9.925084,6.5,19.070208
129056,2021-11-06,TF81/2A,44.449,9.925084,6.5,19.070208
129057,2021-11-06,TA10/63,13.413,9.925084,6.5,19.070208
129058,2021-11-06,SP00/62,101.797,9.925084,6.5,19.070208
129059,2021-11-06,ST07/10,75.9902,9.925084,6.5,19.070208
129060,2021-11-06,TF03/37,12.554,9.925084,6.5,19.070208
129061,2021-11-06,SJ62/235,54.611,9.925084,6.5,19.070208
129062,2021-11-06,SU81/1,48.959,9.925084,6.5,19.070208
129063,2021-11-06,TR14/9,64.468,9.925084,6.5,19.070208
129064,2021-11-06,TQ25/86,95.931,9.925084,6.5,19.070208
129065,2021-11-07,SJ15/13,80.10089,8.3584175,1.1,21.531902
129066,2021-11-07,SN00/11,12.7348,8.3584175,1.1,21.531902
129067,2021-11-07,NH95/17,29.63,8.3584175,1.1,21.531902
129068,2021-11-07,NO20/14,36.41,8.3584175,1.1,21.531902
129069,2021-11-07,SU17/57,130.92,8.3584175,1.1,21.531902
129070,2021-11-07,SE95/6,20.68,8.3584175,1.1,21.531902
129071,2021-11-07,NY63/2,130.5,8.3584175,1.1,21.531902
129072,2021-11-07,ID30/1,114.69,8.3584175,1.1,21.531902
129073,2021-11-07,TL33/67,78.5,8.3584175,1.1,21.531902
129074,2021-11-07,TL33/4,79.16,8.3584175,1.1,21.531902
129075,2021-11-07,SU01/5B,87.84,8.3584175,1.1,21.531902
129076,2021-11-07,ST07/10,74.7049,8.3584175,1.1,21.531902
129077,2021-11-07,SY68/34,67.738,8.3584175,1.1,21.531902
129078,2021-11-07,SE94/5,13.768,8.3584175,1.1,21.531902
129079,2021-11-07,TQ25/86,95.949,8.3584175,1.1,21.531902
129080,2021-11-07,TF03/37,12.577,8.3584175,1.1,21.531902
129081,2021-11-07,TR14/9,64.436,8.3584175,1.1,21.531902
129082,2021-11-07,SK00/41,130.13,8.3584175,1.1,21.531902
129083,2021-11-07,TL44/12,38.04,8.3584175,1.1,21.531902
129084,2021-11-07,SJ62/235,54.599,8.3584175,1.1,21.531902
129085,2021-11-07,SU81/1,49.084,8.3584175,1.1,21.531902
129086,2021-11-07,TA10/63,13.388,8.3584175,1.1,21.531902
129087,2021-11-07,TF81/2A,44.445,8.3584175,1.1,21.531902
129088,2021-11-07,SU71/23,40.902,8.3584175,1.1,21.531902
129089,2021-11-07,SP00/62,101.822,8.3584175,1.1,21.531902
129090,2021-11-08,TL33/4,79.14,8.823,0.1,12.492237
129091,2021-11-08,NH95/17,29.63,8.823,0.1,12.492237
129092,2021-11-08,NY63/2,130.47,8.823,0.1,12.492237
129093,2021-11-08,ID30/1,114.59,8.823,0.1,12.492237
129094,2021-11-08,SJ15/13,80.0847,8.823,0.1,12.492237
129095,2021-11-08,SN00/11,12.6467,8.823,0.1,12.492237
129096,2021-11-08,SU01/5B,88.26,8.823,0.1,12.492237
129097,2021-11-08,TL33/67,78.49,8.823,0.1,12.492237
129098,2021-11-08,SU17/57,131.07,8.823,0.1,12.492237
129099,2021-11-08,NO20/14,36.4,8.823,0.1,12.492237
129100,2021-11-08,SE95/6,20.75,8.823,0.1,12.492237
129101,2021-11-08,SP00/62,101.831,8.823,0.1,12.492237
129102,2021-11-08,SE94/5,13.759,8.823,0.1,12.492237
129103,2021-11-08,SK00/41,130.124,8.823,0.1,12.492237
129104,2021-11-08,TA10/63,13.361,8.823,0.1,12.492237
129105,2021-11-08,ST07/10,73.6213,8.823,0.1,12.492237
129106,2021-11-08,SU81/1,49.202,8.823,0.1,12.492237
129107,2021-11-08,SY68/34,67.851,8.823,0.1,12.492237
129108,2021-11-08,TL44/12,38.04,8.823,0.1,12.492237
129109,2021-11-08,TR14/9,64.404,8.823,0.1,12.492237
129110,2021-11-08,TQ25/86,95.966,8.823,0.1,12.492237
129111,2021-11-08,TF03/37,12.588,8.823,0.1,12.492237
129112,2021-11-08,SJ62/235,54.599,8.823,0.1,12.492237
129113,2021-11-08,TF81/2A,44.441,8.823,0.1,12.492237
129114,2021-11-08,SU71/23,41.051,8.823,0.1,12.492237
129115,2021-11-09,SU17/57,131.18,12.383416,4.5,11.123001
129116,2021-11-09,SE95/6,20.9,12.383416,4.5,11.123001
129117,2021-11-09,ID30/1,114.62,12.383416,4.5,11.123001
129118,2021-11-09,TL33/4,79.11,12.383416,4.5,11.123001
129119,2021-11-09,TL33/67,78.47,12.383416,4.5,11.123001
129120,2021-11-09,SN00/11,12.5657,12.383416,4.5,11.123001
129121,2021-11-09,NH95/17,29.63,12.383416,4.5,11.123001
129122,2021-11-09,NO20/14,36.4,12.383416,4.5,11.123001
129123,2021-11-09,SJ15/13,80.0903,12.383416,4.5,11.123001
129124,2021-11-09,SU01/5B,88.56,12.383416,4.5,11.123001
129125,2021-11-09,NY63/2,130.5,12.383416,4.5,11.123001
129126,2021-11-09,TF03/37,12.605,12.383416,4.5,11.123001
129127,2021-11-09,SJ62/235,54.595,12.383416,4.5,11.123001
129128,2021-11-09,TA10/63,13.348,12.383416,4.5,11.123001
129129,2021-11-09,SU81/1,49.314,12.383416,4.5,11.123001
129130,2021-11-09,ST07/10,72.6291,12.383416,4.5,11.123001
129131,2021-11-09,TQ25/86,95.985,12.383416,4.5,11.123001
129132,2021-11-09,TF81/2A,44.437,12.383416,4.5,11.123001
129133,2021-11-09,TR14/9,64.376,12.383416,4.5,11.123001
129134,2021-11-09,SE94/5,13.75,12.383416,4.5,11.123001
129135,2021-11-09,SP00/62,101.82,12.383416,4.5,11.123001
129136,2021-11-09,TL44/12,38.04,12.383416,4.5,11.123001
129137,2021-11-09,SK00/41,130.123,12.383416,4.5,11.123001
129138,2021-11-09,SU71/23,41.191,12.383416,4.5,11.123001
129139,2021-11-09,SY68/34,67.954,12.383416,4.5,11.123001
129140,2021-11-10,ID30/1,114.64,9.258418,1.1,5.803378
129141,2021-11-10,NY63/2,130.48,9.258418,1.1,5.803378
129142,2021-11-10,TL33/4,79.07,9.258418,1.1,5.803378
129143,2021-11-10,SJ15/13,80.07811,9.258418,1.1,5.803378
129144,2021-11-10,TL33/67,78.46,9.258418,1.1,5.803378
129145,2021-11-10,SU17/57,131.29,9.258418,1.1,5.803378
129146,2021-11-10,NH95/17,29.62,9.258418,1.1,5.803378
129147,2021-11-10,NO20/14,36.38,9.258418,1.1,5.803378
129148,2021-11-10,SE95/6,21.04,9.258418,1.1,5.803378
129149,2021-11-10,SU01/5B,88.77,9.258418,1.1,5.803378
129150,2021-11-10,SN00/11,12.4976,9.258418,1.1,5.803378
129151,2021-11-10,TA10/63,13.321,9.258418,1.1,5.803378
129152,2021-11-10,ST07/10,71.8266,9.258418,1.1,5.803378
129153,2021-11-10,TL44/12,38.041,9.258418,1.1,5.803378
129154,2021-11-10,SU81/1,49.421,9.258418,1.1,5.803378
129155,2021-11-10,SU71/23,41.32,9.258418,1.1,5.803378
129156,2021-11-10,SE94/5,13.743,9.258418,1.1,5.803378
129157,2021-11-10,SP00/62,101.807,9.258418,1.1,5.803378
129158,2021-11-10,TF81/2A,44.438,9.258418,1.1,5.803378
129159,2021-11-10,SJ62/235,54.591,9.258418,1.1,5.803378
129160,2021-11-10,SY68/34,68.045,9.258418,1.1,5.803378
129161,2021-11-10,TR14/9,64.343,9.258418,1.1,5.803378
129162,2021-11-10,TF03/37,12.587,9.258418,1.1,5.803378
129163,2021-11-10,SK00/41,130.116,9.258418,1.1,5.803378
129164,2021-11-10,TQ25/86,96.006,9.258418,1.1,5.803378
129165,2021-11-11,SJ15/13,80.06822,8.518833,0.1,14.307932
129166,2021-11-11,TL33/67,78.47,8.518833,0.1,14.307932
129167,2021-11-11,ID30/1,114.55,8.518833,0.1,14.307932
129168,2021-11-11,NH95/17,29.62,8.518833,0.1,14.307932
129169,2021-11-11,SE95/6,21.17,8.518833,0.1,14.307932
129170,2021-11-11,TL33/4,79.04,8.518833,0.1,14.307932
129171,2021-11-11,NO20/14,36.4,8.518833,0.1,14.307932
129172,2021-11-11,SU17/57,131.4,8.518833,0.1,14.307932
129173,2021-11-11,SU01/5B,88.9,8.518833,0.1,14.307932
129174,2021-11-11,SN00/11,12.4521,8.518833,0.1,14.307932
129175,2021-11-11,TQ25/86,96.035,8.518833,0.1,14.307932
129176,2021-11-11,SE94/5,13.735,8.518833,0.1,14.307932
129177,2021-11-11,SJ62/235,54.603,8.518833,0.1,14.307932
129178,2021-11-11,TR14/9,64.319,8.518833,0.1,14.307932
129179,2021-11-11,SU81/1,49.527,8.518833,0.1,14.307932
129180,2021-11-11,SP00/62,101.795,8.518833,0.1,14.307932
129181,2021-11-11,TA10/63,13.308,8.518833,0.1,14.307932
129182,2021-11-11,SK00/41,130.121,8.518833,0.1,14.307932
129183,2021-11-11,SU71/23,41.446,8.518833,0.1,14.307932
129184,2021-11-11,TF03/37,12.635,8.518833,0.1,14.307932
129185,2021-11-11,SY68/34,68.129,8.518833,0.1,14.307932
129186,2021-11-11,ST07/10,71.1377,8.518833,0.1,14.307932
129187,2021-11-11,TL44/12,38.048,8.518833,0.1,14.307932
129188,2021-11-11,TF81/2A,44.443,8.518833,0.1,14.307932
129189,2021-11-12,SE95/6,21.29,10.820918,10.700001,22.113575
129190,2021-11-12,ID30/1,114.53,10.820918,10.700001,22.113575
129191,2021-11-12,NH95/17,29.65,10.820918,10.700001,22.113575
129192,2021-11-12,SU17/57,131.45,10.820918,10.700001,22.113575
129193,2021-11-12,TL33/4,79.01,10.820918,10.700001,22.113575
129194,2021-11-12,SJ15/13,80.10581,10.820918,10.700001,22.113575
129195,2021-11-12,SN00/11,12.4163,10.820918,10.700001,22.113575
129196,2021-11-12,TL33/67,78.5,10.820918,10.700001,22.113575
129197,2021-11-12,SU01/5B,89.0,10.820918,10.700001,22.113575
129198,2021-11-12,NO20/14,36.44,10.820918,10.700001,22.113575
129199,2021-11-12,SK00/41,130.145,10.820918,10.700001,22.113575
129200,2021-11-12,TR14/9,64.311,10.820918,10.700001,22.113575
129201,2021-11-12,TF81/2A,44.429,10.820918,10.700001,22.113575
129202,2021-11-12,SU71/23,41.581,10.820918,10.700001,22.113575
129203,2021-11-12,TF03/37,12.642,10.820918,10.700001,22.113575
129204,2021-11-12,TL44/12,38.053,10.820918,10.700001,22.113575
129205,2021-11-12,SY68/34,68.21,10.820918,10.700001,22.113575
129206,2021-11-12,TQ25/86,96.044,10.820918,10.700001,22.113575
129207,2021-11-12,SJ62/235,54.6,10.820918,10.700001,22.113575
129208,2021-11-12,ST07/10,70.7947,10.820918,10.700001,22.113575
129209,2021-11-12,TA10/63,13.285,10.820918,10.700001,22.113575
129210,2021-11-12,SP00/62,101.782,10.820918,10.700001,22.113575
129211,2021-11-12,SE94/5,13.73,10.820918,10.700001,22.113575
129212,2021-11-12,SU81/1,49.659,10.820918,10.700001,22.113575
129213,2021-11-13,SU01/5B,89.09,8.875083,0.1,9.9422
129214,2021-11-13,SU17/57,131.48,8.875083,0.1,9.9422
129215,2021-11-13,TL33/67,78.39,8.875083,0.1,9.9422
129216,2021-11-13,SN00/11,12.3684,8.875083,0.1,9.9422
129217,2021-11-13,SJ15/13,80.08426,8.875083,0.1,9.9422
129218,2021-11-13,TL33/4,78.99,8.875083,0.1,9.9422
129219,2021-11-13,NO20/14,36.39,8.875083,0.1,9.9422
129220,2021-11-13,ID30/1,114.63,8.875083,0.1,9.9422
129221,2021-11-13,NH95/17,29.6,8.875083,0.1,9.9422
129222,2021-11-13,SE95/6,21.41,8.875083,0.1,9.9422
129223,2021-11-13,SU81/1,49.712,8.875083,0.1,9.9422
129224,2021-11-13,ST07/10,70.6082,8.875083,0.1,9.9422
129225,2021-11-13,TL44/12,38.052,8.875083,0.1,9.9422
129226,2021-11-13,SP00/62,101.753,8.875083,0.1,9.9422
129227,2021-11-13,TA10/63,13.261,8.875083,0.1,9.9422
129228,2021-11-13,SE94/5,13.723,8.875083,0.1,9.9422
129229,2021-11-13,TQ25/86,96.053,8.875083,0.1,9.9422
129230,2021-11-13,TF81/2A,44.422,8.875083,0.1,9.9422
129231,2021-11-13,SU71/23,41.673,8.875083,0.1,9.9422
129232,2021-11-13,SK00/41,130.124,8.875083,0.1,9.9422
129233,2021-11-13,TF03/37,12.609,8.875083,0.1,9.9422
129234,2021-11-13,SY68/34,68.269,8.875083,0.1,9.9422
129235,2021-11-13,TR14/9,64.284,8.875083,0.1,9.9422
129236,2021-11-13,SJ62/235,54.58,8.875083,0.1,9.9422
129237,2021-11-14,SJ15/13,80.041,8.729249,0.0,9.299577
129238,2021-11-14,SU17/57,131.68,8.729249,0.0,9.299577
129239,2021-11-14,ID30/1,114.59,8.729249,0.0,9.299577
129240,2021-11-14,SN00/11,12.3221,8.729249,0.0,9.299577
129241,2021-11-14,NO20/14,36.4,8.729249,0.0,9.299577
129242,2021-11-14,NH95/17,29.59,8.729249,0.0,9.299577
129243,2021-11-14,SU01/5B,89.06,8.729249,0.0,9.299577
129244,2021-11-14,TL33/4,78.96,8.729249,0.0,9.299577
129245,2021-11-14,TL33/67,78.35,8.729249,0.0,9.299577
129246,2021-11-14,SE95/6,21.5,8.729249,0.0,9.299577
129247,2021-11-14,SP00/62,101.725,8.729249,0.0,9.299577
129248,2021-11-14,SY68/34,68.319,8.729249,0.0,9.299577
129249,2021-11-14,SU81/1,49.736,8.729249,0.0,9.299577
129250,2021-11-14,TF03/37,12.645,8.729249,0.0,9.299577
129251,2021-11-14,SE94/5,13.695,8.729249,0.0,9.299577
129252,2021-11-14,SU71/23,41.748,8.729249,0.0,9.299577
129253,2021-11-14,TA10/63,13.239,8.729249,0.0,9.299577
129254,2021-11-14,SJ62/235,54.578,8.729249,0.0,9.299577
129255,2021-11-14,TF81/2A,44.42,8.729249,0.0,9.299577
129256,2021-11-14,SK00/41,130.102,8.729249,0.0,9.299577
129257,2021-11-14,ST07/10,70.3153,8.729249,0.0,9.299577
129258,2021-11-14,TR14/9,64.253,8.729249,0.0,9.299577
129259,2021-11-14,TL44/12,38.05,8.729249,0.0,9.299577
129260,2021-11-14,TQ25/86,96.066,8.729249,0.0,9.299577
129261,2021-11-15,SJ15/13,80.02786,9.17925,3.3999996,9.18784
129262,2021-11-15,ID30/1,114.58,9.17925,3.3999996,9.18784
129263,2021-11-15,SU01/5B,88.98,9.17925,3.3999996,9.18784
129264,2021-11-15,SN00/11,12.2758,9.17925,3.3999996,9.18784
129265,2021-11-15,NO20/14,36.41,9.17925,3.3999996,9.18784
129266,2021-11-15,SU17/57,131.81,9.17925,3.3999996,9.18784
129267,2021-11-15,TL33/67,78.35,9.17925,3.3999996,9.18784
129268,2021-11-15,NH95/17,29.59,9.17925,3.3999996,9.18784
129269,2021-11-15,TL33/4,78.92,9.17925,3.3999996,9.18784
129270,2021-11-15,SE95/6,21.54,9.17925,3.3999996,9.18784
129271,2021-11-15,TQ25/86,96.087,9.17925,3.3999996,9.18784
129272,2021-11-15,SP00/62,101.702,9.17925,3.3999996,9.18784
129273,2021-11-15,SK00/41,130.096,9.17925,3.3999996,9.18784
129274,2021-11-15,TR14/9,64.224,9.17925,3.3999996,9.18784
129275,2021-11-15,SU71/23,41.813,9.17925,3.3999996,9.18784
129276,2021-11-15,TA10/63,13.225,9.17925,3.3999996,9.18784
129277,2021-11-15,ST07/10,69.8683,9.17925,3.3999996,9.18784
129278,2021-11-15,SY68/34,68.363,9.17925,3.3999996,9.18784
129279,2021-11-15,TF81/2A,44.422,9.17925,3.3999996,9.18784
129280,2021-11-15,SE94/5,13.712,9.17925,3.3999996,9.18784
129281,2021-11-15,SJ62/235,54.578,9.17925,3.3999996,9.18784
129282,2021-11-15,TL44/12,38.052,9.17925,3.3999996,9.18784
129283,2021-11-15,SU81/1,49.756,9.17925,3.3999996,9.18784
129284,2021-11-15,TF03/37,12.673,9.17925,3.3999996,9.18784
129285,2021-11-16,TL33/4,78.9,9.018834,1.5,12.453659
129286,2021-11-16,SN00/11,12.2298,9.018834,1.5,12.453659
129287,2021-11-16,TL33/67,78.38,9.018834,1.5,12.453659
129288,2021-11-16,SE95/6,21.61,9.018834,1.5,12.453659
129289,2021-11-16,SU01/5B,88.89,9.018834,1.5,12.453659
129290,2021-11-16,ID30/1,114.62,9.018834,1.5,12.453659
129291,2021-11-16,SU17/57,131.88,9.018834,1.5,12.453659
129292,2021-11-16,NH95/17,29.62,9.018834,1.5,12.453659
129293,2021-11-16,SJ15/13,80.02881,9.018834,1.5,12.453659
129294,2021-11-16,NO20/14,36.45,9.018834,1.5,12.453659
129295,2021-11-16,ST07/10,69.3844,9.018834,1.5,12.453659
129296,2021-11-16,TL44/12,38.053,9.018834,1.5,12.453659
129297,2021-11-16,TQ25/86,96.093,9.018834,1.5,12.453659
129298,2021-11-16,SJ62/235,54.58,9.018834,1.5,12.453659
129299,2021-11-16,SK00/41,130.106,9.018834,1.5,12.453659
129300,2021-11-16,TF03/37,12.699,9.018834,1.5,12.453659
129301,2021-11-16,TR14/9,64.217,9.018834,1.5,12.453659
129302,2021-11-16,TA10/63,13.207,9.018834,1.5,12.453659
129303,2021-11-16,SE94/5,13.712,9.018834,1.5,12.453659
129304,2021-11-16,SY68/34,68.403,9.018834,1.5,12.453659
129305,2021-11-16,SU71/23,41.871,9.018834,1.5,12.453659
129306,2021-11-16,SP00/62,101.675,9.018834,1.5,12.453659
129307,2021-11-16,TF81/2A,44.414,9.018834,1.5,12.453659
129308,2021-11-16,SU81/1,49.796,9.018834,1.5,12.453659
129309,2021-11-17,SU17/57,131.9,8.0771675,2.6999998,14.006758
129310,2021-11-17,NO20/14,36.45,8.0771675,2.6999998,14.006758
129311,2021-11-17,SJ15/13,80.03444,8.0771675,2.6999998,14.006758
129312,2021-11-17,TL33/67,78.3,8.0771675,2.6999998,14.006758
129313,2021-11-17,SU01/5B,88.83,8.0771675,2.6999998,14.006758
129314,2021-11-17,SE95/6,21.66,8.0771675,2.6999998,14.006758
129315,2021-11-17,NH95/17,29.62,8.0771675,2.6999998,14.006758
129316,2021-11-17,ID30/1,114.61,8.0771675,2.6999998,14.006758
129317,2021-11-17,SN00/11,12.1596,8.0771675,2.6999998,14.006758
129318,2021-11-17,TL33/4,78.87,8.0771675,2.6999998,14.006758
129319,2021-11-17,TL44/12,38.05,8.0771675,2.6999998,14.006758
129320,2021-11-17,SJ62/235,54.569,8.0771675,2.6999998,14.006758
129321,2021-11-17,ST07/10,68.8049,8.0771675,2.6999998,14.006758
129322,2021-11-17,TA10/63,13.184,8.0771675,2.6999998,14.006758
129323,2021-11-17,SY68/34,68.43,8.0771675,2.6999998,14.006758
129324,2021-11-17,SU81/1,49.79,8.0771675,2.6999998,14.006758
129325,2021-11-17,TF03/37,12.679,8.0771675,2.6999998,14.006758
129326,2021-11-17,TQ25/86,96.104,8.0771675,2.6999998,14.006758
129327,2021-11-17,SU71/23,41.895,8.0771675,2.6999998,14.006758
129328,2021-11-17,SK00/41,130.097,8.0771675,2.6999998,14.006758
129329,2021-11-17,SE94/5,13.711,8.0771675,2.6999998,14.006758
129330,2021-11-17,SP00/62,101.642,8.0771675,2.6999998,14.006758
129331,2021-11-17,TF81/2A,44.411,8.0771675,2.6999998,14.006758
129332,2021-11-17,TR14/9,64.195,8.0771675,2.6999998,14.006758
129333,2021-11-18,ID30/1,114.56,12.083417,3.3,16.644533
129334,2021-11-18,SE95/6,21.67,12.083417,3.3,16.644533
129335,2021-11-18,NO20/14,36.45,12.083417,3.3,16.644533
129336,2021-11-18,SU01/5B,88.78,12.083417,3.3,16.644533
129337,2021-11-18,SU17/57,132.04,12.083417,3.3,16.644533
129338,2021-11-18,TL33/67,78.28,12.083417,3.3,16.644533
129339,2021-11-18,NH95/17,29.59,12.083417,3.3,16.644533
129340,2021-11-18,SJ15/13,80.01032,12.083417,3.3,16.644533
129341,2021-11-18,TM15/112,25.29,12.083417,3.3,16.644533
129342,2021-11-18,SN00/11,12.0852,12.083417,3.3,16.644533
129343,2021-11-18,TL33/4,78.84,12.083417,3.3,16.644533
129344,2021-11-18,SU71/23,41.917,12.083417,3.3,16.644533
129345,2021-11-18,SJ62/235,54.566,12.083417,3.3,16.644533
129346,2021-11-18,ST07/10,68.178,12.083417,3.3,16.644533
129347,2021-11-18,SE94/5,13.709,12.083417,3.3,16.644533
129348,2021-11-18,SU81/1,49.772,12.083417,3.3,16.644533
129349,2021-11-18,TL44/12,38.048,12.083417,3.3,16.644533
129350,2021-11-18,SK00/41,130.085,12.083417,3.3,16.644533
129351,2021-11-18,TA10/63,13.164,12.083417,3.3,16.644533
129352,2021-11-18,TR14/9,64.165,12.083417,3.3,16.644533
129353,2021-11-18,TF03/37,12.657,12.083417,3.3,16.644533
129354,2021-11-18,SP00/62,101.613,12.083417,3.3,16.644533
129355,2021-11-18,TF81/2A,44.408,12.083417,3.3,16.644533
129356,2021-11-18,SY68/34,68.453,12.083417,3.3,16.644533
129357,2021-11-18,TQ25/86,96.116,12.083417,3.3,16.644533
129358,2021-11-19,SN00/11,12.0136,11.604249,1.1000001,13.823377
129359,2021-11-19,SU01/5B,88.65,11.604249,1.1000001,13.823377
129360,2021-11-19,ID30/1,114.48,11.604249,1.1000001,13.823377
129361,2021-11-19,NO20/14,36.45,11.604249,1.1000001,13.823377
129362,2021-11-19,SE95/6,21.72,11.604249,1.1000001,13.823377
129363,2021-11-19,NH95/17,29.59,11.604249,1.1000001,13.823377
129364,2021-11-19,TL33/4,78.81,11.604249,1.1000001,13.823377
129365,2021-11-19,TL33/67,78.28,11.604249,1.1000001,13.823377
129366,2021-11-19,SJ15/13,79.996,11.604249,1.1000001,13.823377
129367,2021-11-19,SU17/57,132.13,11.604249,1.1000001,13.823377
129368,2021-11-19,SY68/34,68.472,11.604249,1.1000001,13.823377
129369,2021-11-19,TR14/9,64.138,11.604249,1.1000001,13.823377
129370,2021-11-19,TF03/37,12.639,11.604249,1.1000001,13.823377
129371,2021-11-19,TF81/2A,44.413,11.604249,1.1000001,13.823377
129372,2021-11-19,SU81/1,49.754,11.604249,1.1000001,13.823377
129373,2021-11-19,TQ25/86,96.139,11.604249,1.1000001,13.823377
129374,2021-11-19,TL44/12,38.049,11.604249,1.1000001,13.823377
129375,2021-11-19,SJ62/235,54.566,11.604249,1.1000001,13.823377
129376,2021-11-19,ST07/10,67.5583,11.604249,1.1000001,13.823377
129377,2021-11-19,SP00/62,101.584,11.604249,1.1000001,13.823377
129378,2021-11-19,TA10/63,13.144,11.604249,1.1000001,13.823377
129379,2021-11-19,SE94/5,13.706,11.604249,1.1000001,13.823377
129380,2021-11-19,SK00/41,130.079,11.604249,1.1000001,13.823377
129381,2021-11-19,SU71/23,41.936,11.604249,1.1000001,13.823377
129382,2021-11-19,TV59/7C,1.51,11.604249,1.1000001,13.823377
129383,2021-11-20,TL33/67,78.33,9.187585,2.8000002,13.153779
129384,2021-11-20,NH95/17,29.56,9.187585,2.8000002,13.153779
129385,2021-11-20,NO20/14,36.46,9.187585,2.8000002,13.153779
129386,2021-11-20,ID30/1,114.39,9.187585,2.8000002,13.153779
129387,2021-11-20,TL33/4,78.78,9.187585,2.8000002,13.153779
129388,2021-11-20,SE95/6,21.73,9.187585,2.8000002,13.153779
129389,2021-11-20,SJ15/13,79.99815,9.187585,2.8000002,13.153779
129390,2021-11-20,SU17/57,132.18,9.187585,2.8000002,13.153779
129391,2021-11-20,SU01/5B,88.52,9.187585,2.8000002,13.153779
129392,2021-11-20,SN00/11,11.9553,9.187585,2.8000002,13.153779
129393,2021-11-20,TF81/2A,44.404,9.187585,2.8000002,13.153779
129394,2021-11-20,SE94/5,13.704,9.187585,2.8000002,13.153779
129395,2021-11-20,TR14/9,64.138,9.187585,2.8000002,13.153779
129396,2021-11-20,SP00/62,101.561,9.187585,2.8000002,13.153779
129397,2021-11-20,TL44/12,38.05,9.187585,2.8000002,13.153779
129398,2021-11-20,ST07/10,66.9576,9.187585,2.8000002,13.153779
129399,2021-11-20,TQ25/86,96.149,9.187585,2.8000002,13.153779
129400,2021-11-20,SY68/34,68.494,9.187585,2.8000002,13.153779
129401,2021-11-20,SK00/41,130.095,9.187585,2.8000002,13.153779
129402,2021-11-20,SU81/1,49.772,9.187585,2.8000002,13.153779
129403,2021-11-20,SJ62/235,54.571,9.187585,2.8000002,13.153779
129404,2021-11-20,TF03/37,12.637,9.187585,2.8000002,13.153779
129405,2021-11-20,SU71/23,41.967,9.187585,2.8000002,13.153779
129406,2021-11-20,TA10/63,13.131,9.187585,2.8000002,13.153779
129407,2021-11-21,SN00/11,11.8804,3.6917503,0.0,11.298071
129408,2021-11-21,SJ15/13,80.01404,3.6917503,0.0,11.298071
129409,2021-11-21,SE95/6,21.74,3.6917503,0.0,11.298071
129410,2021-11-21,SU17/57,132.14,3.6917503,0.0,11.298071
129411,2021-11-21,NH95/17,29.55,3.6917503,0.0,11.298071
129412,2021-11-21,TL33/4,78.76,3.6917503,0.0,11.298071
129413,2021-11-21,SU01/5B,88.43,3.6917503,0.0,11.298071
129414,2021-11-21,NO20/14,36.44,3.6917503,0.0,11.298071
129415,2021-11-21,TL33/67,78.25,3.6917503,0.0,11.298071
129416,2021-11-21,ID30/1,114.33,3.6917503,0.0,11.298071
129417,2021-11-21,TQ25/86,96.147,3.6917503,0.0,11.298071
129418,2021-11-21,TF81/2A,44.396,3.6917503,0.0,11.298071
129419,2021-11-21,SK00/41,130.091,3.6917503,0.0,11.298071
129420,2021-11-21,TL44/12,38.046,3.6917503,0.0,11.298071
129421,2021-11-21,SJ62/235,54.556,3.6917503,0.0,11.298071
129422,2021-11-21,ST07/10,66.301,3.6917503,0.0,11.298071
129423,2021-11-21,SU81/1,49.755,3.6917503,0.0,11.298071
129424,2021-11-21,SE94/5,13.702,3.6917503,0.0,11.298071
129425,2021-11-21,SU71/23,41.974,3.6917503,0.0,11.298071
129426,2021-11-21,TR14/9,64.124,3.6917503,0.0,11.298071
129427,2021-11-21,SP00/62,101.528,3.6917503,0.0,11.298071
129428,2021-11-21,TF03/37,12.585,3.6917503,0.0,11.298071
129429,2021-11-21,TA10/63,13.102,3.6917503,0.0,11.298071
129430,2021-11-21,SY68/34,68.501,3.6917503,0.0,11.298071
129431,2021-11-22,NO20/14,36.43,2.8105001,0.0,4.8983746
129432,2021-11-22,ID30/1,114.28,2.8105001,0.0,4.8983746
129433,2021-11-22,SE95/6,21.73,2.8105001,0.0,4.8983746
129434,2021-11-22,SU01/5B,88.31,2.8105001,0.0,4.8983746
129435,2021-11-22,SU17/57,132.26,2.8105001,0.0,4.8983746
129436,2021-11-22,TL33/4,78.73,2.8105001,0.0,4.8983746
129437,2021-11-22,SN00/11,11.8079,2.8105001,0.0,4.8983746
129438,2021-11-22,TL33/67,78.19,2.8105001,0.0,4.8983746
129439,2021-11-22,NH95/17,29.52,2.8105001,0.0,4.8983746
129440,2021-11-22,SJ15/13,79.97316,2.8105001,0.0,4.8983746
129441,2021-11-22,SY68/34,68.493,2.8105001,0.0,4.8983746
129442,2021-11-22,TF03/37,12.558,2.8105001,0.0,4.8983746
129443,2021-11-22,TQ25/86,96.154,2.8105001,0.0,4.8983746
129444,2021-11-22,TA10/63,13.082,2.8105001,0.0,4.8983746
129445,2021-11-22,SE94/5,13.698,2.8105001,0.0,4.8983746
129446,2021-11-22,TR14/9,64.096,2.8105001,0.0,4.8983746
129447,2021-11-22,TL44/12,38.041,2.8105001,0.0,4.8983746
129448,2021-11-22,SK00/41,130.068,2.8105001,0.0,4.8983746
129449,2021-11-22,SP00/62,101.495,2.8105001,0.0,4.8983746
129450,2021-11-22,TF81/2A,44.396,2.8105001,0.0,4.8983746
129451,2021-11-22,SU71/23,41.946,2.8105001,0.0,4.8983746
129452,2021-11-22,ST07/10,65.6666,2.8105001,0.0,4.8983746
129453,2021-11-22,SJ62/235,54.552,2.8105001,0.0,4.8983746
129454,2021-11-22,SU81/1,49.691,2.8105001,0.0,4.8983746
129455,2021-11-23,SU17/57,132.38,6.600084,0.0,8.254133
129456,2021-11-23,SU01/5B,88.14,6.600084,0.0,8.254133
129457,2021-11-23,SN00/11,11.7448,6.600084,0.0,8.254133
129458,2021-11-23,TL33/4,78.7,6.600084,0.0,8.254133
129459,2021-11-23,SE95/6,21.73,6.600084,0.0,8.254133
129460,2021-11-23,TL33/67,78.22,6.600084,0.0,8.254133
129461,2021-11-23,NO20/14,36.45,6.600084,0.0,8.254133
129462,2021-11-23,SJ15/13,79.96052,6.600084,0.0,8.254133
129463,2021-11-23,ID30/1,114.21,6.600084,0.0,8.254133
129464,2021-11-23,NH95/17,29.55,6.600084,0.0,8.254133
129465,2021-11-23,TA10/63,13.067,6.600084,0.0,8.254133
129466,2021-11-23,SU81/1,49.642,6.600084,0.0,8.254133
129467,2021-11-23,TQ25/86,96.177,6.600084,0.0,8.254133
129468,2021-11-23,SJ62/235,54.557,6.600084,0.0,8.254133
129469,2021-11-23,TR14/9,64.076,6.600084,0.0,8.254133
129470,2021-11-23,SK00/41,130.065,6.600084,0.0,8.254133
129471,2021-11-23,SY68/34,68.491,6.600084,0.0,8.254133
129472,2021-11-23,TF03/37,12.564,6.600084,0.0,8.254133
129473,2021-11-23,TF81/2A,44.402,6.600084,0.0,8.254133
129474,2021-11-23,SU71/23,41.93,6.600084,0.0,8.254133
129475,2021-11-23,SP00/62,101.468,6.600084,0.0,8.254133
129476,2021-11-23,ST07/10,65.1094,6.600084,0.0,8.254133
129477,2021-11-23,SE94/5,13.697,6.600084,0.0,8.254133
129478,2021-11-23,TL44/12,38.041,6.600084,0.0,8.254133
129479,2021-11-24,SJ15/13,79.98137,5.3834167,1.6,8.447977
129480,2021-11-24,ID30/1,114.16,5.3834167,1.6,8.447977
129481,2021-11-24,SU17/57,132.38,5.3834167,1.6,8.447977
129482,2021-11-24,SU01/5B,87.99,5.3834167,1.6,8.447977
129483,2021-11-24,TL33/4,78.67,5.3834167,1.6,8.447977
129484,2021-11-24,NH95/17,29.57,5.3834167,1.6,8.447977
129485,2021-11-24,SE95/6,21.72,5.3834167,1.6,8.447977
129486,2021-11-24,NO20/14,36.48,5.3834167,1.6,8.447977
129487,2021-11-24,TL33/67,78.28,5.3834167,1.6,8.447977
129488,2021-11-24,SN00/11,11.6937,5.3834167,1.6,8.447977
129489,2021-11-24,SU81/1,49.636,5.3834167,1.6,8.447977
129490,2021-11-24,TF03/37,12.567,5.3834167,1.6,8.447977
129491,2021-11-24,ST07/10,64.6057,5.3834167,1.6,8.447977
129492,2021-11-24,SP00/62,101.438,5.3834167,1.6,8.447977
129493,2021-11-24,TQ25/86,96.192,5.3834167,1.6,8.447977
129494,2021-11-24,TR14/9,64.065,5.3834167,1.6,8.447977
129495,2021-11-24,TF81/2A,44.405,5.3834167,1.6,8.447977
129496,2021-11-24,SU71/23,41.935,5.3834167,1.6,8.447977
129497,2021-11-24,SJ62/235,54.566,5.3834167,1.6,8.447977
129498,2021-11-24,TL44/12,38.043,5.3834167,1.6,8.447977
129499,2021-11-24,SY68/34,68.493,5.3834167,1.6,8.447977
129500,2021-11-24,SK00/41,130.092,5.3834167,1.6,8.447977
129501,2021-11-24,SE94/5,13.7,5.3834167,1.6,8.447977
129502,2021-11-24,TA10/63,13.059,5.3834167,1.6,8.447977
129503,2021-11-25,SJ15/13,80.00584,2.05425,1.2,8.223454
129504,2021-11-25,SU17/57,132.3,2.05425,1.2,8.223454
129505,2021-11-25,SE95/6,21.72,2.05425,1.2,8.223454
129506,2021-11-25,SN00/11,11.631,2.05425,1.2,8.223454
129507,2021-11-25,TL33/4,78.65,2.05425,1.2,8.223454
129508,2021-11-25,NH95/17,29.58,2.05425,1.2,8.223454
129509,2021-11-25,TL33/67,78.27,2.05425,1.2,8.223454
129510,2021-11-25,NO20/14,36.47,2.05425,1.2,8.223454
129511,2021-11-25,SU01/5B,87.88,2.05425,1.2,8.223454
129512,2021-11-25,ID30/1,114.12,2.05425,1.2,8.223454
129513,2021-11-25,TF03/37,12.572,2.05425,1.2,8.223454
129514,2021-11-25,SU81/1,49.612,2.05425,1.2,8.223454
129515,2021-11-25,ST07/10,64.1245,2.05425,1.2,8.223454
129516,2021-11-25,SY68/34,68.486,2.05425,1.2,8.223454
129517,2021-11-25,SP00/62,101.407,2.05425,1.2,8.223454
129518,2021-11-25,TQ25/86,96.228,2.05425,1.2,8.223454
129519,2021-11-25,TL44/12,38.051,2.05425,1.2,8.223454
129520,2021-11-25,TA10/63,13.05,2.05425,1.2,8.223454
129521,2021-11-25,TR14/9,64.053,2.05425,1.2,8.223454
129522,2021-11-25,SU71/23,41.919,2.05425,1.2,8.223454
129523,2021-11-25,SJ62/235,54.57,2.05425,1.2,8.223454
129524,2021-11-25,SK00/41,130.099,2.05425,1.2,8.223454
129525,2021-11-25,TF81/2A,44.418,2.05425,1.2,8.223454
129526,2021-11-25,SE94/5,13.703,2.05425,1.2,8.223454
129527,2021-11-26,TL33/67,78.4,4.608417,23.0,27.777544
129528,2021-11-26,NH95/17,29.62,4.608417,23.0,27.777544
129529,2021-11-26,TL33/4,78.63,4.608417,23.0,27.777544
129530,2021-11-26,SN00/11,11.5977,4.608417,23.0,27.777544
129531,2021-11-26,NO20/14,36.53,4.608417,23.0,27.777544
129532,2021-11-26,SU17/57,132.31,4.608417,23.0,27.777544
129533,2021-11-26,SJ15/13,80.05026,4.608417,23.0,27.777544
129534,2021-11-26,SE95/6,21.68,4.608417,23.0,27.777544
129535,2021-11-26,ID30/1,114.19,4.608417,23.0,27.777544
129536,2021-11-26,SU01/5B,87.76,4.608417,23.0,27.777544
129537,2021-11-26,SY68/34,68.489,4.608417,23.0,27.777544
129538,2021-11-26,SU81/1,49.651,4.608417,23.0,27.777544
129539,2021-11-26,TF81/2A,44.401,4.608417,23.0,27.777544
129540,2021-11-26,SU71/23,41.941,4.608417,23.0,27.777544
129541,2021-11-26,SP00/62,101.384,4.608417,23.0,27.777544
129542,2021-11-26,TA10/63,13.03,4.608417,23.0,27.777544
129543,2021-11-26,SK00/41,130.156,4.608417,23.0,27.777544
129544,2021-11-26,ST07/10,63.7228,4.608417,23.0,27.777544
129545,2021-11-26,SE94/5,13.71,4.608417,23.0,27.777544
129546,2021-11-26,TQ25/86,96.222,4.608417,23.0,27.777544
129547,2021-11-26,SJ62/235,54.586,4.608417,23.0,27.777544
129548,2021-11-26,TF03/37,12.607,4.608417,23.0,27.777544
129549,2021-11-26,TL44/12,38.057,4.608417,23.0,27.777544
129550,2021-11-26,TR14/9,64.069,4.608417,23.0,27.777544
129551,2021-11-27,TL33/4,78.6,1.0229999,7.3999996,27.386078
129552,2021-11-27,NO20/14,36.45,1.0229999,7.3999996,27.386078
129553,2021-11-27,SN00/11,11.5101,1.0229999,7.3999996,27.386078
129554,2021-11-27,SJ15/13,80.06922,1.0229999,7.3999996,27.386078
129555,2021-11-27,TL33/67,78.2,1.0229999,7.3999996,27.386078
129556,2021-11-27,ID30/1,114.31,1.0229999,7.3999996,27.386078
129557,2021-11-27,SE95/6,21.75,1.0229999,7.3999996,27.386078
129558,2021-11-27,NH95/17,29.61,1.0229999,7.3999996,27.386078
129559,2021-11-27,SU17/57,132.11,1.0229999,7.3999996,27.386078
129560,2021-11-27,SU01/5B,87.71,1.0229999,7.3999996,27.386078
129561,2021-11-27,SJ62/235,54.55,1.0229999,7.3999996,27.386078
129562,2021-11-27,SU71/23,41.892,1.0229999,7.3999996,27.386078
129563,2021-11-27,SP00/62,101.363,1.0229999,7.3999996,27.386078
129564,2021-11-27,TA10/63,13.016,1.0229999,7.3999996,27.386078
129565,2021-11-27,TQ25/86,96.217,1.0229999,7.3999996,27.386078
129566,2021-11-27,SK00/41,130.135,1.0229999,7.3999996,27.386078
129567,2021-11-27,TF03/37,12.592,1.0229999,7.3999996,27.386078
129568,2021-11-27,TL44/12,38.052,1.0229999,7.3999996,27.386078
129569,2021-11-27,ST07/10,63.2314,1.0229999,7.3999996,27.386078
129570,2021-11-27,TR14/9,64.06,1.0229999,7.3999996,27.386078
129571,2021-11-27,TF81/2A,44.392,1.0229999,7.3999996,27.386078
129572,2021-11-27,SY68/34,68.461,1.0229999,7.3999996,27.386078
129573,2021-11-27,SE94/5,13.717,1.0229999,7.3999996,27.386078
129574,2021-11-27,SU81/1,49.591,1.0229999,7.3999996,27.386078
129575,2021-11-28,ID30/1,114.31,-1.527,1.9,6.847222
129576,2021-11-28,NO20/14,36.48,-1.527,1.9,6.847222
129577,2021-11-28,SN00/11,11.4425,-1.527,1.9,6.847222
129578,2021-11-28,SU01/5B,87.57,-1.527,1.9,6.847222
129579,2021-11-28,NH95/17,29.63,-1.527,1.9,6.847222
129580,2021-11-28,SU17/57,132.33,-1.527,1.9,6.847222
129581,2021-11-28,SJ15/13,80.03059,-1.527,1.9,6.847222
129582,2021-11-28,SE95/6,21.71,-1.527,1.9,6.847222
129583,2021-11-28,TL33/67,78.16,-1.527,1.9,6.847222
129584,2021-11-28,TL33/4,78.58,-1.527,1.9,6.847222
129585,2021-11-28,SU81/1,49.491,-1.527,1.9,6.847222
129586,2021-11-28,SJ62/235,54.548,-1.527,1.9,6.847222
129587,2021-11-28,TF03/37,12.664,-1.527,1.9,6.847222
129588,2021-11-28,TR14/9,64.042,-1.527,1.9,6.847222
129589,2021-11-28,ST07/10,62.8015,-1.527,1.9,6.847222
129590,2021-11-28,SY68/34,68.437,-1.527,1.9,6.847222
129591,2021-11-28,SP00/62,101.228,-1.527,1.9,6.847222
129592,2021-11-28,SU71/23,41.826,-1.527,1.9,6.847222
129593,2021-11-28,TF81/2A,44.391,-1.527,1.9,6.847222
129594,2021-11-28,TA10/63,13.001,-1.527,1.9,6.847222
129595,2021-11-28,TQ25/86,96.213,-1.527,1.9,6.847222
129596,2021-11-28,TL44/12,38.043,-1.527,1.9,6.847222
129597,2021-11-28,SE94/5,13.739,-1.527,1.9,6.847222
129598,2021-11-28,SK00/41,130.103,-1.527,1.9,6.847222
129599,2021-11-29,TL33/67,78.14,1.8084167,0.3,9.918272
129600,2021-11-29,SN00/11,11.3693,1.8084167,0.3,9.918272
129601,2021-11-29,SU01/5B,87.39,1.8084167,0.3,9.918272
129602,2021-11-29,TL33/4,78.55,1.8084167,0.3,9.918272
129603,2021-11-29,NO20/14,36.58,1.8084167,0.3,9.918272
129604,2021-11-29,TQ25/86,96.23,1.8084167,0.3,9.918272
129605,2021-11-29,NH95/17,29.62,1.8084167,0.3,9.918272
129606,2021-11-29,SU17/57,132.4,1.8084167,0.3,9.918272
129607,2021-11-29,SE95/6,21.69,1.8084167,0.3,9.918272
129608,2021-11-29,SJ15/13,80.0193,1.8084167,0.3,9.918272
129609,2021-11-29,ID30/1,114.25,1.8084167,0.3,9.918272
129610,2021-11-29,SJ62/235,54.549,1.8084167,0.3,9.918272
129611,2021-11-29,TF03/37,12.577,1.8084167,0.3,9.918272
129612,2021-11-29,ST07/10,62.3971,1.8084167,0.3,9.918272
129613,2021-11-29,SK00/41,130.058,1.8084167,0.3,9.918272
129614,2021-11-29,TR14/9,64.021,1.8084167,0.3,9.918272
129615,2021-11-29,SY68/34,68.41,1.8084167,0.3,9.918272
129616,2021-11-29,SE94/5,13.756,1.8084167,0.3,9.918272
129617,2021-11-29,TA10/63,12.986,1.8084167,0.3,9.918272
129618,2021-11-29,SU81/1,49.38,1.8084167,0.3,9.918272
129619,2021-11-29,TL44/12,38.035,1.8084167,0.3,9.918272
129620,2021-11-29,TF81/2A,44.4,1.8084167,0.3,9.918272
129621,2021-11-29,SU71/23,41.754,1.8084167,0.3,9.918272
129622,2021-11-29,SP00/62,101.204,1.8084167,0.3,9.918272
129623,2021-11-30,TQ25/86,96.231,9.366751,15.200001,16.210262
129624,2021-11-30,TL33/4,78.53,9.366751,15.200001,16.210262
129625,2021-11-30,NO20/14,36.57,9.366751,15.200001,16.210262
129626,2021-11-30,NH95/17,29.63,9.366751,15.200001,16.210262
129627,2021-11-30,SJ15/13,80.01863,9.366751,15.200001,16.210262
129628,2021-11-30,SU01/5B,87.18,9.366751,15.200001,16.210262
129629,2021-11-30,SU17/57,132.47,9.366751,15.200001,16.210262
129630,2021-11-30,ID30/1,114.24,9.366751,15.200001,16.210262
129631,2021-11-30,SN00/11,11.328,9.366751,15.200001,16.210262
129632,2021-11-30,TL33/67,78.23,9.366751,15.200001,16.210262
129633,2021-11-30,SE95/6,21.67,9.366751,15.200001,16.210262
129634,2021-11-30,SY68/34,68.395,9.366751,15.200001,16.210262
129635,2021-11-30,TA10/63,12.986,9.366751,15.200001,16.210262
129636,2021-11-30,TF81/2A,44.396,9.366751,15.200001,16.210262
129637,2021-11-30,TL44/12,38.034,9.366751,15.200001,16.210262
129638,2021-11-30,SU71/23,41.71,9.366751,15.200001,16.210262
129639,2021-11-30,ST07/10,62.1265,9.366751,15.200001,16.210262
129640,2021-11-30,SP00/62,101.186,9.366751,15.200001,16.210262
129641,2021-11-30,SE94/5,13.769,9.366751,15.200001,16.210262
129642,2021-11-30,SU81/1,49.313,9.366751,15.200001,16.210262
129643,2021-11-30,TF03/37,12.561,9.366751,15.200001,16.210262
129644,2021-11-30,SJ62/235,54.567,9.366751,15.200001,16.210262
129645,2021-11-30,SK00/41,130.03,9.366751,15.200001,16.210262
129646,2021-11-30,TR14/9,64.037,9.366751,15.200001,16.210262
129647,2021-12-01,ID30/1,114.5,4.2000823,8.5,18.703186
129648,2021-12-01,SJ15/13,80.07019,4.2000823,8.5,18.703186
129649,2021-12-01,SE95/6,21.58,4.2000823,8.5,18.703186
129650,2021-12-01,SU17/57,132.35,4.2000823,8.5,18.703186
129651,2021-12-01,SU01/5B,87.03,4.2000823,8.5,18.703186
129652,2021-12-01,TQ25/86,96.221,4.2000823,8.5,18.703186
129653,2021-12-01,NH95/17,29.65,4.2000823,8.5,18.703186
129654,2021-12-01,NO20/14,36.56,4.2000823,8.5,18.703186
129655,2021-12-01,TL33/4,78.5,4.2000823,8.5,18.703186
129656,2021-12-01,TL33/67,78.13,4.2000823,8.5,18.703186
129657,2021-12-01,TL44/12,38.029,4.2000823,8.5,18.703186
129658,2021-12-01,SU81/1,49.247,4.2000823,8.5,18.703186
129659,2021-12-01,SN00/11,11.2768,4.2000823,8.5,18.703186
129660,2021-12-01,ST07/10,61.891,4.2000823,8.5,18.703186
129661,2021-12-01,SP00/62,101.172,4.2000823,8.5,18.703186
129662,2021-12-01,SY68/34,68.374,4.2000823,8.5,18.703186
129663,2021-12-01,TF81/2A,44.39,4.2000823,8.5,18.703186
129664,2021-12-01,SK00/41,130.168,4.2000823,8.5,18.703186
129665,2021-12-01,SE94/5,13.786,4.2000823,8.5,18.703186
129666,2021-12-01,TA10/63,12.963,4.2000823,8.5,18.703186
129667,2021-12-01,SU71/23,41.653,4.2000823,8.5,18.703186
129668,2021-12-01,TF03/37,12.498,4.2000823,8.5,18.703186
129669,2021-12-01,SJ62/235,54.547,4.2000823,8.5,18.703186
129670,2021-12-01,TR14/9,64.029,4.2000823,8.5,18.703186
129671,2021-12-02,SU17/57,132.47,0.15008341,2.0,10.539759
129672,2021-12-02,NO20/14,36.55,0.15008341,2.0,10.539759
129673,2021-12-02,SU01/5B,86.88,0.15008341,2.0,10.539759
129674,2021-12-02,NH95/17,29.66,0.15008341,2.0,10.539759
129675,2021-12-02,ID30/1,114.75,0.15008341,2.0,10.539759
129676,2021-12-02,TL33/67,78.08,0.15008341,2.0,10.539759
129677,2021-12-02,SJ15/13,80.06019,0.15008341,2.0,10.539759
129678,2021-12-02,TQ25/86,96.231,0.15008341,2.0,10.539759
129679,2021-12-02,TL33/4,78.48,0.15008341,2.0,10.539759
129680,2021-12-02,TL44/12,38.017,0.15008341,2.0,10.539759
129681,2021-12-02,SE95/6,21.64,0.15008341,2.0,10.539759
129682,2021-12-02,SN00/11,11.2425,0.15008341,2.0,10.539759
129683,2021-12-02,ST07/10,61.6609,0.15008341,2.0,10.539759
129684,2021-12-02,TR14/9,64.01,0.15008341,2.0,10.539759
129685,2021-12-02,SE94/5,13.806,0.15008341,2.0,10.539759
129686,2021-12-02,SU71/23,41.563,0.15008341,2.0,10.539759
129687,2021-12-02,SU81/1,49.133,0.15008341,2.0,10.539759
129688,2021-12-02,TF03/37,12.517,0.15008341,2.0,10.539759
129689,2021-12-02,TA10/63,12.942,0.15008341,2.0,10.539759
129690,2021-12-02,TF81/2A,44.402,0.15008341,2.0,10.539759
129691,2021-12-02,SP00/62,101.161,0.15008341,2.0,10.539759
129692,2021-12-02,SY68/34,68.346,0.15008341,2.0,10.539759
129693,2021-12-02,SK00/41,130.079,0.15008341,2.0,10.539759
129694,2021-12-02,SJ62/235,54.554,0.15008341,2.0,10.539759
129695,2021-12-03,TL44/12,38.008,5.848,1.8000002,12.177095
129696,2021-12-03,NH95/17,29.7,5.848,1.8000002,12.177095
129697,2021-12-03,TQ25/86,96.23,5.848,1.8000002,12.177095
129698,2021-12-03,SE95/6,21.59,5.848,1.8000002,12.177095
129699,2021-12-03,TL33/4,78.46,5.848,1.8000002,12.177095
129700,2021-12-03,TL33/67,78.16,5.848,1.8000002,12.177095
129701,2021-12-03,NO20/14,36.61,5.848,1.8000002,12.177095
129702,2021-12-03,SU17/57,132.52,5.848,1.8000002,12.177095
129703,2021-12-03,SU01/5B,86.69,5.848,1.8000002,12.177095
129704,2021-12-03,ID30/1,114.94,5.848,1.8000002,12.177095
129705,2021-12-03,SJ15/13,80.12433,5.848,1.8000002,12.177095
129706,2021-12-03,TF81/2A,44.407,5.848,1.8000002,12.177095
129707,2021-12-03,SP00/62,101.176,5.848,1.8000002,12.177095
129708,2021-12-03,TF03/37,12.561,5.848,1.8000002,12.177095
129709,2021-12-03,SK00/41,130.024,5.848,1.8000002,12.177095
129710,2021-12-03,SN00/11,11.4096,5.848,1.8000002,12.177095
129711,2021-12-03,SE94/5,13.831,5.848,1.8000002,12.177095
129712,2021-12-03,SJ62/235,54.572,5.848,1.8000002,12.177095
129713,2021-12-03,ST07/10,61.9869,5.848,1.8000002,12.177095
129714,2021-12-03,TA10/63,12.943,5.848,1.8000002,12.177095
129715,2021-12-03,SU81/1,49.069,5.848,1.8000002,12.177095
129716,2021-12-03,SY68/34,68.343,5.848,1.8000002,12.177095
129717,2021-12-03,TR14/9,64.019,5.848,1.8000002,12.177095
129718,2021-12-03,SU71/23,41.51,5.848,1.8000002,12.177095
129719,2021-12-04,SJ15/13,80.15641,4.0500836,17.199999,18.379568
129720,2021-12-04,SU17/57,132.41,4.0500836,17.199999,18.379568
129721,2021-12-04,SU01/5B,86.54,4.0500836,17.199999,18.379568
129722,2021-12-04,ID30/1,115.19,4.0500836,17.199999,18.379568
129723,2021-12-04,TL33/67,78.13,4.0500836,17.199999,18.379568
129724,2021-12-04,NH95/17,29.72,4.0500836,17.199999,18.379568
129725,2021-12-04,SE95/6,21.64,4.0500836,17.199999,18.379568
129726,2021-12-04,TQ25/86,96.214,4.0500836,17.199999,18.379568
129727,2021-12-04,TL44/12,38.002,4.0500836,17.199999,18.379568
129728,2021-12-04,TL33/4,78.43,4.0500836,17.199999,18.379568
129729,2021-12-04,NO20/14,36.59,4.0500836,17.199999,18.379568
129730,2021-12-04,SY68/34,68.316,4.0500836,17.199999,18.379568
129731,2021-12-04,TR14/9,64.027,4.0500836,17.199999,18.379568
129732,2021-12-04,SU81/1,48.979,4.0500836,17.199999,18.379568
129733,2021-12-04,SN00/11,11.6109,4.0500836,17.199999,18.379568
129734,2021-12-04,SK00/41,130.117,4.0500836,17.199999,18.379568
129735,2021-12-04,TA10/63,12.927,4.0500836,17.199999,18.379568
129736,2021-12-04,ST07/10,62.5195,4.0500836,17.199999,18.379568
129737,2021-12-04,SP00/62,101.168,4.0500836,17.199999,18.379568
129738,2021-12-04,TF03/37,12.554,4.0500836,17.199999,18.379568
129739,2021-12-04,TF81/2A,44.395,4.0500836,17.199999,18.379568
129740,2021-12-04,SE94/5,13.852,4.0500836,17.199999,18.379568
129741,2021-12-04,SU71/23,41.432,4.0500836,17.199999,18.379568
129742,2021-12-04,SJ62/235,54.562,4.0500836,17.199999,18.379568
129743,2021-12-05,SJ15/13,80.126,3.66675,0.8000001,15.263036
129744,2021-12-05,TL44/12,37.989,3.66675,0.8000001,15.263036
129745,2021-12-05,TQ25/86,96.214,3.66675,0.8000001,15.263036
129746,2021-12-05,TL33/4,78.41,3.66675,0.8000001,15.263036
129747,2021-12-05,TL33/67,78.0,3.66675,0.8000001,15.263036
129748,2021-12-05,SU17/57,132.45,3.66675,0.8000001,15.263036
129749,2021-12-05,SU01/5B,86.38,3.66675,0.8000001,15.263036
129750,2021-12-05,SE95/6,21.6,3.66675,0.8000001,15.263036
129751,2021-12-05,NH95/17,29.74,3.66675,0.8000001,15.263036
129752,2021-12-05,ID30/1,115.52,3.66675,0.8000001,15.263036
129753,2021-12-05,NO20/14,36.53,3.66675,0.8000001,15.263036
129754,2021-12-05,TR14/9,64.017,3.66675,0.8000001,15.263036
129755,2021-12-05,SJ62/235,54.548,3.66675,0.8000001,15.263036
129756,2021-12-05,TA10/63,12.917,3.66675,0.8000001,15.263036
129757,2021-12-05,SU71/23,41.326,3.66675,0.8000001,15.263036
129758,2021-12-05,SP00/62,101.173,3.66675,0.8000001,15.263036
129759,2021-12-05,SN00/11,11.7421,3.66675,0.8000001,15.263036
129760,2021-12-05,SU81/1,48.858,3.66675,0.8000001,15.263036
129761,2021-12-05,TF81/2A,44.408,3.66675,0.8000001,15.263036
129762,2021-12-05,ST07/10,62.9445,3.66675,0.8000001,15.263036
129763,2021-12-05,SY68/34,68.28,3.66675,0.8000001,15.263036
129764,2021-12-05,TF03/37,12.529,3.66675,0.8000001,15.263036
129765,2021-12-05,SE94/5,13.866,3.66675,0.8000001,15.263036
129766,2021-12-05,SK00/41,130.126,3.66675,0.8000001,15.263036
129767,2021-12-06,SJ15/13,80.11863,3.4084165,6.7999997,14.821076
129768,2021-12-06,SU01/5B,86.18,3.4084165,6.7999997,14.821076
129769,2021-12-06,NH95/17,29.77,3.4084165,6.7999997,14.821076
129770,2021-12-06,TL33/67,78.06,3.4084165,6.7999997,14.821076
129771,2021-12-06,NO20/14,36.58,3.4084165,6.7999997,14.821076
129772,2021-12-06,ID30/1,115.69,3.4084165,6.7999997,14.821076
129773,2021-12-06,TQ25/86,96.236,3.4084165,6.7999997,14.821076
129774,2021-12-06,TL33/4,78.39,3.4084165,6.7999997,14.821076
129775,2021-12-06,SU17/57,132.61,3.4084165,6.7999997,14.821076
129776,2021-12-06,SE95/6,21.65,3.4084165,6.7999997,14.821076
129777,2021-12-06,TL44/12,37.978,3.4084165,6.7999997,14.821076
129778,2021-12-06,TA10/63,12.915,3.4084165,6.7999997,14.821076
129779,2021-12-06,SE94/5,13.889,3.4084165,6.7999997,14.821076
129780,2021-12-06,SU71/23,41.239,3.4084165,6.7999997,14.821076
129781,2021-12-06,SY68/34,68.264,3.4084165,6.7999997,14.821076
129782,2021-12-06,SU81/1,48.756,3.4084165,6.7999997,14.821076
129783,2021-12-06,TR14/9,64.025,3.4084165,6.7999997,14.821076
129784,2021-12-06,TF03/37,12.588,3.4084165,6.7999997,14.821076
129785,2021-12-06,ST07/10,63.1929,3.4084165,6.7999997,14.821076
129786,2021-12-06,SJ62/235,54.573,3.4084165,6.7999997,14.821076
129787,2021-12-06,TF81/2A,44.434,3.4084165,6.7999997,14.821076
129788,2021-12-06,SN00/11,11.912,3.4084165,6.7999997,14.821076
129789,2021-12-06,SP00/62,101.176,3.4084165,6.7999997,14.821076
129790,2021-12-06,SK00/41,130.042,3.4084165,6.7999997,14.821076
129791,2021-12-07,SU17/57,132.56,3.148,4.5999994,24.775246
129792,2021-12-07,TQ25/86,96.232,3.148,4.5999994,24.775246
129793,2021-12-07,ID30/1,115.83,3.148,4.5999994,24.775246
129794,2021-12-07,NO20/14,36.61,3.148,4.5999994,24.775246
129795,2021-12-07,NH95/17,29.79,3.148,4.5999994,24.775246
129796,2021-12-07,TL33/67,78.19,3.148,4.5999994,24.775246
129797,2021-12-07,SJ15/13,80.14405,3.148,4.5999994,24.775246
129798,2021-12-07,SU01/5B,86.02,3.148,4.5999994,24.775246
129799,2021-12-07,TL33/4,78.37,3.148,4.5999994,24.775246
129800,2021-12-07,TL44/12,37.973,3.148,4.5999994,24.775246
129801,2021-12-07,SE95/6,21.69,3.148,4.5999994,24.775246
129802,2021-12-07,SJ62/235,54.614,3.148,4.5999994,24.775246
129803,2021-12-07,TR14/9,64.109,3.148,4.5999994,24.775246
129804,2021-12-07,ST07/10,63.5823,3.148,4.5999994,24.775246
129805,2021-12-07,TF03/37,12.691,3.148,4.5999994,24.775246
129806,2021-12-07,SY68/34,68.269,3.148,4.5999994,24.775246
129807,2021-12-07,SU81/1,48.724,3.148,4.5999994,24.775246
129808,2021-12-07,TA10/63,12.93,3.148,4.5999994,24.775246
129809,2021-12-07,SU71/23,41.187,3.148,4.5999994,24.775246
129810,2021-12-07,TF81/2A,44.441,3.148,4.5999994,24.775246
129811,2021-12-07,SE94/5,13.922,3.148,4.5999994,24.775246
129812,2021-12-07,SN00/11,12.2346,3.148,4.5999994,24.775246
129813,2021-12-07,SK00/41,129.967,3.148,4.5999994,24.775246
129814,2021-12-08,TL44/12,37.968,4.037583,2.3,14.819248
129815,2021-12-08,ID30/1,116.33,4.037583,2.3,14.819248
129816,2021-12-08,TQ25/86,96.234,4.037583,2.3,14.819248
129817,2021-12-08,NO20/14,36.62,4.037583,2.3,14.819248
129818,2021-12-08,NH95/17,29.8,4.037583,2.3,14.819248
129819,2021-12-08,SU17/57,132.34,4.037583,2.3,14.819248
129820,2021-12-08,SE95/6,21.78,4.037583,2.3,14.819248
129821,2021-12-08,TL33/67,78.05,4.037583,2.3,14.819248
129822,2021-12-08,SU01/5B,85.91,4.037583,2.3,14.819248
129823,2021-12-08,TL33/4,78.34,4.037583,2.3,14.819248
129824,2021-12-08,SJ15/13,80.26363,4.037583,2.3,14.819248
129825,2021-12-08,TF81/2A,44.457,4.037583,2.3,14.819248
129826,2021-12-08,SE94/5,13.954,4.037583,2.3,14.819248
129827,2021-12-08,SU71/23,41.094,4.037583,2.3,14.819248
129828,2021-12-08,SJ62/235,54.585,4.037583,2.3,14.819248
129829,2021-12-08,SY68/34,68.258,4.037583,2.3,14.819248
129830,2021-12-08,TF03/37,12.659,4.037583,2.3,14.819248
129831,2021-12-08,ST07/10,64.6024,4.037583,2.3,14.819248
129832,2021-12-08,SU81/1,48.647,4.037583,2.3,14.819248
129833,2021-12-08,TA10/63,12.918,4.037583,2.3,14.819248
129834,2021-12-08,TR14/9,64.155,4.037583,2.3,14.819248
129835,2021-12-08,SK00/41,130.174,4.037583,2.3,14.819248
129836,2021-12-08,SP00/62,101.433,4.037583,2.3,14.819248
129837,2021-12-08,SN00/11,12.4182,4.037583,2.3,14.819248
129838,2021-12-09,TL33/67,78.1,4.4396663,1.5000001,11.4740925
129839,2021-12-09,SJ15/13,80.2537,4.4396663,1.5000001,11.4740925
129840,2021-12-09,SU01/5B,85.76,4.4396663,1.5000001,11.4740925
129841,2021-12-09,TL33/4,78.32,4.4396663,1.5000001,11.4740925
129842,2021-12-09,ID30/1,117.71,4.4396663,1.5000001,11.4740925
129843,2021-12-09,SE95/6,21.87,4.4396663,1.5000001,11.4740925
129844,2021-12-09,SU17/57,132.48,4.4396663,1.5000001,11.4740925
129845,2021-12-09,NH95/17,29.8,4.4396663,1.5000001,11.4740925
129846,2021-12-09,NO20/14,36.59,4.4396663,1.5000001,11.4740925
129847,2021-12-09,TQ25/86,96.225,4.4396663,1.5000001,11.4740925
129848,2021-12-09,TL44/12,37.958,4.4396663,1.5000001,11.4740925
129849,2021-12-09,ST07/10,65.5669,4.4396663,1.5000001,11.4740925
129850,2021-12-09,TR14/9,64.272,4.4396663,1.5000001,11.4740925
129851,2021-12-09,SK00/41,130.152,4.4396663,1.5000001,11.4740925
129852,2021-12-09,TF03/37,12.743,4.4396663,1.5000001,11.4740925
129853,2021-12-09,TA10/63,12.928,4.4396663,1.5000001,11.4740925
129854,2021-12-09,SN00/11,12.449,4.4396663,1.5000001,11.4740925
129855,2021-12-09,SU81/1,48.56,4.4396663,1.5000001,11.4740925
129856,2021-12-09,SP00/62,101.593,4.4396663,1.5000001,11.4740925
129857,2021-12-09,SJ62/235,54.595,4.4396663,1.5000001,11.4740925
129858,2021-12-09,SE94/5,13.993,4.4396663,1.5000001,11.4740925
129859,2021-12-09,SY68/34,68.255,4.4396663,1.5000001,11.4740925
129860,2021-12-09,TF81/2A,44.47,4.4396663,1.5000001,11.4740925
129861,2021-12-09,SU71/23,41.0,4.4396663,1.5000001,11.4740925
129862,2021-12-10,TM15/112,25.11,3.1396666,0.1,13.712512
129863,2021-12-10,SJ15/13,80.3,3.1396666,0.1,13.712512
129864,2021-12-10,TL33/67,77.95,3.1396666,0.1,13.712512
129865,2021-12-10,ID30/1,117.88,3.1396666,0.1,13.712512
129866,2021-12-10,SE95/6,22.01,3.1396666,0.1,13.712512
129867,2021-12-10,NH95/17,29.79,3.1396666,0.1,13.712512
129868,2021-12-10,SU01/5B,85.62,3.1396666,0.1,13.712512
129869,2021-12-10,TQ25/86,96.22,3.1396666,0.1,13.712512
129870,2021-12-10,TL44/12,37.949,3.1396666,0.1,13.712512
129871,2021-12-10,TL33/4,78.3,3.1396666,0.1,13.712512
129872,2021-12-10,NO20/14,36.57,3.1396666,0.1,13.712512
129873,2021-12-10,SU17/57,132.42,3.1396666,0.1,13.712512
129874,2021-12-10,SK00/41,130.27,3.1396666,0.1,13.712512
129875,2021-12-10,SU81/1,48.461,3.1396666,0.1,13.712512
129876,2021-12-10,SP00/62,101.77,3.1396666,0.1,13.712512
129877,2021-12-10,SN00/11,12.393,3.1396666,0.1,13.712512
129878,2021-12-10,SJ62/235,54.574,3.1396666,0.1,13.712512
129879,2021-12-10,TR14/9,64.372,3.1396666,0.1,13.712512
129880,2021-12-10,TA10/63,12.929,3.1396666,0.1,13.712512
129881,2021-12-10,TF81/2A,44.492,3.1396666,0.1,13.712512
129882,2021-12-10,SU71/23,40.894,3.1396666,0.1,13.712512
129883,2021-12-10,SY68/34,68.23,3.1396666,0.1,13.712512
129884,2021-12-10,TF03/37,12.748,3.1396666,0.1,13.712512
129885,2021-12-10,ST07/10,66.0393,3.1396666,0.1,13.712512
129886,2021-12-10,SE94/5,14.029,3.1396666,0.1,13.712512
129887,2021-12-11,TL33/4,78.28,5.387583,2.7999997,12.548493
129888,2021-12-11,TQ25/86,96.22,5.387583,2.7999997,12.548493
129889,2021-12-11,TL44/12,37.934,5.387583,2.7999997,12.548493
129890,2021-12-11,TL33/67,77.94,5.387583,2.7999997,12.548493
129891,2021-12-11,ID30/1,117.63,5.387583,2.7999997,12.548493
129892,2021-12-11,SJ15/13,80.25278,5.387583,2.7999997,12.548493
129893,2021-12-11,NO20/14,36.56,5.387583,2.7999997,12.548493
129894,2021-12-11,NH95/17,29.78,5.387583,2.7999997,12.548493
129895,2021-12-11,SU01/5B,85.47,5.387583,2.7999997,12.548493
129896,2021-12-11,SU17/57,132.62,5.387583,2.7999997,12.548493
129897,2021-12-11,SE95/6,22.21,5.387583,2.7999997,12.548493
129898,2021-12-11,SU81/1,48.343,5.387583,2.7999997,12.548493
129899,2021-12-11,SU71/23,40.778,5.387583,2.7999997,12.548493
129900,2021-12-11,TR14/9,64.48,5.387583,2.7999997,12.548493
129901,2021-12-11,SE94/5,14.062,5.387583,2.7999997,12.548493
129902,2021-12-11,SJ62/235,54.581,5.387583,2.7999997,12.548493
129903,2021-12-11,TF03/37,12.841,5.387583,2.7999997,12.548493
129904,2021-12-11,TF81/2A,44.516,5.387583,2.7999997,12.548493
129905,2021-12-11,ST07/10,66.4067,5.387583,2.7999997,12.548493
129906,2021-12-11,SN00/11,12.3196,5.387583,2.7999997,12.548493
129907,2021-12-11,SY68/34,68.204,5.387583,2.7999997,12.548493
129908,2021-12-11,SP00/62,101.924,5.387583,2.7999997,12.548493
129909,2021-12-11,TA10/63,12.946,5.387583,2.7999997,12.548493
129910,2021-12-11,SK00/41,130.202,5.387583,2.7999997,12.548493
129911,2021-12-12,SU17/57,132.67,9.137584,1.7,14.523869
129912,2021-12-12,SE95/6,22.47,9.137584,1.7,14.523869
129913,2021-12-12,TQ25/86,96.22,9.137584,1.7,14.523869
129914,2021-12-12,SJ15/13,80.24256,9.137584,1.7,14.523869
129915,2021-12-12,ID30/1,117.41,9.137584,1.7,14.523869
129916,2021-12-12,TL33/4,78.26,9.137584,1.7,14.523869
129917,2021-12-12,NO20/14,36.57,9.137584,1.7,14.523869
129918,2021-12-12,TL33/67,77.93,9.137584,1.7,14.523869
129919,2021-12-12,SU01/5B,85.31,9.137584,1.7,14.523869
129920,2021-12-12,NH95/17,29.77,9.137584,1.7,14.523869
129921,2021-12-12,TL44/12,37.921,9.137584,1.7,14.523869
129922,2021-12-12,SP00/62,102.064,9.137584,1.7,14.523869
129923,2021-12-12,TR14/9,64.57,9.137584,1.7,14.523869
129924,2021-12-12,SY68/34,68.179,9.137584,1.7,14.523869
129925,2021-12-12,TF03/37,12.954,9.137584,1.7,14.523869
129926,2021-12-12,SU71/23,40.67,9.137584,1.7,14.523869
129927,2021-12-12,SE94/5,14.096,9.137584,1.7,14.523869
129928,2021-12-12,SJ62/235,54.58,9.137584,1.7,14.523869
129929,2021-12-12,SU81/1,48.222,9.137584,1.7,14.523869
129930,2021-12-12,TA10/63,12.967,9.137584,1.7,14.523869
129931,2021-12-12,TF81/2A,44.541,9.137584,1.7,14.523869
129932,2021-12-12,SN00/11,12.2669,9.137584,1.7,14.523869
129933,2021-12-12,ST07/10,66.6415,9.137584,1.7,14.523869
129934,2021-12-12,SK00/41,130.141,9.137584,1.7,14.523869
129935,2021-12-13,NH95/17,29.76,6.9250827,1.1,8.475341
129936,2021-12-13,SU17/57,132.7,6.9250827,1.1,8.475341
129937,2021-12-13,TQ25/86,96.216,6.9250827,1.1,8.475341
129938,2021-12-13,TL33/4,78.24,6.9250827,1.1,8.475341
129939,2021-12-13,NO20/14,36.57,6.9250827,1.1,8.475341
129940,2021-12-13,ID30/1,117.22,6.9250827,1.1,8.475341
129941,2021-12-13,SU01/5B,85.17,6.9250827,1.1,8.475341
129942,2021-12-13,TL44/12,37.91,6.9250827,1.1,8.475341
129943,2021-12-13,TL33/67,77.92,6.9250827,1.1,8.475341
129944,2021-12-13,SE95/6,22.84,6.9250827,1.1,8.475341
129945,2021-12-13,SJ15/13,80.21956,6.9250827,1.1,8.475341
129946,2021-12-13,ST07/10,66.8675,6.9250827,1.1,8.475341
129947,2021-12-13,TF03/37,13.027,6.9250827,1.1,8.475341
129948,2021-12-13,SJ62/235,54.576,6.9250827,1.1,8.475341
129949,2021-12-13,TR14/9,64.66,6.9250827,1.1,8.475341
129950,2021-12-13,SY68/34,68.15,6.9250827,1.1,8.475341
129951,2021-12-13,SE94/5,14.13,6.9250827,1.1,8.475341
129952,2021-12-13,SN00/11,12.3229,6.9250827,1.1,8.475341
129953,2021-12-13,SU81/1,48.111,6.9250827,1.1,8.475341
129954,2021-12-13,TA10/63,12.987,6.9250827,1.1,8.475341
129955,2021-12-13,SK00/41,130.098,6.9250827,1.1,8.475341
129956,2021-12-13,TF81/2A,44.564,6.9250827,1.1,8.475341
129957,2021-12-13,SU71/23,40.564,6.9250827,1.1,8.475341
129958,2021-12-13,SP00/62,102.159,6.9250827,1.1,8.475341
129959,2021-12-14,TL44/12,37.904,6.3750834,0.0,11.374584
129960,2021-12-14,SJ15/13,80.20233,6.3750834,0.0,11.374584
129961,2021-12-14,SU17/57,132.74,6.3750834,0.0,11.374584
129962,2021-12-14,SU01/5B,85.05,6.3750834,0.0,11.374584
129963,2021-12-14,NH95/17,29.75,6.3750834,0.0,11.374584
129964,2021-12-14,TL33/67,77.91,6.3750834,0.0,11.374584
129965,2021-12-14,TQ25/86,96.207,6.3750834,0.0,11.374584
129966,2021-12-14,ID30/1,117.03,6.3750834,0.0,11.374584
129967,2021-12-14,NO20/14,36.57,6.3750834,0.0,11.374584
129968,2021-12-14,SE95/6,23.15,6.3750834,0.0,11.374584
129969,2021-12-14,TL33/4,78.21,6.3750834,0.0,11.374584
129970,2021-12-14,TF03/37,13.073,6.3750834,0.0,11.374584
129971,2021-12-14,SE94/5,14.17,6.3750834,0.0,11.374584
129972,2021-12-14,SN00/11,12.5175,6.3750834,0.0,11.374584
129973,2021-12-14,ST07/10,66.9157,6.3750834,0.0,11.374584
129974,2021-12-14,SP00/62,102.228,6.3750834,0.0,11.374584
129975,2021-12-14,SJ62/235,54.579,6.3750834,0.0,11.374584
129976,2021-12-14,SU81/1,48.003,6.3750834,0.0,11.374584
129977,2021-12-14,SK00/41,130.037,6.3750834,0.0,11.374584
129978,2021-12-14,SY68/34,68.119,6.3750834,0.0,11.374584
129979,2021-12-14,SU71/23,40.458,6.3750834,0.0,11.374584
129980,2021-12-14,TF81/2A,44.584,6.3750834,0.0,11.374584
129981,2021-12-14,TA10/63,13.016,6.3750834,0.0,11.374584
129982,2021-12-14,TR14/9,64.753,6.3750834,0.0,11.374584
129983,2021-12-15,SJ15/13,80.22476,9.320917,0.4,11.223491
129984,2021-12-15,TL44/12,37.902,9.320917,0.4,11.223491
129985,2021-12-15,SU17/57,132.77,9.320917,0.4,11.223491
129986,2021-12-15,SU01/5B,84.95,9.320917,0.4,11.223491
129987,2021-12-15,TQ25/86,96.195,9.320917,0.4,11.223491
129988,2021-12-15,SE95/6,23.47,9.320917,0.4,11.223491
129989,2021-12-15,TL33/67,77.87,9.320917,0.4,11.223491
129990,2021-12-15,NO20/14,36.56,9.320917,0.4,11.223491
129991,2021-12-15,NH95/17,29.75,9.320917,0.4,11.223491
129992,2021-12-15,ID30/1,116.75,9.320917,0.4,11.223491
129993,2021-12-15,TL33/4,78.19,9.320917,0.4,11.223491
129994,2021-12-15,SJ62/235,54.574,9.320917,0.4,11.223491
129995,2021-12-15,TF81/2A,44.603,9.320917,0.4,11.223491
129996,2021-12-15,TA10/63,13.032,9.320917,0.4,11.223491
129997,2021-12-15,SP00/62,102.274,9.320917,0.4,11.223491
129998,2021-12-15,SE94/5,14.209,9.320917,0.4,11.223491
129999,2021-12-15,SN00/11,12.6347,9.320917,0.4,11.223491
130000,2021-12-15,SY68/34,68.088,9.320917,0.4,11.223491
130001,2021-12-15,SK00/41,130.01,9.320917,0.4,11.223491
130002,2021-12-15,TR14/9,64.848,9.320917,0.4,11.223491
130003,2021-12-15,TF03/37,13.116,9.320917,0.4,11.223491
130004,2021-12-15,SU71/23,40.35,9.320917,0.4,11.223491
130005,2021-12-15,SU81/1,47.887,9.320917,0.4,11.223491
130006,2021-12-15,ST07/10,66.7264,9.320917,0.4,11.223491
130007,2021-12-16,ID30/1,116.53,8.498002,0.2,5.20411
130008,2021-12-16,SU17/57,132.74,8.498002,0.2,5.20411
130009,2021-12-16,NH95/17,29.73,8.498002,0.2,5.20411
130010,2021-12-16,SE95/6,23.74,8.498002,0.2,5.20411
130011,2021-12-16,SU01/5B,84.85,8.498002,0.2,5.20411
130012,2021-12-16,NO20/14,36.53,8.498002,0.2,5.20411
130013,2021-12-16,TQ25/86,96.19,8.498002,0.2,5.20411
130014,2021-12-16,TL33/4,78.17,8.498002,0.2,5.20411
130015,2021-12-16,TL44/12,37.903,8.498002,0.2,5.20411
130016,2021-12-16,TL33/67,77.85,8.498002,0.2,5.20411
130017,2021-12-16,SJ15/13,80.19482,8.498002,0.2,5.20411
130018,2021-12-16,SY68/34,68.058,8.498002,0.2,5.20411
130019,2021-12-16,SU71/23,40.241,8.498002,0.2,5.20411
130020,2021-12-16,ST07/10,66.4063,8.498002,0.2,5.20411
130021,2021-12-16,SU81/1,47.766,8.498002,0.2,5.20411
130022,2021-12-16,SN00/11,12.6415,8.498002,0.2,5.20411
130023,2021-12-16,SE94/5,14.243,8.498002,0.2,5.20411
130024,2021-12-16,TR14/9,64.941,8.498002,0.2,5.20411
130025,2021-12-16,TF03/37,13.124,8.498002,0.2,5.20411
130026,2021-12-16,SJ62/235,54.568,8.498002,0.2,5.20411
130027,2021-12-16,SP00/62,102.3,8.498002,0.2,5.20411
130028,2021-12-16,SK00/41,129.974,8.498002,0.2,5.20411
130029,2021-12-16,TA10/63,13.057,8.498002,0.2,5.20411
130030,2021-12-16,TF81/2A,44.626,8.498002,0.2,5.20411
130031,2021-12-17,SU17/57,132.75,6.1188335,0.0,3.81574
130032,2021-12-17,TL33/4,78.15,6.1188335,0.0,3.81574
130033,2021-12-17,NO20/14,36.54,6.1188335,0.0,3.81574
130034,2021-12-17,TQ25/86,96.19,6.1188335,0.0,3.81574
130035,2021-12-17,TL33/67,77.88,6.1188335,0.0,3.81574
130036,2021-12-17,SJ15/13,80.16354,6.1188335,0.0,3.81574
130037,2021-12-17,SE95/6,23.94,6.1188335,0.0,3.81574
130038,2021-12-17,NH95/17,29.71,6.1188335,0.0,3.81574
130039,2021-12-17,TL44/12,37.911,6.1188335,0.0,3.81574
130040,2021-12-17,SU01/5B,84.76,6.1188335,0.0,3.81574
130041,2021-12-17,ID30/1,116.23,6.1188335,0.0,3.81574
130042,2021-12-17,SK00/41,129.969,6.1188335,0.0,3.81574
130043,2021-12-17,SU81/1,47.664,6.1188335,0.0,3.81574
130044,2021-12-17,TR14/9,65.033,6.1188335,0.0,3.81574
130045,2021-12-17,TF81/2A,44.653,6.1188335,0.0,3.81574
130046,2021-12-17,SE94/5,14.281,6.1188335,0.0,3.81574
130047,2021-12-17,SN00/11,12.5995,6.1188335,0.0,3.81574
130048,2021-12-17,ST07/10,66.0273,6.1188335,0.0,3.81574
130049,2021-12-17,TF03/37,13.202,6.1188335,0.0,3.81574
130050,2021-12-17,SU71/23,40.147,6.1188335,0.0,3.81574
130051,2021-12-17,SP00/62,102.315,6.1188335,0.0,3.81574
130052,2021-12-17,TA10/63,13.094,6.1188335,0.0,3.81574
130053,2021-12-17,SJ62/235,54.571,6.1188335,0.0,3.81574
130054,2021-12-17,SY68/34,68.032,6.1188335,0.0,3.81574
130055,2021-12-17,TV59/7C,2.05,6.1188335,0.0,3.81574
130056,2021-12-18,ID30/1,116.02,5.139667,0.0,7.785687
130057,2021-12-18,SE95/6,24.13,5.139667,0.0,7.785687
130058,2021-12-18,TQ25/86,96.19,5.139667,0.0,7.785687
130059,2021-12-18,NO20/14,36.56,5.139667,0.0,7.785687
130060,2021-12-18,TL44/12,37.923,5.139667,0.0,7.785687
130061,2021-12-18,TL33/67,77.89,5.139667,0.0,7.785687
130062,2021-12-18,SU01/5B,84.69,5.139667,0.0,7.785687
130063,2021-12-18,TL33/4,78.13,5.139667,0.0,7.785687
130064,2021-12-18,NH95/17,29.7,5.139667,0.0,7.785687
130065,2021-12-18,SJ15/13,80.1644,5.139667,0.0,7.785687
130066,2021-12-18,SU17/57,132.71,5.139667,0.0,7.785687
130067,2021-12-18,SN00/11,12.5387,5.139667,0.0,7.785687
130068,2021-12-18,SU81/1,47.578,5.139667,0.0,7.785687
130069,2021-12-18,ST07/10,65.6479,5.139667,0.0,7.785687
130070,2021-12-18,SE94/5,14.322,5.139667,0.0,7.785687
130071,2021-12-18,SU71/23,40.062,5.139667,0.0,7.785687
130072,2021-12-18,SK00/41,129.972,5.139667,0.0,7.785687
130073,2021-12-18,TF03/37,13.256,5.139667,0.0,7.785687
130074,2021-12-18,TF81/2A,44.681,5.139667,0.0,7.785687
130075,2021-12-18,SP00/62,102.318,5.139667,0.0,7.785687
130076,2021-12-18,SY68/34,68.011,5.139667,0.0,7.785687
130077,2021-12-18,SJ62/235,54.575,5.139667,0.0,7.785687
130078,2021-12-18,TA10/63,13.131,5.139667,0.0,7.785687
130079,2021-12-18,TR14/9,65.137,5.139667,0.0,7.785687
130080,2021-12-19,TQ25/86,96.19,3.9459164,0.0,2.852751
130081,2021-12-19,SE95/6,24.25,3.9459164,0.0,2.852751
130082,2021-12-19,TL33/4,78.11,3.9459164,0.0,2.852751
130083,2021-12-19,NH95/17,29.7,3.9459164,0.0,2.852751
130084,2021-12-19,NO20/14,36.56,3.9459164,0.0,2.852751
130085,2021-12-19,TL33/67,77.93,3.9459164,0.0,2.852751
130086,2021-12-19,SJ15/13,80.17342,3.9459164,0.0,2.852751
130087,2021-12-19,ID30/1,115.86,3.9459164,0.0,2.852751
130088,2021-12-19,SU01/5B,84.63,3.9459164,0.0,2.852751
130089,2021-12-19,TL44/12,37.945,3.9459164,0.0,2.852751
130090,2021-12-19,SU17/57,132.7,3.9459164,0.0,2.852751
130091,2021-12-19,TF03/37,13.329,3.9459164,0.0,2.852751
130092,2021-12-19,TF81/2A,44.707,3.9459164,0.0,2.852751
130093,2021-12-19,SJ62/235,54.582,3.9459164,0.0,2.852751
130094,2021-12-19,SY68/34,67.994,3.9459164,0.0,2.852751
130095,2021-12-19,SU81/1,47.514,3.9459164,0.0,2.852751
130096,2021-12-19,SE94/5,14.366,3.9459164,0.0,2.852751
130097,2021-12-19,SU71/23,39.993,3.9459164,0.0,2.852751
130098,2021-12-19,TA10/63,13.178,3.9459164,0.0,2.852751
130099,2021-12-19,SK00/41,129.98,3.9459164,0.0,2.852751
130100,2021-12-19,TR14/9,65.241,3.9459164,0.0,2.852751
130101,2021-12-19,SN00/11,12.4767,3.9459164,0.0,2.852751
130102,2021-12-19,ST07/10,65.2369,3.9459164,0.0,2.852751
130103,2021-12-19,SP00/62,102.317,3.9459164,0.0,2.852751
130104,2021-12-20,TQ25/86,96.19,4.4209166,0.0,4.6806607
130105,2021-12-20,SE95/6,24.39,4.4209166,0.0,4.6806607
130106,2021-12-20,SU17/57,132.62,4.4209166,0.0,4.6806607
130107,2021-12-20,ID30/1,115.63,4.4209166,0.0,4.6806607
130108,2021-12-20,NO20/14,36.58,4.4209166,0.0,4.6806607
130109,2021-12-20,TL33/67,77.94,4.4209166,0.0,4.6806607
130110,2021-12-20,TL33/4,78.09,4.4209166,0.0,4.6806607
130111,2021-12-20,TL44/12,37.971,4.4209166,0.0,4.6806607
130112,2021-12-20,SJ15/13,80.18182,4.4209166,0.0,4.6806607
130113,2021-12-20,NH95/17,29.7,4.4209166,0.0,4.6806607
130114,2021-12-20,SU01/5B,84.6,4.4209166,0.0,4.6806607
130115,2021-12-20,TF03/37,13.383,4.4209166,0.0,4.6806607
130116,2021-12-20,TA10/63,13.222,4.4209166,0.0,4.6806607
130117,2021-12-20,TF81/2A,44.733,4.4209166,0.0,4.6806607
130118,2021-12-20,TR14/9,65.347,4.4209166,0.0,4.6806607
130119,2021-12-20,SJ62/235,54.585,4.4209166,0.0,4.6806607
130120,2021-12-20,SN00/11,12.4091,4.4209166,0.0,4.6806607
130121,2021-12-20,SY68/34,67.982,4.4209166,0.0,4.6806607
130122,2021-12-20,SU71/23,39.93,4.4209166,0.0,4.6806607
130123,2021-12-20,ST07/10,64.7687,4.4209166,0.0,4.6806607
130124,2021-12-20,SE94/5,14.413,4.4209166,0.0,4.6806607
130125,2021-12-20,SU81/1,47.458,4.4209166,0.0,4.6806607
130126,2021-12-20,SK00/41,129.992,4.4209166,0.0,4.6806607
130127,2021-12-20,SP00/62,102.303,4.4209166,0.0,4.6806607
130128,2021-12-21,SJ15/13,80.18685,1.0125834,0.0,7.78628
130129,2021-12-21,SE95/6,24.49,1.0125834,0.0,7.78628
130130,2021-12-21,TQ25/86,96.198,1.0125834,0.0,7.78628
130131,2021-12-21,TL33/4,78.07,1.0125834,0.0,7.78628
130132,2021-12-21,SU01/5B,84.58,1.0125834,0.0,7.78628
130133,2021-12-21,ID30/1,115.44,1.0125834,0.0,7.78628
130134,2021-12-21,NO20/14,36.61,1.0125834,0.0,7.78628
130135,2021-12-21,NH95/17,29.71,1.0125834,0.0,7.78628
130136,2021-12-21,TL33/67,77.94,1.0125834,0.0,7.78628
130137,2021-12-21,SU17/57,132.58,1.0125834,0.0,7.78628
130138,2021-12-21,TL44/12,37.998,1.0125834,0.0,7.78628
130139,2021-12-21,SK00/41,130.002,1.0125834,0.0,7.78628
130140,2021-12-21,SP00/62,102.28,1.0125834,0.0,7.78628
130141,2021-12-21,TF03/37,13.423,1.0125834,0.0,7.78628
130142,2021-12-21,TR14/9,65.452,1.0125834,0.0,7.78628
130143,2021-12-21,ST07/10,64.3006,1.0125834,0.0,7.78628
130144,2021-12-21,TA10/63,13.265,1.0125834,0.0,7.78628
130145,2021-12-21,SY68/34,67.972,1.0125834,0.0,7.78628
130146,2021-12-21,SU81/1,47.407,1.0125834,0.0,7.78628
130147,2021-12-21,SU71/23,39.87,1.0125834,0.0,7.78628
130148,2021-12-21,SJ62/235,54.587,1.0125834,0.0,7.78628
130149,2021-12-21,TF81/2A,44.766,1.0125834,0.0,7.78628
130150,2021-12-21,SN00/11,12.338,1.0125834,0.0,7.78628
130151,2021-12-21,SE94/5,14.462,1.0125834,0.0,7.78628
130152,2021-12-22,NO20/14,36.64,2.083417,3.2,17.393778
130153,2021-12-22,NH95/17,29.72,2.083417,3.2,17.393778
130154,2021-12-22,TL33/4,78.06,2.083417,3.2,17.393778
130155,2021-12-22,SJ15/13,80.20479,2.083417,3.2,17.393778
130156,2021-12-22,ID30/1,115.32,2.083417,3.2,17.393778
130157,2021-12-22,TL44/12,38.031,2.083417,3.2,17.393778
130158,2021-12-22,TL33/67,78.0,2.083417,3.2,17.393778
130159,2021-12-22,SU17/57,132.54,2.083417,3.2,17.393778
130160,2021-12-22,SE95/6,24.57,2.083417,3.2,17.393778
130161,2021-12-22,TQ25/86,96.201,2.083417,3.2,17.393778
130162,2021-12-22,SU01/5B,84.55,2.083417,3.2,17.393778
130163,2021-12-22,TR14/9,65.562,2.083417,3.2,17.393778
130164,2021-12-22,SE94/5,14.519,2.083417,3.2,17.393778
130165,2021-12-22,SU81/1,47.378,2.083417,3.2,17.393778
130166,2021-12-22,SU71/23,39.827,2.083417,3.2,17.393778
130167,2021-12-22,TF81/2A,44.796,2.083417,3.2,17.393778
130168,2021-12-22,SK00/41,129.961,2.083417,3.2,17.393778
130169,2021-12-22,TA10/63,13.321,2.083417,3.2,17.393778
130170,2021-12-22,SP00/62,102.258,2.083417,3.2,17.393778
130171,2021-12-22,SY68/34,67.968,2.083417,3.2,17.393778
130172,2021-12-22,SN00/11,12.2961,2.083417,3.2,17.393778
130173,2021-12-22,TF03/37,13.494,2.083417,3.2,17.393778
130174,2021-12-22,SJ62/235,54.599,2.083417,3.2,17.393778
130175,2021-12-22,ST07/10,63.8796,2.083417,3.2,17.393778
130176,2021-12-23,NH95/17,29.72,6.920917,2.2999997,12.419981
130177,2021-12-23,SJ15/13,80.22414,6.920917,2.2999997,12.419981
130178,2021-12-23,TL44/12,38.067,6.920917,2.2999997,12.419981
130179,2021-12-23,SU01/5B,84.54,6.920917,2.2999997,12.419981
130180,2021-12-23,SE95/6,24.67,6.920917,2.2999997,12.419981
130181,2021-12-23,TQ25/86,96.2,6.920917,2.2999997,12.419981
130182,2021-12-23,TL33/4,78.04,6.920917,2.2999997,12.419981
130183,2021-12-23,TL33/67,78.0,6.920917,2.2999997,12.419981
130184,2021-12-23,SU17/57,132.43,6.920917,2.2999997,12.419981
130185,2021-12-23,ID30/1,115.25,6.920917,2.2999997,12.419981
130186,2021-12-23,NO20/14,36.65,6.920917,2.2999997,12.419981
130187,2021-12-23,SJ62/235,54.598,6.920917,2.2999997,12.419981
130188,2021-12-23,SK00/41,129.884,6.920917,2.2999997,12.419981
130189,2021-12-23,SU71/23,39.79,6.920917,2.2999997,12.419981
130190,2021-12-23,TF03/37,13.529,6.920917,2.2999997,12.419981
130191,2021-12-23,SU81/1,47.362,6.920917,2.2999997,12.419981
130192,2021-12-23,SE94/5,14.578,6.920917,2.2999997,12.419981
130193,2021-12-23,TA10/63,13.371,6.920917,2.2999997,12.419981
130194,2021-12-23,SN00/11,12.2659,6.920917,2.2999997,12.419981
130195,2021-12-23,SY68/34,67.968,6.920917,2.2999997,12.419981
130196,2021-12-23,TF81/2A,44.819,6.920917,2.2999997,12.419981
130197,2021-12-23,ST07/10,63.489,6.920917,2.2999997,12.419981
130198,2021-12-23,TR14/9,65.664,6.920917,2.2999997,12.419981
130199,2021-12-23,SP00/62,102.231,6.920917,2.2999997,12.419981
130200,2021-12-24,SU17/57,132.38,6.062584,0.3,12.401862
130201,2021-12-24,ID30/1,115.23,6.062584,0.3,12.401862
130202,2021-12-24,TL33/67,78.0,6.062584,0.3,12.401862
130203,2021-12-24,NO20/14,36.75,6.062584,0.3,12.401862
130204,2021-12-24,SE95/6,24.67,6.062584,0.3,12.401862
130205,2021-12-24,TQ25/86,96.194,6.062584,0.3,12.401862
130206,2021-12-24,SU01/5B,84.53,6.062584,0.3,12.401862
130207,2021-12-24,SJ15/13,80.21542,6.062584,0.3,12.401862
130208,2021-12-24,TL33/4,78.02,6.062584,0.3,12.401862
130209,2021-12-24,TL44/12,38.1,6.062584,0.3,12.401862
130210,2021-12-24,SY68/34,67.971,6.062584,0.3,12.401862
130211,2021-12-24,TF81/2A,44.844,6.062584,0.3,12.401862
130212,2021-12-24,SK00/41,129.879,6.062584,0.3,12.401862
130213,2021-12-24,SJ62/235,54.595,6.062584,0.3,12.401862
130214,2021-12-24,SU71/23,39.753,6.062584,0.3,12.401862
130215,2021-12-24,TF03/37,13.552,6.062584,0.3,12.401862
130216,2021-12-24,SP00/62,102.223,6.062584,0.3,12.401862
130217,2021-12-24,SN00/11,12.2476,6.062584,0.3,12.401862
130218,2021-12-24,SE94/5,14.634,6.062584,0.3,12.401862
130219,2021-12-24,TR14/9,65.788,6.062584,0.3,12.401862
130220,2021-12-24,TA10/63,13.404,6.062584,0.3,12.401862
130221,2021-12-24,ST07/10,63.167,6.062584,0.3,12.401862
130222,2021-12-24,SU81/1,47.347,6.062584,0.3,12.401862
130223,2021-12-25,TL44/12,38.131,2.9229996,0.1,23.63916
130224,2021-12-25,TL33/4,78.01,2.9229996,0.1,23.63916
130225,2021-12-25,SU01/5B,84.52,2.9229996,0.1,23.63916
130226,2021-12-25,ID30/1,115.19,2.9229996,0.1,23.63916
130227,2021-12-25,SJ15/13,80.20133,2.9229996,0.1,23.63916
130228,2021-12-25,TL33/67,77.98,2.9229996,0.1,23.63916
130229,2021-12-25,NO20/14,36.74,2.9229996,0.1,23.63916
130230,2021-12-25,SE95/6,24.78,2.9229996,0.1,23.63916
130231,2021-12-25,TQ25/86,96.196,2.9229996,0.1,23.63916
130232,2021-12-25,SU17/57,132.32,2.9229996,0.1,23.63916
130233,2021-12-25,SY68/34,67.985,2.9229996,0.1,23.63916
130234,2021-12-25,SU81/1,47.349,2.9229996,0.1,23.63916
130235,2021-12-25,TF03/37,13.628,2.9229996,0.1,23.63916
130236,2021-12-25,SU71/23,39.715,2.9229996,0.1,23.63916
130237,2021-12-25,SE94/5,14.695,2.9229996,0.1,23.63916
130238,2021-12-25,SP00/62,102.241,2.9229996,0.1,23.63916
130239,2021-12-25,ST07/10,65.6671,2.9229996,0.1,23.63916
130240,2021-12-25,TR14/9,65.893,2.9229996,0.1,23.63916
130241,2021-12-25,SN00/11,12.2831,2.9229996,0.1,23.63916
130242,2021-12-25,SJ62/235,54.592,2.9229996,0.1,23.63916
130243,2021-12-25,SK00/41,129.932,2.9229996,0.1,23.63916
130244,2021-12-25,TF81/2A,44.875,2.9229996,0.1,23.63916
130245,2021-12-25,TA10/63,13.46,2.9229996,0.1,23.63916
130246,2021-12-26,SJ15/13,80.20986,3.5042498,2.1999998,19.739725
130247,2021-12-26,TL44/12,38.161,3.5042498,2.1999998,19.739725
130248,2021-12-26,SE95/6,24.77,3.5042498,2.1999998,19.739725
130249,2021-12-26,SU17/57,132.31,3.5042498,2.1999998,19.739725
130250,2021-12-26,ID30/1,115.33,3.5042498,2.1999998,19.739725
130251,2021-12-26,TL33/4,78.0,3.5042498,2.1999998,19.739725
130252,2021-12-26,TQ25/86,96.206,3.5042498,2.1999998,19.739725
130253,2021-12-26,TL33/67,78.0,3.5042498,2.1999998,19.739725
130254,2021-12-26,NO20/14,36.76,3.5042498,2.1999998,19.739725
130255,2021-12-26,SU01/5B,84.5,3.5042498,2.1999998,19.739725
130256,2021-12-26,TR14/9,66.025,3.5042498,2.1999998,19.739725
130257,2021-12-26,TA10/63,13.517,3.5042498,2.1999998,19.739725
130258,2021-12-26,SE94/5,14.766,3.5042498,2.1999998,19.739725
130259,2021-12-26,SN00/11,12.5154,3.5042498,2.1999998,19.739725
130260,2021-12-26,ST07/10,71.6063,3.5042498,2.1999998,19.739725
130261,2021-12-26,TF03/37,13.74,3.5042498,2.1999998,19.739725
130262,2021-12-26,SU71/23,39.745,3.5042498,2.1999998,19.739725
130263,2021-12-26,SY68/34,68.001,3.5042498,2.1999998,19.739725
130264,2021-12-26,SK00/41,129.881,3.5042498,2.1999998,19.739725
130265,2021-12-26,SJ62/235,54.603,3.5042498,2.1999998,19.739725
130266,2021-12-26,SP00/62,102.311,3.5042498,2.1999998,19.739725
130267,2021-12-26,SU81/1,47.479,3.5042498,2.1999998,19.739725
130268,2021-12-26,TF81/2A,44.911,3.5042498,2.1999998,19.739725
130269,2021-12-27,TL33/4,77.98,5.593834,0.0,12.479646
130270,2021-12-27,TL44/12,38.192,5.593834,0.0,12.479646
130271,2021-12-27,TQ25/86,96.194,5.593834,0.0,12.479646
130272,2021-12-27,ID30/1,115.79,5.593834,0.0,12.479646
130273,2021-12-27,SJ15/13,80.24792,5.593834,0.0,12.479646
130274,2021-12-27,NO20/14,36.76,5.593834,0.0,12.479646
130275,2021-12-27,TL33/67,78.05,5.593834,0.0,12.479646
130276,2021-12-27,SE95/6,24.81,5.593834,0.0,12.479646
130277,2021-12-27,SU01/5B,84.47,5.593834,0.0,12.479646
130278,2021-12-27,SU17/57,132.29,5.593834,0.0,12.479646
130279,2021-12-27,SY68/34,68.041,5.593834,0.0,12.479646
130280,2021-12-27,SJ62/235,54.623,5.593834,0.0,12.479646
130281,2021-12-27,SU71/23,39.879,5.593834,0.0,12.479646
130282,2021-12-27,SP00/62,102.413,5.593834,0.0,12.479646
130283,2021-12-27,TF81/2A,44.928,5.593834,0.0,12.479646
130284,2021-12-27,SU81/1,47.89,5.593834,0.0,12.479646
130285,2021-12-27,ST07/10,73.1805,5.593834,0.0,12.479646
130286,2021-12-27,SK00/41,129.793,5.593834,0.0,12.479646
130287,2021-12-27,TA10/63,13.576,5.593834,0.0,12.479646
130288,2021-12-27,TR14/9,66.175,5.593834,0.0,12.479646
130289,2021-12-27,TF03/37,13.849,5.593834,0.0,12.479646
130290,2021-12-27,SN00/11,12.664,5.593834,0.0,12.479646
130291,2021-12-27,SE94/5,14.85,5.593834,0.0,12.479646
130292,2021-12-28,SU17/57,132.19,6.5688343,2.2,7.362974
130293,2021-12-28,TQ25/86,96.181,6.5688343,2.2,7.362974
130294,2021-12-28,TL44/12,38.226,6.5688343,2.2,7.362974
130295,2021-12-28,SU01/5B,84.49,6.5688343,2.2,7.362974
130296,2021-12-28,SE95/6,24.84,6.5688343,2.2,7.362974
130297,2021-12-28,TL33/67,77.92,6.5688343,2.2,7.362974
130298,2021-12-28,NO20/14,36.72,6.5688343,2.2,7.362974
130299,2021-12-28,TL33/4,77.97,6.5688343,2.2,7.362974
130300,2021-12-28,ID30/1,115.98,6.5688343,2.2,7.362974
130301,2021-12-28,SJ15/13,80.24468,6.5688343,2.2,7.362974
130302,2021-12-28,ST07/10,74.3023,6.5688343,2.2,7.362974
130303,2021-12-28,SK00/41,129.946,6.5688343,2.2,7.362974
130304,2021-12-28,SU71/23,40.297,6.5688343,2.2,7.362974
130305,2021-12-28,SP00/62,102.496,6.5688343,2.2,7.362974
130306,2021-12-28,TF03/37,13.874,6.5688343,2.2,7.362974
130307,2021-12-28,TA10/63,13.614,6.5688343,2.2,7.362974
130308,2021-12-28,SN00/11,12.6932,6.5688343,2.2,7.362974
130309,2021-12-28,SY68/34,68.095,6.5688343,2.2,7.362974
130310,2021-12-28,SJ62/235,54.603,6.5688343,2.2,7.362974
130311,2021-12-28,TF81/2A,44.955,6.5688343,2.2,7.362974
130312,2021-12-28,TR14/9,66.302,6.5688343,2.2,7.362974
130313,2021-12-28,SE94/5,14.919,6.5688343,2.2,7.362974
130314,2021-12-28,SU81/1,48.947,6.5688343,2.2,7.362974
130315,2021-12-29,SE95/6,24.79,7.8646665,6.1,16.983637
130316,2021-12-29,TL44/12,38.27,7.8646665,6.1,16.983637
130317,2021-12-29,TL33/4,77.95,7.8646665,6.1,16.983637
130318,2021-12-29,SJ15/13,80.2251,7.8646665,6.1,16.983637
130319,2021-12-29,SU17/57,132.36,7.8646665,6.1,16.983637
130320,2021-12-29,TQ25/86,96.17,7.8646665,6.1,16.983637
130321,2021-12-29,NO20/14,36.72,7.8646665,6.1,16.983637
130322,2021-12-29,ID30/1,116.01,7.8646665,6.1,16.983637
130323,2021-12-29,TL33/67,77.92,7.8646665,6.1,16.983637
130324,2021-12-29,SU01/5B,84.45,7.8646665,6.1,16.983637
130325,2021-12-29,TA10/63,13.656,7.8646665,6.1,16.983637
130326,2021-12-29,SE94/5,14.992,7.8646665,6.1,16.983637
130327,2021-12-29,TF81/2A,44.981,7.8646665,6.1,16.983637
130328,2021-12-29,TF03/37,13.964,7.8646665,6.1,16.983637
130329,2021-12-29,SY68/34,68.172,7.8646665,6.1,16.983637
130330,2021-12-29,ST07/10,76.1153,7.8646665,6.1,16.983637
130331,2021-12-29,SU71/23,40.942,7.8646665,6.1,16.983637
130332,2021-12-29,TR14/9,66.45,7.8646665,6.1,16.983637
130333,2021-12-29,SP00/62,102.576,7.8646665,6.1,16.983637
130334,2021-12-29,SK00/41,129.954,7.8646665,6.1,16.983637
130335,2021-12-29,SJ62/235,54.603,7.8646665,6.1,16.983637
130336,2021-12-29,SU81/1,50.571,7.8646665,6.1,16.983637
130337,2021-12-29,SN00/11,12.7603,7.8646665,6.1,16.983637
130338,2021-12-30,TL44/12,38.34,11.002168,14.2,12.334933
130339,2021-12-30,TQ25/86,96.16,11.002168,14.2,12.334933
130340,2021-12-30,SJ15/13,80.2176,11.002168,14.2,12.334933
130341,2021-12-30,TL33/4,77.94,11.002168,14.2,12.334933
130342,2021-12-30,SU01/5B,84.41,11.002168,14.2,12.334933
130343,2021-12-30,NO20/14,36.72,11.002168,14.2,12.334933
130344,2021-12-30,ID30/1,116.01,11.002168,14.2,12.334933
130345,2021-12-30,SE95/6,24.77,11.002168,14.2,12.334933
130346,2021-12-30,TL33/67,77.91,11.002168,14.2,12.334933
130347,2021-12-30,SU17/57,132.41,11.002168,14.2,12.334933
130348,2021-12-30,SN00/11,12.8481,11.002168,14.2,12.334933
130349,2021-12-30,SP00/62,102.664,11.002168,14.2,12.334933
130350,2021-12-30,SY68/34,68.288,11.002168,14.2,12.334933
130351,2021-12-30,TF03/37,14.05,11.002168,14.2,12.334933
130352,2021-12-30,SJ62/235,54.603,11.002168,14.2,12.334933
130353,2021-12-30,SE94/5,15.065,11.002168,14.2,12.334933
130354,2021-12-30,ST07/10,77.4666,11.002168,14.2,12.334933
130355,2021-12-30,SK00/41,129.96,11.002168,14.2,12.334933
130356,2021-12-30,TA10/63,13.704,11.002168,14.2,12.334933
130357,2021-12-30,TF81/2A,45.008,11.002168,14.2,12.334933
130358,2021-12-30,TR14/9,66.604,11.002168,14.2,12.334933
130359,2021-12-30,SU81/1,51.932,11.002168,14.2,12.334933
130360,2021-12-30,SU71/23,41.553,11.002168,14.2,12.334933
130361,2021-12-31,SU01/5B,84.41,11.664666,9.100001,15.744524
130362,2021-12-31,TL44/12,38.44,11.664666,9.100001,15.744524
130363,2021-12-31,TL33/67,77.9,11.664666,9.100001,15.744524
130364,2021-12-31,NO20/14,36.73,11.664666,9.100001,15.744524
130365,2021-12-31,TL33/4,77.92,11.664666,9.100001,15.744524
130366,2021-12-31,SJ15/13,80.24614,11.664666,9.100001,15.744524
130367,2021-12-31,SE95/6,24.74,11.664666,9.100001,15.744524
130368,2021-12-31,SU17/57,132.47,11.664666,9.100001,15.744524
130369,2021-12-31,TQ25/86,96.16,11.664666,9.100001,15.744524
130370,2021-12-31,ID30/1,116.13916,11.664666,9.100001,15.744524
130371,2021-12-31,SJ62/235,54.601,11.664666,9.100001,15.744524
130372,2021-12-31,TR14/9,66.762,11.664666,9.100001,15.744524
130373,2021-12-31,TF81/2A,45.047,11.664666,9.100001,15.744524
130374,2021-12-31,SP00/62,102.752,11.664666,9.100001,15.744524
130375,2021-12-31,SK00/41,129.99,11.664666,9.100001,15.744524
130376,2021-12-31,ST07/10,78.7341,11.664666,9.100001,15.744524
130377,2021-12-31,SU71/23,42.211,11.664666,9.100001,15.744524
130378,2021-12-31,SU81/1,53.217,11.664666,9.100001,15.744524
130379,2021-12-31,TA10/63,13.75,11.664666,9.100001,15.744524
130380,2021-12-31,SN00/11,12.8682,11.664666,9.100001,15.744524
130381,2021-12-31,SY68/34,68.441,11.664666,9.100001,15.744524
130382,2021-12-31,SE94/5,15.136,11.664666,9.100001,15.744524
130383,2021-12-31,TF03/37,14.156,11.664666,9.100001,15.744524
130384,2022-01-01,ID30/1,116.32625,11.645916,1.1000001,24.485935
130385,2022-01-01,SU01/5B,84.56,11.645916,1.1000001,24.485935
130386,2022-01-01,SE95/6,24.64,11.645916,1.1000001,24.485935
130387,2022-01-01,TL33/4,77.91,11.645916,1.1000001,24.485935
130388,2022-01-01,SJ15/13,80.26958,11.645916,1.1000001,24.485935
130389,2022-01-01,TL33/67,77.97,11.645916,1.1000001,24.485935
130390,2022-01-01,NO20/14,36.77,11.645916,1.1000001,24.485935
130391,2022-01-01,TL44/12,38.561,11.645916,1.1000001,24.485935
130392,2022-01-01,SU17/57,132.53,11.645916,1.1000001,24.485935
130393,2022-01-01,TQ25/86,96.16,11.645916,1.1000001,24.485935
130394,2022-01-01,TR14/9,66.95,11.645916,1.1000001,24.485935
130395,2022-01-01,TA10/63,13.808,11.645916,1.1000001,24.485935
130396,2022-01-01,SU71/23,42.82,11.645916,1.1000001,24.485935
130397,2022-01-01,SE94/5,15.213,11.645916,1.1000001,24.485935
130398,2022-01-01,SN00/11,12.8461,11.645916,1.1000001,24.485935
130399,2022-01-01,SP00/62,102.81,11.645916,1.1000001,24.485935
130400,2022-01-01,SY68/34,68.594,11.645916,1.1000001,24.485935
130401,2022-01-01,TF81/2A,45.084,11.645916,1.1000001,24.485935
130402,2022-01-01,TF03/37,14.332,11.645916,1.1000001,24.485935
130403,2022-01-01,ST07/10,79.2757,11.645916,1.1000001,24.485935
130404,2022-01-01,SK00/41,129.961,11.645916,1.1000001,24.485935
130405,2022-01-01,SJ62/235,54.615,11.645916,1.1000001,24.485935
130406,2022-01-01,SU81/1,54.365,11.645916,1.1000001,24.485935
130407,2022-01-02,TL44/12,38.699,8.700085,3.7999997,18.598038
130408,2022-01-02,TQ25/86,96.167,8.700085,3.7999997,18.598038
130409,2022-01-02,SE95/6,24.62,8.700085,3.7999997,18.598038
130410,2022-01-02,NO20/14,36.82,8.700085,3.7999997,18.598038
130411,2022-01-02,SJ15/13,80.28453,8.700085,3.7999997,18.598038
130412,2022-01-02,TL33/67,78.0,8.700085,3.7999997,18.598038
130413,2022-01-02,SU01/5B,84.99,8.700085,3.7999997,18.598038
130414,2022-01-02,TL33/4,77.9,8.700085,3.7999997,18.598038
130415,2022-01-02,ID30/1,116.42125,8.700085,3.7999997,18.598038
130416,2022-01-02,SU17/57,132.49,8.700085,3.7999997,18.598038
130417,2022-01-02,TF03/37,14.464,8.700085,3.7999997,18.598038
130418,2022-01-02,SE94/5,15.29,8.700085,3.7999997,18.598038
130419,2022-01-02,SU81/1,55.328,8.700085,3.7999997,18.598038
130420,2022-01-02,SU71/23,43.35,8.700085,3.7999997,18.598038
130421,2022-01-02,TA10/63,13.869,8.700085,3.7999997,18.598038
130422,2022-01-02,SJ62/235,54.62,8.700085,3.7999997,18.598038
130423,2022-01-02,SK00/41,129.989,8.700085,3.7999997,18.598038
130424,2022-01-02,SN00/11,12.8097,8.700085,3.7999997,18.598038
130425,2022-01-02,SY68/34,68.741,8.700085,3.7999997,18.598038
130426,2022-01-02,TR14/9,67.138,8.700085,3.7999997,18.598038
130427,2022-01-02,TF81/2A,45.124,8.700085,3.7999997,18.598038
130428,2022-01-02,ST07/10,78.8069,8.700085,3.7999997,18.598038
130429,2022-01-02,SP00/62,102.843,8.700085,3.7999997,18.598038
130430,2022-01-03,NO20/14,36.8,6.97925,9.400001,18.087944
130431,2022-01-03,SU17/57,132.49,6.97925,9.400001,18.087944
130432,2022-01-03,TL44/12,38.841,6.97925,9.400001,18.087944
130433,2022-01-03,TL33/4,77.89,6.97925,9.400001,18.087944
130434,2022-01-03,SU01/5B,85.62,6.97925,9.400001,18.087944
130435,2022-01-03,SE95/6,24.52,6.97925,9.400001,18.087944
130436,2022-01-03,ID30/1,116.35958,6.97925,9.400001,18.087944
130437,2022-01-03,TL33/67,78.07,6.97925,9.400001,18.087944
130438,2022-01-03,SJ15/13,80.29425,6.97925,9.400001,18.087944
130439,2022-01-03,SP00/62,102.864,6.97925,9.400001,18.087944
130440,2022-01-03,SE94/5,15.366,6.97925,9.400001,18.087944
130441,2022-01-03,SK00/41,129.98,6.97925,9.400001,18.087944
130442,2022-01-03,TA10/63,13.931,6.97925,9.400001,18.087944
130443,2022-01-03,TR14/9,67.345,6.97925,9.400001,18.087944
130444,2022-01-03,SU71/23,43.83,6.97925,9.400001,18.087944
130445,2022-01-03,TF03/37,14.591,6.97925,9.400001,18.087944
130446,2022-01-03,ST07/10,78.1985,6.97925,9.400001,18.087944
130447,2022-01-03,SU81/1,56.141,6.97925,9.400001,18.087944
130448,2022-01-03,TQ25/86,96.164,6.97925,9.400001,18.087944
130449,2022-01-03,TF81/2A,45.153,6.97925,9.400001,18.087944
130450,2022-01-03,SN00/11,12.7769,6.97925,9.400001,18.087944
130451,2022-01-03,SY68/34,68.885,6.97925,9.400001,18.087944
130452,2022-01-03,SJ62/235,54.629,6.97925,9.400001,18.087944
130453,2022-01-04,TL33/4,77.88,0.48550007,0.0,13.324757
130454,2022-01-04,SU17/57,132.42,0.48550007,0.0,13.324757
130455,2022-01-04,SJ15/13,80.28836,0.48550007,0.0,13.324757
130456,2022-01-04,ID30/1,116.23458,0.48550007,0.0,13.324757
130457,2022-01-04,NO20/14,36.78,0.48550007,0.0,13.324757
130458,2022-01-04,SU01/5B,86.29,0.48550007,0.0,13.324757
130459,2022-01-04,TL33/67,78.05,0.48550007,0.0,13.324757
130460,2022-01-04,TL44/12,38.978,0.48550007,0.0,13.324757
130461,2022-01-04,SE95/6,24.45,0.48550007,0.0,13.324757
130462,2022-01-04,TA10/63,13.986,0.48550007,0.0,13.324757
130463,2022-01-04,SK00/41,130.033,0.48550007,0.0,13.324757
130464,2022-01-04,TF03/37,14.661,0.48550007,0.0,13.324757
130465,2022-01-04,TF81/2A,45.172,0.48550007,0.0,13.324757
130466,2022-01-04,SU81/1,56.916,0.48550007,0.0,13.324757
130467,2022-01-04,SP00/62,102.865,0.48550007,0.0,13.324757
130468,2022-01-04,SN00/11,12.7271,0.48550007,0.0,13.324757
130469,2022-01-04,ST07/10,77.7199,0.48550007,0.0,13.324757
130470,2022-01-04,TQ25/86,96.146,0.48550007,0.0,13.324757
130471,2022-01-04,SE94/5,15.438,0.48550007,0.0,13.324757
130472,2022-01-04,SY68/34,69.01,0.48550007,0.0,13.324757
130473,2022-01-04,SJ62/235,54.621,0.48550007,0.0,13.324757
130474,2022-01-04,TR14/9,67.513,0.48550007,0.0,13.324757
130475,2022-01-04,SU71/23,44.262,0.48550007,0.0,13.324757
130476,2022-01-05,SJ15/13,80.2465,0.81466675,0.0,11.617928
130477,2022-01-05,TL44/12,39.09,0.81466675,0.0,11.617928
130478,2022-01-05,SU17/57,132.52,0.81466675,0.0,11.617928
130479,2022-01-05,SE95/6,24.48,0.81466675,0.0,11.617928
130480,2022-01-05,ID30/1,116.09125,0.81466675,0.0,11.617928
130481,2022-01-05,TL33/4,77.86,0.81466675,0.0,11.617928
130482,2022-01-05,TL33/67,78.0,0.81466675,0.0,11.617928
130483,2022-01-05,SU01/5B,86.95,0.81466675,0.0,11.617928
130484,2022-01-05,NO20/14,36.75,0.81466675,0.0,11.617928
130485,2022-01-05,SN00/11,12.6629,0.81466675,0.0,11.617928
130486,2022-01-05,TF81/2A,45.211,0.81466675,0.0,11.617928
130487,2022-01-05,TQ25/86,96.155,0.81466675,0.0,11.617928
130488,2022-01-05,TA10/63,14.036,0.81466675,0.0,11.617928
130489,2022-01-05,TF03/37,14.714,0.81466675,0.0,11.617928
130490,2022-01-05,SJ62/235,54.61,0.81466675,0.0,11.617928
130491,2022-01-05,SK00/41,130.082,0.81466675,0.0,11.617928
130492,2022-01-05,SY68/34,69.109,0.81466675,0.0,11.617928
130493,2022-01-05,TR14/9,67.69,0.81466675,0.0,11.617928
130494,2022-01-05,SU71/23,44.615,0.81466675,0.0,11.617928
130495,2022-01-05,SE94/5,15.497,0.81466675,0.0,11.617928
130496,2022-01-05,ST07/10,77.238,0.81466675,0.0,11.617928
130497,2022-01-05,SP00/62,102.849,0.81466675,0.0,11.617928
130498,2022-01-05,SU81/1,57.613,0.81466675,0.0,11.617928
130499,2022-01-06,TL44/12,39.2,2.1459167,9.800001,18.551773
130500,2022-01-06,NO20/14,36.81,2.1459167,9.800001,18.551773
130501,2022-01-06,SU17/57,132.67,2.1459167,9.800001,18.551773
130502,2022-01-06,SU01/5B,87.5,2.1459167,9.800001,18.551773
130503,2022-01-06,TL33/67,78.11,2.1459167,9.800001,18.551773
130504,2022-01-06,ID30/1,115.99624,2.1459167,9.800001,18.551773
130505,2022-01-06,TL33/4,77.85,2.1459167,9.800001,18.551773
130506,2022-01-06,SE95/6,24.51,2.1459167,9.800001,18.551773
130507,2022-01-06,SJ15/13,80.26688,2.1459167,9.800001,18.551773
130508,2022-01-06,SU81/1,58.249,2.1459167,9.800001,18.551773
130509,2022-01-06,SN00/11,12.6303,2.1459167,9.800001,18.551773
130510,2022-01-06,SE94/5,15.571,2.1459167,9.800001,18.551773
130511,2022-01-06,TF81/2A,45.242,2.1459167,9.800001,18.551773
130512,2022-01-06,TF03/37,14.888,2.1459167,9.800001,18.551773
130513,2022-01-06,SU71/23,44.99,2.1459167,9.800001,18.551773
130514,2022-01-06,SK00/41,129.959,2.1459167,9.800001,18.551773
130515,2022-01-06,SY68/34,69.208,2.1459167,9.800001,18.551773
130516,2022-01-06,TR14/9,67.882,2.1459167,9.800001,18.551773
130517,2022-01-06,SJ62/235,54.632,2.1459167,9.800001,18.551773
130518,2022-01-06,TQ25/86,96.158,2.1459167,9.800001,18.551773
130519,2022-01-06,TA10/63,14.111,2.1459167,9.800001,18.551773
130520,2022-01-06,ST07/10,76.6388,2.1459167,9.800001,18.551773
130521,2022-01-06,SP00/62,102.836,2.1459167,9.800001,18.551773
130522,2022-01-07,SJ15/13,80.28111,1.4480003,3.5999997,12.2573185
130523,2022-01-07,SU01/5B,88.04,1.4480003,3.5999997,12.2573185
130524,2022-01-07,SU17/57,132.62,1.4480003,3.5999997,12.2573185
130525,2022-01-07,SE95/6,24.55,1.4480003,3.5999997,12.2573185
130526,2022-01-07,ID30/1,115.87708,1.4480003,3.5999997,12.2573185
130527,2022-01-07,TL33/4,77.85,1.4480003,3.5999997,12.2573185
130528,2022-01-07,TL44/12,39.307,1.4480003,3.5999997,12.2573185
130529,2022-01-07,NO20/14,36.81,1.4480003,3.5999997,12.2573185
130530,2022-01-07,TL33/67,78.11,1.4480003,3.5999997,12.2573185
130531,2022-01-07,SN00/11,12.5943,1.4480003,3.5999997,12.2573185
130532,2022-01-07,TA10/63,14.174,1.4480003,3.5999997,12.2573185
130533,2022-01-07,SY68/34,69.299,1.4480003,3.5999997,12.2573185
130534,2022-01-07,SK00/41,129.957,1.4480003,3.5999997,12.2573185
130535,2022-01-07,ST07/10,76.214,1.4480003,3.5999997,12.2573185
130536,2022-01-07,TQ25/86,96.176,1.4480003,3.5999997,12.2573185
130537,2022-01-07,SJ62/235,54.629,1.4480003,3.5999997,12.2573185
130538,2022-01-07,TR14/9,68.095,1.4480003,3.5999997,12.2573185
130539,2022-01-07,TF03/37,14.964,1.4480003,3.5999997,12.2573185
130540,2022-01-07,SU71/23,45.363,1.4480003,3.5999997,12.2573185
130541,2022-01-07,SP00/62,102.816,1.4480003,3.5999997,12.2573185
130542,2022-01-07,TF81/2A,45.287,1.4480003,3.5999997,12.2573185
130543,2022-01-07,SE94/5,15.645,1.4480003,3.5999997,12.2573185
130544,2022-01-07,SU81/1,58.7,1.4480003,3.5999997,12.2573185
130545,2022-01-08,TL33/67,78.22,4.275083,10.200003,16.986742
130546,2022-01-08,ID30/1,115.87083,4.275083,10.200003,16.986742
130547,2022-01-08,TL33/4,77.84,4.275083,10.200003,16.986742
130548,2022-01-08,SU01/5B,88.63,4.275083,10.200003,16.986742
130549,2022-01-08,NO20/14,36.83,4.275083,10.200003,16.986742
130550,2022-01-08,SE95/6,24.57,4.275083,10.200003,16.986742
130551,2022-01-08,TL44/12,39.415,4.275083,10.200003,16.986742
130552,2022-01-08,SU17/57,132.71,4.275083,10.200003,16.986742
130553,2022-01-08,SJ15/13,80.31069,4.275083,10.200003,16.986742
130554,2022-01-08,TF03/37,15.126,4.275083,10.200003,16.986742
130555,2022-01-08,SN00/11,12.6852,4.275083,10.200003,16.986742
130556,2022-01-08,SE94/5,15.73,4.275083,10.200003,16.986742
130557,2022-01-08,SU71/23,45.768,4.275083,10.200003,16.986742
130558,2022-01-08,SU81/1,59.139,4.275083,10.200003,16.986742
130559,2022-01-08,TQ25/86,96.167,4.275083,10.200003,16.986742
130560,2022-01-08,ST07/10,77.6942,4.275083,10.200003,16.986742
130561,2022-01-08,TF81/2A,45.302,4.275083,10.200003,16.986742
130562,2022-01-08,SJ62/235,54.642,4.275083,10.200003,16.986742
130563,2022-01-08,SK00/41,129.878,4.275083,10.200003,16.986742
130564,2022-01-08,TA10/63,14.265,4.275083,10.200003,16.986742
130565,2022-01-08,SP00/62,102.818,4.275083,10.200003,16.986742
130566,2022-01-08,TR14/9,68.264,4.275083,10.200003,16.986742
130567,2022-01-08,SY68/34,69.4,4.275083,10.200003,16.986742
130568,2022-01-09,SU01/5B,89.26,3.9167492,4.1000004,10.788536
130569,2022-01-09,TL33/67,78.14,3.9167492,4.1000004,10.788536
130570,2022-01-09,TL44/12,39.494,3.9167492,4.1000004,10.788536
130571,2022-01-09,NO20/14,36.83,3.9167492,4.1000004,10.788536
130572,2022-01-09,SE95/6,24.66,3.9167492,4.1000004,10.788536
130573,2022-01-09,TL33/4,77.83,3.9167492,4.1000004,10.788536
130574,2022-01-09,SJ15/13,80.2989,3.9167492,4.1000004,10.788536
130575,2022-01-09,SU17/57,132.66,3.9167492,4.1000004,10.788536
130576,2022-01-09,ID30/1,115.88,3.9167492,4.1000004,10.788536
130577,2022-01-09,SU71/23,46.186,3.9167492,4.1000004,10.788536
130578,2022-01-09,SP00/62,102.801,3.9167492,4.1000004,10.788536
130579,2022-01-09,TQ25/86,96.153,3.9167492,4.1000004,10.788536
130580,2022-01-09,SE94/5,15.793,3.9167492,4.1000004,10.788536
130581,2022-01-09,SJ62/235,54.624,3.9167492,4.1000004,10.788536
130582,2022-01-09,TF81/2A,45.3,3.9167492,4.1000004,10.788536
130583,2022-01-09,TA10/63,14.317,3.9167492,4.1000004,10.788536
130584,2022-01-09,SK00/41,130.023,3.9167492,4.1000004,10.788536
130585,2022-01-09,SN00/11,12.8031,3.9167492,4.1000004,10.788536
130586,2022-01-09,SY68/34,69.493,3.9167492,4.1000004,10.788536
130587,2022-01-09,TF03/37,15.145,3.9167492,4.1000004,10.788536
130588,2022-01-09,TR14/9,68.392,3.9167492,4.1000004,10.788536
130589,2022-01-09,SU81/1,59.61,3.9167492,4.1000004,10.788536
130590,2022-01-09,ST07/10,78.6075,3.9167492,4.1000004,10.788536
130591,2022-01-10,TL44/12,39.542,6.5292506,1.5,14.770383
130592,2022-01-10,ID30/1,115.87749,6.5292506,1.5,14.770383
130593,2022-01-10,SJ15/13,80.24548,6.5292506,1.5,14.770383
130594,2022-01-10,SU01/5B,89.77,6.5292506,1.5,14.770383
130595,2022-01-10,SE95/6,24.68,6.5292506,1.5,14.770383
130596,2022-01-10,TL33/67,78.09,6.5292506,1.5,14.770383
130597,2022-01-10,NO20/14,36.79,6.5292506,1.5,14.770383
130598,2022-01-10,TF81/2A,45.32,6.5292506,1.5,14.770383
130599,2022-01-10,SU17/57,132.85,6.5292506,1.5,14.770383
130600,2022-01-10,TL33/4,77.82,6.5292506,1.5,14.770383
130601,2022-01-10,SU81/1,60.226,6.5292506,1.5,14.770383
130602,2022-01-10,SN00/11,12.8145,6.5292506,1.5,14.770383
130603,2022-01-10,TR14/9,68.523,6.5292506,1.5,14.770383
130604,2022-01-10,SU71/23,46.658,6.5292506,1.5,14.770383
130605,2022-01-10,ST07/10,78.1725,6.5292506,1.5,14.770383
130606,2022-01-10,SE94/5,15.847,6.5292506,1.5,14.770383
130607,2022-01-10,TQ25/86,96.144,6.5292506,1.5,14.770383
130608,2022-01-10,SP00/62,102.787,6.5292506,1.5,14.770383
130609,2022-01-10,TF03/37,15.181,6.5292506,1.5,14.770383
130610,2022-01-10,SJ62/235,54.608,6.5292506,1.5,14.770383
130611,2022-01-10,TA10/63,14.374,6.5292506,1.5,14.770383
130612,2022-01-10,SY68/34,69.556,6.5292506,1.5,14.770383
130613,2022-01-10,SK00/41,129.995,6.5292506,1.5,14.770383
130614,2022-01-11,TL33/4,77.81,4.6875834,0.2,5.6463118
130615,2022-01-11,TF81/2A,45.34,4.6875834,0.2,5.6463118
130616,2022-01-11,SU01/5B,90.11,4.6875834,0.2,5.6463118
130617,2022-01-11,NO20/14,36.76,4.6875834,0.2,5.6463118
130618,2022-01-11,TL33/67,78.08,4.6875834,0.2,5.6463118
130619,2022-01-11,SJ15/13,80.18892,4.6875834,0.2,5.6463118
130620,2022-01-11,SE95/6,24.74,4.6875834,0.2,5.6463118
130621,2022-01-11,ID30/1,115.84999,4.6875834,0.2,5.6463118
130622,2022-01-11,TL44/12,39.574,4.6875834,0.2,5.6463118
130623,2022-01-11,SU17/57,133.08,4.6875834,0.2,5.6463118
130624,2022-01-11,SY68/34,69.606,4.6875834,0.2,5.6463118
130625,2022-01-11,TR14/9,68.648,4.6875834,0.2,5.6463118
130626,2022-01-11,TQ25/86,96.131,4.6875834,0.2,5.6463118
130627,2022-01-11,SN00/11,12.7632,4.6875834,0.2,5.6463118
130628,2022-01-11,SJ62/235,54.592,4.6875834,0.2,5.6463118
130629,2022-01-11,TF03/37,15.219,4.6875834,0.2,5.6463118
130630,2022-01-11,SU71/23,47.145,4.6875834,0.2,5.6463118
130631,2022-01-11,ST07/10,77.5846,4.6875834,0.2,5.6463118
130632,2022-01-11,SP00/62,102.768,4.6875834,0.2,5.6463118
130633,2022-01-11,SE94/5,15.9,4.6875834,0.2,5.6463118
130634,2022-01-11,TA10/63,14.429,4.6875834,0.2,5.6463118
130635,2022-01-11,SK00/41,130.069,4.6875834,0.2,5.6463118
130636,2022-01-11,SU81/1,60.821,4.6875834,0.2,5.6463118
130637,2022-01-12,TL33/4,77.81,5.1063333,0.0,6.15231
130638,2022-01-12,SE95/6,24.71,5.1063333,0.0,6.15231
130639,2022-01-12,SU17/57,133.28,5.1063333,0.0,6.15231
130640,2022-01-12,TF81/2A,45.37,5.1063333,0.0,6.15231
130641,2022-01-12,SU01/5B,90.57,5.1063333,0.0,6.15231
130642,2022-01-12,TL44/12,39.596,5.1063333,0.0,6.15231
130643,2022-01-12,ID30/1,115.83666,5.1063333,0.0,6.15231
130644,2022-01-12,SJ15/13,80.15403,5.1063333,0.0,6.15231
130645,2022-01-12,TL33/67,78.11,5.1063333,0.0,6.15231
130646,2022-01-12,NO20/14,36.76,5.1063333,0.0,6.15231
130647,2022-01-12,SP00/62,102.741,5.1063333,0.0,6.15231
130648,2022-01-12,TA10/63,14.491,5.1063333,0.0,6.15231
130649,2022-01-12,SE94/5,15.96,5.1063333,0.0,6.15231
130650,2022-01-12,ST07/10,77.0688,5.1063333,0.0,6.15231
130651,2022-01-12,SU71/23,47.583,5.1063333,0.0,6.15231
130652,2022-01-12,SU81/1,61.267,5.1063333,0.0,6.15231
130653,2022-01-12,TF03/37,15.3,5.1063333,0.0,6.15231
130654,2022-01-12,SJ62/235,54.591,5.1063333,0.0,6.15231
130655,2022-01-12,TR14/9,68.778,5.1063333,0.0,6.15231
130656,2022-01-12,SN00/11,12.705,5.1063333,0.0,6.15231
130657,2022-01-12,TQ25/86,96.139,5.1063333,0.0,6.15231
130658,2022-01-12,SY68/34,69.656,5.1063333,0.0,6.15231
130659,2022-01-12,SK00/41,130.059,5.1063333,0.0,6.15231
130660,2022-01-13,TL33/4,77.8,5.0625834,0.5,6.882579
130661,2022-01-13,SU01/5B,91.16,5.0625834,0.5,6.882579
130662,2022-01-13,ID30/1,115.78833,5.0625834,0.5,6.882579
130663,2022-01-13,NO20/14,36.8,5.0625834,0.5,6.882579
130664,2022-01-13,SE95/6,24.8,5.0625834,0.5,6.882579
130665,2022-01-13,SJ15/13,80.15814,5.0625834,0.5,6.882579
130666,2022-01-13,SU17/57,133.36,5.0625834,0.5,6.882579
130667,2022-01-13,TL44/12,39.629,5.0625834,0.5,6.882579
130668,2022-01-13,TF81/2A,45.4,5.0625834,0.5,6.882579
130669,2022-01-13,TL33/67,78.17,5.0625834,0.5,6.882579
130670,2022-01-13,TA10/63,14.549,5.0625834,0.5,6.882579
130671,2022-01-13,SE94/5,16.026,5.0625834,0.5,6.882579
130672,2022-01-13,SU71/23,48.002,5.0625834,0.5,6.882579
130673,2022-01-13,SN00/11,12.6521,5.0625834,0.5,6.882579
130674,2022-01-13,TR14/9,68.92,5.0625834,0.5,6.882579
130675,2022-01-13,SU81/1,61.601,5.0625834,0.5,6.882579
130676,2022-01-13,TQ25/86,96.152,5.0625834,0.5,6.882579
130677,2022-01-13,ST07/10,76.436,5.0625834,0.5,6.882579
130678,2022-01-13,SJ62/235,54.596,5.0625834,0.5,6.882579
130679,2022-01-13,SK00/41,129.987,5.0625834,0.5,6.882579
130680,2022-01-13,SY68/34,69.709,5.0625834,0.5,6.882579
130681,2022-01-13,TF03/37,15.386,5.0625834,0.5,6.882579
130682,2022-01-13,SP00/62,102.717,5.0625834,0.5,6.882579
130683,2022-01-14,SU17/57,133.46,5.0188336,0.0,4.87702
130684,2022-01-14,TL44/12,39.674,5.0188336,0.0,4.87702
130685,2022-01-14,ID30/1,115.69916,5.0188336,0.0,4.87702
130686,2022-01-14,TL33/67,78.24,5.0188336,0.0,4.87702
130687,2022-01-14,TL33/4,77.8,5.0188336,0.0,4.87702
130688,2022-01-14,SJ15/13,80.16458,5.0188336,0.0,4.87702
130689,2022-01-14,TF81/2A,45.44,5.0188336,0.0,4.87702
130690,2022-01-14,SE95/6,24.86,5.0188336,0.0,4.87702
130691,2022-01-14,NO20/14,36.82,5.0188336,0.0,4.87702
130692,2022-01-14,SU01/5B,91.82,5.0188336,0.0,4.87702
130693,2022-01-14,TR14/9,69.066,5.0188336,0.0,4.87702
130694,2022-01-14,SN00/11,12.6069,5.0188336,0.0,4.87702
130695,2022-01-14,TQ25/86,96.168,5.0188336,0.0,4.87702
130696,2022-01-14,SP00/62,102.696,5.0188336,0.0,4.87702
130697,2022-01-14,SY68/34,69.765,5.0188336,0.0,4.87702
130698,2022-01-14,ST07/10,75.6634,5.0188336,0.0,4.87702
130699,2022-01-14,SU81/1,61.845,5.0188336,0.0,4.87702
130700,2022-01-14,SU71/23,48.378,5.0188336,0.0,4.87702
130701,2022-01-14,SE94/5,16.096,5.0188336,0.0,4.87702
130702,2022-01-14,TF03/37,15.476,5.0188336,0.0,4.87702
130703,2022-01-14,SK00/41,129.923,5.0188336,0.0,4.87702
130704,2022-01-14,SJ62/235,54.606,5.0188336,0.0,4.87702
130705,2022-01-14,TA10/63,14.643,5.0188336,0.0,4.87702
130706,2022-01-15,NO20/14,36.87,3.5896664,0.0,9.967283
130707,2022-01-15,TL33/67,78.29,3.5896664,0.0,9.967283
130708,2022-01-15,SJ15/13,80.19821,3.5896664,0.0,9.967283
130709,2022-01-15,TF81/2A,45.48,3.5896664,0.0,9.967283
130710,2022-01-15,SE95/6,24.88,3.5896664,0.0,9.967283
130711,2022-01-15,SU17/57,133.53,3.5896664,0.0,9.967283
130712,2022-01-15,ID30/1,115.57708,3.5896664,0.0,9.967283
130713,2022-01-15,SU01/5B,92.38,3.5896664,0.0,9.967283
130714,2022-01-15,TL44/12,39.731,3.5896664,0.0,9.967283
130715,2022-01-15,TL33/4,77.79,3.5896664,0.0,9.967283
130716,2022-01-15,SY68/34,69.818,3.5896664,0.0,9.967283
130717,2022-01-15,SJ62/235,54.614,3.5896664,0.0,9.967283
130718,2022-01-15,TF03/37,15.564,3.5896664,0.0,9.967283
130719,2022-01-15,TQ25/86,96.169,3.5896664,0.0,9.967283
130720,2022-01-15,SK00/41,129.86,3.5896664,0.0,9.967283
130721,2022-01-15,SU81/1,62.011,3.5896664,0.0,9.967283
130722,2022-01-15,ST07/10,74.8292,3.5896664,0.0,9.967283
130723,2022-01-15,TR14/9,69.19,3.5896664,0.0,9.967283
130724,2022-01-15,SU71/23,48.702,3.5896664,0.0,9.967283
130725,2022-01-15,SE94/5,16.17,3.5896664,0.0,9.967283
130726,2022-01-15,SP00/62,102.671,3.5896664,0.0,9.967283
130727,2022-01-15,TA10/63,14.722,3.5896664,0.0,9.967283
130728,2022-01-15,SN00/11,12.5536,3.5896664,0.0,9.967283
130729,2022-01-16,SJ15/13,80.21453,4.9104996,1.4000001,9.596076
130730,2022-01-16,SU17/57,133.62,4.9104996,1.4000001,9.596076
130731,2022-01-16,TL44/12,39.781,4.9104996,1.4000001,9.596076
130732,2022-01-16,SU01/5B,92.8,4.9104996,1.4000001,9.596076
130733,2022-01-16,SE95/6,25.06,4.9104996,1.4000001,9.596076
130734,2022-01-16,NO20/14,36.84,4.9104996,1.4000001,9.596076
130735,2022-01-16,TF81/2A,45.5,4.9104996,1.4000001,9.596076
130736,2022-01-16,ID30/1,115.41375,4.9104996,1.4000001,9.596076
130737,2022-01-16,TL33/67,78.24,4.9104996,1.4000001,9.596076
130738,2022-01-16,TL33/4,77.79,4.9104996,1.4000001,9.596076
130739,2022-01-16,SU71/23,48.936,4.9104996,1.4000001,9.596076
130740,2022-01-16,SE94/5,16.226,4.9104996,1.4000001,9.596076
130741,2022-01-16,SJ62/235,54.591,4.9104996,1.4000001,9.596076
130742,2022-01-16,SY68/34,69.854,4.9104996,1.4000001,9.596076
130743,2022-01-16,ST07/10,73.8975,4.9104996,1.4000001,9.596076
130744,2022-01-16,SU81/1,62.05,4.9104996,1.4000001,9.596076
130745,2022-01-16,SK00/41,129.936,4.9104996,1.4000001,9.596076
130746,2022-01-16,TF03/37,15.568,4.9104996,1.4000001,9.596076
130747,2022-01-16,TA10/63,14.779,4.9104996,1.4000001,9.596076
130748,2022-01-16,TR14/9,69.292,4.9104996,1.4000001,9.596076
130749,2022-01-16,SP00/62,102.633,4.9104996,1.4000001,9.596076
130750,2022-01-16,SN00/11,12.4732,4.9104996,1.4000001,9.596076
130751,2022-01-16,TQ25/86,96.167,4.9104996,1.4000001,9.596076
130752,2022-01-17,SU17/57,133.87,3.0813339,0.0,6.8557377
130753,2022-01-17,SJ15/13,80.15611,3.0813339,0.0,6.8557377
130754,2022-01-17,TL33/4,77.79,3.0813339,0.0,6.8557377
130755,2022-01-17,TF81/2A,45.52,3.0813339,0.0,6.8557377
130756,2022-01-17,SU01/5B,92.99,3.0813339,0.0,6.8557377
130757,2022-01-17,ID30/1,115.28541,3.0813339,0.0,6.8557377
130758,2022-01-17,SE95/6,25.12,3.0813339,0.0,6.8557377
130759,2022-01-17,NO20/14,36.8,3.0813339,0.0,6.8557377
130760,2022-01-17,TL33/67,78.25,3.0813339,0.0,6.8557377
130761,2022-01-17,TL44/12,39.816,3.0813339,0.0,6.8557377
130762,2022-01-17,TA10/63,14.838,3.0813339,0.0,6.8557377
130763,2022-01-17,TF03/37,15.589,3.0813339,0.0,6.8557377
130764,2022-01-17,ST07/10,73.005,3.0813339,0.0,6.8557377
130765,2022-01-17,SU71/23,49.104,3.0813339,0.0,6.8557377
130766,2022-01-17,SJ62/235,54.585,3.0813339,0.0,6.8557377
130767,2022-01-17,SK00/41,129.971,3.0813339,0.0,6.8557377
130768,2022-01-17,SE94/5,16.279,3.0813339,0.0,6.8557377
130769,2022-01-17,SU81/1,62.004,3.0813339,0.0,6.8557377
130770,2022-01-17,SY68/34,69.88,3.0813339,0.0,6.8557377
130771,2022-01-17,TQ25/86,96.178,3.0813339,0.0,6.8557377
130772,2022-01-17,SN00/11,12.3949,3.0813339,0.0,6.8557377
130773,2022-01-17,TR14/9,69.409,3.0813339,0.0,6.8557377
130774,2022-01-17,SP00/62,102.6,3.0813339,0.0,6.8557377
130775,2022-01-18,SJ15/13,80.14505,3.523,0.1,13.832532
130776,2022-01-18,TL33/67,78.33,3.523,0.1,13.832532
130777,2022-01-18,SU01/5B,93.04,3.523,0.1,13.832532
130778,2022-01-18,TM15/112,25.25,3.523,0.1,13.832532
130779,2022-01-18,TF81/2A,45.55,3.523,0.1,13.832532
130780,2022-01-18,ID30/1,115.22583,3.523,0.1,13.832532
130781,2022-01-18,TL33/4,77.79,3.523,0.1,13.832532
130782,2022-01-18,SE95/6,25.17,3.523,0.1,13.832532
130783,2022-01-18,NO20/14,36.84,3.523,0.1,13.832532
130784,2022-01-18,SU17/57,134.04,3.523,0.1,13.832532
130785,2022-01-18,TL44/12,39.857,3.523,0.1,13.832532
130786,2022-01-18,TR14/9,69.543,3.523,0.1,13.832532
130787,2022-01-18,TA10/63,14.904,3.523,0.1,13.832532
130788,2022-01-18,TF03/37,15.649,3.523,0.1,13.832532
130789,2022-01-18,SU81/1,61.922,3.523,0.1,13.832532
130790,2022-01-18,SE94/5,16.291,3.523,0.1,13.832532
130791,2022-01-18,SN00/11,12.3325,3.523,0.1,13.832532
130792,2022-01-18,TQ25/86,96.19,3.523,0.1,13.832532
130793,2022-01-18,SJ62/235,54.596,3.523,0.1,13.832532
130794,2022-01-18,ST07/10,72.2494,3.523,0.1,13.832532
130795,2022-01-18,SY68/34,69.907,3.523,0.1,13.832532
130796,2022-01-18,SK00/41,129.891,3.523,0.1,13.832532
130797,2022-01-18,SU71/23,49.258,3.523,0.1,13.832532
130798,2022-01-18,SP00/62,102.575,3.523,0.1,13.832532
130799,2022-01-19,SU01/5B,93.06,5.7521667,1.7,18.724644
130800,2022-01-19,SU17/57,134.12,5.7521667,1.7,18.724644
130801,2022-01-19,TL33/67,78.35,5.7521667,1.7,18.724644
130802,2022-01-19,NO20/14,36.87,5.7521667,1.7,18.724644
130803,2022-01-19,TL44/12,39.907,5.7521667,1.7,18.724644
130804,2022-01-19,SJ15/13,80.16989,5.7521667,1.7,18.724644
130805,2022-01-19,TF81/2A,45.58,5.7521667,1.7,18.724644
130806,2022-01-19,SE95/6,25.25,5.7521667,1.7,18.724644
130807,2022-01-19,ID30/1,115.17541,5.7521667,1.7,18.724644
130808,2022-01-19,TL33/4,77.78,5.7521667,1.7,18.724644
130809,2022-01-19,SN00/11,12.2617,5.7521667,1.7,18.724644
130810,2022-01-19,SU81/1,61.81,5.7521667,1.7,18.724644
130811,2022-01-19,ST07/10,71.5076,5.7521667,1.7,18.724644
130812,2022-01-19,SY68/34,69.929,5.7521667,1.7,18.724644
130813,2022-01-19,SU71/23,49.388,5.7521667,1.7,18.724644
130814,2022-01-19,SK00/41,129.901,5.7521667,1.7,18.724644
130815,2022-01-19,TQ25/86,96.184,5.7521667,1.7,18.724644
130816,2022-01-19,TF03/37,15.655,5.7521667,1.7,18.724644
130817,2022-01-19,SP00/62,102.541,5.7521667,1.7,18.724644
130818,2022-01-19,TR14/9,69.641,5.7521667,1.7,18.724644
130819,2022-01-19,SJ62/235,54.586,5.7521667,1.7,18.724644
130820,2022-01-19,SE94/5,16.342,5.7521667,1.7,18.724644
130821,2022-01-20,SE95/6,25.27,0.36050007,0.0,7.1582117
130822,2022-01-20,NO20/14,36.81,0.36050007,0.0,7.1582117
130823,2022-01-20,SU01/5B,93.06,0.36050007,0.0,7.1582117
130824,2022-01-20,SU17/57,134.25,0.36050007,0.0,7.1582117
130825,2022-01-20,ID30/1,115.10666,0.36050007,0.0,7.1582117
130826,2022-01-20,TL44/12,39.934,0.36050007,0.0,7.1582117
130827,2022-01-20,TF81/2A,45.6,0.36050007,0.0,7.1582117
130828,2022-01-20,TL33/4,77.78,0.36050007,0.0,7.1582117
130829,2022-01-20,SJ15/13,80.14389,0.36050007,0.0,7.1582117
130830,2022-01-20,TL33/67,78.33,0.36050007,0.0,7.1582117
130831,2022-01-20,SU71/23,49.448,0.36050007,0.0,7.1582117
130832,2022-01-20,SN00/11,12.1787,0.36050007,0.0,7.1582117
130833,2022-01-20,SE94/5,16.388,0.36050007,0.0,7.1582117
130834,2022-01-20,SJ62/235,54.57,0.36050007,0.0,7.1582117
130835,2022-01-20,SU81/1,61.625,0.36050007,0.0,7.1582117
130836,2022-01-20,TQ25/86,96.189,0.36050007,0.0,7.1582117
130837,2022-01-20,ST07/10,70.7286,0.36050007,0.0,7.1582117
130838,2022-01-20,SK00/41,129.931,0.36050007,0.0,7.1582117
130839,2022-01-20,SP00/62,102.503,0.36050007,0.0,7.1582117
130840,2022-01-20,TF03/37,15.634,0.36050007,0.0,7.1582117
130841,2022-01-20,SY68/34,69.937,0.36050007,0.0,7.1582117
130842,2022-01-20,TR14/9,69.735,0.36050007,0.0,7.1582117
130843,2022-01-21,TL33/67,78.38,4.2125835,0.4,9.850227
130844,2022-01-21,NO20/14,36.9,4.2125835,0.4,9.850227
130845,2022-01-21,SU01/5B,92.96,4.2125835,0.4,9.850227
130846,2022-01-21,SU17/57,134.44,4.2125835,0.4,9.850227
130847,2022-01-21,TL44/12,39.96,4.2125835,0.4,9.850227
130848,2022-01-21,ID30/1,115.045,4.2125835,0.4,9.850227
130849,2022-01-21,SJ15/13,80.118,4.2125835,0.4,9.850227
130850,2022-01-21,TF81/2A,45.62,4.2125835,0.4,9.850227
130851,2022-01-21,TL33/4,77.78,4.2125835,0.4,9.850227
130852,2022-01-21,SE95/6,25.28,4.2125835,0.4,9.850227
130853,2022-01-21,TR14/9,69.838,4.2125835,0.4,9.850227
130854,2022-01-21,TF03/37,15.676,4.2125835,0.4,9.850227
130855,2022-01-21,SN00/11,12.1045,4.2125835,0.4,9.850227
130856,2022-01-21,SY68/34,69.944,4.2125835,0.4,9.850227
130857,2022-01-21,SJ62/235,54.574,4.2125835,0.4,9.850227
130858,2022-01-21,SK00/41,129.874,4.2125835,0.4,9.850227
130859,2022-01-21,SE94/5,16.447,4.2125835,0.4,9.850227
130860,2022-01-21,SP00/62,102.47,4.2125835,0.4,9.850227
130861,2022-01-21,SU81/1,61.426,4.2125835,0.4,9.850227
130862,2022-01-21,TQ25/86,96.197,4.2125835,0.4,9.850227
130863,2022-01-21,SU71/23,49.494,4.2125835,0.4,9.850227
130864,2022-01-21,ST07/10,69.9604,4.2125835,0.4,9.850227
130865,2022-01-21,TV59/7C,1.8,4.2125835,0.4,9.850227
130866,2022-01-22,TL33/67,78.41,6.193833,0.0,8.487045
130867,2022-01-22,SE95/6,25.25,6.193833,0.0,8.487045
130868,2022-01-22,TL33/4,77.78,6.193833,0.0,8.487045
130869,2022-01-22,TL44/12,39.986,6.193833,0.0,8.487045
130870,2022-01-22,NO20/14,36.87,6.193833,0.0,8.487045
130871,2022-01-22,TF81/2A,45.65,6.193833,0.0,8.487045
130872,2022-01-22,ID30/1,114.97291,6.193833,0.0,8.487045
130873,2022-01-22,SU17/57,134.53,6.193833,0.0,8.487045
130874,2022-01-22,SU01/5B,92.86,6.193833,0.0,8.487045
130875,2022-01-22,SJ15/13,80.12042,6.193833,0.0,8.487045
130876,2022-01-22,SU71/23,49.524,6.193833,0.0,8.487045
130877,2022-01-22,ST07/10,69.2181,6.193833,0.0,8.487045
130878,2022-01-22,SK00/41,129.89,6.193833,0.0,8.487045
130879,2022-01-22,TF03/37,15.681,6.193833,0.0,8.487045
130880,2022-01-22,TQ25/86,96.205,6.193833,0.0,8.487045
130881,2022-01-22,SN00/11,12.0324,6.193833,0.0,8.487045
130882,2022-01-22,SJ62/235,54.573,6.193833,0.0,8.487045
130883,2022-01-22,SY68/34,69.949,6.193833,0.0,8.487045
130884,2022-01-22,SU81/1,61.214,6.193833,0.0,8.487045
130885,2022-01-22,SE94/5,16.505,6.193833,0.0,8.487045
130886,2022-01-22,SP00/62,102.436,6.193833,0.0,8.487045
130887,2022-01-22,TR14/9,69.942,6.193833,0.0,8.487045
130888,2022-01-23,SE95/6,25.24,5.631333,0.0,9.121251
130889,2022-01-23,NO20/14,36.85,5.631333,0.0,9.121251
130890,2022-01-23,TL33/67,78.46,5.631333,0.0,9.121251
130891,2022-01-23,SU01/5B,92.76,5.631333,0.0,9.121251
130892,2022-01-23,SJ15/13,80.12505,5.631333,0.0,9.121251
130893,2022-01-23,TL33/4,77.78,5.631333,0.0,9.121251
130894,2022-01-23,TF81/2A,45.68,5.631333,0.0,9.121251
130895,2022-01-23,TL44/12,40.014,5.631333,0.0,9.121251
130896,2022-01-23,SU17/57,134.62,5.631333,0.0,9.121251
130897,2022-01-23,ID30/1,114.92041,5.631333,0.0,9.121251
130898,2022-01-23,TR14/9,70.043,5.631333,0.0,9.121251
130899,2022-01-23,SE94/5,16.564,5.631333,0.0,9.121251
130900,2022-01-23,SY68/34,69.95,5.631333,0.0,9.121251
130901,2022-01-23,SP00/62,102.4,5.631333,0.0,9.121251
130902,2022-01-23,ST07/10,68.5076,5.631333,0.0,9.121251
130903,2022-01-23,SK00/41,129.906,5.631333,0.0,9.121251
130904,2022-01-23,TF03/37,15.704,5.631333,0.0,9.121251
130905,2022-01-23,SJ62/235,54.573,5.631333,0.0,9.121251
130906,2022-01-23,SU81/1,60.999,5.631333,0.0,9.121251
130907,2022-01-23,SU71/23,49.539,5.631333,0.0,9.121251
130908,2022-01-23,SN00/11,11.962,5.631333,0.0,9.121251
130909,2022-01-23,TQ25/86,96.211,5.631333,0.0,9.121251
130910,2022-01-24,NO20/14,36.84,4.7354994,0.0,7.1473136
130911,2022-01-24,TF81/2A,45.7,4.7354994,0.0,7.1473136
130912,2022-01-24,TL44/12,40.04,4.7354994,0.0,7.1473136
130913,2022-01-24,TL33/67,78.47,4.7354994,0.0,7.1473136
130914,2022-01-24,ID30/1,114.84124,4.7354994,0.0,7.1473136
130915,2022-01-24,SU01/5B,92.66,4.7354994,0.0,7.1473136
130916,2022-01-24,TL33/4,77.78,4.7354994,0.0,7.1473136
130917,2022-01-24,SJ15/13,80.13174,4.7354994,0.0,7.1473136
130918,2022-01-24,SU17/57,134.68,4.7354994,0.0,7.1473136
130919,2022-01-24,SE95/6,25.23,4.7354994,0.0,7.1473136
130920,2022-01-24,SU71/23,49.531,4.7354994,0.0,7.1473136
130921,2022-01-24,SK00/41,129.907,4.7354994,0.0,7.1473136
130922,2022-01-24,SU81/1,60.766,4.7354994,0.0,7.1473136
130923,2022-01-24,ST07/10,67.7556,4.7354994,0.0,7.1473136
130924,2022-01-24,SJ62/235,54.567,4.7354994,0.0,7.1473136
130925,2022-01-24,TR14/9,70.135,4.7354994,0.0,7.1473136
130926,2022-01-24,SP00/62,102.36,4.7354994,0.0,7.1473136
130927,2022-01-24,SN00/11,11.8915,4.7354994,0.0,7.1473136
130928,2022-01-24,TF03/37,15.69,4.7354994,0.0,7.1473136
130929,2022-01-24,SY68/34,69.943,4.7354994,0.0,7.1473136
130930,2022-01-24,TQ25/86,96.217,4.7354994,0.0,7.1473136
130931,2022-01-24,SE94/5,16.619,4.7354994,0.0,7.1473136
130932,2022-01-25,SJ15/13,80.12021,3.4750834,0.1,5.0700293
130933,2022-01-25,TF81/2A,45.73,3.4750834,0.1,5.0700293
130934,2022-01-25,NO20/14,36.84,3.4750834,0.1,5.0700293
130935,2022-01-25,TL33/67,78.5,3.4750834,0.1,5.0700293
130936,2022-01-25,ID30/1,114.795,3.4750834,0.1,5.0700293
130937,2022-01-25,TL44/12,40.061,3.4750834,0.1,5.0700293
130938,2022-01-25,TL33/4,77.78,3.4750834,0.1,5.0700293
130939,2022-01-25,SE95/6,25.17,3.4750834,0.1,5.0700293
130940,2022-01-25,SU17/57,134.78,3.4750834,0.1,5.0700293
130941,2022-01-25,SU01/5B,92.54,3.4750834,0.1,5.0700293
130942,2022-01-25,SE94/5,16.677,3.4750834,0.1,5.0700293
130943,2022-01-25,SU81/1,60.522,3.4750834,0.1,5.0700293
130944,2022-01-25,SJ62/235,54.564,3.4750834,0.1,5.0700293
130945,2022-01-25,SK00/41,129.907,3.4750834,0.1,5.0700293
130946,2022-01-25,SN00/11,11.8197,3.4750834,0.1,5.0700293
130947,2022-01-25,ST07/10,67.0071,3.4750834,0.1,5.0700293
130948,2022-01-25,TF03/37,15.681,3.4750834,0.1,5.0700293
130949,2022-01-25,SP00/62,102.317,3.4750834,0.1,5.0700293
130950,2022-01-25,SY68/34,69.93,3.4750834,0.1,5.0700293
130951,2022-01-25,TQ25/86,96.228,3.4750834,0.1,5.0700293
130952,2022-01-25,SU71/23,49.499,3.4750834,0.1,5.0700293
130953,2022-01-25,TR14/9,70.224,3.4750834,0.1,5.0700293
130954,2022-01-26,TF81/2A,45.76,6.4688334,1.4000001,13.148651
130955,2022-01-26,SU01/5B,92.4,6.4688334,1.4000001,13.148651
130956,2022-01-26,NO20/14,36.86,6.4688334,1.4000001,13.148651
130957,2022-01-26,SJ15/13,80.11642,6.4688334,1.4000001,13.148651
130958,2022-01-26,TL44/12,40.087,6.4688334,1.4000001,13.148651
130959,2022-01-26,SE95/6,25.12,6.4688334,1.4000001,13.148651
130960,2022-01-26,ID30/1,114.74375,6.4688334,1.4000001,13.148651
130961,2022-01-26,TL33/67,78.56,6.4688334,1.4000001,13.148651
130962,2022-01-26,TL33/4,77.79,6.4688334,1.4000001,13.148651
130963,2022-01-26,SU17/57,134.87,6.4688334,1.4000001,13.148651
130964,2022-01-26,SU71/23,49.459,6.4688334,1.4000001,13.148651
130965,2022-01-26,TR14/9,70.317,6.4688334,1.4000001,13.148651
130966,2022-01-26,ST07/10,66.3546,6.4688334,1.4000001,13.148651
130967,2022-01-26,SN00/11,11.7433,6.4688334,1.4000001,13.148651
130968,2022-01-26,SY68/34,69.915,6.4688334,1.4000001,13.148651
130969,2022-01-26,SJ62/235,54.57,6.4688334,1.4000001,13.148651
130970,2022-01-26,SK00/41,129.896,6.4688334,1.4000001,13.148651
130971,2022-01-26,TQ25/86,96.206,6.4688334,1.4000001,13.148651
130972,2022-01-26,SU81/1,60.277,6.4688334,1.4000001,13.148651
130973,2022-01-26,SP00/62,102.272,6.4688334,1.4000001,13.148651
130974,2022-01-26,SE94/5,16.74,6.4688334,1.4000001,13.148651
130975,2022-01-26,TF03/37,15.685,6.4688334,1.4000001,13.148651
130976,2022-01-27,ID30/1,114.70458,7.1209164,2.7,18.140633
130977,2022-01-27,TL44/12,40.111,7.1209164,2.7,18.140633
130978,2022-01-27,SJ15/13,80.13684,7.1209164,2.7,18.140633
130979,2022-01-27,TF81/2A,45.77,7.1209164,2.7,18.140633
130980,2022-01-27,TL33/4,77.79,7.1209164,2.7,18.140633
130981,2022-01-27,TL33/67,78.53,7.1209164,2.7,18.140633
130982,2022-01-27,SU01/5B,92.25,7.1209164,2.7,18.140633
130983,2022-01-27,SE95/6,25.06,7.1209164,2.7,18.140633
130984,2022-01-27,SU17/57,134.89,7.1209164,2.7,18.140633
130985,2022-01-27,NO20/14,36.81,7.1209164,2.7,18.140633
130986,2022-01-27,TF03/37,15.644,7.1209164,2.7,18.140633
130987,2022-01-27,SP00/62,102.219,7.1209164,2.7,18.140633
130988,2022-01-27,ST07/10,65.7492,7.1209164,2.7,18.140633
130989,2022-01-27,SY68/34,69.895,7.1209164,2.7,18.140633
130990,2022-01-27,TQ25/86,96.21,7.1209164,2.7,18.140633
130991,2022-01-27,SN00/11,11.6551,7.1209164,2.7,18.140633
130992,2022-01-27,SU81/1,60.021,7.1209164,2.7,18.140633
130993,2022-01-27,SK00/41,129.926,7.1209164,2.7,18.140633
130994,2022-01-27,SE94/5,16.787,7.1209164,2.7,18.140633
130995,2022-01-27,SU71/23,49.401,7.1209164,2.7,18.140633
130996,2022-01-27,SJ62/235,54.554,7.1209164,2.7,18.140633
130997,2022-01-27,TR14/9,70.384,7.1209164,2.7,18.140633
130998,2022-01-28,TL33/4,77.79,6.2188334,0.1,10.857181
130999,2022-01-28,ID30/1,114.655,6.2188334,0.1,10.857181
131000,2022-01-28,TL44/12,40.128,6.2188334,0.1,10.857181
131001,2022-01-28,SU17/57,135.0,6.2188334,0.1,10.857181
131002,2022-01-28,SE95/6,24.96,6.2188334,0.1,10.857181
131003,2022-01-28,SU01/5B,92.1,6.2188334,0.1,10.857181
131004,2022-01-28,NO20/14,36.78,6.2188334,0.1,10.857181
131005,2022-01-28,TL33/67,78.59,6.2188334,0.1,10.857181
131006,2022-01-28,SJ15/13,80.09516,6.2188334,0.1,10.857181
131007,2022-01-28,TF81/2A,45.8,6.2188334,0.1,10.857181
131008,2022-01-28,TQ25/86,96.216,6.2188334,0.1,10.857181
131009,2022-01-28,SN00/11,11.574,6.2188334,0.1,10.857181
131010,2022-01-28,SU71/23,49.325,6.2188334,0.1,10.857181
131011,2022-01-28,SE94/5,16.842,6.2188334,0.1,10.857181
131012,2022-01-28,TF03/37,15.668,6.2188334,0.1,10.857181
131013,2022-01-28,SK00/41,129.888,6.2188334,0.1,10.857181
131014,2022-01-28,ST07/10,65.1635,6.2188334,0.1,10.857181
131015,2022-01-28,SU81/1,59.753,6.2188334,0.1,10.857181
131016,2022-01-28,SP00/62,102.173,6.2188334,0.1,10.857181
131017,2022-01-28,SJ62/235,54.561,6.2188334,0.1,10.857181
131018,2022-01-28,TR14/9,70.469,6.2188334,0.1,10.857181
131019,2022-01-28,SY68/34,69.871,6.2188334,0.1,10.857181
131020,2022-01-28,NY63/2,130.714,6.2188334,0.1,10.857181
131021,2022-01-29,TL33/67,78.58,7.9542503,1.2,25.976982
131022,2022-01-29,SU17/57,135.02,7.9542503,1.2,25.976982
131023,2022-01-29,ID30/1,114.54166,7.9542503,1.2,25.976982
131024,2022-01-29,NO20/14,36.78,7.9542503,1.2,25.976982
131025,2022-01-29,SU01/5B,91.91,7.9542503,1.2,25.976982
131026,2022-01-29,TL44/12,40.15,7.9542503,1.2,25.976982
131027,2022-01-29,NY63/2,130.71,7.9542503,1.2,25.976982
131028,2022-01-29,TL33/4,77.8,7.9542503,1.2,25.976982
131029,2022-01-29,SE95/6,24.94,7.9542503,1.2,25.976982
131030,2022-01-29,SJ15/13,80.10837,7.9542503,1.2,25.976982
131031,2022-01-29,TF81/2A,45.81,7.9542503,1.2,25.976982
131032,2022-01-29,SJ62/235,54.548,7.9542503,1.2,25.976982
131033,2022-01-29,SU71/23,49.247,7.9542503,1.2,25.976982
131034,2022-01-29,SN00/11,11.4929,7.9542503,1.2,25.976982
131035,2022-01-29,TR14/9,70.543,7.9542503,1.2,25.976982
131036,2022-01-29,TQ25/86,96.227,7.9542503,1.2,25.976982
131037,2022-01-29,SU81/1,59.485,7.9542503,1.2,25.976982
131038,2022-01-29,SE94/5,16.891,7.9542503,1.2,25.976982
131039,2022-01-29,TF03/37,15.644,7.9542503,1.2,25.976982
131040,2022-01-29,SY68/34,69.845,7.9542503,1.2,25.976982
131041,2022-01-29,SP00/62,102.122,7.9542503,1.2,25.976982
131042,2022-01-29,SK00/41,129.913,7.9542503,1.2,25.976982
131043,2022-01-29,ST07/10,64.7772,7.9542503,1.2,25.976982
131044,2022-01-30,SU01/5B,91.74,3.7042496,8.1,16.288746
131045,2022-01-30,NY63/2,130.65,3.7042496,8.1,16.288746
131046,2022-01-30,SE95/6,24.83,3.7042496,8.1,16.288746
131047,2022-01-30,NO20/14,36.74,3.7042496,8.1,16.288746
131048,2022-01-30,ID30/1,114.50916,3.7042496,8.1,16.288746
131049,2022-01-30,TL44/12,40.173,3.7042496,8.1,16.288746
131050,2022-01-30,TL33/67,78.7,3.7042496,8.1,16.288746
131051,2022-01-30,TL33/4,77.8,3.7042496,8.1,16.288746
131052,2022-01-30,TF81/2A,45.85,3.7042496,8.1,16.288746
131053,2022-01-30,SJ15/13,80.07737,3.7042496,8.1,16.288746
131054,2022-01-30,SU17/57,135.09,3.7042496,8.1,16.288746
131055,2022-01-30,SE94/5,16.945,3.7042496,8.1,16.288746
131056,2022-01-30,SY68/34,69.817,3.7042496,8.1,16.288746
131057,2022-01-30,SJ62/235,54.561,3.7042496,8.1,16.288746
131058,2022-01-30,SU81/1,59.227,3.7042496,8.1,16.288746
131059,2022-01-30,SU71/23,49.162,3.7042496,8.1,16.288746
131060,2022-01-30,TF03/37,15.691,3.7042496,8.1,16.288746
131061,2022-01-30,TR14/9,70.615,3.7042496,8.1,16.288746
131062,2022-01-30,SN00/11,11.4195,3.7042496,8.1,16.288746
131063,2022-01-30,SP00/62,102.076,3.7042496,8.1,16.288746
131064,2022-01-30,TQ25/86,96.234,3.7042496,8.1,16.288746
131065,2022-01-30,ST07/10,64.3849,3.7042496,8.1,16.288746
131066,2022-01-30,SK00/41,129.918,3.7042496,8.1,16.288746
131067,2022-01-31,SJ15/13,80.10911,4.5834165,0.4,21.65426
131068,2022-01-31,TL33/4,77.81,4.5834165,0.4,21.65426
131069,2022-01-31,TF81/2A,45.86,4.5834165,0.4,21.65426
131070,2022-01-31,TA10/63,15.62,4.5834165,0.4,21.65426
131071,2022-01-31,ID30/1,114.49958,4.5834165,0.4,21.65426
131072,2022-01-31,SU01/5B,91.57,4.5834165,0.4,21.65426
131073,2022-01-31,TL33/67,78.65,4.5834165,0.4,21.65426
131074,2022-01-31,NY63/2,130.74,4.5834165,0.4,21.65426
131075,2022-01-31,SU17/57,135.02,4.5834165,0.4,21.65426
131076,2022-01-31,SE95/6,24.75,4.5834165,0.4,21.65426
131077,2022-01-31,TL44/12,40.221,4.5834165,0.4,21.65426
131078,2022-01-31,NO20/14,36.73,4.5834165,0.4,21.65426
131079,2022-01-31,ST07/10,64.0108,4.5834165,0.4,21.65426
131080,2022-01-31,SP00/62,102.048,4.5834165,0.4,21.65426
131081,2022-01-31,SE94/5,16.99,4.5834165,0.4,21.65426
131082,2022-01-31,SY68/34,69.784,4.5834165,0.4,21.65426
131083,2022-01-31,TQ25/86,96.245,4.5834165,0.4,21.65426
131084,2022-01-31,TR14/9,70.676,4.5834165,0.4,21.65426
131085,2022-01-31,SU71/23,49.064,4.5834165,0.4,21.65426
131086,2022-01-31,SK00/41,129.921,4.5834165,0.4,21.65426
131087,2022-01-31,TF03/37,15.619,4.5834165,0.4,21.65426
131088,2022-01-31,SN00/11,11.3311,4.5834165,0.4,21.65426
131089,2022-01-31,SU81/1,58.959,4.5834165,0.4,21.65426
131090,2022-02-01,NY63/2,130.7,8.706334,2.0,24.093943
131091,2022-02-01,TL33/4,77.81,8.706334,2.0,24.093943
131092,2022-02-01,SE95/6,24.67,8.706334,2.0,24.093943
131093,2022-02-01,SP00/62,102.017,8.706334,2.0,24.093943
131094,2022-02-01,ID30/1,114.56869,8.706334,2.0,24.093943
131095,2022-02-01,SU17/57,135.11,8.706334,2.0,24.093943
131096,2022-02-01,TF81/2A,45.88,8.706334,2.0,24.093943
131097,2022-02-01,SU01/5B,91.38,8.706334,2.0,24.093943
131098,2022-02-01,TL33/67,78.7,8.706334,2.0,24.093943
131099,2022-02-01,NO20/14,36.74,8.706334,2.0,24.093943
131100,2022-02-01,TL44/12,40.242,8.706334,2.0,24.093943
131101,2022-02-01,TR14/9,70.729,8.706334,2.0,24.093943
131102,2022-02-01,SE94/5,17.038,8.706334,2.0,24.093943
131103,2022-02-01,TQ25/86,96.252,8.706334,2.0,24.093943
131104,2022-02-01,ST07/10,63.6996,8.706334,2.0,24.093943
131105,2022-02-01,SU71/23,48.958,8.706334,2.0,24.093943
131106,2022-02-01,SN00/11,11.247,8.706334,2.0,24.093943
131107,2022-02-01,SJ62/235,54.55,8.706334,2.0,24.093943
131108,2022-02-01,SY68/34,69.75,8.706334,2.0,24.093943
131109,2022-02-01,TF03/37,15.589,8.706334,2.0,24.093943
131110,2022-02-01,SK00/41,129.927,8.706334,2.0,24.093943
131111,2022-02-01,SU81/1,58.69,8.706334,2.0,24.093943
131112,2022-02-02,TL33/4,77.82,8.86675,2.0000002,15.041898
131113,2022-02-02,TF81/2A,45.9,8.86675,2.0000002,15.041898
131114,2022-02-02,NY63/2,130.69,8.86675,2.0000002,15.041898
131115,2022-02-02,SU01/5B,91.19,8.86675,2.0000002,15.041898
131116,2022-02-02,SU17/57,135.12,8.86675,2.0000002,15.041898
131117,2022-02-02,SJ15/13,80.09437,8.86675,2.0000002,15.041898
131118,2022-02-02,TL33/67,78.72,8.86675,2.0000002,15.041898
131119,2022-02-02,NO20/14,36.71,8.86675,2.0000002,15.041898
131120,2022-02-02,SE95/6,24.58,8.86675,2.0000002,15.041898
131121,2022-02-02,ID30/1,114.6213,8.86675,2.0000002,15.041898
131122,2022-02-02,TL44/12,40.272,8.86675,2.0000002,15.041898
131123,2022-02-02,SY68/34,69.714,8.86675,2.0000002,15.041898
131124,2022-02-02,SU81/1,58.419,8.86675,2.0000002,15.041898
131125,2022-02-02,SK00/41,129.928,8.86675,2.0000002,15.041898
131126,2022-02-02,SJ62/235,54.551,8.86675,2.0000002,15.041898
131127,2022-02-02,SU71/23,48.84,8.86675,2.0000002,15.041898
131128,2022-02-02,TF03/37,15.558,8.86675,2.0000002,15.041898
131129,2022-02-02,SE94/5,17.08,8.86675,2.0000002,15.041898
131130,2022-02-02,ST07/10,63.426,8.86675,2.0000002,15.041898
131131,2022-02-02,TQ25/86,96.265,8.86675,2.0000002,15.041898
131132,2022-02-02,TR14/9,70.791,8.86675,2.0000002,15.041898
131133,2022-02-02,SN00/11,11.1668,8.86675,2.0000002,15.041898
131134,2022-02-03,TL33/67,78.8,8.235501,5.2000003,16.677631
131135,2022-02-03,ID30/1,114.6525,8.235501,5.2000003,16.677631
131136,2022-02-03,SE95/6,24.47,8.235501,5.2000003,16.677631
131137,2022-02-03,NY63/2,130.71,8.235501,5.2000003,16.677631
131138,2022-02-03,NO20/14,36.74,8.235501,5.2000003,16.677631
131139,2022-02-03,TL33/4,77.83,8.235501,5.2000003,16.677631
131140,2022-02-03,SU01/5B,90.99,8.235501,5.2000003,16.677631
131141,2022-02-03,TF81/2A,45.93,8.235501,5.2000003,16.677631
131142,2022-02-03,SJ15/13,80.10753,8.235501,5.2000003,16.677631
131143,2022-02-03,SU17/57,135.11,8.235501,5.2000003,16.677631
131144,2022-02-03,SN00/11,11.0822,8.235501,5.2000003,16.677631
131145,2022-02-03,SY68/34,69.678,8.235501,5.2000003,16.677631
131146,2022-02-03,SK00/41,129.952,8.235501,5.2000003,16.677631
131147,2022-02-03,TQ25/86,96.264,8.235501,5.2000003,16.677631
131148,2022-02-03,SU81/1,58.17,8.235501,5.2000003,16.677631
131149,2022-02-03,TR14/9,70.85,8.235501,5.2000003,16.677631
131150,2022-02-03,SU71/23,48.726,8.235501,5.2000003,16.677631
131151,2022-02-03,TF03/37,15.577,8.235501,5.2000003,16.677631
131152,2022-02-03,ST07/10,63.2004,8.235501,5.2000003,16.677631
131153,2022-02-03,TL44/12,40.301,8.235501,5.2000003,16.677631
131154,2022-02-03,SE94/5,17.134,8.235501,5.2000003,16.677631
131155,2022-02-03,SJ62/235,54.56,8.235501,5.2000003,16.677631
131156,2022-02-04,SU01/5B,90.82,3.4917498,8.0,17.620832
131157,2022-02-04,NY63/2,130.75,3.4917498,8.0,17.620832
131158,2022-02-04,NO20/14,36.71,3.4917498,8.0,17.620832
131159,2022-02-04,ID30/1,114.66083,3.4917498,8.0,17.620832
131160,2022-02-04,TL33/67,78.75,3.4917498,8.0,17.620832
131161,2022-02-04,SE95/6,24.38,3.4917498,8.0,17.620832
131162,2022-02-04,TL33/4,77.83,3.4917498,8.0,17.620832
131163,2022-02-04,TF81/2A,45.93,3.4917498,8.0,17.620832
131164,2022-02-04,SU17/57,135.05,3.4917498,8.0,17.620832
131165,2022-02-04,SJ15/13,80.13305,3.4917498,8.0,17.620832
131166,2022-02-04,SK00/41,129.946,3.4917498,8.0,17.620832
131167,2022-02-04,TQ25/86,96.271,3.4917498,8.0,17.620832
131168,2022-02-04,TR14/9,70.881,3.4917498,8.0,17.620832
131169,2022-02-04,SE94/5,17.169,3.4917498,8.0,17.620832
131170,2022-02-04,TL44/12,40.318,3.4917498,8.0,17.620832
131171,2022-02-04,TF03/37,15.525,3.4917498,8.0,17.620832
131172,2022-02-04,SU71/23,48.576,3.4917498,8.0,17.620832
131173,2022-02-04,SJ62/235,54.542,3.4917498,8.0,17.620832
131174,2022-02-04,SY68/34,69.631,3.4917498,8.0,17.620832
131175,2022-02-04,SU81/1,57.896,3.4917498,8.0,17.620832
131176,2022-02-04,ST07/10,62.9663,3.4917498,8.0,17.620832
131177,2022-02-04,SN00/11,11.001,3.4917498,8.0,17.620832
131178,2022-02-05,TL33/67,78.83,5.400083,15.5,22.749823
131179,2022-02-05,TF81/2A,45.96,5.400083,15.5,22.749823
131180,2022-02-05,SU01/5B,90.62,5.400083,15.5,22.749823
131181,2022-02-05,SJ15/13,80.10511,5.400083,15.5,22.749823
131182,2022-02-05,ID30/1,114.82666,5.400083,15.5,22.749823
131183,2022-02-05,NY63/2,130.68,5.400083,15.5,22.749823
131184,2022-02-05,SE95/6,24.26,5.400083,15.5,22.749823
131185,2022-02-05,TL33/4,77.84,5.400083,15.5,22.749823
131186,2022-02-05,SU17/57,135.15,5.400083,15.5,22.749823
131187,2022-02-05,NO20/14,36.7,5.400083,15.5,22.749823
131188,2022-02-05,TR14/9,70.936,5.400083,15.5,22.749823
131189,2022-02-05,SE94/5,17.213,5.400083,15.5,22.749823
131190,2022-02-05,TL44/12,40.347,5.400083,15.5,22.749823
131191,2022-02-05,SJ62/235,54.559,5.400083,15.5,22.749823
131192,2022-02-05,SU71/23,48.42,5.400083,15.5,22.749823
131193,2022-02-05,SK00/41,129.942,5.400083,15.5,22.749823
131194,2022-02-05,SY68/34,69.585,5.400083,15.5,22.749823
131195,2022-02-05,SU81/1,57.616,5.400083,15.5,22.749823
131196,2022-02-05,SN00/11,10.9224,5.400083,15.5,22.749823
131197,2022-02-05,TF03/37,15.557,5.400083,15.5,22.749823
131198,2022-02-05,ST07/10,62.8969,5.400083,15.5,22.749823
131199,2022-02-05,TQ25/86,96.273,5.400083,15.5,22.749823
131200,2022-02-06,NY63/2,130.75,3.789666,9.999999,22.945618
131201,2022-02-06,NO20/14,36.69,3.789666,9.999999,22.945618
131202,2022-02-06,SJ15/13,80.18504,3.789666,9.999999,22.945618
131203,2022-02-06,SE95/6,24.2,3.789666,9.999999,22.945618
131204,2022-02-06,TF81/2A,45.96,3.789666,9.999999,22.945618
131205,2022-02-06,SU17/57,135.09,3.789666,9.999999,22.945618
131206,2022-02-06,TL33/67,78.8,3.789666,9.999999,22.945618
131207,2022-02-06,TL33/4,77.85,3.789666,9.999999,22.945618
131208,2022-02-06,SU01/5B,90.4,3.789666,9.999999,22.945618
131209,2022-02-06,ID30/1,115.44916,3.789666,9.999999,22.945618
131210,2022-02-06,ST07/10,64.9668,3.789666,9.999999,22.945618
131211,2022-02-06,TQ25/86,96.26,3.789666,9.999999,22.945618
131212,2022-02-06,SE94/5,17.243,3.789666,9.999999,22.945618
131213,2022-02-06,TF03/37,15.466,3.789666,9.999999,22.945618
131214,2022-02-06,SY68/34,69.541,3.789666,9.999999,22.945618
131215,2022-02-06,SU81/1,57.349,3.789666,9.999999,22.945618
131216,2022-02-06,SU71/23,48.271,3.789666,9.999999,22.945618
131217,2022-02-06,TR14/9,70.943,3.789666,9.999999,22.945618
131218,2022-02-06,SK00/41,129.948,3.789666,9.999999,22.945618
131219,2022-02-06,SN00/11,10.8363,3.789666,9.999999,22.945618
131220,2022-02-06,SJ62/235,54.542,3.789666,9.999999,22.945618
131221,2022-02-06,TL44/12,40.346,3.789666,9.999999,22.945618
131222,2022-02-07,TL33/4,77.86,4.5521665,1.5000001,13.231144
131223,2022-02-07,SU01/5B,90.2,4.5521665,1.5000001,13.231144
131224,2022-02-07,NY63/2,130.67,4.5521665,1.5000001,13.231144
131225,2022-02-07,TL33/67,78.78,4.5521665,1.5000001,13.231144
131226,2022-02-07,ID30/1,115.79833,4.5521665,1.5000001,13.231144
131227,2022-02-07,SE95/6,24.08,4.5521665,1.5000001,13.231144
131228,2022-02-07,SJ15/13,80.25947,4.5521665,1.5000001,13.231144
131229,2022-02-07,TF81/2A,45.96,4.5521665,1.5000001,13.231144
131230,2022-02-07,NO20/14,36.63,4.5521665,1.5000001,13.231144
131231,2022-02-07,SU17/57,135.16,4.5521665,1.5000001,13.231144
131232,2022-02-07,TL44/12,40.352,4.5521665,1.5000001,13.231144
131233,2022-02-07,SK00/41,129.908,4.5521665,1.5000001,13.231144
131234,2022-02-07,TR14/9,70.975,4.5521665,1.5000001,13.231144
131235,2022-02-07,SU81/1,57.031,4.5521665,1.5000001,13.231144
131236,2022-02-07,SU71/23,48.082,4.5521665,1.5000001,13.231144
131237,2022-02-07,ST07/10,66.5251,4.5521665,1.5000001,13.231144
131238,2022-02-07,SJ62/235,54.541,4.5521665,1.5000001,13.231144
131239,2022-02-07,TF03/37,15.386,4.5521665,1.5000001,13.231144
131240,2022-02-07,SE94/5,17.263,4.5521665,1.5000001,13.231144
131241,2022-02-07,SN00/11,10.732,4.5521665,1.5000001,13.231144
131242,2022-02-07,TQ25/86,96.26,4.5521665,1.5000001,13.231144
131243,2022-02-07,SY68/34,69.485,4.5521665,1.5000001,13.231144
131244,2022-02-08,NY63/2,130.7,8.9355,5.2,15.669088
131245,2022-02-08,SP00/62,101.739,8.9355,5.2,15.669088
131246,2022-02-08,SJ15/13,80.26816,8.9355,5.2,15.669088
131247,2022-02-08,TL33/67,78.82,8.9355,5.2,15.669088
131248,2022-02-08,NO20/14,36.64,8.9355,5.2,15.669088
131249,2022-02-08,SU01/5B,89.94,8.9355,5.2,15.669088
131250,2022-02-08,SE95/6,23.95,8.9355,5.2,15.669088
131251,2022-02-08,TF81/2A,45.97,8.9355,5.2,15.669088
131252,2022-02-08,SU17/57,135.23,8.9355,5.2,15.669088
131253,2022-02-08,ID30/1,115.95083,8.9355,5.2,15.669088
131254,2022-02-08,TL33/4,77.87,8.9355,5.2,15.669088
131255,2022-02-08,SU81/1,56.735,8.9355,5.2,15.669088
131256,2022-02-08,TL44/12,40.368,8.9355,5.2,15.669088
131257,2022-02-08,SJ62/235,54.545,8.9355,5.2,15.669088
131258,2022-02-08,SE94/5,17.293,8.9355,5.2,15.669088
131259,2022-02-08,ST07/10,66.9266,8.9355,5.2,15.669088
131260,2022-02-08,SK00/41,129.907,8.9355,5.2,15.669088
131261,2022-02-08,SN00/11,10.6472,8.9355,5.2,15.669088
131262,2022-02-08,SY68/34,69.434,8.9355,5.2,15.669088
131263,2022-02-08,TF03/37,15.365,8.9355,5.2,15.669088
131264,2022-02-08,TR14/9,71.005,8.9355,5.2,15.669088
131265,2022-02-08,SU71/23,47.915,8.9355,5.2,15.669088
131266,2022-02-08,TQ25/86,96.26,8.9355,5.2,15.669088
131267,2022-02-09,SU17/57,135.22,5.6229997,1.8000002,16.84456
131268,2022-02-09,TL33/67,78.87,5.6229997,1.8000002,16.84456
131269,2022-02-09,NY63/2,130.7,5.6229997,1.8000002,16.84456
131270,2022-02-09,NO20/14,36.64,5.6229997,1.8000002,16.84456
131271,2022-02-09,SE95/6,23.88,5.6229997,1.8000002,16.84456
131272,2022-02-09,SU01/5B,89.7,5.6229997,1.8000002,16.84456
131273,2022-02-09,TF81/2A,45.99,5.6229997,1.8000002,16.84456
131274,2022-02-09,SJ15/13,80.26784,5.6229997,1.8000002,16.84456
131275,2022-02-09,TL33/4,77.87,5.6229997,1.8000002,16.84456
131276,2022-02-09,ID30/1,115.9875,5.6229997,1.8000002,16.84456
131277,2022-02-09,TR14/9,71.045,5.6229997,1.8000002,16.84456
131278,2022-02-09,SJ62/235,54.544,5.6229997,1.8000002,16.84456
131279,2022-02-09,TQ25/86,96.254,5.6229997,1.8000002,16.84456
131280,2022-02-09,SU81/1,56.465,5.6229997,1.8000002,16.84456
131281,2022-02-09,SN00/11,10.5724,5.6229997,1.8000002,16.84456
131282,2022-02-09,SK00/41,129.91,5.6229997,1.8000002,16.84456
131283,2022-02-09,TF03/37,15.342,5.6229997,1.8000002,16.84456
131284,2022-02-09,ST07/10,66.9097,5.6229997,1.8000002,16.84456
131285,2022-02-09,SE94/5,17.323,5.6229997,1.8000002,16.84456
131286,2022-02-09,TL44/12,40.384,5.6229997,1.8000002,16.84456
131287,2022-02-09,SY68/34,69.383,5.6229997,1.8000002,16.84456
131288,2022-02-09,SU71/23,47.747,5.6229997,1.8000002,16.84456
131289,2022-02-10,TF81/2A,45.99,3.2938335,1.1,17.69774
131290,2022-02-10,SU17/57,135.18,3.2938335,1.1,17.69774
131291,2022-02-10,SE95/6,23.77,3.2938335,1.1,17.69774
131292,2022-02-10,ID30/1,115.95124,3.2938335,1.1,17.69774
131293,2022-02-10,SU01/5B,89.49,3.2938335,1.1,17.69774
131294,2022-02-10,TL33/4,77.88,3.2938335,1.1,17.69774
131295,2022-02-10,SJ15/13,80.25326,3.2938335,1.1,17.69774
131296,2022-02-10,NY63/2,130.7,3.2938335,1.1,17.69774
131297,2022-02-10,TL33/67,78.86,3.2938335,1.1,17.69774
131298,2022-02-10,NO20/14,36.63,3.2938335,1.1,17.69774
131299,2022-02-10,TL44/12,40.389,3.2938335,1.1,17.69774
131300,2022-02-10,TR14/9,71.045,3.2938335,1.1,17.69774
131301,2022-02-10,SE94/5,17.346,3.2938335,1.1,17.69774
131302,2022-02-10,SK00/41,129.904,3.2938335,1.1,17.69774
131303,2022-02-10,TQ25/86,96.242,3.2938335,1.1,17.69774
131304,2022-02-10,SU71/23,47.56,3.2938335,1.1,17.69774
131305,2022-02-10,SN00/11,10.4846,3.2938335,1.1,17.69774
131306,2022-02-10,ST07/10,66.6586,3.2938335,1.1,17.69774
131307,2022-02-10,SY68/34,69.326,3.2938335,1.1,17.69774
131308,2022-02-10,SJ62/235,54.535,3.2938335,1.1,17.69774
131309,2022-02-10,TF03/37,15.298,3.2938335,1.1,17.69774
131310,2022-02-10,SU81/1,56.187,3.2938335,1.1,17.69774
131311,2022-02-11,TF81/2A,45.99,2.2042499,0.2,12.321216
131312,2022-02-11,ID30/1,115.905,2.2042499,0.2,12.321216
131313,2022-02-11,SJ15/13,80.21784,2.2042499,0.2,12.321216
131314,2022-02-11,NY63/2,130.66,2.2042499,0.2,12.321216
131315,2022-02-11,SE95/6,23.65,2.2042499,0.2,12.321216
131316,2022-02-11,TL33/67,78.86,2.2042499,0.2,12.321216
131317,2022-02-11,TL33/4,77.89,2.2042499,0.2,12.321216
131318,2022-02-11,SU01/5B,89.27,2.2042499,0.2,12.321216
131319,2022-02-11,NO20/14,36.59,2.2042499,0.2,12.321216
131320,2022-02-11,SU17/57,135.22,2.2042499,0.2,12.321216
131321,2022-02-11,TF03/37,15.264,2.2042499,0.2,12.321216
131322,2022-02-11,SE94/5,17.363,2.2042499,0.2,12.321216
131323,2022-02-11,ST07/10,66.298,2.2042499,0.2,12.321216
131324,2022-02-11,SU71/23,47.366,2.2042499,0.2,12.321216
131325,2022-02-11,SY68/34,69.267,2.2042499,0.2,12.321216
131326,2022-02-11,SK00/41,129.891,2.2042499,0.2,12.321216
131327,2022-02-11,SU81/1,55.905,2.2042499,0.2,12.321216
131328,2022-02-11,TR14/9,71.085,2.2042499,0.2,12.321216
131329,2022-02-11,SJ62/235,54.542,2.2042499,0.2,12.321216
131330,2022-02-11,SN00/11,10.4082,2.2042499,0.2,12.321216
131331,2022-02-11,TQ25/86,96.254,2.2042499,0.2,12.321216
131332,2022-02-11,TL44/12,40.416,2.2042499,0.2,12.321216
131333,2022-02-12,TF81/2A,46.03,5.9771667,16.7,23.899075
131334,2022-02-12,TL33/4,77.9,5.9771667,16.7,23.899075
131335,2022-02-12,TL33/67,78.99,5.9771667,16.7,23.899075
131336,2022-02-12,NY63/2,130.7,5.9771667,16.7,23.899075
131337,2022-02-12,ID30/1,115.88583,5.9771667,16.7,23.899075
131338,2022-02-12,SJ15/13,80.24642,5.9771667,16.7,23.899075
131339,2022-02-12,SU01/5B,89.05,5.9771667,16.7,23.899075
131340,2022-02-12,NO20/14,36.66,5.9771667,16.7,23.899075
131341,2022-02-12,SE95/6,23.51,5.9771667,16.7,23.899075
131342,2022-02-12,SU17/57,135.22,5.9771667,16.7,23.899075
131343,2022-02-12,TR14/9,71.141,5.9771667,16.7,23.899075
131344,2022-02-12,SN00/11,10.3888,5.9771667,16.7,23.899075
131345,2022-02-12,TF03/37,15.322,5.9771667,16.7,23.899075
131346,2022-02-12,ST07/10,65.9371,5.9771667,16.7,23.899075
131347,2022-02-12,SK00/41,129.931,5.9771667,16.7,23.899075
131348,2022-02-12,SU71/23,47.207,5.9771667,16.7,23.899075
131349,2022-02-12,SE94/5,17.406,5.9771667,16.7,23.899075
131350,2022-02-12,SU81/1,55.671,5.9771667,16.7,23.899075
131351,2022-02-12,SJ62/235,54.567,5.9771667,16.7,23.899075
131352,2022-02-12,TL44/12,40.468,5.9771667,16.7,23.899075
131353,2022-02-12,SY68/34,69.215,5.9771667,16.7,23.899075
131354,2022-02-12,TQ25/86,96.275,5.9771667,16.7,23.899075
131355,2022-02-13,ID30/1,115.89666,7.464668,12.800001,16.032566
131356,2022-02-13,TF81/2A,46.06,7.464668,12.800001,16.032566
131357,2022-02-13,SE95/6,23.47,7.464668,12.800001,16.032566
131358,2022-02-13,SU17/57,135.06,7.464668,12.800001,16.032566
131359,2022-02-13,TL33/67,79.11,7.464668,12.800001,16.032566
131360,2022-02-13,SU01/5B,88.88,7.464668,12.800001,16.032566
131361,2022-02-13,NO20/14,36.68,7.464668,12.800001,16.032566
131362,2022-02-13,TL33/4,77.91,7.464668,12.800001,16.032566
131363,2022-02-13,SJ15/13,80.29153,7.464668,12.800001,16.032566
131364,2022-02-13,NY63/2,130.76,7.464668,12.800001,16.032566
131365,2022-02-13,ST07/10,65.6409,7.464668,12.800001,16.032566
131366,2022-02-13,SN00/11,10.5475,7.464668,12.800001,16.032566
131367,2022-02-13,SJ62/235,54.583,7.464668,12.800001,16.032566
131368,2022-02-13,TF03/37,15.355,7.464668,12.800001,16.032566
131369,2022-02-13,TQ25/86,96.268,7.464668,12.800001,16.032566
131370,2022-02-13,SY68/34,69.182,7.464668,12.800001,16.032566
131371,2022-02-13,SU81/1,55.475,7.464668,12.800001,16.032566
131372,2022-02-13,SK00/41,129.981,7.464668,12.800001,16.032566
131373,2022-02-13,TR14/9,71.155,7.464668,12.800001,16.032566
131374,2022-02-13,TL44/12,40.505,7.464668,12.800001,16.032566
131375,2022-02-13,SE94/5,17.453,7.464668,12.800001,16.032566
131376,2022-02-13,SU71/23,47.07,7.464668,12.800001,16.032566
131377,2022-02-14,NO20/14,36.67,5.158417,9.800002,14.596636
131378,2022-02-14,SE95/6,23.39,5.158417,9.800002,14.596636
131379,2022-02-14,SU17/57,134.89,5.158417,9.800002,14.596636
131380,2022-02-14,TF81/2A,46.03,5.158417,9.800002,14.596636
131381,2022-02-14,NY63/2,130.81,5.158417,9.800002,14.596636
131382,2022-02-14,ID30/1,115.90249,5.158417,9.800002,14.596636
131383,2022-02-14,SJ15/13,80.32742,5.158417,9.800002,14.596636
131384,2022-02-14,TL33/67,78.98,5.158417,9.800002,14.596636
131385,2022-02-14,TL33/4,77.92,5.158417,9.800002,14.596636
131386,2022-02-14,SU01/5B,88.78,5.158417,9.800002,14.596636
131387,2022-02-14,TF03/37,15.232,5.158417,9.800002,14.596636
131388,2022-02-14,SJ62/235,54.553,5.158417,9.800002,14.596636
131389,2022-02-14,ST07/10,65.1854,5.158417,9.800002,14.596636
131390,2022-02-14,SE94/5,17.467,5.158417,9.800002,14.596636
131391,2022-02-14,SN00/11,10.7132,5.158417,9.800002,14.596636
131392,2022-02-14,SU81/1,55.253,5.158417,9.800002,14.596636
131393,2022-02-14,TR14/9,71.162,5.158417,9.800002,14.596636
131394,2022-02-14,SK00/41,129.961,5.158417,9.800002,14.596636
131395,2022-02-14,SU71/23,46.897,5.158417,9.800002,14.596636
131396,2022-02-14,TL44/12,40.523,5.158417,9.800002,14.596636
131397,2022-02-14,TQ25/86,96.281,5.158417,9.800002,14.596636
131398,2022-02-14,SY68/34,69.134,5.158417,9.800002,14.596636
131399,2022-02-15,TF81/2A,46.06,5.1084166,7.4,16.101742
131400,2022-02-15,NO20/14,36.68,5.1084166,7.4,16.101742
131401,2022-02-15,ID30/1,115.97041,5.1084166,7.4,16.101742
131402,2022-02-15,SP00/62,101.807,5.1084166,7.4,16.101742
131403,2022-02-15,SJ15/13,80.272,5.1084166,7.4,16.101742
131404,2022-02-15,SE95/6,23.27,5.1084166,7.4,16.101742
131405,2022-02-15,TL33/4,77.93,5.1084166,7.4,16.101742
131406,2022-02-15,NY63/2,130.74,5.1084166,7.4,16.101742
131407,2022-02-15,TL33/67,79.07,5.1084166,7.4,16.101742
131408,2022-02-15,SU17/57,135.03,5.1084166,7.4,16.101742
131409,2022-02-15,SU01/5B,88.61,5.1084166,7.4,16.101742
131410,2022-02-15,SN00/11,11.082,5.1084166,7.4,16.101742
131411,2022-02-15,SU81/1,55.025,5.1084166,7.4,16.101742
131412,2022-02-15,SU71/23,46.726,5.1084166,7.4,16.101742
131413,2022-02-15,SK00/41,129.956,5.1084166,7.4,16.101742
131414,2022-02-15,ST07/10,65.8049,5.1084166,7.4,16.101742
131415,2022-02-15,SJ62/235,54.575,5.1084166,7.4,16.101742
131416,2022-02-15,SY68/34,69.096,5.1084166,7.4,16.101742
131417,2022-02-15,TQ25/86,96.293,5.1084166,7.4,16.101742
131418,2022-02-15,TL44/12,40.555,5.1084166,7.4,16.101742
131419,2022-02-15,SE94/5,17.497,5.1084166,7.4,16.101742
131420,2022-02-15,TF03/37,15.235,5.1084166,7.4,16.101742
131421,2022-02-15,TR14/9,71.195,5.1084166,7.4,16.101742
131422,2022-02-16,NO20/14,36.76,8.739666,16.1,28.174397
131423,2022-02-16,SJ15/13,80.34579,8.739666,16.1,28.174397
131424,2022-02-16,NY63/2,130.82,8.739666,16.1,28.174397
131425,2022-02-16,ID30/1,116.11875,8.739666,16.1,28.174397
131426,2022-02-16,TL33/67,79.08,8.739666,16.1,28.174397
131427,2022-02-16,SE95/6,23.21,8.739666,16.1,28.174397
131428,2022-02-16,TF81/2A,46.07,8.739666,16.1,28.174397
131429,2022-02-16,TL33/4,77.95,8.739666,16.1,28.174397
131430,2022-02-16,SU01/5B,88.42,8.739666,16.1,28.174397
131431,2022-02-16,SU17/57,134.91,8.739666,16.1,28.174397
131432,2022-02-16,TR14/9,71.185,8.739666,16.1,28.174397
131433,2022-02-16,SN00/11,11.6468,8.739666,16.1,28.174397
131434,2022-02-16,SK00/41,129.969,8.739666,16.1,28.174397
131435,2022-02-16,SE94/5,17.528,8.739666,16.1,28.174397
131436,2022-02-16,TL44/12,40.563,8.739666,16.1,28.174397
131437,2022-02-16,SY68/34,69.049,8.739666,16.1,28.174397
131438,2022-02-16,SU81/1,54.792,8.739666,16.1,28.174397
131439,2022-02-16,SJ62/235,54.576,8.739666,16.1,28.174397
131440,2022-02-16,TF03/37,15.214,8.739666,16.1,28.174397
131441,2022-02-16,ST07/10,68.9581,8.739666,16.1,28.174397
131442,2022-02-16,SU71/23,46.555,8.739666,16.1,28.174397
131443,2022-02-16,TQ25/86,96.288,8.739666,16.1,28.174397
131444,2022-02-17,NO20/14,36.71,4.298,3.4999998,20.16062
131445,2022-02-17,SJ15/13,80.33453,4.298,3.4999998,20.16062
131446,2022-02-17,ID30/1,116.23125,4.298,3.4999998,20.16062
131447,2022-02-17,NY63/2,130.82,4.298,3.4999998,20.16062
131448,2022-02-17,TL33/4,77.96,4.298,3.4999998,20.16062
131449,2022-02-17,SU17/57,134.91,4.298,3.4999998,20.16062
131450,2022-02-17,TL33/67,79.03,4.298,3.4999998,20.16062
131451,2022-02-17,SU01/5B,88.27,4.298,3.4999998,20.16062
131452,2022-02-17,TF81/2A,46.05,4.298,3.4999998,20.16062
131453,2022-02-17,SE95/6,23.1,4.298,3.4999998,20.16062
131454,2022-02-17,SU71/23,46.367,4.298,3.4999998,20.16062
131455,2022-02-17,SN00/11,11.9621,4.298,3.4999998,20.16062
131456,2022-02-17,TR14/9,71.199,4.298,3.4999998,20.16062
131457,2022-02-17,SY68/34,68.996,4.298,3.4999998,20.16062
131458,2022-02-17,TF03/37,15.185,4.298,3.4999998,20.16062
131459,2022-02-17,SE94/5,17.534,4.298,3.4999998,20.16062
131460,2022-02-17,SK00/41,129.939,4.298,3.4999998,20.16062
131461,2022-02-17,TQ25/86,96.298,4.298,3.4999998,20.16062
131462,2022-02-17,SU81/1,54.532,4.298,3.4999998,20.16062
131463,2022-02-17,SJ62/235,54.577,4.298,3.4999998,20.16062
131464,2022-02-17,TL44/12,40.592,4.298,3.4999998,20.16062
131465,2022-02-17,ST07/10,71.3386,4.298,3.4999998,20.16062
131466,2022-02-17,TV59/7C,1.78,4.298,3.4999998,20.16062
131467,2022-02-18,SE95/6,23.04,3.7729998,16.2,25.763273
131468,2022-02-18,SU17/57,134.93,3.7729998,16.2,25.763273
131469,2022-02-18,ID30/1,116.43291,3.7729998,16.2,25.763273
131470,2022-02-18,NO20/14,36.78,3.7729998,16.2,25.763273
131471,2022-02-18,SJ15/13,80.34584,3.7729998,16.2,25.763273
131472,2022-02-18,SU01/5B,88.08,3.7729998,16.2,25.763273
131473,2022-02-18,NY63/2,130.79,3.7729998,16.2,25.763273
131474,2022-02-18,TL33/4,77.97,3.7729998,16.2,25.763273
131475,2022-02-18,TL33/67,79.06,3.7729998,16.2,25.763273
131476,2022-02-18,TF81/2A,46.06,3.7729998,16.2,25.763273
131477,2022-02-18,SE94/5,17.598,3.7729998,16.2,25.763273
131478,2022-02-18,SU81/1,54.297,3.7729998,16.2,25.763273
131479,2022-02-18,SY68/34,68.944,3.7729998,16.2,25.763273
131480,2022-02-18,TQ25/86,96.295,3.7729998,16.2,25.763273
131481,2022-02-18,SJ62/235,54.576,3.7729998,16.2,25.763273
131482,2022-02-18,TF03/37,15.23,3.7729998,16.2,25.763273
131483,2022-02-18,SK00/41,129.955,3.7729998,16.2,25.763273
131484,2022-02-18,SN00/11,12.2681,3.7729998,16.2,25.763273
131485,2022-02-18,SU71/23,46.195,3.7729998,16.2,25.763273
131486,2022-02-18,TR14/9,71.184,3.7729998,16.2,25.763273
131487,2022-02-18,ST07/10,71.8035,3.7729998,16.2,25.763273
131488,2022-02-18,TL44/12,40.603,3.7729998,16.2,25.763273
131489,2022-02-19,SJ15/13,80.38305,3.0771668,1.7,13.800693
131490,2022-02-19,ID30/1,116.62958,3.0771668,1.7,13.800693
131491,2022-02-19,TL33/67,79.08,3.0771668,1.7,13.800693
131492,2022-02-19,TF81/2A,46.06,3.0771668,1.7,13.800693
131493,2022-02-19,SE95/6,22.99,3.0771668,1.7,13.800693
131494,2022-02-19,TL33/4,77.98,3.0771668,1.7,13.800693
131495,2022-02-19,SU17/57,134.95,3.0771668,1.7,13.800693
131496,2022-02-19,NO20/14,36.77,3.0771668,1.7,13.800693
131497,2022-02-19,NY63/2,130.79,3.0771668,1.7,13.800693
131498,2022-02-19,SU01/5B,87.96,3.0771668,1.7,13.800693
131499,2022-02-19,TQ25/86,96.305,3.0771668,1.7,13.800693
131500,2022-02-19,TL44/12,40.642,3.0771668,1.7,13.800693
131501,2022-02-19,SU71/23,46.011,3.0771668,1.7,13.800693
131502,2022-02-19,SJ62/235,54.591,3.0771668,1.7,13.800693
131503,2022-02-19,SN00/11,12.3769,3.0771668,1.7,13.800693
131504,2022-02-19,TR14/9,71.204,3.0771668,1.7,13.800693
131505,2022-02-19,SY68/34,68.888,3.0771668,1.7,13.800693
131506,2022-02-19,TF03/37,15.226,3.0771668,1.7,13.800693
131507,2022-02-19,ST07/10,71.6205,3.0771668,1.7,13.800693
131508,2022-02-19,SK00/41,129.926,3.0771668,1.7,13.800693
131509,2022-02-19,SE94/5,17.639,3.0771668,1.7,13.800693
131510,2022-02-19,SU81/1,54.046,3.0771668,1.7,13.800693
131511,2022-02-20,TL33/4,77.99,6.923002,35.2,25.789412
131512,2022-02-20,TL33/67,79.17,6.923002,35.2,25.789412
131513,2022-02-20,SU17/57,134.92,6.923002,35.2,25.789412
131514,2022-02-20,TF81/2A,46.09,6.923002,35.2,25.789412
131515,2022-02-20,SE95/6,22.99,6.923002,35.2,25.789412
131516,2022-02-20,SU01/5B,87.8,6.923002,35.2,25.789412
131517,2022-02-20,NY63/2,130.82,6.923002,35.2,25.789412
131518,2022-02-20,SJ15/13,80.44258,6.923002,35.2,25.789412
131519,2022-02-20,ID30/1,117.855,6.923002,35.2,25.789412
131520,2022-02-20,NO20/14,36.86,6.923002,35.2,25.789412
131521,2022-02-20,SJ62/235,54.612,6.923002,35.2,25.789412
131522,2022-02-20,SU81/1,53.836,6.923002,35.2,25.789412
131523,2022-02-20,TQ25/86,96.293,6.923002,35.2,25.789412
131524,2022-02-20,TL44/12,40.676,6.923002,35.2,25.789412
131525,2022-02-20,SE94/5,17.737,6.923002,35.2,25.789412
131526,2022-02-20,SK00/41,129.959,6.923002,35.2,25.789412
131527,2022-02-20,TF03/37,15.293,6.923002,35.2,25.789412
131528,2022-02-20,ST07/10,72.4325,6.923002,35.2,25.789412
131529,2022-02-20,SU71/23,45.851,6.923002,35.2,25.789412
131530,2022-02-20,SN00/11,12.3722,6.923002,35.2,25.789412
131531,2022-02-20,SY68/34,68.836,6.923002,35.2,25.789412
131532,2022-02-20,TR14/9,71.184,6.923002,35.2,25.789412
131533,2022-02-21,NY63/2,130.94,5.3063335,7.199999,23.400572
131534,2022-02-21,SJ15/13,80.55868,5.3063335,7.199999,23.400572
131535,2022-02-21,SU01/5B,87.69,5.3063335,7.199999,23.400572
131536,2022-02-21,TL33/67,79.06,5.3063335,7.199999,23.400572
131537,2022-02-21,TF81/2A,46.06,5.3063335,7.199999,23.400572
131538,2022-02-21,ID30/1,118.34999,5.3063335,7.199999,23.400572
131539,2022-02-21,TL33/4,78.0,5.3063335,7.199999,23.400572
131540,2022-02-21,SU17/57,134.85,5.3063335,7.199999,23.400572
131541,2022-02-21,SE95/6,23.12,5.3063335,7.199999,23.400572
131542,2022-02-21,NO20/14,36.83,5.3063335,7.199999,23.400572
131543,2022-02-21,SK00/41,129.919,5.3063335,7.199999,23.400572
131544,2022-02-21,SE94/5,17.826,5.3063335,7.199999,23.400572
131545,2022-02-21,SJ62/235,54.601,5.3063335,7.199999,23.400572
131546,2022-02-21,TL44/12,40.713,5.3063335,7.199999,23.400572
131547,2022-02-21,SU71/23,45.67,5.3063335,7.199999,23.400572
131548,2022-02-21,TR14/9,71.164,5.3063335,7.199999,23.400572
131549,2022-02-21,SU81/1,53.619,5.3063335,7.199999,23.400572
131550,2022-02-21,TF03/37,15.216,5.3063335,7.199999,23.400572
131551,2022-02-21,SY68/34,68.775,5.3063335,7.199999,23.400572
131552,2022-02-21,ST07/10,73.8294,5.3063335,7.199999,23.400572
131553,2022-02-21,TQ25/86,96.285,5.3063335,7.199999,23.400572
131554,2022-02-21,SN00/11,12.3045,5.3063335,7.199999,23.400572
131555,2022-02-22,TL33/4,78.02,6.7438335,8.7,21.370607
131556,2022-02-22,SU17/57,134.98,6.7438335,8.7,21.370607
131557,2022-02-22,TF81/2A,46.06,6.7438335,8.7,21.370607
131558,2022-02-22,TM15/112,25.28,6.7438335,8.7,21.370607
131559,2022-02-22,SE95/6,23.49,6.7438335,8.7,21.370607
131560,2022-02-22,SU01/5B,87.54,6.7438335,8.7,21.370607
131561,2022-02-22,NY63/2,130.86,6.7438335,8.7,21.370607
131562,2022-02-22,NO20/14,36.84,6.7438335,8.7,21.370607
131563,2022-02-22,SJ15/13,80.53789,6.7438335,8.7,21.370607
131564,2022-02-22,SP00/62,102.72,6.7438335,8.7,21.370607
131565,2022-02-22,TL33/67,79.09,6.7438335,8.7,21.370607
131566,2022-02-22,ID30/1,118.34999,6.7438335,8.7,21.370607
131567,2022-02-22,SU81/1,53.415,6.7438335,8.7,21.370607
131568,2022-02-22,SK00/41,129.894,6.7438335,8.7,21.370607
131569,2022-02-22,TQ25/86,96.292,6.7438335,8.7,21.370607
131570,2022-02-22,ST07/10,73.8169,6.7438335,8.7,21.370607
131571,2022-02-22,TR14/9,71.153,6.7438335,8.7,21.370607
131572,2022-02-22,TL44/12,40.788,6.7438335,8.7,21.370607
131573,2022-02-22,SE94/5,17.919,6.7438335,8.7,21.370607
131574,2022-02-22,SN00/11,12.2495,6.7438335,8.7,21.370607
131575,2022-02-22,SY68/34,68.718,6.7438335,8.7,21.370607
131576,2022-02-22,TF03/37,15.244,6.7438335,8.7,21.370607
131577,2022-02-22,SU71/23,45.506,6.7438335,8.7,21.370607
131578,2022-02-22,SJ62/235,54.612,6.7438335,8.7,21.370607
131579,2022-02-23,TL33/4,78.03,6.6188335,8.2,23.20359
131580,2022-02-23,SU17/57,134.99,6.6188335,8.2,23.20359
131581,2022-02-23,SU01/5B,87.41,6.6188335,8.2,23.20359
131582,2022-02-23,TL33/67,79.22,6.6188335,8.2,23.20359
131583,2022-02-23,ID30/1,118.34999,6.6188335,8.2,23.20359
131584,2022-02-23,SE95/6,24.14,6.6188335,8.2,23.20359
131585,2022-02-23,NO20/14,36.87,6.6188335,8.2,23.20359
131586,2022-02-23,TF81/2A,46.09,6.6188335,8.2,23.20359
131587,2022-02-23,SJ15/13,80.50395,6.6188335,8.2,23.20359
131588,2022-02-23,NY63/2,130.9,6.6188335,8.2,23.20359
131589,2022-02-23,SN00/11,12.2115,6.6188335,8.2,23.20359
131590,2022-02-23,TL44/12,40.919,6.6188335,8.2,23.20359
131591,2022-02-23,SK00/41,129.902,6.6188335,8.2,23.20359
131592,2022-02-23,SJ62/235,54.637,6.6188335,8.2,23.20359
131593,2022-02-23,TR14/9,71.161,6.6188335,8.2,23.20359
131594,2022-02-23,ST07/10,73.4689,6.6188335,8.2,23.20359
131595,2022-02-23,TQ25/86,96.292,6.6188335,8.2,23.20359
131596,2022-02-23,SU81/1,53.252,6.6188335,8.2,23.20359
131597,2022-02-23,SP00/62,102.788,6.6188335,8.2,23.20359
131598,2022-02-23,SE94/5,18.004,6.6188335,8.2,23.20359
131599,2022-02-23,SU71/23,45.362,6.6188335,8.2,23.20359
131600,2022-02-23,SY68/34,68.667,6.6188335,8.2,23.20359
131601,2022-02-23,TF03/37,15.341,6.6188335,8.2,23.20359
131602,2022-02-24,NO20/14,36.92,2.9125836,3.8999996,18.309853
131603,2022-02-24,SU17/57,134.87,2.9125836,3.8999996,18.309853
131604,2022-02-24,SU01/5B,87.31,2.9125836,3.8999996,18.309853
131605,2022-02-24,TL33/67,79.22,2.9125836,3.8999996,18.309853
131606,2022-02-24,ID30/1,118.34999,2.9125836,3.8999996,18.309853
131607,2022-02-24,TL33/4,78.04,2.9125836,3.8999996,18.309853
131608,2022-02-24,SJ15/13,80.52916,2.9125836,3.8999996,18.309853
131609,2022-02-24,SE95/6,24.93,2.9125836,3.8999996,18.309853
131610,2022-02-24,TF81/2A,46.1,2.9125836,3.8999996,18.309853
131611,2022-02-24,NY63/2,130.99,2.9125836,3.8999996,18.309853
131612,2022-02-24,TR14/9,71.123,2.9125836,3.8999996,18.309853
131613,2022-02-24,ST07/10,73.1885,2.9125836,3.8999996,18.309853
131614,2022-02-24,TF03/37,15.362,2.9125836,3.8999996,18.309853
131615,2022-02-24,SK00/41,129.913,2.9125836,3.8999996,18.309853
131616,2022-02-24,SJ62/235,54.629,2.9125836,3.8999996,18.309853
131617,2022-02-24,SU81/1,53.119,2.9125836,3.8999996,18.309853
131618,2022-02-24,SE94/5,18.056,2.9125836,3.8999996,18.309853
131619,2022-02-24,TQ25/86,96.274,2.9125836,3.8999996,18.309853
131620,2022-02-24,SY68/34,68.613,2.9125836,3.8999996,18.309853
131621,2022-02-24,SP00/62,102.789,2.9125836,3.8999996,18.309853
131622,2022-02-24,SN00/11,12.1553,2.9125836,3.8999996,18.309853
131623,2022-02-24,SU71/23,45.228,2.9125836,3.8999996,18.309853
131624,2022-02-24,TL44/12,41.056,2.9125836,3.8999996,18.309853
131625,2022-02-25,SJ15/13,80.47411,5.0438333,1.3000001,15.584566
131626,2022-02-25,NY63/2,130.96,5.0438333,1.3000001,15.584566
131627,2022-02-25,NO20/14,36.89,5.0438333,1.3000001,15.584566
131628,2022-02-25,TF81/2A,46.08,5.0438333,1.3000001,15.584566
131629,2022-02-25,TL33/67,79.16,5.0438333,1.3000001,15.584566
131630,2022-02-25,SU17/57,134.93,5.0438333,1.3000001,15.584566
131631,2022-02-25,SE95/6,25.6,5.0438333,1.3000001,15.584566
131632,2022-02-25,ID30/1,118.33916,5.0438333,1.3000001,15.584566
131633,2022-02-25,SU01/5B,87.24,5.0438333,1.3000001,15.584566
131634,2022-02-25,TL33/4,78.05,5.0438333,1.3000001,15.584566
131635,2022-02-25,SN00/11,12.0788,5.0438333,1.3000001,15.584566
131636,2022-02-25,SK00/41,129.871,5.0438333,1.3000001,15.584566
131637,2022-02-25,TQ25/86,96.276,5.0438333,1.3000001,15.584566
131638,2022-02-25,SU71/23,45.079,5.0438333,1.3000001,15.584566
131639,2022-02-25,TF03/37,15.293,5.0438333,1.3000001,15.584566
131640,2022-02-25,ST07/10,72.8987,5.0438333,1.3000001,15.584566
131641,2022-02-25,TR14/9,71.097,5.0438333,1.3000001,15.584566
131642,2022-02-25,SJ62/235,54.619,5.0438333,1.3000001,15.584566
131643,2022-02-25,TL44/12,41.208,5.0438333,1.3000001,15.584566
131644,2022-02-25,SP00/62,102.769,5.0438333,1.3000001,15.584566
131645,2022-02-25,SY68/34,68.555,5.0438333,1.3000001,15.584566
131646,2022-02-25,SE94/5,18.079,5.0438333,1.3000001,15.584566
131647,2022-02-25,SU81/1,52.959,5.0438333,1.3000001,15.584566
131648,2022-02-26,TL33/67,79.25,6.4979997,0.1,22.231403
131649,2022-02-26,SJ15/13,80.41279,6.4979997,0.1,22.231403
131650,2022-02-26,NO20/14,36.92,6.4979997,0.1,22.231403
131651,2022-02-26,NY63/2,130.9,6.4979997,0.1,22.231403
131652,2022-02-26,TF81/2A,46.1,6.4979997,0.1,22.231403
131653,2022-02-26,ID30/1,118.21208,6.4979997,0.1,22.231403
131654,2022-02-26,SU01/5B,87.14,6.4979997,0.1,22.231403
131655,2022-02-26,TL33/4,78.06,6.4979997,0.1,22.231403
131656,2022-02-26,SU17/57,135.05,6.4979997,0.1,22.231403
131657,2022-02-26,SE95/6,26.16,6.4979997,0.1,22.231403
131658,2022-02-26,SN00/11,12.0287,6.4979997,0.1,22.231403
131659,2022-02-26,TR14/9,71.09,6.4979997,0.1,22.231403
131660,2022-02-26,SP00/62,102.758,6.4979997,0.1,22.231403
131661,2022-02-26,ST07/10,72.5458,6.4979997,0.1,22.231403
131662,2022-02-26,SJ62/235,54.634,6.4979997,0.1,22.231403
131663,2022-02-26,TF03/37,15.333,6.4979997,0.1,22.231403
131664,2022-02-26,TQ25/86,96.28,6.4979997,0.1,22.231403
131665,2022-02-26,SE94/5,18.122,6.4979997,0.1,22.231403
131666,2022-02-26,SU71/23,44.961,6.4979997,0.1,22.231403
131667,2022-02-26,SU81/1,52.836,6.4979997,0.1,22.231403
131668,2022-02-26,SK00/41,129.875,6.4979997,0.1,22.231403
131669,2022-02-26,SY68/34,68.505,6.4979997,0.1,22.231403
131670,2022-02-26,TL44/12,41.369,6.4979997,0.1,22.231403
131671,2022-02-27,SU01/5B,87.08,5.483416,0.0,21.068935
131672,2022-02-27,TL33/4,78.08,5.483416,0.0,21.068935
131673,2022-02-27,ID30/1,117.88916,5.483416,0.0,21.068935
131674,2022-02-27,SJ15/13,80.41321,5.483416,0.0,21.068935
131675,2022-02-27,SU17/57,135.02,5.483416,0.0,21.068935
131676,2022-02-27,TL33/67,79.31,5.483416,0.0,21.068935
131677,2022-02-27,NY63/2,130.95,5.483416,0.0,21.068935
131678,2022-02-27,SE95/6,26.61,5.483416,0.0,21.068935
131679,2022-02-27,TF81/2A,46.11,5.483416,0.0,21.068935
131680,2022-02-27,NO20/14,36.93,5.483416,0.0,21.068935
131681,2022-02-27,TL44/12,41.518,5.483416,0.0,21.068935
131682,2022-02-27,SE94/5,18.171,5.483416,0.0,21.068935
131683,2022-02-27,SN00/11,11.969,5.483416,0.0,21.068935
131684,2022-02-27,TQ25/86,96.28,5.483416,0.0,21.068935
131685,2022-02-27,TR14/9,71.068,5.483416,0.0,21.068935
131686,2022-02-27,SU71/23,44.86,5.483416,0.0,21.068935
131687,2022-02-27,SP00/62,102.732,5.483416,0.0,21.068935
131688,2022-02-27,SK00/41,129.89,5.483416,0.0,21.068935
131689,2022-02-27,SY68/34,68.456,5.483416,0.0,21.068935
131690,2022-02-27,SJ62/235,54.641,5.483416,0.0,21.068935
131691,2022-02-27,TF03/37,15.399,5.483416,0.0,21.068935
131692,2022-02-27,ST07/10,71.9947,5.483416,0.0,21.068935
131693,2022-02-27,SU81/1,52.737,5.483416,0.0,21.068935
131694,2022-02-28,ID30/1,117.49583,6.9313335,6.8,16.619213
131695,2022-02-28,SU17/57,135.04,6.9313335,6.8,16.619213
131696,2022-02-28,TA10/63,16.83,6.9313335,6.8,16.619213
131697,2022-02-28,SJ15/13,80.41037,6.9313335,6.8,16.619213
131698,2022-02-28,TL33/4,78.09,6.9313335,6.8,16.619213
131699,2022-02-28,NO20/14,36.92,6.9313335,6.8,16.619213
131700,2022-02-28,SE95/6,26.96,6.9313335,6.8,16.619213
131701,2022-02-28,NY63/2,130.98,6.9313335,6.8,16.619213
131702,2022-02-28,TL33/67,79.34,6.9313335,6.8,16.619213
131703,2022-02-28,TF81/2A,46.12,6.9313335,6.8,16.619213
131704,2022-02-28,SU01/5B,87.04,6.9313335,6.8,16.619213
131705,2022-02-28,SU71/23,44.765,6.9313335,6.8,16.619213
131706,2022-02-28,ST07/10,71.4509,6.9313335,6.8,16.619213
131707,2022-02-28,SK00/41,129.889,6.9313335,6.8,16.619213
131708,2022-02-28,TR14/9,71.051,6.9313335,6.8,16.619213
131709,2022-02-28,SN00/11,11.9589,6.9313335,6.8,16.619213
131710,2022-02-28,SY68/34,68.411,6.9313335,6.8,16.619213
131711,2022-02-28,TL44/12,41.539,6.9313335,6.8,16.619213
131712,2022-02-28,SE94/5,18.215,6.9313335,6.8,16.619213
131713,2022-02-28,SP00/62,102.712,6.9313335,6.8,16.619213
131714,2022-02-28,SJ62/235,54.636,6.9313335,6.8,16.619213
131715,2022-02-28,TQ25/86,96.283,6.9313335,6.8,16.619213
131716,2022-02-28,SU81/1,52.655,6.9313335,6.8,16.619213
131717,2022-02-28,TF03/37,15.418,6.9313335,6.8,16.619213
131718,2022-03-01,TL33/4,78.11,3.818833,0.0,5.4763722
131719,2022-03-01,TF81/2A,46.13,3.818833,0.0,5.4763722
131720,2022-03-01,SU01/5B,87.03,3.818833,0.0,5.4763722
131721,2022-03-01,NY63/2,130.94,3.818833,0.0,5.4763722
131722,2022-03-01,TL44/12,41.659,3.818833,0.0,5.4763722
131723,2022-03-01,SU17/57,135.09,3.818833,0.0,5.4763722
131724,2022-03-01,ID30/1,117.1,3.818833,0.0,5.4763722
131725,2022-03-01,SE95/6,27.21,3.818833,0.0,5.4763722
131726,2022-03-01,SJ15/13,80.37016,3.818833,0.0,5.4763722
131727,2022-03-01,TL33/67,79.37,3.818833,0.0,5.4763722
131728,2022-03-01,NO20/14,36.88,3.818833,0.0,5.4763722
131729,2022-03-01,TQ25/86,96.298,3.818833,0.0,5.4763722
131730,2022-03-01,SU71/23,44.684,3.818833,0.0,5.4763722
131731,2022-03-01,SU81/1,52.589,3.818833,0.0,5.4763722
131732,2022-03-01,SE94/5,18.259,3.818833,0.0,5.4763722
131733,2022-03-01,SN00/11,12.0048,3.818833,0.0,5.4763722
131734,2022-03-01,SP00/62,102.668,3.818833,0.0,5.4763722
131735,2022-03-01,TF03/37,15.44,3.818833,0.0,5.4763722
131736,2022-03-01,TR14/9,71.048,3.818833,0.0,5.4763722
131737,2022-03-01,SY68/34,68.378,3.818833,0.0,5.4763722
131738,2022-03-01,SK00/41,129.878,3.818833,0.0,5.4763722
131739,2022-03-01,ST07/10,71.023,3.818833,0.0,5.4763722
131740,2022-03-01,SJ62/235,54.642,3.818833,0.0,5.4763722
131741,2022-03-02,NO20/14,36.92,4.75425,1.5000001,19.449549
131742,2022-03-02,TL44/12,41.772,4.75425,1.5000001,19.449549
131743,2022-03-02,SE95/6,27.37,4.75425,1.5000001,19.449549
131744,2022-03-02,SU01/5B,87.05,4.75425,1.5000001,19.449549
131745,2022-03-02,NY63/2,130.95,4.75425,1.5000001,19.449549
131746,2022-03-02,SU17/57,135.13,4.75425,1.5000001,19.449549
131747,2022-03-02,SJ15/13,80.37832,4.75425,1.5000001,19.449549
131748,2022-03-02,TF81/2A,46.15,4.75425,1.5000001,19.449549
131749,2022-03-02,ID30/1,116.8,4.75425,1.5000001,19.449549
131750,2022-03-02,TL33/67,79.46,4.75425,1.5000001,19.449549
131751,2022-03-02,TL33/4,78.13,4.75425,1.5000001,19.449549
131752,2022-03-02,SJ62/235,54.655,4.75425,1.5000001,19.449549
131753,2022-03-02,SU71/23,44.633,4.75425,1.5000001,19.449549
131754,2022-03-02,SU81/1,52.574,4.75425,1.5000001,19.449549
131755,2022-03-02,SY68/34,68.364,4.75425,1.5000001,19.449549
131756,2022-03-02,TF03/37,15.519,4.75425,1.5000001,19.449549
131757,2022-03-02,SP00/62,102.633,4.75425,1.5000001,19.449549
131758,2022-03-02,SE94/5,18.321,4.75425,1.5000001,19.449549
131759,2022-03-02,ST07/10,70.9966,4.75425,1.5000001,19.449549
131760,2022-03-02,SK00/41,129.902,4.75425,1.5000001,19.449549
131761,2022-03-02,TR14/9,71.041,4.75425,1.5000001,19.449549
131762,2022-03-02,SN00/11,12.0871,4.75425,1.5000001,19.449549
131763,2022-03-02,TQ25/86,96.31,4.75425,1.5000001,19.449549
131764,2022-03-03,TL33/4,78.14,6.318833,8.1,10.908276
131765,2022-03-03,SE95/6,27.52,6.318833,8.1,10.908276
131766,2022-03-03,ID30/1,116.51,6.318833,8.1,10.908276
131767,2022-03-03,TF81/2A,46.15,6.318833,8.1,10.908276
131768,2022-03-03,SJ15/13,80.40974,6.318833,8.1,10.908276
131769,2022-03-03,SU17/57,135.12,6.318833,8.1,10.908276
131770,2022-03-03,NY63/2,131.02,6.318833,8.1,10.908276
131771,2022-03-03,TL33/67,79.49,6.318833,8.1,10.908276
131772,2022-03-03,NO20/14,36.94,6.318833,8.1,10.908276
131773,2022-03-03,TL44/12,41.868,6.318833,8.1,10.908276
131774,2022-03-03,SU01/5B,87.14,6.318833,8.1,10.908276
131775,2022-03-03,SN00/11,12.3022,6.318833,8.1,10.908276
131776,2022-03-03,SK00/41,129.914,6.318833,8.1,10.908276
131777,2022-03-03,TR14/9,71.024,6.318833,8.1,10.908276
131778,2022-03-03,SJ62/235,54.654,6.318833,8.1,10.908276
131779,2022-03-03,ST07/10,72.2578,6.318833,8.1,10.908276
131780,2022-03-03,SU81/1,52.571,6.318833,8.1,10.908276
131781,2022-03-03,TQ25/86,96.311,6.318833,8.1,10.908276
131782,2022-03-03,SE94/5,18.377,6.318833,8.1,10.908276
131783,2022-03-03,TF03/37,15.546,6.318833,8.1,10.908276
131784,2022-03-03,SP00/62,102.608,6.318833,8.1,10.908276
131785,2022-03-03,SU71/23,44.585,6.318833,8.1,10.908276
131786,2022-03-03,SY68/34,68.365,6.318833,8.1,10.908276
131787,2022-03-04,TL44/12,41.945,5.0417495,9.299999,9.567447
131788,2022-03-04,ID30/1,116.33,5.0417495,9.299999,9.567447
131789,2022-03-04,TL33/67,79.49,5.0417495,9.299999,9.567447
131790,2022-03-04,NO20/14,36.93,5.0417495,9.299999,9.567447
131791,2022-03-04,SU01/5B,87.26,5.0417495,9.299999,9.567447
131792,2022-03-04,SJ15/13,80.39432,5.0417495,9.299999,9.567447
131793,2022-03-04,TL33/4,78.16,5.0417495,9.299999,9.567447
131794,2022-03-04,NY63/2,131.0,5.0417495,9.299999,9.567447
131795,2022-03-04,SU17/57,135.18,5.0417495,9.299999,9.567447
131796,2022-03-04,TF81/2A,46.16,5.0417495,9.299999,9.567447
131797,2022-03-04,SE95/6,27.52,5.0417495,9.299999,9.567447
131798,2022-03-04,SN00/11,12.4968,5.0417495,9.299999,9.567447
131799,2022-03-04,SY68/34,68.353,5.0417495,9.299999,9.567447
131800,2022-03-04,ST07/10,74.2559,5.0417495,9.299999,9.567447
131801,2022-03-04,TQ25/86,96.31,5.0417495,9.299999,9.567447
131802,2022-03-04,SU81/1,52.544,5.0417495,9.299999,9.567447
131803,2022-03-04,SJ62/235,54.654,5.0417495,9.299999,9.567447
131804,2022-03-04,SP00/62,102.589,5.0417495,9.299999,9.567447
131805,2022-03-04,TR14/9,70.996,5.0417495,9.299999,9.567447
131806,2022-03-04,SK00/41,129.899,5.0417495,9.299999,9.567447
131807,2022-03-04,SU71/23,44.525,5.0417495,9.299999,9.567447
131808,2022-03-04,TF03/37,15.553,5.0417495,9.299999,9.567447
131809,2022-03-04,SE94/5,18.429,5.0417495,9.299999,9.567447
131810,2022-03-05,NO20/14,36.92,3.220916,0.0,11.020225
131811,2022-03-05,SU01/5B,87.36,3.220916,0.0,11.020225
131812,2022-03-05,TF81/2A,46.15,3.220916,0.0,11.020225
131813,2022-03-05,TL44/12,42.07,3.220916,0.0,11.020225
131814,2022-03-05,SE95/6,27.59,3.220916,0.0,11.020225
131815,2022-03-05,NY63/2,130.99,3.220916,0.0,11.020225
131816,2022-03-05,TL33/4,78.18,3.220916,0.0,11.020225
131817,2022-03-05,ID30/1,116.12,3.220916,0.0,11.020225
131818,2022-03-05,SU17/57,135.29,3.220916,0.0,11.020225
131819,2022-03-05,SJ15/13,80.38758,3.220916,0.0,11.020225
131820,2022-03-05,TL33/67,79.5,3.220916,0.0,11.020225
131821,2022-03-05,SU71/23,44.474,3.220916,0.0,11.020225
131822,2022-03-05,TR14/9,70.965,3.220916,0.0,11.020225
131823,2022-03-05,SK00/41,129.882,3.220916,0.0,11.020225
131824,2022-03-05,SN00/11,12.5355,3.220916,0.0,11.020225
131825,2022-03-05,TQ25/86,96.31,3.220916,0.0,11.020225
131826,2022-03-05,TF03/37,15.587,3.220916,0.0,11.020225
131827,2022-03-05,SU81/1,52.516,3.220916,0.0,11.020225
131828,2022-03-05,SJ62/235,54.655,3.220916,0.0,11.020225
131829,2022-03-05,SY68/34,68.337,3.220916,0.0,11.020225
131830,2022-03-05,SE94/5,18.485,3.220916,0.0,11.020225
131831,2022-03-05,ST07/10,74.6513,3.220916,0.0,11.020225
131832,2022-03-05,SP00/62,102.572,3.220916,0.0,11.020225
131833,2022-03-06,SJ15/13,80.36853,3.4396665,0.0,6.1883993
131834,2022-03-06,TF81/2A,46.16,3.4396665,0.0,6.1883993
131835,2022-03-06,SU01/5B,87.51,3.4396665,0.0,6.1883993
131836,2022-03-06,SE95/6,27.61,3.4396665,0.0,6.1883993
131837,2022-03-06,TL33/67,79.54,3.4396665,0.0,6.1883993
131838,2022-03-06,NO20/14,36.93,3.4396665,0.0,6.1883993
131839,2022-03-06,NY63/2,130.97,3.4396665,0.0,6.1883993
131840,2022-03-06,SU17/57,135.38,3.4396665,0.0,6.1883993
131841,2022-03-06,TL33/4,78.2,3.4396665,0.0,6.1883993
131842,2022-03-06,TL44/12,42.258,3.4396665,0.0,6.1883993
131843,2022-03-06,SP00/62,102.562,3.4396665,0.0,6.1883993
131844,2022-03-06,SE94/5,18.541,3.4396665,0.0,6.1883993
131845,2022-03-06,SY68/34,68.324,3.4396665,0.0,6.1883993
131846,2022-03-06,TQ25/86,96.323,3.4396665,0.0,6.1883993
131847,2022-03-06,ST07/10,74.249,3.4396665,0.0,6.1883993
131848,2022-03-06,SU81/1,52.505,3.4396665,0.0,6.1883993
131849,2022-03-06,TF03/37,15.64,3.4396665,0.0,6.1883993
131850,2022-03-06,SN00/11,12.5092,3.4396665,0.0,6.1883993
131851,2022-03-06,SK00/41,129.878,3.4396665,0.0,6.1883993
131852,2022-03-06,SU71/23,44.429,3.4396665,0.0,6.1883993
131853,2022-03-06,TR14/9,70.946,3.4396665,0.0,6.1883993
131854,2022-03-06,SJ62/235,54.662,3.4396665,0.0,6.1883993
131855,2022-03-07,TL33/67,79.67,2.298,0.0,13.675834
131856,2022-03-07,SE95/6,27.54,2.298,0.0,13.675834
131857,2022-03-07,TL33/4,78.22,2.298,0.0,13.675834
131858,2022-03-07,SJ15/13,80.37489,2.298,0.0,13.675834
131859,2022-03-07,SU01/5B,87.76,2.298,0.0,13.675834
131860,2022-03-07,TL44/12,42.6,2.298,0.0,13.675834
131861,2022-03-07,SU17/57,135.45,2.298,0.0,13.675834
131862,2022-03-07,NY63/2,131.0,2.298,0.0,13.675834
131863,2022-03-07,NO20/14,36.96,2.298,0.0,13.675834
131864,2022-03-07,TF81/2A,46.18,2.298,0.0,13.675834
131865,2022-03-07,TR14/9,70.935,2.298,0.0,13.675834
131866,2022-03-07,TQ25/86,96.333,2.298,0.0,13.675834
131867,2022-03-07,SK00/41,129.907,2.298,0.0,13.675834
131868,2022-03-07,TF03/37,15.737,2.298,0.0,13.675834
131869,2022-03-07,SE94/5,18.609,2.298,0.0,13.675834
131870,2022-03-07,SU71/23,44.415,2.298,0.0,13.675834
131871,2022-03-07,SP00/62,102.56,2.298,0.0,13.675834
131872,2022-03-07,SJ62/235,54.678,2.298,0.0,13.675834
131873,2022-03-07,SY68/34,68.319,2.298,0.0,13.675834
131874,2022-03-07,SN00/11,12.4733,2.298,0.0,13.675834
131875,2022-03-07,SU81/1,52.543,2.298,0.0,13.675834
131876,2022-03-07,ST07/10,73.6496,2.298,0.0,13.675834
131877,2022-03-08,SJ15/13,80.42284,5.2730007,0.0,25.068985
131878,2022-03-08,NO20/14,36.99,5.2730007,0.0,25.068985
131879,2022-03-08,NY63/2,131.06,5.2730007,0.0,25.068985
131880,2022-03-08,SU17/57,135.4,5.2730007,0.0,25.068985
131881,2022-03-08,TL33/67,79.72,5.2730007,0.0,25.068985
131882,2022-03-08,SU01/5B,88.17,5.2730007,0.0,25.068985
131883,2022-03-08,SE95/6,27.55,5.2730007,0.0,25.068985
131884,2022-03-08,TL33/4,78.24,5.2730007,0.0,25.068985
131885,2022-03-08,TL44/12,43.041,5.2730007,0.0,25.068985
131886,2022-03-08,TF81/2A,46.2,5.2730007,0.0,25.068985
131887,2022-03-08,SY68/34,68.317,5.2730007,0.0,25.068985
131888,2022-03-08,SU81/1,52.616,5.2730007,0.0,25.068985
131889,2022-03-08,SN00/11,12.4167,5.2730007,0.0,25.068985
131890,2022-03-08,SK00/41,129.938,5.2730007,0.0,25.068985
131891,2022-03-08,SE94/5,18.671,5.2730007,0.0,25.068985
131892,2022-03-08,SU71/23,44.42,5.2730007,0.0,25.068985
131893,2022-03-08,SP00/62,102.542,5.2730007,0.0,25.068985
131894,2022-03-08,TF03/37,15.77,5.2730007,0.0,25.068985
131895,2022-03-08,TR14/9,70.917,5.2730007,0.0,25.068985
131896,2022-03-08,ST07/10,72.9033,5.2730007,0.0,25.068985
131897,2022-03-08,SJ62/235,54.681,5.2730007,0.0,25.068985
131898,2022-03-08,TQ25/86,96.34,5.2730007,0.0,25.068985
131899,2022-03-09,NO20/14,36.98,8.35425,2.1999998,26.761333
131900,2022-03-09,NY63/2,131.09,8.35425,2.1999998,26.761333
131901,2022-03-09,SJ15/13,80.42928,8.35425,2.1999998,26.761333
131902,2022-03-09,TL33/67,79.74,8.35425,2.1999998,26.761333
131903,2022-03-09,SU17/57,135.44,8.35425,2.1999998,26.761333
131904,2022-03-09,TF81/2A,46.2,8.35425,2.1999998,26.761333
131905,2022-03-09,TL44/12,43.338,8.35425,2.1999998,26.761333
131906,2022-03-09,SU01/5B,88.7,8.35425,2.1999998,26.761333
131907,2022-03-09,SE95/6,27.48,8.35425,2.1999998,26.761333
131908,2022-03-09,TL33/4,78.26,8.35425,2.1999998,26.761333
131909,2022-03-09,SK00/41,129.938,8.35425,2.1999998,26.761333
131910,2022-03-09,SU71/23,44.42,8.35425,2.1999998,26.761333
131911,2022-03-09,SP00/62,102.518,8.35425,2.1999998,26.761333
131912,2022-03-09,TR14/9,70.89,8.35425,2.1999998,26.761333
131913,2022-03-09,TF03/37,15.761,8.35425,2.1999998,26.761333
131914,2022-03-09,TQ25/86,96.349,8.35425,2.1999998,26.761333
131915,2022-03-09,SJ62/235,54.677,8.35425,2.1999998,26.761333
131916,2022-03-09,SN00/11,12.3454,8.35425,2.1999998,26.761333
131917,2022-03-09,SY68/34,68.318,8.35425,2.1999998,26.761333
131918,2022-03-09,ST07/10,72.0282,8.35425,2.1999998,26.761333
131919,2022-03-09,SU81/1,52.689,8.35425,2.1999998,26.761333
131920,2022-03-09,SE94/5,18.726,8.35425,2.1999998,26.761333
131921,2022-03-10,SU17/57,135.51,9.4355,0.6,19.942038
131922,2022-03-10,TF81/2A,46.22,9.4355,0.6,19.942038
131923,2022-03-10,SE95/6,27.43,9.4355,0.6,19.942038
131924,2022-03-10,NY63/2,131.06,9.4355,0.6,19.942038
131925,2022-03-10,TL44/12,43.484,9.4355,0.6,19.942038
131926,2022-03-10,SU01/5B,89.19,9.4355,0.6,19.942038
131927,2022-03-10,TL33/67,79.83,9.4355,0.6,19.942038
131928,2022-03-10,NO20/14,36.96,9.4355,0.6,19.942038
131929,2022-03-10,TL33/4,78.28,9.4355,0.6,19.942038
131930,2022-03-10,SJ15/13,80.40547,9.4355,0.6,19.942038
131931,2022-03-10,SU81/1,52.787,9.4355,0.6,19.942038
131932,2022-03-10,SU71/23,44.443,9.4355,0.6,19.942038
131933,2022-03-10,SP00/62,102.502,9.4355,0.6,19.942038
131934,2022-03-10,TR14/9,70.888,9.4355,0.6,19.942038
131935,2022-03-10,ST07/10,71.2719,9.4355,0.6,19.942038
131936,2022-03-10,SE94/5,18.779,9.4355,0.6,19.942038
131937,2022-03-10,SN00/11,12.2831,9.4355,0.6,19.942038
131938,2022-03-10,SJ62/235,54.683,9.4355,0.6,19.942038
131939,2022-03-10,SK00/41,129.946,9.4355,0.6,19.942038
131940,2022-03-10,TF03/37,15.815,9.4355,0.6,19.942038
131941,2022-03-10,TQ25/86,96.36,9.4355,0.6,19.942038
131942,2022-03-10,SY68/34,68.324,9.4355,0.6,19.942038
131943,2022-03-11,SJ15/13,80.41095,9.866752,8.8,24.510237
131944,2022-03-11,TL33/4,78.3,9.866752,8.8,24.510237
131945,2022-03-11,TL33/67,79.91,9.866752,8.8,24.510237
131946,2022-03-11,TL44/12,43.56,9.866752,8.8,24.510237
131947,2022-03-11,NO20/14,36.98,9.866752,8.8,24.510237
131948,2022-03-11,TF81/2A,46.24,9.866752,8.8,24.510237
131949,2022-03-11,SU17/57,135.51,9.866752,8.8,24.510237
131950,2022-03-11,SU01/5B,89.59,9.866752,8.8,24.510237
131951,2022-03-11,NY63/2,131.08,9.866752,8.8,24.510237
131952,2022-03-11,SE95/6,27.37,9.866752,8.8,24.510237
131953,2022-03-11,TQ25/86,96.369,9.866752,8.8,24.510237
131954,2022-03-11,TF03/37,15.873,9.866752,8.8,24.510237
131955,2022-03-11,SE94/5,18.841,9.866752,8.8,24.510237
131956,2022-03-11,SN00/11,12.2348,9.866752,8.8,24.510237
131957,2022-03-11,SK00/41,129.975,9.866752,8.8,24.510237
131958,2022-03-11,TR14/9,70.855,9.866752,8.8,24.510237
131959,2022-03-11,SY68/34,68.343,9.866752,8.8,24.510237
131960,2022-03-11,SJ62/235,54.688,9.866752,8.8,24.510237
131961,2022-03-11,SP00/62,102.485,9.866752,8.8,24.510237
131962,2022-03-11,SU71/23,44.491,9.866752,8.8,24.510237
131963,2022-03-11,SU81/1,52.926,9.866752,8.8,24.510237
131964,2022-03-11,ST07/10,70.6061,9.866752,8.8,24.510237
131965,2022-03-12,SU17/57,135.52,7.9105,3.2999997,20.363674
131966,2022-03-12,NY63/2,131.1,7.9105,3.2999997,20.363674
131967,2022-03-12,NO20/14,36.96,7.9105,3.2999997,20.363674
131968,2022-03-12,TL33/4,78.33,7.9105,3.2999997,20.363674
131969,2022-03-12,TL33/67,79.93,7.9105,3.2999997,20.363674
131970,2022-03-12,TL44/12,43.537,7.9105,3.2999997,20.363674
131971,2022-03-12,TF81/2A,46.24,7.9105,3.2999997,20.363674
131972,2022-03-12,SU01/5B,89.98,7.9105,3.2999997,20.363674
131973,2022-03-12,SE95/6,27.28,7.9105,3.2999997,20.363674
131974,2022-03-12,SJ15/13,80.42237,7.9105,3.2999997,20.363674
131975,2022-03-12,ST07/10,69.9146,7.9105,3.2999997,20.363674
131976,2022-03-12,TQ25/86,96.373,7.9105,3.2999997,20.363674
131977,2022-03-12,SJ62/235,54.683,7.9105,3.2999997,20.363674
131978,2022-03-12,SP00/62,102.459,7.9105,3.2999997,20.363674
131979,2022-03-12,TF03/37,15.864,7.9105,3.2999997,20.363674
131980,2022-03-12,TR14/9,70.84,7.9105,3.2999997,20.363674
131981,2022-03-12,SY68/34,68.357,7.9105,3.2999997,20.363674
131982,2022-03-12,SE94/5,18.882,7.9105,3.2999997,20.363674
131983,2022-03-12,SK00/41,129.968,7.9105,3.2999997,20.363674
131984,2022-03-12,SU71/23,44.523,7.9105,3.2999997,20.363674
131985,2022-03-12,SN00/11,12.1735,7.9105,3.2999997,20.363674
131986,2022-03-12,SU81/1,53.031,7.9105,3.2999997,20.363674
131987,2022-03-13,SE95/6,27.21,8.325084,0.70000005,24.164753
131988,2022-03-13,TL44/12,43.487,8.325084,0.70000005,24.164753
131989,2022-03-13,TL33/67,79.94,8.325084,0.70000005,24.164753
131990,2022-03-13,TF81/2A,46.24,8.325084,0.70000005,24.164753
131991,2022-03-13,SU01/5B,90.23,8.325084,0.70000005,24.164753
131992,2022-03-13,NY63/2,131.08,8.325084,0.70000005,24.164753
131993,2022-03-13,NO20/14,36.95,8.325084,0.70000005,24.164753
131994,2022-03-13,SU17/57,135.59,8.325084,0.70000005,24.164753
131995,2022-03-13,TL33/4,78.35,8.325084,0.70000005,24.164753
131996,2022-03-13,SJ15/13,80.40915,8.325084,0.70000005,24.164753
131997,2022-03-13,SY68/34,68.369,8.325084,0.70000005,24.164753
131998,2022-03-13,ST07/10,69.2038,8.325084,0.70000005,24.164753
131999,2022-03-13,SU71/23,44.558,8.325084,0.70000005,24.164753
132000,2022-03-13,TR14/9,70.796,8.325084,0.70000005,24.164753
132001,2022-03-13,SK00/41,129.962,8.325084,0.70000005,24.164753
132002,2022-03-13,SP00/62,102.424,8.325084,0.70000005,24.164753
132003,2022-03-13,SU81/1,53.123,8.325084,0.70000005,24.164753
132004,2022-03-13,TQ25/86,96.366,8.325084,0.70000005,24.164753
132005,2022-03-13,TF03/37,15.873,8.325084,0.70000005,24.164753
132006,2022-03-13,SJ62/235,54.67,8.325084,0.70000005,24.164753
132007,2022-03-13,SN00/11,12.1048,8.325084,0.70000005,24.164753
132008,2022-03-13,SE94/5,18.92,8.325084,0.70000005,24.164753
132009,2022-03-14,TL33/67,79.93,6.1355,5.1,14.783229
132010,2022-03-14,NO20/14,36.88,6.1355,5.1,14.783229
132011,2022-03-14,SU17/57,135.75,6.1355,5.1,14.783229
132012,2022-03-14,NY63/2,131.04,6.1355,5.1,14.783229
132013,2022-03-14,SJ15/13,80.34347,6.1355,5.1,14.783229
132014,2022-03-14,TF81/2A,46.23,6.1355,5.1,14.783229
132015,2022-03-14,TL33/4,78.37,6.1355,5.1,14.783229
132016,2022-03-14,SE95/6,27.15,6.1355,5.1,14.783229
132017,2022-03-14,TL44/12,43.378,6.1355,5.1,14.783229
132018,2022-03-14,SU01/5B,90.4,6.1355,5.1,14.783229
132019,2022-03-14,SP00/62,102.386,6.1355,5.1,14.783229
132020,2022-03-14,SN00/11,12.0327,6.1355,5.1,14.783229
132021,2022-03-14,TF03/37,15.839,6.1355,5.1,14.783229
132022,2022-03-14,SK00/41,129.925,6.1355,5.1,14.783229
132023,2022-03-14,TQ25/86,96.38,6.1355,5.1,14.783229
132024,2022-03-14,SE94/5,18.944,6.1355,5.1,14.783229
132025,2022-03-14,TR14/9,70.776,6.1355,5.1,14.783229
132026,2022-03-14,SU71/23,44.56,6.1355,5.1,14.783229
132027,2022-03-14,SY68/34,68.376,6.1355,5.1,14.783229
132028,2022-03-14,SU81/1,53.149,6.1355,5.1,14.783229
132029,2022-03-14,ST07/10,68.5311,6.1355,5.1,14.783229
132030,2022-03-14,SJ62/235,54.659,6.1355,5.1,14.783229
132031,2022-03-15,SU01/5B,90.42,7.5355,0.1,14.81918
132032,2022-03-15,TF81/2A,46.25,7.5355,0.1,14.81918
132033,2022-03-15,SE95/6,27.0,7.5355,0.1,14.81918
132034,2022-03-15,NY63/2,130.99,7.5355,0.1,14.81918
132035,2022-03-15,SU17/57,135.9,7.5355,0.1,14.81918
132036,2022-03-15,SJ15/13,80.30289,7.5355,0.1,14.81918
132037,2022-03-15,TL33/4,78.4,7.5355,0.1,14.81918
132038,2022-03-15,TL44/12,43.32,7.5355,0.1,14.81918
132039,2022-03-15,TL33/67,80.03,7.5355,0.1,14.81918
132040,2022-03-15,NO20/14,36.87,7.5355,0.1,14.81918
132041,2022-03-15,SN00/11,11.9861,7.5355,0.1,14.81918
132042,2022-03-15,SY68/34,68.391,7.5355,0.1,14.81918
132043,2022-03-15,TF03/37,15.875,7.5355,0.1,14.81918
132044,2022-03-15,TQ25/86,96.387,7.5355,0.1,14.81918
132045,2022-03-15,SK00/41,129.938,7.5355,0.1,14.81918
132046,2022-03-15,SE94/5,18.987,7.5355,0.1,14.81918
132047,2022-03-15,SU71/23,44.588,7.5355,0.1,14.81918
132048,2022-03-15,SJ62/235,54.669,7.5355,0.1,14.81918
132049,2022-03-15,SP00/62,102.357,7.5355,0.1,14.81918
132050,2022-03-15,SU81/1,53.19,7.5355,0.1,14.81918
132051,2022-03-15,TR14/9,70.761,7.5355,0.1,14.81918
132052,2022-03-15,ST07/10,67.8952,7.5355,0.1,14.81918
132053,2022-03-16,SJ15/13,80.31863,6.54175,3.1,12.109278
132054,2022-03-16,SU01/5B,90.46,6.54175,3.1,12.109278
132055,2022-03-16,TF81/2A,46.26,6.54175,3.1,12.109278
132056,2022-03-16,SE95/6,26.94,6.54175,3.1,12.109278
132057,2022-03-16,NO20/14,36.87,6.54175,3.1,12.109278
132058,2022-03-16,TL33/4,78.42,6.54175,3.1,12.109278
132059,2022-03-16,NY63/2,131.03,6.54175,3.1,12.109278
132060,2022-03-16,SU17/57,135.91,6.54175,3.1,12.109278
132061,2022-03-16,TL33/67,80.07,6.54175,3.1,12.109278
132062,2022-03-16,TL44/12,43.278,6.54175,3.1,12.109278
132063,2022-03-16,TF03/37,15.899,6.54175,3.1,12.109278
132064,2022-03-16,SU71/23,44.61,6.54175,3.1,12.109278
132065,2022-03-16,SY68/34,68.419,6.54175,3.1,12.109278
132066,2022-03-16,SK00/41,129.945,6.54175,3.1,12.109278
132067,2022-03-16,TR14/9,70.722,6.54175,3.1,12.109278
132068,2022-03-16,SP00/62,102.374,6.54175,3.1,12.109278
132069,2022-03-16,SJ62/235,54.66,6.54175,3.1,12.109278
132070,2022-03-16,ST07/10,67.2115,6.54175,3.1,12.109278
132071,2022-03-16,SN00/11,11.9244,6.54175,3.1,12.109278
132072,2022-03-16,SE94/5,19.025,6.54175,3.1,12.109278
132073,2022-03-16,SU81/1,53.23,6.54175,3.1,12.109278
132074,2022-03-16,TQ25/86,96.38,6.54175,3.1,12.109278
132075,2022-03-17,SE95/6,26.85,5.3146667,2.8,12.390435
132076,2022-03-17,TF81/2A,46.23,5.3146667,2.8,12.390435
132077,2022-03-17,SJ15/13,80.28947,5.3146667,2.8,12.390435
132078,2022-03-17,NY63/2,131.01,5.3146667,2.8,12.390435
132079,2022-03-17,NO20/14,36.84,5.3146667,2.8,12.390435
132080,2022-03-17,SU01/5B,90.52,5.3146667,2.8,12.390435
132081,2022-03-17,TL33/67,80.03,5.3146667,2.8,12.390435
132082,2022-03-17,TL44/12,43.183,5.3146667,2.8,12.390435
132083,2022-03-17,SU17/57,136.02,5.3146667,2.8,12.390435
132084,2022-03-17,TL33/4,78.45,5.3146667,2.8,12.390435
132085,2022-03-17,SU71/23,44.605,5.3146667,2.8,12.390435
132086,2022-03-17,TF03/37,15.881,5.3146667,2.8,12.390435
132087,2022-03-17,TR14/9,70.685,5.3146667,2.8,12.390435
132088,2022-03-17,SN00/11,11.8605,5.3146667,2.8,12.390435
132089,2022-03-17,TQ25/86,96.383,5.3146667,2.8,12.390435
132090,2022-03-17,SK00/41,129.915,5.3146667,2.8,12.390435
132091,2022-03-17,SU81/1,53.205,5.3146667,2.8,12.390435
132092,2022-03-17,SY68/34,68.433,5.3146667,2.8,12.390435
132093,2022-03-17,SJ62/235,54.647,5.3146667,2.8,12.390435
132094,2022-03-17,SP00/62,102.365,5.3146667,2.8,12.390435
132095,2022-03-17,SE94/5,19.045,5.3146667,2.8,12.390435
132096,2022-03-17,ST07/10,66.5454,5.3146667,2.8,12.390435
132097,2022-03-18,TL33/67,80.08,7.218834,0.0,10.834984
132098,2022-03-18,SE95/6,26.71,7.218834,0.0,10.834984
132099,2022-03-18,TF81/2A,46.23,7.218834,0.0,10.834984
132100,2022-03-18,TL33/4,78.47,7.218834,0.0,10.834984
132101,2022-03-18,SU01/5B,90.54,7.218834,0.0,10.834984
132102,2022-03-18,NY63/2,130.95,7.218834,0.0,10.834984
132103,2022-03-18,NO20/14,36.79,7.218834,0.0,10.834984
132104,2022-03-18,SJ15/13,80.24353,7.218834,0.0,10.834984
132105,2022-03-18,SU17/57,136.17,7.218834,0.0,10.834984
132106,2022-03-18,TL44/12,43.104,7.218834,0.0,10.834984
132107,2022-03-18,SY68/34,68.456,7.218834,0.0,10.834984
132108,2022-03-18,TR14/9,70.67,7.218834,0.0,10.834984
132109,2022-03-18,SU81/1,53.181,7.218834,0.0,10.834984
132110,2022-03-18,SJ62/235,54.644,7.218834,0.0,10.834984
132111,2022-03-18,SK00/41,129.895,7.218834,0.0,10.834984
132112,2022-03-18,TQ25/86,96.402,7.218834,0.0,10.834984
132113,2022-03-18,SU71/23,44.6,7.218834,0.0,10.834984
132114,2022-03-18,ST07/10,65.9553,7.218834,0.0,10.834984
132115,2022-03-18,TF03/37,15.933,7.218834,0.0,10.834984
132116,2022-03-18,SN00/11,11.8056,7.218834,0.0,10.834984
132117,2022-03-18,SP00/62,102.36,7.218834,0.0,10.834984
132118,2022-03-18,SE94/5,19.063,7.218834,0.0,10.834984
132119,2022-03-18,TV59/7C,1.79,7.218834,0.0,10.834984
132120,2022-03-19,TF81/2A,46.26,8.570916,0.0,20.442625
132121,2022-03-19,NY63/2,130.94,8.570916,0.0,20.442625
132122,2022-03-19,SU01/5B,90.58,8.570916,0.0,20.442625
132123,2022-03-19,NO20/14,36.81,8.570916,0.0,20.442625
132124,2022-03-19,SE95/6,26.58,8.570916,0.0,20.442625
132125,2022-03-19,TL44/12,43.093,8.570916,0.0,20.442625
132126,2022-03-19,SJ15/13,80.23374,8.570916,0.0,20.442625
132127,2022-03-19,SU17/57,136.14,8.570916,0.0,20.442625
132128,2022-03-19,TL33/4,78.5,8.570916,0.0,20.442625
132129,2022-03-19,TL33/67,80.2,8.570916,0.0,20.442625
132130,2022-03-19,TQ25/86,96.419,8.570916,0.0,20.442625
132131,2022-03-19,SN00/11,11.7577,8.570916,0.0,20.442625
132132,2022-03-19,ST07/10,65.4588,8.570916,0.0,20.442625
132133,2022-03-19,TF03/37,16.056,8.570916,0.0,20.442625
132134,2022-03-19,SU81/1,53.182,8.570916,0.0,20.442625
132135,2022-03-19,SU71/23,44.619,8.570916,0.0,20.442625
132136,2022-03-19,SK00/41,129.921,8.570916,0.0,20.442625
132137,2022-03-19,SJ62/235,54.659,8.570916,0.0,20.442625
132138,2022-03-19,TR14/9,70.667,8.570916,0.0,20.442625
132139,2022-03-19,SE94/5,19.103,8.570916,0.0,20.442625
132140,2022-03-19,SY68/34,68.481,8.570916,0.0,20.442625
132141,2022-03-19,SP00/62,102.377,8.570916,0.0,20.442625
132142,2022-03-20,NO20/14,36.86,5.8750844,0.0,13.728299
132143,2022-03-20,TL33/67,80.28,5.8750844,0.0,13.728299
132144,2022-03-20,TF81/2A,46.27,5.8750844,0.0,13.728299
132145,2022-03-20,NY63/2,131.0,5.8750844,0.0,13.728299
132146,2022-03-20,TL44/12,43.13,5.8750844,0.0,13.728299
132147,2022-03-20,SJ15/13,80.27068,5.8750844,0.0,13.728299
132148,2022-03-20,TL33/4,78.53,5.8750844,0.0,13.728299
132149,2022-03-20,SU17/57,136.1,5.8750844,0.0,13.728299
132150,2022-03-20,SU01/5B,90.79,5.8750844,0.0,13.728299
132151,2022-03-20,SE95/6,26.47,5.8750844,0.0,13.728299
132152,2022-03-20,SP00/62,102.391,5.8750844,0.0,13.728299
132153,2022-03-20,SN00/11,11.6967,5.8750844,0.0,13.728299
132154,2022-03-20,SJ62/235,54.664,5.8750844,0.0,13.728299
132155,2022-03-20,ST07/10,64.9929,5.8750844,0.0,13.728299
132156,2022-03-20,SU71/23,44.63,5.8750844,0.0,13.728299
132157,2022-03-20,SE94/5,19.149,5.8750844,0.0,13.728299
132158,2022-03-20,TQ25/86,96.43,5.8750844,0.0,13.728299
132159,2022-03-20,TR14/9,70.647,5.8750844,0.0,13.728299
132160,2022-03-20,SK00/41,129.952,5.8750844,0.0,13.728299
132161,2022-03-20,TF03/37,16.159,5.8750844,0.0,13.728299
132162,2022-03-20,SY68/34,68.499,5.8750844,0.0,13.728299
132163,2022-03-20,SU81/1,53.182,5.8750844,0.0,13.728299
132164,2022-03-21,SU01/5B,91.2,5.0688334,0.0,8.490658
132165,2022-03-21,SU17/57,136.12,5.0688334,0.0,8.490658
132166,2022-03-21,TF81/2A,46.28,5.0688334,0.0,8.490658
132167,2022-03-21,SJ15/13,80.28742,5.0688334,0.0,8.490658
132168,2022-03-21,TL33/4,78.56,5.0688334,0.0,8.490658
132169,2022-03-21,SE95/6,26.35,5.0688334,0.0,8.490658
132170,2022-03-21,NO20/14,36.9,5.0688334,0.0,8.490658
132171,2022-03-21,TL44/12,43.166,5.0688334,0.0,8.490658
132172,2022-03-21,TM15/112,25.31,5.0688334,0.0,8.490658
132173,2022-03-21,TL33/67,80.31,5.0688334,0.0,8.490658
132174,2022-03-21,NY63/2,131.03,5.0688334,0.0,8.490658
132175,2022-03-21,SK00/41,129.958,5.0688334,0.0,8.490658
132176,2022-03-21,SU71/23,44.63,5.0688334,0.0,8.490658
132177,2022-03-21,SE94/5,19.178,5.0688334,0.0,8.490658
132178,2022-03-21,ST07/10,64.5472,5.0688334,0.0,8.490658
132179,2022-03-21,SN00/11,11.6261,5.0688334,0.0,8.490658
132180,2022-03-21,TR14/9,70.627,5.0688334,0.0,8.490658
132181,2022-03-21,TQ25/86,96.44,5.0688334,0.0,8.490658
132182,2022-03-21,SY68/34,68.514,5.0688334,0.0,8.490658
132183,2022-03-21,SP00/62,102.394,5.0688334,0.0,8.490658
132184,2022-03-21,SJ62/235,54.66,5.0688334,0.0,8.490658
132185,2022-03-21,SU81/1,53.162,5.0688334,0.0,8.490658
132186,2022-03-21,TF03/37,16.196,5.0688334,0.0,8.490658
132187,2022-03-22,TL33/4,78.59,10.575084,0.3,13.230415
132188,2022-03-22,SU17/57,136.18,10.575084,0.3,13.230415
132189,2022-03-22,TL33/67,80.35,10.575084,0.3,13.230415
132190,2022-03-22,SJ15/13,80.27941,10.575084,0.3,13.230415
132191,2022-03-22,SE95/6,26.25,10.575084,0.3,13.230415
132192,2022-03-22,NO20/14,36.9,10.575084,0.3,13.230415
132193,2022-03-22,TF81/2A,46.28,10.575084,0.3,13.230415
132194,2022-03-22,TL44/12,43.21,10.575084,0.3,13.230415
132195,2022-03-22,SU01/5B,91.74,10.575084,0.3,13.230415
132196,2022-03-22,NY63/2,131.02,10.575084,0.3,13.230415
132197,2022-03-22,SE94/5,19.203,10.575084,0.3,13.230415
132198,2022-03-22,SK00/41,129.96,10.575084,0.3,13.230415
132199,2022-03-22,SU71/23,44.625,10.575084,0.3,13.230415
132200,2022-03-22,TQ25/86,96.45,10.575084,0.3,13.230415
132201,2022-03-22,SN00/11,11.5503,10.575084,0.3,13.230415
132202,2022-03-22,SJ62/235,54.657,10.575084,0.3,13.230415
132203,2022-03-22,SY68/34,68.528,10.575084,0.3,13.230415
132204,2022-03-22,TF03/37,16.239,10.575084,0.3,13.230415
132205,2022-03-22,SP00/62,102.387,10.575084,0.3,13.230415
132206,2022-03-22,ST07/10,64.1274,10.575084,0.3,13.230415
132207,2022-03-22,TR14/9,70.605,10.575084,0.3,13.230415
132208,2022-03-22,SU81/1,53.14,10.575084,0.3,13.230415
132209,2022-03-23,TL44/12,43.249,11.3063345,0.6,9.449067
132210,2022-03-23,NY63/2,131.01,11.3063345,0.6,9.449067
132211,2022-03-23,SJ15/13,80.27089,11.3063345,0.6,9.449067
132212,2022-03-23,NO20/14,36.9,11.3063345,0.6,9.449067
132213,2022-03-23,SU17/57,136.24,11.3063345,0.6,9.449067
132214,2022-03-23,TF81/2A,46.29,11.3063345,0.6,9.449067
132215,2022-03-23,SU01/5B,92.29,11.3063345,0.6,9.449067
132216,2022-03-23,TL33/4,78.62,11.3063345,0.6,9.449067
132217,2022-03-23,TL33/67,80.39,11.3063345,0.6,9.449067
132218,2022-03-23,SE95/6,26.1,11.3063345,0.6,9.449067
132219,2022-03-23,ST07/10,63.7124,11.3063345,0.6,9.449067
132220,2022-03-23,SE94/5,19.227,11.3063345,0.6,9.449067
132221,2022-03-23,TF03/37,16.3,11.3063345,0.6,9.449067
132222,2022-03-23,SP00/62,102.361,11.3063345,0.6,9.449067
132223,2022-03-23,SY68/34,68.543,11.3063345,0.6,9.449067
132224,2022-03-23,SU81/1,53.113,11.3063345,0.6,9.449067
132225,2022-03-23,TQ25/86,96.46,11.3063345,0.6,9.449067
132226,2022-03-23,SJ62/235,54.653,11.3063345,0.6,9.449067
132227,2022-03-23,SU71/23,44.609,11.3063345,0.6,9.449067
132228,2022-03-23,TR14/9,70.582,11.3063345,0.6,9.449067
132229,2022-03-23,SK00/41,129.96,11.3063345,0.6,9.449067
132230,2022-03-23,SN00/11,11.4735,11.3063345,0.6,9.449067
132231,2022-03-24,TF81/2A,46.3,9.793833,0.0,6.896861
132232,2022-03-24,NY63/2,131.01,9.793833,0.0,6.896861
132233,2022-03-24,SJ15/13,80.26037,9.793833,0.0,6.896861
132234,2022-03-24,SE95/6,26.01,9.793833,0.0,6.896861
132235,2022-03-24,NO20/14,36.91,9.793833,0.0,6.896861
132236,2022-03-24,SU01/5B,92.71,9.793833,0.0,6.896861
132237,2022-03-24,TL33/4,78.65,9.793833,0.0,6.896861
132238,2022-03-24,TL44/12,43.279,9.793833,0.0,6.896861
132239,2022-03-24,TL33/67,80.43,9.793833,0.0,6.896861
132240,2022-03-24,SU17/57,136.31,9.793833,0.0,6.896861
132241,2022-03-24,SY68/34,68.56,9.793833,0.0,6.896861
132242,2022-03-24,SP00/62,102.341,9.793833,0.0,6.896861
132243,2022-03-24,TQ25/86,96.47,9.793833,0.0,6.896861
132244,2022-03-24,TF03/37,16.335,9.793833,0.0,6.896861
132245,2022-03-24,ST07/10,63.3157,9.793833,0.0,6.896861
132246,2022-03-24,SU71/23,44.594,9.793833,0.0,6.896861
132247,2022-03-24,SK00/41,129.963,9.793833,0.0,6.896861
132248,2022-03-24,TR14/9,70.562,9.793833,0.0,6.896861
132249,2022-03-24,SE94/5,19.25,9.793833,0.0,6.896861
132250,2022-03-24,SU81/1,53.086,9.793833,0.0,6.896861
132251,2022-03-24,SN00/11,11.4003,9.793833,0.0,6.896861
132252,2022-03-24,SJ62/235,54.651,9.793833,0.0,6.896861
132253,2022-03-25,SU01/5B,92.99,10.514667,0.1,5.575986
132254,2022-03-25,SE95/6,25.89,10.514667,0.1,5.575986
132255,2022-03-25,NO20/14,36.9,10.514667,0.1,5.575986
132256,2022-03-25,SJ15/13,80.25163,10.514667,0.1,5.575986
132257,2022-03-25,SU17/57,136.37,10.514667,0.1,5.575986
132258,2022-03-25,TF81/2A,46.3,10.514667,0.1,5.575986
132259,2022-03-25,TL33/4,78.68,10.514667,0.1,5.575986
132260,2022-03-25,TL44/12,43.294,10.514667,0.1,5.575986
132261,2022-03-25,TL33/67,80.47,10.514667,0.1,5.575986
132262,2022-03-25,NY63/2,131.0,10.514667,0.1,5.575986
132263,2022-03-25,SJ62/235,54.646,10.514667,0.1,5.575986
132264,2022-03-25,ST07/10,62.9373,10.514667,0.1,5.575986
132265,2022-03-25,SU71/23,44.572,10.514667,0.1,5.575986
132266,2022-03-25,SU81/1,53.054,10.514667,0.1,5.575986
132267,2022-03-25,TR14/9,70.54,10.514667,0.1,5.575986
132268,2022-03-25,SK00/41,129.961,10.514667,0.1,5.575986
132269,2022-03-25,TQ25/86,96.48,10.514667,0.1,5.575986
132270,2022-03-25,SE94/5,19.267,10.514667,0.1,5.575986
132271,2022-03-25,TF03/37,16.37,10.514667,0.1,5.575986
132272,2022-03-25,SN00/11,11.322,10.514667,0.1,5.575986
132273,2022-03-25,SY68/34,68.578,10.514667,0.1,5.575986
132274,2022-03-25,SP00/62,102.315,10.514667,0.1,5.575986
132275,2022-03-26,TF81/2A,46.31,10.400084,0.0,5.32587
132276,2022-03-26,NO20/14,36.9,10.400084,0.0,5.32587
132277,2022-03-26,SE95/6,25.75,10.400084,0.0,5.32587
132278,2022-03-26,SU17/57,136.45,10.400084,0.0,5.32587
132279,2022-03-26,SU01/5B,93.13,10.400084,0.0,5.32587
132280,2022-03-26,TL44/12,43.304,10.400084,0.0,5.32587
132281,2022-03-26,NY63/2,130.99,10.400084,0.0,5.32587
132282,2022-03-26,TL33/4,78.71,10.400084,0.0,5.32587
132283,2022-03-26,TL33/67,80.51,10.400084,0.0,5.32587
132284,2022-03-26,SJ15/13,80.23658,10.400084,0.0,5.32587
132285,2022-03-26,SJ62/235,54.644,10.400084,0.0,5.32587
132286,2022-03-26,SU71/23,44.548,10.400084,0.0,5.32587
132287,2022-03-26,SN00/11,11.2413,10.400084,0.0,5.32587
132288,2022-03-26,SP00/62,102.288,10.400084,0.0,5.32587
132289,2022-03-26,TQ25/86,96.493,10.400084,0.0,5.32587
132290,2022-03-26,SK00/41,129.96,10.400084,0.0,5.32587
132291,2022-03-26,TF03/37,16.408,10.400084,0.0,5.32587
132292,2022-03-26,ST07/10,62.6041,10.400084,0.0,5.32587
132293,2022-03-26,SY68/34,68.597,10.400084,0.0,5.32587
132294,2022-03-26,SU81/1,53.026,10.400084,0.0,5.32587
132295,2022-03-26,SE94/5,19.283,10.400084,0.0,5.32587
132296,2022-03-26,TR14/9,70.513,10.400084,0.0,5.32587
132297,2022-03-27,NO20/14,36.91,10.839667,0.0,5.250339
132298,2022-03-27,TL33/4,78.74,10.839667,0.0,5.250339
132299,2022-03-27,SE95/6,25.63,10.839667,0.0,5.250339
132300,2022-03-27,SJ15/13,80.23056,10.839667,0.0,5.250339
132301,2022-03-27,TL44/12,43.32,10.839667,0.0,5.250339
132302,2022-03-27,SU01/5B,93.18,10.839667,0.0,5.250339
132303,2022-03-27,TL33/67,80.6,10.839667,0.0,5.250339
132304,2022-03-27,NY63/2,130.99,10.839667,0.0,5.250339
132305,2022-03-27,SU17/57,136.51,10.839667,0.0,5.250339
132306,2022-03-27,TF81/2A,46.32,10.839667,0.0,5.250339
132307,2022-03-27,SJ62/235,54.65,10.839667,0.0,5.250339
132308,2022-03-27,TF03/37,16.481,10.839667,0.0,5.250339
132309,2022-03-27,ST07/10,62.3101,10.839667,0.0,5.250339
132310,2022-03-27,SE94/5,19.306,10.839667,0.0,5.250339
132311,2022-03-27,SU71/23,44.531,10.839667,0.0,5.250339
132312,2022-03-27,SY68/34,68.621,10.839667,0.0,5.250339
132313,2022-03-27,SN00/11,11.1696,10.839667,0.0,5.250339
132314,2022-03-27,SK00/41,129.972,10.839667,0.0,5.250339
132315,2022-03-27,TR14/9,70.51,10.839667,0.0,5.250339
132316,2022-03-27,SU81/1,53.007,10.839667,0.0,5.250339
132317,2022-03-27,TQ25/86,96.517,10.839667,0.0,5.250339
132318,2022-03-27,SP00/62,102.27,10.839667,0.0,5.250339
132319,2022-03-28,TL44/12,43.355,10.539668,0.5,4.486467
132320,2022-03-28,TL33/4,78.77,10.539668,0.5,4.486467
132321,2022-03-28,SJ15/13,80.25019,10.539668,0.5,4.486467
132322,2022-03-28,SU17/57,136.52,10.539668,0.5,4.486467
132323,2022-03-28,TL33/67,80.7,10.539668,0.5,4.486467
132324,2022-03-28,NO20/14,36.92,10.539668,0.5,4.486467
132325,2022-03-28,NY63/2,131.02,10.539668,0.5,4.486467
132326,2022-03-28,SE95/6,25.51,10.539668,0.5,4.486467
132327,2022-03-28,SU01/5B,93.19,10.539668,0.5,4.486467
132328,2022-03-28,TF81/2A,46.34,10.539668,0.5,4.486467
132329,2022-03-28,SY68/34,68.647,10.539668,0.5,4.486467
132330,2022-03-28,SU81/1,53.015,10.539668,0.5,4.486467
132331,2022-03-28,SN00/11,11.1074,10.539668,0.5,4.486467
132332,2022-03-28,TQ25/86,96.537,10.539668,0.5,4.486467
132333,2022-03-28,TR14/9,70.5,10.539668,0.5,4.486467
132334,2022-03-28,SK00/41,130.001,10.539668,0.5,4.486467
132335,2022-03-28,TF03/37,16.565,10.539668,0.5,4.486467
132336,2022-03-28,SP00/62,102.225,10.539668,0.5,4.486467
132337,2022-03-28,SU71/23,44.53,10.539668,0.5,4.486467
132338,2022-03-28,SE94/5,19.333,10.539668,0.5,4.486467
132339,2022-03-28,SJ62/235,54.66,10.539668,0.5,4.486467
132340,2022-03-28,ST07/10,62.0404,10.539668,0.5,4.486467
132341,2022-03-29,TL44/12,43.384,8.718833,1.5,5.8106794
132342,2022-03-29,SU17/57,136.46,8.718833,1.5,5.8106794
132343,2022-03-29,NO20/14,36.93,8.718833,1.5,5.8106794
132344,2022-03-29,NY63/2,131.05,8.718833,1.5,5.8106794
132345,2022-03-29,TL33/67,80.77,8.718833,1.5,5.8106794
132346,2022-03-29,SJ15/13,80.27269,8.718833,1.5,5.8106794
132347,2022-03-29,TF81/2A,46.35,8.718833,1.5,5.8106794
132348,2022-03-29,TL33/4,78.81,8.718833,1.5,5.8106794
132349,2022-03-29,SE95/6,25.4,8.718833,1.5,5.8106794
132350,2022-03-29,SU01/5B,93.19,8.718833,1.5,5.8106794
132351,2022-03-29,ST07/10,61.8139,8.718833,1.5,5.8106794
132352,2022-03-29,SY68/34,68.672,8.718833,1.5,5.8106794
132353,2022-03-29,SJ62/235,54.664,8.718833,1.5,5.8106794
132354,2022-03-29,SE94/5,19.36,8.718833,1.5,5.8106794
132355,2022-03-29,SU81/1,53.034,8.718833,1.5,5.8106794
132356,2022-03-29,SN00/11,11.0397,8.718833,1.5,5.8106794
132357,2022-03-29,TF03/37,16.621,8.718833,1.5,5.8106794
132358,2022-03-29,TR14/9,70.49,8.718833,1.5,5.8106794
132359,2022-03-29,SK00/41,130.022,8.718833,1.5,5.8106794
132360,2022-03-29,SP00/62,102.185,8.718833,1.5,5.8106794
132361,2022-03-29,TQ25/86,96.55,8.718833,1.5,5.8106794
132362,2022-03-29,SU71/23,44.525,8.718833,1.5,5.8106794
132363,2022-03-30,SU01/5B,93.17,3.4417498,3.1000001,12.963974
132364,2022-03-30,NO20/14,36.92,3.4417498,3.1000001,12.963974
132365,2022-03-30,TL44/12,43.4,3.4417498,3.1000001,12.963974
132366,2022-03-30,TL33/4,78.85,3.4417498,3.1000001,12.963974
132367,2022-03-30,SU17/57,136.46,3.4417498,3.1000001,12.963974
132368,2022-03-30,NY63/2,131.06,3.4417498,3.1000001,12.963974
132369,2022-03-30,SJ15/13,80.29104,3.4417498,3.1000001,12.963974
132370,2022-03-30,SE95/6,25.3,3.4417498,3.1000001,12.963974
132371,2022-03-30,TF81/2A,46.36,3.4417498,3.1000001,12.963974
132372,2022-03-30,TL33/67,80.81,3.4417498,3.1000001,12.963974
132373,2022-03-30,NH95/17,29.66,3.4417498,3.1000001,12.963974
132374,2022-03-30,TF03/37,16.653,3.4417498,3.1000001,12.963974
132375,2022-03-30,TQ25/86,96.55,3.4417498,3.1000001,12.963974
132376,2022-03-30,SP00/62,102.138,3.4417498,3.1000001,12.963974
132377,2022-03-30,SU71/23,44.51,3.4417498,3.1000001,12.963974
132378,2022-03-30,SK00/41,130.031,3.4417498,3.1000001,12.963974
132379,2022-03-30,SU81/1,53.045,3.4417498,3.1000001,12.963974
132380,2022-03-30,SE94/5,19.376,3.4417498,3.1000001,12.963974
132381,2022-03-30,ST07/10,61.5309,3.4417498,3.1000001,12.963974
132382,2022-03-30,SN00/11,10.9604,3.4417498,3.1000001,12.963974
132383,2022-03-30,SY68/34,68.693,3.4417498,3.1000001,12.963974
132384,2022-03-30,TR14/9,70.477,3.4417498,3.1000001,12.963974
132385,2022-03-30,SJ62/235,54.658,3.4417498,3.1000001,12.963974
132386,2022-03-31,SU17/57,136.49,2.4709167,0.90000004,14.8992815
132387,2022-03-31,SU01/5B,93.09,2.4709167,0.90000004,14.8992815
132388,2022-03-31,SE95/6,25.16,2.4709167,0.90000004,14.8992815
132389,2022-03-31,SJ15/13,80.27411,2.4709167,0.90000004,14.8992815
132390,2022-03-31,TL44/12,43.384,2.4709167,0.90000004,14.8992815
132391,2022-03-31,NY63/2,131.03,2.4709167,0.90000004,14.8992815
132392,2022-03-31,NO20/14,36.87,2.4709167,0.90000004,14.8992815
132393,2022-03-31,TA10/63,17.73,2.4709167,0.90000004,14.8992815
132394,2022-03-31,TL33/67,80.8,2.4709167,0.90000004,14.8992815
132395,2022-03-31,NH95/17,29.64,2.4709167,0.90000004,14.8992815
132396,2022-03-31,TF81/2A,46.35,2.4709167,0.90000004,14.8992815
132397,2022-03-31,TL33/4,78.88,2.4709167,0.90000004,14.8992815
132398,2022-03-31,SU71/23,44.47,2.4709167,0.90000004,14.8992815
132399,2022-03-31,SP00/62,102.087,2.4709167,0.90000004,14.8992815
132400,2022-03-31,TR14/9,70.447,2.4709167,0.90000004,14.8992815
132401,2022-03-31,SE94/5,19.378,2.4709167,0.90000004,14.8992815
132402,2022-03-31,SJ62/235,54.645,2.4709167,0.90000004,14.8992815
132403,2022-03-31,TQ25/86,96.55,2.4709167,0.90000004,14.8992815
132404,2022-03-31,SU81/1,53.016,2.4709167,0.90000004,14.8992815
132405,2022-03-31,ST07/10,61.1904,2.4709167,0.90000004,14.8992815
132406,2022-03-31,SN00/11,10.8574,2.4709167,0.90000004,14.8992815
132407,2022-03-31,SK00/41,130.014,2.4709167,0.90000004,14.8992815
132408,2022-03-31,SY68/34,68.706,2.4709167,0.90000004,14.8992815
132409,2022-03-31,TF03/37,16.637,2.4709167,0.90000004,14.8992815
132410,2022-04-01,SU01/5B,92.93,2.943833,0.4,9.977381
132411,2022-04-01,TL33/67,80.8,2.943833,0.4,9.977381
132412,2022-04-01,SU17/57,136.6,2.943833,0.4,9.977381
132413,2022-04-01,NH95/17,29.63,2.943833,0.4,9.977381
132414,2022-04-01,TF81/2A,46.34,2.943833,0.4,9.977381
132415,2022-04-01,NY63/2,131.0,2.943833,0.4,9.977381
132416,2022-04-01,TL33/4,78.92,2.943833,0.4,9.977381
132417,2022-04-01,TL44/12,43.353,2.943833,0.4,9.977381
132418,2022-04-01,SE95/6,25.05,2.943833,0.4,9.977381
132419,2022-04-01,NO20/14,36.84,2.943833,0.4,9.977381
132420,2022-04-01,SJ15/13,80.239,2.943833,0.4,9.977381
132421,2022-04-01,SK00/41,129.999,2.943833,0.4,9.977381
132422,2022-04-01,SU81/1,52.955,2.943833,0.4,9.977381
132423,2022-04-01,ST07/10,60.8795,2.943833,0.4,9.977381
132424,2022-04-01,SE94/5,19.377,2.943833,0.4,9.977381
132425,2022-04-01,SN00/11,10.765,2.943833,0.4,9.977381
132426,2022-04-01,SY68/34,68.715,2.943833,0.4,9.977381
132427,2022-04-01,TQ25/86,96.554,2.943833,0.4,9.977381
132428,2022-04-01,TR14/9,70.414,2.943833,0.4,9.977381
132429,2022-04-01,SP00/62,102.035,2.943833,0.4,9.977381
132430,2022-04-01,TF03/37,16.629,2.943833,0.4,9.977381
132431,2022-04-01,SU71/23,44.417,2.943833,0.4,9.977381
132432,2022-04-02,SE95/6,24.91,3.414667,1.1,6.174712
132433,2022-04-02,TL33/67,80.82,3.414667,1.1,6.174712
132434,2022-04-02,SU17/57,136.7,3.414667,1.1,6.174712
132435,2022-04-02,TF81/2A,46.34,3.414667,1.1,6.174712
132436,2022-04-02,TL33/4,78.95,3.414667,1.1,6.174712
132437,2022-04-02,NH95/17,29.61,3.414667,1.1,6.174712
132438,2022-04-02,NY63/2,130.99,3.414667,1.1,6.174712
132439,2022-04-02,SU01/5B,92.71,3.414667,1.1,6.174712
132440,2022-04-02,NO20/14,36.82,3.414667,1.1,6.174712
132441,2022-04-02,SJ15/13,80.22237,3.414667,1.1,6.174712
132442,2022-04-02,TL44/12,43.326,3.414667,1.1,6.174712
132443,2022-04-02,SK00/41,129.99,3.414667,1.1,6.174712
132444,2022-04-02,ST07/10,60.5715,3.414667,1.1,6.174712
132445,2022-04-02,SU81/1,52.877,3.414667,1.1,6.174712
132446,2022-04-02,SE94/5,19.375,3.414667,1.1,6.174712
132447,2022-04-02,SN00/11,10.6803,3.414667,1.1,6.174712
132448,2022-04-02,TR14/9,70.38,3.414667,1.1,6.174712
132449,2022-04-02,SU71/23,44.362,3.414667,1.1,6.174712
132450,2022-04-02,SP00/62,101.985,3.414667,1.1,6.174712
132451,2022-04-02,SY68/34,68.722,3.414667,1.1,6.174712
132452,2022-04-02,TQ25/86,96.564,3.414667,1.1,6.174712
132453,2022-04-02,TF03/37,16.619,3.414667,1.1,6.174712
132454,2022-04-03,TL33/67,80.92,4.45425,3.3,11.048712
132455,2022-04-03,NO20/14,36.83,4.45425,3.3,11.048712
132456,2022-04-03,SU01/5B,92.49,4.45425,3.3,11.048712
132457,2022-04-03,SJ15/13,80.20281,4.45425,3.3,11.048712
132458,2022-04-03,SE95/6,24.73,4.45425,3.3,11.048712
132459,2022-04-03,TF81/2A,46.36,4.45425,3.3,11.048712
132460,2022-04-03,SU17/57,136.78,4.45425,3.3,11.048712
132461,2022-04-03,TL33/4,78.98,4.45425,3.3,11.048712
132462,2022-04-03,TL44/12,43.322,4.45425,3.3,11.048712
132463,2022-04-03,NH95/17,29.63,4.45425,3.3,11.048712
132464,2022-04-03,NY63/2,130.96,4.45425,3.3,11.048712
132465,2022-04-03,SU81/1,52.807,4.45425,3.3,11.048712
132466,2022-04-03,TR14/9,70.365,4.45425,3.3,11.048712
132467,2022-04-03,SN00/11,10.6067,4.45425,3.3,11.048712
132468,2022-04-03,SP00/62,101.941,4.45425,3.3,11.048712
132469,2022-04-03,SU71/23,44.315,4.45425,3.3,11.048712
132470,2022-04-03,SK00/41,129.999,4.45425,3.3,11.048712
132471,2022-04-03,TQ25/86,96.582,4.45425,3.3,11.048712
132472,2022-04-03,ST07/10,60.2997,4.45425,3.3,11.048712
132473,2022-04-03,SY68/34,68.728,4.45425,3.3,11.048712
132474,2022-04-03,SE94/5,19.391,4.45425,3.3,11.048712
132475,2022-04-03,TF03/37,16.691,4.45425,3.3,11.048712
132476,2022-04-04,TL44/12,43.355,9.573001,2.4000003,24.710394
132477,2022-04-04,SE95/6,24.63,9.573001,2.4000003,24.710394
132478,2022-04-04,ID30/1,114.51,9.573001,2.4000003,24.710394
132479,2022-04-04,TL33/4,79.02,9.573001,2.4000003,24.710394
132480,2022-04-04,TL33/67,81.01,9.573001,2.4000003,24.710394
132481,2022-04-04,SU01/5B,92.25,9.573001,2.4000003,24.710394
132482,2022-04-04,SJ15/13,80.24574,9.573001,2.4000003,24.710394
132483,2022-04-04,TF81/2A,46.37,9.573001,2.4000003,24.710394
132484,2022-04-04,SU17/57,136.76,9.573001,2.4000003,24.710394
132485,2022-04-04,NY63/2,131.04,9.573001,2.4000003,24.710394
132486,2022-04-04,NH95/17,29.65,9.573001,2.4000003,24.710394
132487,2022-04-04,NO20/14,36.86,9.573001,2.4000003,24.710394
132488,2022-04-04,SU81/1,52.767,9.573001,2.4000003,24.710394
132489,2022-04-04,SY68/34,68.736,9.573001,2.4000003,24.710394
132490,2022-04-04,TQ25/86,96.593,9.573001,2.4000003,24.710394
132491,2022-04-04,TF03/37,16.753,9.573001,2.4000003,24.710394
132492,2022-04-04,ST07/10,60.0613,9.573001,2.4000003,24.710394
132493,2022-04-04,SK00/41,130.031,9.573001,2.4000003,24.710394
132494,2022-04-04,SN00/11,10.5638,9.573001,2.4000003,24.710394
132495,2022-04-04,SP00/62,101.916,9.573001,2.4000003,24.710394
132496,2022-04-04,TR14/9,70.34,9.573001,2.4000003,24.710394
132497,2022-04-04,SU71/23,44.283,9.573001,2.4000003,24.710394
132498,2022-04-04,SE94/5,19.408,9.573001,2.4000003,24.710394
132499,2022-04-05,NO20/14,36.85,9.1188345,11.0,21.30382
132500,2022-04-05,TF81/2A,46.38,9.1188345,11.0,21.30382
132501,2022-04-05,ID30/1,114.58,9.1188345,11.0,21.30382
132502,2022-04-05,SE95/6,24.53,9.1188345,11.0,21.30382
132503,2022-04-05,NY63/2,131.05,9.1188345,11.0,21.30382
132504,2022-04-05,TL33/4,79.06,9.1188345,11.0,21.30382
132505,2022-04-05,TL44/12,43.367,9.1188345,11.0,21.30382
132506,2022-04-05,TL33/67,81.07,9.1188345,11.0,21.30382
132507,2022-04-05,SU01/5B,92.07,9.1188345,11.0,21.30382
132508,2022-04-05,SJ15/13,80.25858,9.1188345,11.0,21.30382
132509,2022-04-05,SU17/57,136.7,9.1188345,11.0,21.30382
132510,2022-04-05,NH95/17,29.67,9.1188345,11.0,21.30382
132511,2022-04-05,TR14/9,70.326,9.1188345,11.0,21.30382
132512,2022-04-05,TF03/37,16.794,9.1188345,11.0,21.30382
132513,2022-04-05,ST07/10,59.8338,9.1188345,11.0,21.30382
132514,2022-04-05,SU71/23,44.239,9.1188345,11.0,21.30382
132515,2022-04-05,TQ25/86,96.613,9.1188345,11.0,21.30382
132516,2022-04-05,SY68/34,68.74,9.1188345,11.0,21.30382
132517,2022-04-05,SE94/5,19.416,9.1188345,11.0,21.30382
132518,2022-04-05,SU81/1,52.718,9.1188345,11.0,21.30382
132519,2022-04-05,SN00/11,10.4994,9.1188345,11.0,21.30382
132520,2022-04-05,SK00/41,130.045,9.1188345,11.0,21.30382
132521,2022-04-05,SP00/62,101.868,9.1188345,11.0,21.30382
132522,2022-04-06,SJ15/13,80.29084,7.6875834,17.6,20.593721
132523,2022-04-06,TF81/2A,46.41,7.6875834,17.6,20.593721
132524,2022-04-06,SE95/6,24.44,7.6875834,17.6,20.593721
132525,2022-04-06,TL33/67,81.2,7.6875834,17.6,20.593721
132526,2022-04-06,SU01/5B,91.86,7.6875834,17.6,20.593721
132527,2022-04-06,NO20/14,36.88,7.6875834,17.6,20.593721
132528,2022-04-06,NY63/2,131.09,7.6875834,17.6,20.593721
132529,2022-04-06,SU17/57,136.67,7.6875834,17.6,20.593721
132530,2022-04-06,ID30/1,114.69,7.6875834,17.6,20.593721
132531,2022-04-06,NH95/17,29.75,7.6875834,17.6,20.593721
132532,2022-04-06,TL33/4,79.09,7.6875834,17.6,20.593721
132533,2022-04-06,TL44/12,43.404,7.6875834,17.6,20.593721
132534,2022-04-06,ST07/10,59.686,7.6875834,17.6,20.593721
132535,2022-04-06,SY68/34,68.747,7.6875834,17.6,20.593721
132536,2022-04-06,SP00/62,101.832,7.6875834,17.6,20.593721
132537,2022-04-06,TR14/9,70.318,7.6875834,17.6,20.593721
132538,2022-04-06,SE94/5,19.434,7.6875834,17.6,20.593721
132539,2022-04-06,TQ25/86,96.614,7.6875834,17.6,20.593721
132540,2022-04-06,SU71/23,44.208,7.6875834,17.6,20.593721
132541,2022-04-06,SU81/1,52.684,7.6875834,17.6,20.593721
132542,2022-04-06,SN00/11,10.4628,7.6875834,17.6,20.593721
132543,2022-04-06,SK00/41,130.08,7.6875834,17.6,20.593721
132544,2022-04-06,TF03/37,16.876,7.6875834,17.6,20.593721
132545,2022-04-07,TF81/2A,46.38,4.3459163,13.8,17.267508
132546,2022-04-07,TL33/4,79.13,4.3459163,13.8,17.267508
132547,2022-04-07,TL33/67,81.11,4.3459163,13.8,17.267508
132548,2022-04-07,SE95/6,24.37,4.3459163,13.8,17.267508
132549,2022-04-07,SU01/5B,91.7,4.3459163,13.8,17.267508
132550,2022-04-07,TL44/12,43.407,4.3459163,13.8,17.267508
132551,2022-04-07,NY63/2,131.16,4.3459163,13.8,17.267508
132552,2022-04-07,SU17/57,136.56,4.3459163,13.8,17.267508
132553,2022-04-07,NO20/14,36.84,4.3459163,13.8,17.267508
132554,2022-04-07,NH95/17,29.75,4.3459163,13.8,17.267508
132555,2022-04-07,ID30/1,114.79,4.3459163,13.8,17.267508
132556,2022-04-07,SJ15/13,80.341,4.3459163,13.8,17.267508
132557,2022-04-07,SN00/11,10.3712,4.3459163,13.8,17.267508
132558,2022-04-07,TR14/9,70.274,4.3459163,13.8,17.267508
132559,2022-04-07,TF03/37,16.801,4.3459163,13.8,17.267508
132560,2022-04-07,SP00/62,101.784,4.3459163,13.8,17.267508
132561,2022-04-07,ST07/10,59.491,4.3459163,13.8,17.267508
132562,2022-04-07,SY68/34,68.742,4.3459163,13.8,17.267508
132563,2022-04-07,TQ25/86,96.606,4.3459163,13.8,17.267508
132564,2022-04-07,SU71/23,44.15,4.3459163,13.8,17.267508
132565,2022-04-07,SK00/41,130.069,4.3459163,13.8,17.267508
132566,2022-04-07,SU81/1,52.607,4.3459163,13.8,17.267508
132567,2022-04-07,SE94/5,19.419,4.3459163,13.8,17.267508
132568,2022-04-08,SJ15/13,80.27137,3.093833,1.7,8.368357
132569,2022-04-08,SU01/5B,91.49,3.093833,1.7,8.368357
132570,2022-04-08,NO20/14,36.77,3.093833,1.7,8.368357
132571,2022-04-08,SU17/57,136.75,3.093833,1.7,8.368357
132572,2022-04-08,TL33/4,79.17,3.093833,1.7,8.368357
132573,2022-04-08,TL33/67,81.1,3.093833,1.7,8.368357
132574,2022-04-08,TF81/2A,46.36,3.093833,1.7,8.368357
132575,2022-04-08,NH95/17,29.74,3.093833,1.7,8.368357
132576,2022-04-08,TL44/12,43.373,3.093833,1.7,8.368357
132577,2022-04-08,NY63/2,131.03,3.093833,1.7,8.368357
132578,2022-04-08,SE95/6,24.25,3.093833,1.7,8.368357
132579,2022-04-08,ID30/1,114.8,3.093833,1.7,8.368357
132580,2022-04-08,TR14/9,70.225,3.093833,1.7,8.368357
132581,2022-04-08,SK00/41,130.031,3.093833,1.7,8.368357
132582,2022-04-08,SY68/34,68.729,3.093833,1.7,8.368357
132583,2022-04-08,ST07/10,59.2905,3.093833,1.7,8.368357
132584,2022-04-08,SU71/23,44.068,3.093833,1.7,8.368357
132585,2022-04-08,TQ25/86,96.594,3.093833,1.7,8.368357
132586,2022-04-08,SU81/1,52.489,3.093833,1.7,8.368357
132587,2022-04-08,SE94/5,19.39,3.093833,1.7,8.368357
132588,2022-04-08,SN00/11,10.2638,3.093833,1.7,8.368357
132589,2022-04-08,TF03/37,16.738,3.093833,1.7,8.368357
132590,2022-04-08,SP00/62,101.734,3.093833,1.7,8.368357
132591,2022-04-09,NO20/14,36.74,3.693833,0.4,11.980498
132592,2022-04-09,NY63/2,130.97,3.693833,0.4,11.980498
132593,2022-04-09,TF81/2A,46.35,3.693833,0.4,11.980498
132594,2022-04-09,TL33/4,79.2,3.693833,0.4,11.980498
132595,2022-04-09,ID30/1,114.71,3.693833,0.4,11.980498
132596,2022-04-09,TL44/12,43.325,3.693833,0.4,11.980498
132597,2022-04-09,TL33/67,81.08,3.693833,0.4,11.980498
132598,2022-04-09,NH95/17,29.73,3.693833,0.4,11.980498
132599,2022-04-09,SU01/5B,91.22,3.693833,0.4,11.980498
132600,2022-04-09,SU17/57,136.83,3.693833,0.4,11.980498
132601,2022-04-09,SJ15/13,80.22126,3.693833,0.4,11.980498
132602,2022-04-09,SE95/6,24.13,3.693833,0.4,11.980498
132603,2022-04-09,TQ25/86,96.595,3.693833,0.4,11.980498
132604,2022-04-09,ST07/10,59.1189,3.693833,0.4,11.980498
132605,2022-04-09,SU71/23,43.968,3.693833,0.4,11.980498
132606,2022-04-09,TR14/9,70.183,3.693833,0.4,11.980498
132607,2022-04-09,SY68/34,68.709,3.693833,0.4,11.980498
132608,2022-04-09,SK00/41,129.997,3.693833,0.4,11.980498
132609,2022-04-09,SU81/1,52.33,3.693833,0.4,11.980498
132610,2022-04-09,SE94/5,19.365,3.693833,0.4,11.980498
132611,2022-04-09,SN00/11,10.1636,3.693833,0.4,11.980498
132612,2022-04-09,TF03/37,16.692,3.693833,0.4,11.980498
132613,2022-04-09,SP00/62,101.684,3.693833,0.4,11.980498
132614,2022-04-10,SJ15/13,80.19147,5.1438336,0.2,7.7472177
132615,2022-04-10,NH95/17,29.72,5.1438336,0.2,7.7472177
132616,2022-04-10,SU17/57,136.91,5.1438336,0.2,7.7472177
132617,2022-04-10,TL44/12,43.307,5.1438336,0.2,7.7472177
132618,2022-04-10,TL33/4,79.23,5.1438336,0.2,7.7472177
132619,2022-04-10,NY63/2,130.94,5.1438336,0.2,7.7472177
132620,2022-04-10,SE95/6,24.01,5.1438336,0.2,7.7472177
132621,2022-04-10,TF81/2A,46.35,5.1438336,0.2,7.7472177
132622,2022-04-10,SU01/5B,90.9,5.1438336,0.2,7.7472177
132623,2022-04-10,TL33/67,81.16,5.1438336,0.2,7.7472177
132624,2022-04-10,ID30/1,114.63,5.1438336,0.2,7.7472177
132625,2022-04-10,NO20/14,36.75,5.1438336,0.2,7.7472177
132626,2022-04-10,SY68/34,68.694,5.1438336,0.2,7.7472177
132627,2022-04-10,TF03/37,16.72,5.1438336,0.2,7.7472177
132628,2022-04-10,SK00/41,130.0,5.1438336,0.2,7.7472177
132629,2022-04-10,SE94/5,19.351,5.1438336,0.2,7.7472177
132630,2022-04-10,ST07/10,58.978,5.1438336,0.2,7.7472177
132631,2022-04-10,SN00/11,10.0952,5.1438336,0.2,7.7472177
132632,2022-04-10,SP00/62,101.639,5.1438336,0.2,7.7472177
132633,2022-04-10,TQ25/86,96.609,5.1438336,0.2,7.7472177
132634,2022-04-10,SU81/1,52.196,5.1438336,0.2,7.7472177
132635,2022-04-10,TR14/9,70.158,5.1438336,0.2,7.7472177
132636,2022-04-10,SU71/23,43.884,5.1438336,0.2,7.7472177
132637,2022-04-11,TL33/67,81.25,8.133417,0.1,20.780853
132638,2022-04-11,NY63/2,130.97,8.133417,0.1,20.780853
132639,2022-04-11,NH95/17,29.72,8.133417,0.1,20.780853
132640,2022-04-11,TF81/2A,46.37,8.133417,0.1,20.780853
132641,2022-04-11,SE95/6,23.92,8.133417,0.1,20.780853
132642,2022-04-11,ID30/1,114.57,8.133417,0.1,20.780853
132643,2022-04-11,SJ15/13,80.20705,8.133417,0.1,20.780853
132644,2022-04-11,NO20/14,36.76,8.133417,0.1,20.780853
132645,2022-04-11,SU01/5B,90.64,8.133417,0.1,20.780853
132646,2022-04-11,SU17/57,136.85,8.133417,0.1,20.780853
132647,2022-04-11,TL44/12,43.322,8.133417,0.1,20.780853
132648,2022-04-11,TL33/4,79.26,8.133417,0.1,20.780853
132649,2022-04-11,SU71/23,43.814,8.133417,0.1,20.780853
132650,2022-04-11,TR14/9,70.131,8.133417,0.1,20.780853
132651,2022-04-11,ST07/10,58.8238,8.133417,0.1,20.780853
132652,2022-04-11,SN00/11,10.0268,8.133417,0.1,20.780853
132653,2022-04-11,TQ25/86,96.605,8.133417,0.1,20.780853
132654,2022-04-11,TF03/37,16.759,8.133417,0.1,20.780853
132655,2022-04-11,SE94/5,19.348,8.133417,0.1,20.780853
132656,2022-04-11,SU81/1,52.094,8.133417,0.1,20.780853
132657,2022-04-11,SP00/62,101.606,8.133417,0.1,20.780853
132658,2022-04-11,SK00/41,130.027,8.133417,0.1,20.780853
132659,2022-04-11,SY68/34,68.679,8.133417,0.1,20.780853
132660,2022-04-12,NH95/17,29.73,10.018833,6.5999994,10.939028
132661,2022-04-12,TL33/67,81.24,10.018833,6.5999994,10.939028
132662,2022-04-12,SU01/5B,90.41,10.018833,6.5999994,10.939028
132663,2022-04-12,NY63/2,131.0,10.018833,6.5999994,10.939028
132664,2022-04-12,NO20/14,36.77,10.018833,6.5999994,10.939028
132665,2022-04-12,TL33/4,79.3,10.018833,6.5999994,10.939028
132666,2022-04-12,SU17/57,136.76,10.018833,6.5999994,10.939028
132667,2022-04-12,SE95/6,23.81,10.018833,6.5999994,10.939028
132668,2022-04-12,SJ15/13,80.22674,10.018833,6.5999994,10.939028
132669,2022-04-12,ID30/1,114.51,10.018833,6.5999994,10.939028
132670,2022-04-12,TL44/12,43.407,10.018833,6.5999994,10.939028
132671,2022-04-12,TF81/2A,46.36,10.018833,6.5999994,10.939028
132672,2022-04-12,SY68/34,68.658,10.018833,6.5999994,10.939028
132673,2022-04-12,ST07/10,58.6707,10.018833,6.5999994,10.939028
132674,2022-04-12,SP00/62,101.564,10.018833,6.5999994,10.939028
132675,2022-04-12,TF03/37,16.718,10.018833,6.5999994,10.939028
132676,2022-04-12,TQ25/86,96.593,10.018833,6.5999994,10.939028
132677,2022-04-12,SN00/11,9.9456,10.018833,6.5999994,10.939028
132678,2022-04-12,TR14/9,70.085,10.018833,6.5999994,10.939028
132679,2022-04-12,SU71/23,43.721,10.018833,6.5999994,10.939028
132680,2022-04-12,SU81/1,51.981,10.018833,6.5999994,10.939028
132681,2022-04-12,SK00/41,130.027,10.018833,6.5999994,10.939028
132682,2022-04-12,SE94/5,19.335,10.018833,6.5999994,10.939028
132683,2022-04-13,TL33/67,81.21,9.9105,1.3000001,10.927253
132684,2022-04-13,ID30/1,114.49,9.9105,1.3000001,10.927253
132685,2022-04-13,SJ15/13,80.21,9.9105,1.3000001,10.927253
132686,2022-04-13,SE95/6,23.72,9.9105,1.3000001,10.927253
132687,2022-04-13,SU17/57,136.79,9.9105,1.3000001,10.927253
132688,2022-04-13,SU01/5B,90.16,9.9105,1.3000001,10.927253
132689,2022-04-13,TF81/2A,46.34,9.9105,1.3000001,10.927253
132690,2022-04-13,NO20/14,36.75,9.9105,1.3000001,10.927253
132691,2022-04-13,TL44/12,43.372,9.9105,1.3000001,10.927253
132692,2022-04-13,NH95/17,29.73,9.9105,1.3000001,10.927253
132693,2022-04-13,NY63/2,131.0,9.9105,1.3000001,10.927253
132694,2022-04-13,TL33/4,79.33,9.9105,1.3000001,10.927253
132695,2022-04-13,SK00/41,130.0,9.9105,1.3000001,10.927253
132696,2022-04-13,TR14/9,70.042,9.9105,1.3000001,10.927253
132697,2022-04-13,SP00/62,101.519,9.9105,1.3000001,10.927253
132698,2022-04-13,SY68/34,68.628,9.9105,1.3000001,10.927253
132699,2022-04-13,TQ25/86,96.584,9.9105,1.3000001,10.927253
132700,2022-04-13,TF03/37,16.623,9.9105,1.3000001,10.927253
132701,2022-04-13,SU71/23,43.611,9.9105,1.3000001,10.927253
132702,2022-04-13,SN00/11,9.8441,9.9105,1.3000001,10.927253
132703,2022-04-13,SU81/1,51.828,9.9105,1.3000001,10.927253
132704,2022-04-13,ST07/10,58.5305,9.9105,1.3000001,10.927253
132705,2022-04-13,SE94/5,19.308,9.9105,1.3000001,10.927253
132706,2022-04-14,TL44/12,43.342,10.564668,0.8,9.490456
132707,2022-04-14,NH95/17,29.75,10.564668,0.8,9.490456
132708,2022-04-14,SU17/57,136.86,10.564668,0.8,9.490456
132709,2022-04-14,NY63/2,130.94,10.564668,0.8,9.490456
132710,2022-04-14,TL33/67,81.23,10.564668,0.8,9.490456
132711,2022-04-14,SJ15/13,80.16579,10.564668,0.8,9.490456
132712,2022-04-14,TF81/2A,46.33,10.564668,0.8,9.490456
132713,2022-04-14,SE95/6,23.59,10.564668,0.8,9.490456
132714,2022-04-14,TL33/4,79.36,10.564668,0.8,9.490456
132715,2022-04-14,ID30/1,114.49,10.564668,0.8,9.490456
132716,2022-04-14,NO20/14,36.71,10.564668,0.8,9.490456
132717,2022-04-14,SU01/5B,89.87,10.564668,0.8,9.490456
132718,2022-04-14,SU81/1,51.67,10.564668,0.8,9.490456
132719,2022-04-14,SK00/41,129.982,10.564668,0.8,9.490456
132720,2022-04-14,SE94/5,19.278,10.564668,0.8,9.490456
132721,2022-04-14,SN00/11,9.7617,10.564668,0.8,9.490456
132722,2022-04-14,SU71/23,43.502,10.564668,0.8,9.490456
132723,2022-04-14,TR14/9,69.999,10.564668,0.8,9.490456
132724,2022-04-14,TQ25/86,96.574,10.564668,0.8,9.490456
132725,2022-04-14,ST07/10,58.3875,10.564668,0.8,9.490456
132726,2022-04-14,SY68/34,68.598,10.564668,0.8,9.490456
132727,2022-04-14,SP00/62,101.474,10.564668,0.8,9.490456
132728,2022-04-14,TF03/37,16.56,10.564668,0.8,9.490456
132729,2022-04-15,SU17/57,136.87,12.308417,0.9000001,9.601076
132730,2022-04-15,TL33/67,81.24,12.308417,0.9000001,9.601076
132731,2022-04-15,TL33/4,79.39,12.308417,0.9000001,9.601076
132732,2022-04-15,NO20/14,36.69,12.308417,0.9000001,9.601076
132733,2022-04-15,NY63/2,130.92,12.308417,0.9000001,9.601076
132734,2022-04-15,SJ15/13,80.15122,12.308417,0.9000001,9.601076
132735,2022-04-15,NH95/17,29.74,12.308417,0.9000001,9.601076
132736,2022-04-15,ID30/1,114.47,12.308417,0.9000001,9.601076
132737,2022-04-15,TL44/12,43.314,12.308417,0.9000001,9.601076
132738,2022-04-15,SU01/5B,89.59,12.308417,0.9000001,9.601076
132739,2022-04-15,TF81/2A,46.32,12.308417,0.9000001,9.601076
132740,2022-04-15,SE95/6,23.49,12.308417,0.9000001,9.601076
132741,2022-04-15,SP00/62,101.43,12.308417,0.9000001,9.601076
132742,2022-04-15,ST07/10,58.2408,12.308417,0.9000001,9.601076
132743,2022-04-15,TQ25/86,96.57,12.308417,0.9000001,9.601076
132744,2022-04-15,SY68/34,68.566,12.308417,0.9000001,9.601076
132745,2022-04-15,SU81/1,51.496,12.308417,0.9000001,9.601076
132746,2022-04-15,SU71/23,43.391,12.308417,0.9000001,9.601076
132747,2022-04-15,SN00/11,9.6837,12.308417,0.9000001,9.601076
132748,2022-04-15,TR14/9,69.948,12.308417,0.9000001,9.601076
132749,2022-04-15,SE94/5,19.25,12.308417,0.9000001,9.601076
132750,2022-04-15,TF03/37,16.501,12.308417,0.9000001,9.601076
132751,2022-04-15,SK00/41,129.972,12.308417,0.9000001,9.601076
132752,2022-04-16,ID30/1,114.41,12.662583,0.5,12.259357
132753,2022-04-16,SJ15/13,80.13735,12.662583,0.5,12.259357
132754,2022-04-16,NY63/2,130.91,12.662583,0.5,12.259357
132755,2022-04-16,TL44/12,43.293,12.662583,0.5,12.259357
132756,2022-04-16,SE95/6,23.38,12.662583,0.5,12.259357
132757,2022-04-16,TL33/67,81.28,12.662583,0.5,12.259357
132758,2022-04-16,NO20/14,36.69,12.662583,0.5,12.259357
132759,2022-04-16,SU17/57,136.87,12.662583,0.5,12.259357
132760,2022-04-16,NH95/17,29.74,12.662583,0.5,12.259357
132761,2022-04-16,TF81/2A,46.31,12.662583,0.5,12.259357
132762,2022-04-16,TL33/4,79.43,12.662583,0.5,12.259357
132763,2022-04-16,SU01/5B,89.31,12.662583,0.5,12.259357
132764,2022-04-16,SU81/1,51.332,12.662583,0.5,12.259357
132765,2022-04-16,TF03/37,16.483,12.662583,0.5,12.259357
132766,2022-04-16,SK00/41,129.97,12.662583,0.5,12.259357
132767,2022-04-16,SU71/23,43.282,12.662583,0.5,12.259357
132768,2022-04-16,SE94/5,19.225,12.662583,0.5,12.259357
132769,2022-04-16,SN00/11,9.6162,12.662583,0.5,12.259357
132770,2022-04-16,ST07/10,58.1097,12.662583,0.5,12.259357
132771,2022-04-16,TR14/9,69.918,12.662583,0.5,12.259357
132772,2022-04-16,TQ25/86,96.571,12.662583,0.5,12.259357
132773,2022-04-16,SP00/62,101.395,12.662583,0.5,12.259357
132774,2022-04-16,SY68/34,68.535,12.662583,0.5,12.259357
132775,2022-04-17,SE95/6,23.28,13.562583,3.1,14.709452
132776,2022-04-17,NH95/17,29.75,13.562583,3.1,14.709452
132777,2022-04-17,SU01/5B,89.04,13.562583,3.1,14.709452
132778,2022-04-17,NO20/14,36.71,13.562583,3.1,14.709452
132779,2022-04-17,TL33/67,81.38,13.562583,3.1,14.709452
132780,2022-04-17,NY63/2,130.93,13.562583,3.1,14.709452
132781,2022-04-17,TL44/12,43.302,13.562583,3.1,14.709452
132782,2022-04-17,TL33/4,79.46,13.562583,3.1,14.709452
132783,2022-04-17,TF81/2A,46.33,13.562583,3.1,14.709452
132784,2022-04-17,SU17/57,136.79,13.562583,3.1,14.709452
132785,2022-04-17,SJ15/13,80.14842,13.562583,3.1,14.709452
132786,2022-04-17,ID30/1,114.35,13.562583,3.1,14.709452
132787,2022-04-17,TQ25/86,96.57,13.562583,3.1,14.709452
132788,2022-04-17,SN00/11,9.5565,13.562583,3.1,14.709452
132789,2022-04-17,SU71/23,43.183,13.562583,3.1,14.709452
132790,2022-04-17,SE94/5,19.215,13.562583,3.1,14.709452
132791,2022-04-17,TF03/37,16.515,13.562583,3.1,14.709452
132792,2022-04-17,TR14/9,69.881,13.562583,3.1,14.709452
132793,2022-04-17,SP00/62,101.373,13.562583,3.1,14.709452
132794,2022-04-17,SY68/34,68.503,13.562583,3.1,14.709452
132795,2022-04-17,SU81/1,51.187,13.562583,3.1,14.709452
132796,2022-04-17,SK00/41,129.996,13.562583,3.1,14.709452
132797,2022-04-17,ST07/10,57.9743,13.562583,3.1,14.709452
132798,2022-04-18,SE95/6,23.19,8.979251,4.7,10.818206
132799,2022-04-18,SU01/5B,88.81,8.979251,4.7,10.818206
132800,2022-04-18,NH95/17,29.75,8.979251,4.7,10.818206
132801,2022-04-18,ID30/1,114.33,8.979251,4.7,10.818206
132802,2022-04-18,TL33/67,81.39,8.979251,4.7,10.818206
132803,2022-04-18,NO20/14,36.71,8.979251,4.7,10.818206
132804,2022-04-18,NY63/2,130.98,8.979251,4.7,10.818206
132805,2022-04-18,TL33/4,79.49,8.979251,4.7,10.818206
132806,2022-04-18,SU17/57,136.68,8.979251,4.7,10.818206
132807,2022-04-18,SJ15/13,80.18195,8.979251,4.7,10.818206
132808,2022-04-18,TF81/2A,46.32,8.979251,4.7,10.818206
132809,2022-04-18,TL44/12,43.303,8.979251,4.7,10.818206
132810,2022-04-18,SK00/41,130.006,8.979251,4.7,10.818206
132811,2022-04-18,TF03/37,16.469,8.979251,4.7,10.818206
132812,2022-04-18,TQ25/86,96.563,8.979251,4.7,10.818206
132813,2022-04-18,SE94/5,19.193,8.979251,4.7,10.818206
132814,2022-04-18,TR14/9,69.842,8.979251,4.7,10.818206
132815,2022-04-18,ST07/10,57.8253,8.979251,4.7,10.818206
132816,2022-04-18,SU81/1,51.038,8.979251,4.7,10.818206
132817,2022-04-18,SP00/62,101.343,8.979251,4.7,10.818206
132818,2022-04-18,SU71/23,43.077,8.979251,4.7,10.818206
132819,2022-04-18,SY68/34,68.468,8.979251,4.7,10.818206
132820,2022-04-18,SN00/11,9.4835,8.979251,4.7,10.818206
132821,2022-04-19,TL44/12,43.288,7.389667,0.3,4.9575386
132822,2022-04-19,NO20/14,36.67,7.389667,0.3,4.9575386
132823,2022-04-19,TL33/4,79.52,7.389667,0.3,4.9575386
132824,2022-04-19,SU17/57,136.63,7.389667,0.3,4.9575386
132825,2022-04-19,NY63/2,130.95,7.389667,0.3,4.9575386
132826,2022-04-19,ID30/1,114.31,7.389667,0.3,4.9575386
132827,2022-04-19,SJ15/13,80.17379,7.389667,0.3,4.9575386
132828,2022-04-19,SU01/5B,88.59,7.389667,0.3,4.9575386
132829,2022-04-19,NH95/17,29.73,7.389667,0.3,4.9575386
132830,2022-04-19,SE95/6,23.1,7.389667,0.3,4.9575386
132831,2022-04-19,TL33/67,81.4,7.389667,0.3,4.9575386
132832,2022-04-19,TF81/2A,46.31,7.389667,0.3,4.9575386
132833,2022-04-19,SE94/5,19.159,7.389667,0.3,4.9575386
132834,2022-04-19,SU71/23,42.965,7.389667,0.3,4.9575386
132835,2022-04-19,SN00/11,9.4095,7.389667,0.3,4.9575386
132836,2022-04-19,SU81/1,50.884,7.389667,0.3,4.9575386
132837,2022-04-19,SP00/62,101.306,7.389667,0.3,4.9575386
132838,2022-04-19,TR14/9,69.798,7.389667,0.3,4.9575386
132839,2022-04-19,TQ25/86,96.555,7.389667,0.3,4.9575386
132840,2022-04-19,SY68/34,68.432,7.389667,0.3,4.9575386
132841,2022-04-19,ST07/10,57.6809,7.389667,0.3,4.9575386
132842,2022-04-19,TF03/37,16.386,7.389667,0.3,4.9575386
132843,2022-04-19,SK00/41,130.002,7.389667,0.3,4.9575386
132844,2022-04-20,ID30/1,114.3,9.048001,0.0,8.562986
132845,2022-04-20,NH95/17,29.71,9.048001,0.0,8.562986
132846,2022-04-20,TL33/67,81.43,9.048001,0.0,8.562986
132847,2022-04-20,SJ15/13,80.15704,9.048001,0.0,8.562986
132848,2022-04-20,TL44/12,43.272,9.048001,0.0,8.562986
132849,2022-04-20,SE95/6,23.01,9.048001,0.0,8.562986
132850,2022-04-20,SU17/57,136.59,9.048001,0.0,8.562986
132851,2022-04-20,NO20/14,36.65,9.048001,0.0,8.562986
132852,2022-04-20,TF81/2A,46.3,9.048001,0.0,8.562986
132853,2022-04-20,SU01/5B,88.36,9.048001,0.0,8.562986
132854,2022-04-20,NY63/2,130.92,9.048001,0.0,8.562986
132855,2022-04-20,TL33/4,79.56,9.048001,0.0,8.562986
132856,2022-04-20,SY68/34,68.394,9.048001,0.0,8.562986
132857,2022-04-20,SU71/23,42.849,9.048001,0.0,8.562986
132858,2022-04-20,TQ25/86,96.55,9.048001,0.0,8.562986
132859,2022-04-20,SU81/1,50.724,9.048001,0.0,8.562986
132860,2022-04-20,SP00/62,101.273,9.048001,0.0,8.562986
132861,2022-04-20,SN00/11,9.3465,9.048001,0.0,8.562986
132862,2022-04-20,TR14/9,69.761,9.048001,0.0,8.562986
132863,2022-04-20,SE94/5,19.134,9.048001,0.0,8.562986
132864,2022-04-20,SK00/41,130.005,9.048001,0.0,8.562986
132865,2022-04-20,TF03/37,16.342,9.048001,0.0,8.562986
132866,2022-04-20,ST07/10,57.5536,9.048001,0.0,8.562986
132867,2022-04-21,TF81/2A,46.3,10.406333,0.0,11.073656
132868,2022-04-21,ID30/1,114.27,10.406333,0.0,11.073656
132869,2022-04-21,TL33/4,79.59,10.406333,0.0,11.073656
132870,2022-04-21,TL33/67,81.47,10.406333,0.0,11.073656
132871,2022-04-21,SJ15/13,80.17221,10.406333,0.0,11.073656
132872,2022-04-21,SE95/6,22.91,10.406333,0.0,11.073656
132873,2022-04-21,TL44/12,43.261,10.406333,0.0,11.073656
132874,2022-04-21,SU01/5B,88.13,10.406333,0.0,11.073656
132875,2022-04-21,NY63/2,130.94,10.406333,0.0,11.073656
132876,2022-04-21,NH95/17,29.71,10.406333,0.0,11.073656
132877,2022-04-21,SU17/57,136.51,10.406333,0.0,11.073656
132878,2022-04-21,NO20/14,36.65,10.406333,0.0,11.073656
132879,2022-04-21,SN00/11,9.2848,10.406333,0.0,11.073656
132880,2022-04-21,TF03/37,16.31,10.406333,0.0,11.073656
132881,2022-04-21,SK00/41,130.014,10.406333,0.0,11.073656
132882,2022-04-21,TR14/9,69.726,10.406333,0.0,11.073656
132883,2022-04-21,TQ25/86,96.542,10.406333,0.0,11.073656
132884,2022-04-21,SY68/34,68.357,10.406333,0.0,11.073656
132885,2022-04-21,ST07/10,57.4126,10.406333,0.0,11.073656
132886,2022-04-21,SE94/5,19.106,10.406333,0.0,11.073656
132887,2022-04-21,SU71/23,42.735,10.406333,0.0,11.073656
132888,2022-04-21,SP00/62,101.235,10.406333,0.0,11.073656
132889,2022-04-21,SU81/1,50.568,10.406333,0.0,11.073656
132890,2022-04-22,TL33/67,81.51,9.979251,0.0,15.186128
132891,2022-04-22,SU17/57,136.44,9.979251,0.0,15.186128
132892,2022-04-22,TF81/2A,46.3,9.979251,0.0,15.186128
132893,2022-04-22,SE95/6,22.84,9.979251,0.0,15.186128
132894,2022-04-22,SU01/5B,87.91,9.979251,0.0,15.186128
132895,2022-04-22,TL33/4,79.62,9.979251,0.0,15.186128
132896,2022-04-22,NO20/14,36.65,9.979251,0.0,15.186128
132897,2022-04-22,SJ15/13,80.16996,9.979251,0.0,15.186128
132898,2022-04-22,ID30/1,114.21,9.979251,0.0,15.186128
132899,2022-04-22,TL44/12,43.255,9.979251,0.0,15.186128
132900,2022-04-22,NY63/2,130.9,9.979251,0.0,15.186128
132901,2022-04-22,NH95/17,29.69,9.979251,0.0,15.186128
132902,2022-04-22,SY68/34,68.319,9.979251,0.0,15.186128
132903,2022-04-22,SU71/23,42.622,9.979251,0.0,15.186128
132904,2022-04-22,SP00/62,101.202,9.979251,0.0,15.186128
132905,2022-04-22,ST07/10,57.281,9.979251,0.0,15.186128
132906,2022-04-22,TR14/9,69.693,9.979251,0.0,15.186128
132907,2022-04-22,SN00/11,9.2468,9.979251,0.0,15.186128
132908,2022-04-22,SE94/5,19.082,9.979251,0.0,15.186128
132909,2022-04-22,SK00/41,130.023,9.979251,0.0,15.186128
132910,2022-04-22,TF03/37,16.298,9.979251,0.0,15.186128
132911,2022-04-22,TQ25/86,96.533,9.979251,0.0,15.186128
132912,2022-04-22,SU81/1,50.423,9.979251,0.0,15.186128
132913,2022-04-22,TV59/7C,1.58,9.979251,0.0,15.186128
132914,2022-04-23,NH95/17,29.68,10.270917,0.0,18.67007
132915,2022-04-23,ID30/1,114.18,10.270917,0.0,18.67007
132916,2022-04-23,SU17/57,136.35,10.270917,0.0,18.67007
132917,2022-04-23,NY63/2,130.93,10.270917,0.0,18.67007
132918,2022-04-23,TL33/4,79.65,10.270917,0.0,18.67007
132919,2022-04-23,SJ15/13,80.17548,10.270917,0.0,18.67007
132920,2022-04-23,SU01/5B,87.7,10.270917,0.0,18.67007
132921,2022-04-23,SE95/6,22.76,10.270917,0.0,18.67007
132922,2022-04-23,TF81/2A,46.29,10.270917,0.0,18.67007
132923,2022-04-23,TL44/12,43.243,10.270917,0.0,18.67007
132924,2022-04-23,NO20/14,36.66,10.270917,0.0,18.67007
132925,2022-04-23,TL33/67,81.51,10.270917,0.0,18.67007
132926,2022-04-23,SN00/11,9.1744,10.270917,0.0,18.67007
132927,2022-04-23,SP00/62,101.167,10.270917,0.0,18.67007
132928,2022-04-23,TF03/37,16.259,10.270917,0.0,18.67007
132929,2022-04-23,SU81/1,50.268,10.270917,0.0,18.67007
132930,2022-04-23,ST07/10,57.1432,10.270917,0.0,18.67007
132931,2022-04-23,SK00/41,130.029,10.270917,0.0,18.67007
132932,2022-04-23,SE94/5,19.051,10.270917,0.0,18.67007
132933,2022-04-23,SY68/34,68.279,10.270917,0.0,18.67007
132934,2022-04-23,TQ25/86,96.509,10.270917,0.0,18.67007
132935,2022-04-23,TR14/9,69.649,10.270917,0.0,18.67007
132936,2022-04-23,SU71/23,42.501,10.270917,0.0,18.67007
132937,2022-04-24,NO20/14,36.64,9.260501,0.0,16.613863
132938,2022-04-24,SU01/5B,87.48,9.260501,0.0,16.613863
132939,2022-04-24,SE95/6,22.68,9.260501,0.0,16.613863
132940,2022-04-24,TL33/4,79.68,9.260501,0.0,16.613863
132941,2022-04-24,TL33/67,81.46,9.260501,0.0,16.613863
132942,2022-04-24,SJ15/13,80.16133,9.260501,0.0,16.613863
132943,2022-04-24,NY63/2,130.92,9.260501,0.0,16.613863
132944,2022-04-24,SU17/57,136.29,9.260501,0.0,16.613863
132945,2022-04-24,TL44/12,43.205,9.260501,0.0,16.613863
132946,2022-04-24,ID30/1,114.16,9.260501,0.0,16.613863
132947,2022-04-24,TF81/2A,46.26,9.260501,0.0,16.613863
132948,2022-04-24,NH95/17,29.67,9.260501,0.0,16.613863
132949,2022-04-24,SE94/5,19.015,9.260501,0.0,16.613863
132950,2022-04-24,TF03/37,16.196,9.260501,0.0,16.613863
132951,2022-04-24,SP00/62,101.131,9.260501,0.0,16.613863
132952,2022-04-24,SU71/23,42.331,9.260501,0.0,16.613863
132953,2022-04-24,SN00/11,9.089,9.260501,0.0,16.613863
132954,2022-04-24,TQ25/86,96.482,9.260501,0.0,16.613863
132955,2022-04-24,SU81/1,50.09,9.260501,0.0,16.613863
132956,2022-04-24,ST07/10,57.0008,9.260501,0.0,16.613863
132957,2022-04-24,SK00/41,130.015,9.260501,0.0,16.613863
132958,2022-04-24,SY68/34,68.235,9.260501,0.0,16.613863
132959,2022-04-24,TR14/9,69.598,9.260501,0.0,16.613863
132960,2022-04-25,ID30/1,114.13,8.281334,0.4,8.139617
132961,2022-04-25,SE95/6,22.6,8.281334,0.4,8.139617
132962,2022-04-25,TL33/4,79.71,8.281334,0.4,8.139617
132963,2022-04-25,TF81/2A,46.25,8.281334,0.4,8.139617
132964,2022-04-25,SJ15/13,80.13496,8.281334,0.4,8.139617
132965,2022-04-25,TL33/67,81.45,8.281334,0.4,8.139617
132966,2022-04-25,NH95/17,29.66,8.281334,0.4,8.139617
132967,2022-04-25,NY63/2,130.9,8.281334,0.4,8.139617
132968,2022-04-25,NO20/14,36.62,8.281334,0.4,8.139617
132969,2022-04-25,SU17/57,136.32,8.281334,0.4,8.139617
132970,2022-04-25,TL44/12,43.161,8.281334,0.4,8.139617
132971,2022-04-25,SU01/5B,87.24,8.281334,0.4,8.139617
132972,2022-04-25,SU71/23,42.224,8.281334,0.4,8.139617
132973,2022-04-25,SY68/34,68.189,8.281334,0.4,8.139617
132974,2022-04-25,SN00/11,9.0151,8.281334,0.4,8.139617
132975,2022-04-25,TR14/9,69.543,8.281334,0.4,8.139617
132976,2022-04-25,TF03/37,16.126,8.281334,0.4,8.139617
132977,2022-04-25,SU81/1,49.904,8.281334,0.4,8.139617
132978,2022-04-25,SE94/5,18.975,8.281334,0.4,8.139617
132979,2022-04-25,SK00/41,130.0,8.281334,0.4,8.139617
132980,2022-04-25,SP00/62,101.097,8.281334,0.4,8.139617
132981,2022-04-25,ST07/10,56.8771,8.281334,0.4,8.139617
132982,2022-04-25,TQ25/86,96.454,8.281334,0.4,8.139617
132983,2022-04-26,NY63/2,130.87,7.6021667,0.3,7.918788
132984,2022-04-26,ID30/1,114.1,7.6021667,0.3,7.918788
132985,2022-04-26,TL33/4,79.74,7.6021667,0.3,7.918788
132986,2022-04-26,SJ15/13,80.11404,7.6021667,0.3,7.918788
132987,2022-04-26,SU01/5B,87.0,7.6021667,0.3,7.918788
132988,2022-04-26,NH95/17,29.64,7.6021667,0.3,7.918788
132989,2022-04-26,TM15/112,25.47,7.6021667,0.3,7.918788
132990,2022-04-26,SU17/57,136.3,7.6021667,0.3,7.918788
132991,2022-04-26,TF81/2A,46.23,7.6021667,0.3,7.918788
132992,2022-04-26,NO20/14,36.6,7.6021667,0.3,7.918788
132993,2022-04-26,TL44/12,43.113,7.6021667,0.3,7.918788
132994,2022-04-26,TL33/67,81.43,7.6021667,0.3,7.918788
132995,2022-04-26,SE95/6,22.51,7.6021667,0.3,7.918788
132996,2022-04-26,SE94/5,18.932,7.6021667,0.3,7.918788
132997,2022-04-26,TR14/9,69.493,7.6021667,0.3,7.918788
132998,2022-04-26,SP00/62,101.061,7.6021667,0.3,7.918788
132999,2022-04-26,SY68/34,68.143,7.6021667,0.3,7.918788
133000,2022-04-26,TF03/37,16.053,7.6021667,0.3,7.918788
133001,2022-04-26,SK00/41,129.984,7.6021667,0.3,7.918788
133002,2022-04-26,SN00/11,8.9447,7.6021667,0.3,7.918788
133003,2022-04-26,TQ25/86,96.425,7.6021667,0.3,7.918788
133004,2022-04-26,SU71/23,42.056,7.6021667,0.3,7.918788
133005,2022-04-26,ST07/10,56.755,7.6021667,0.3,7.918788
133006,2022-04-26,SU81/1,49.718,7.6021667,0.3,7.918788
133007,2022-04-27,TF81/2A,46.21,6.881334,0.0,6.480378
133008,2022-04-27,NO20/14,36.59,6.881334,0.0,6.480378
133009,2022-04-27,NH95/17,29.63,6.881334,0.0,6.480378
133010,2022-04-27,NY63/2,130.85,6.881334,0.0,6.480378
133011,2022-04-27,TL44/12,43.069,6.881334,0.0,6.480378
133012,2022-04-27,TL33/4,79.76,6.881334,0.0,6.480378
133013,2022-04-27,TL33/67,81.43,6.881334,0.0,6.480378
133014,2022-04-27,SU01/5B,86.76,6.881334,0.0,6.480378
133015,2022-04-27,SU17/57,136.3,6.881334,0.0,6.480378
133016,2022-04-27,SJ15/13,80.09144,6.881334,0.0,6.480378
133017,2022-04-27,SE95/6,22.42,6.881334,0.0,6.480378
133018,2022-04-27,ID30/1,114.09,6.881334,0.0,6.480378
133019,2022-04-27,SP00/62,101.036,6.881334,0.0,6.480378
133020,2022-04-27,SE94/5,18.887,6.881334,0.0,6.480378
133021,2022-04-27,SU81/1,49.542,6.881334,0.0,6.480378
133022,2022-04-27,SU71/23,41.943,6.881334,0.0,6.480378
133023,2022-04-27,TF03/37,15.983,6.881334,0.0,6.480378
133024,2022-04-27,SK00/41,129.971,6.881334,0.0,6.480378
133025,2022-04-27,ST07/10,56.6393,6.881334,0.0,6.480378
133026,2022-04-27,TQ25/86,96.396,6.881334,0.0,6.480378
133027,2022-04-27,TR14/9,69.438,6.881334,0.0,6.480378
133028,2022-04-27,SN00/11,8.8768,6.881334,0.0,6.480378
133029,2022-04-27,SY68/34,68.097,6.881334,0.0,6.480378
133030,2022-04-28,NH95/17,29.61,6.487583,0.0,5.5824327
133031,2022-04-28,SE95/6,22.35,6.487583,0.0,5.5824327
133032,2022-04-28,NY63/2,130.83,6.487583,0.0,5.5824327
133033,2022-04-28,SJ15/13,80.07511,6.487583,0.0,5.5824327
133034,2022-04-28,SU17/57,136.28,6.487583,0.0,5.5824327
133035,2022-04-28,TL33/4,79.79,6.487583,0.0,5.5824327
133036,2022-04-28,TL33/67,81.44,6.487583,0.0,5.5824327
133037,2022-04-28,SU01/5B,86.53,6.487583,0.0,5.5824327
133038,2022-04-28,TF81/2A,46.2,6.487583,0.0,5.5824327
133039,2022-04-28,TL44/12,43.028,6.487583,0.0,5.5824327
133040,2022-04-28,NO20/14,36.58,6.487583,0.0,5.5824327
133041,2022-04-28,TQ25/86,96.367,6.487583,0.0,5.5824327
133042,2022-04-28,SU71/23,41.779,6.487583,0.0,5.5824327
133043,2022-04-28,SE94/5,18.847,6.487583,0.0,5.5824327
133044,2022-04-28,TR14/9,69.387,6.487583,0.0,5.5824327
133045,2022-04-28,ST07/10,56.5343,6.487583,0.0,5.5824327
133046,2022-04-28,SK00/41,129.964,6.487583,0.0,5.5824327
133047,2022-04-28,SY68/34,68.05,6.487583,0.0,5.5824327
133048,2022-04-28,SP00/62,101.005,6.487583,0.0,5.5824327
133049,2022-04-28,TF03/37,15.938,6.487583,0.0,5.5824327
133050,2022-04-28,SN00/11,8.8135,6.487583,0.0,5.5824327
133051,2022-04-28,SU81/1,49.357,6.487583,0.0,5.5824327
133052,2022-04-29,SE95/6,22.26,9.1188345,0.0,4.676432
133053,2022-04-29,TL44/12,42.994,9.1188345,0.0,4.676432
133054,2022-04-29,SU01/5B,86.31,9.1188345,0.0,4.676432
133055,2022-04-29,SU17/57,136.24,9.1188345,0.0,4.676432
133056,2022-04-29,NH95/17,29.61,9.1188345,0.0,4.676432
133057,2022-04-29,NO20/14,36.58,9.1188345,0.0,4.676432
133058,2022-04-29,NY63/2,130.83,9.1188345,0.0,4.676432
133059,2022-04-29,TL33/67,81.46,9.1188345,0.0,4.676432
133060,2022-04-29,TL33/4,79.82,9.1188345,0.0,4.676432
133061,2022-04-29,TF81/2A,46.18,9.1188345,0.0,4.676432
133062,2022-04-29,SJ15/13,80.07159,9.1188345,0.0,4.676432
133063,2022-04-29,SN00/11,8.7546,9.1188345,0.0,4.676432
133064,2022-04-29,SE94/5,18.811,9.1188345,0.0,4.676432
133065,2022-04-29,TF03/37,15.864,9.1188345,0.0,4.676432
133066,2022-04-29,SP00/62,100.975,9.1188345,0.0,4.676432
133067,2022-04-29,SK00/41,129.965,9.1188345,0.0,4.676432
133068,2022-04-29,SU71/23,41.671,9.1188345,0.0,4.676432
133069,2022-04-29,TR14/9,69.334,9.1188345,0.0,4.676432
133070,2022-04-29,ST07/10,56.4349,9.1188345,0.0,4.676432
133071,2022-04-29,SY68/34,68.003,9.1188345,0.0,4.676432
133072,2022-04-29,TQ25/86,96.343,9.1188345,0.0,4.676432
133073,2022-04-29,SU81/1,49.185,9.1188345,0.0,4.676432
133074,2022-04-30,TA10/63,17.5,8.948001,5.4,11.859356
133075,2022-04-30,TL33/67,81.51,8.948001,5.4,11.859356
133076,2022-04-30,SU01/5B,86.09,8.948001,5.4,11.859356
133077,2022-04-30,SU17/57,136.17,8.948001,5.4,11.859356
133078,2022-04-30,TL33/4,79.84,8.948001,5.4,11.859356
133079,2022-04-30,TL44/12,42.953,8.948001,5.4,11.859356
133080,2022-04-30,SJ15/13,80.07593,8.948001,5.4,11.859356
133081,2022-04-30,NO20/14,36.6,8.948001,5.4,11.859356
133082,2022-04-30,NH95/17,29.64,8.948001,5.4,11.859356
133083,2022-04-30,SE95/6,22.19,8.948001,5.4,11.859356
133084,2022-04-30,NY63/2,130.84,8.948001,5.4,11.859356
133085,2022-04-30,TF81/2A,46.18,8.948001,5.4,11.859356
133086,2022-04-30,TQ25/86,96.318,8.948001,5.4,11.859356
133087,2022-04-30,SK00/41,129.978,8.948001,5.4,11.859356
133088,2022-04-30,SY68/34,67.957,8.948001,5.4,11.859356
133089,2022-04-30,SN00/11,8.7041,8.948001,5.4,11.859356
133090,2022-04-30,SU71/23,41.51,8.948001,5.4,11.859356
133091,2022-04-30,TR14/9,69.286,8.948001,5.4,11.859356
133092,2022-04-30,TF03/37,15.8,8.948001,5.4,11.859356
133093,2022-04-30,ST07/10,56.3418,8.948001,5.4,11.859356
133094,2022-04-30,SU81/1,49.022,8.948001,5.4,11.859356
133095,2022-04-30,SP00/62,100.947,8.948001,5.4,11.859356
133096,2022-04-30,SE94/5,18.779,8.948001,5.4,11.859356
133097,2022-05-01,NH95/17,29.63,10.785501,2.3999999,11.615898
133098,2022-05-01,NY63/2,130.88,10.785501,2.3999999,11.615898
133099,2022-05-01,TF81/2A,46.17,10.785501,2.3999999,11.615898
133100,2022-05-01,SU17/57,136.06,10.785501,2.3999999,11.615898
133101,2022-05-01,SJ15/13,80.10507,10.785501,2.3999999,11.615898
133102,2022-05-01,SU01/5B,85.87,10.785501,2.3999999,11.615898
133103,2022-05-01,TL33/4,79.87,10.785501,2.3999999,11.615898
133104,2022-05-01,NO20/14,36.59,10.785501,2.3999999,11.615898
133105,2022-05-01,TL33/67,81.53,10.785501,2.3999999,11.615898
133106,2022-05-01,SE95/6,22.14,10.785501,2.3999999,11.615898
133107,2022-05-01,SN00/11,8.6819,10.785501,2.3999999,11.615898
133108,2022-05-01,SP00/62,100.919,10.785501,2.3999999,11.615898
133109,2022-05-01,SE94/5,18.745,10.785501,2.3999999,11.615898
133110,2022-05-01,TL44/12,42.925,10.785501,2.3999999,11.615898
133111,2022-05-01,SU71/23,41.413,10.785501,2.3999999,11.615898
133112,2022-05-01,TR14/9,69.237,10.785501,2.3999999,11.615898
133113,2022-05-01,SK00/41,129.995,10.785501,2.3999999,11.615898
133114,2022-05-01,TQ25/86,96.288,10.785501,2.3999999,11.615898
133115,2022-05-01,ST07/10,56.276,10.785501,2.3999999,11.615898
133116,2022-05-01,TF03/37,15.769,10.785501,2.3999999,11.615898
133117,2022-05-01,SU81/1,48.874,10.785501,2.3999999,11.615898
133118,2022-05-01,SY68/34,67.912,10.785501,2.3999999,11.615898
133119,2022-05-01,SJ62/235,54.438,10.785501,2.3999999,11.615898
133120,2022-05-02,NY63/2,130.87,10.770917,0.5,5.7389154
133121,2022-05-02,SE95/6,22.06,10.770917,0.5,5.7389154
133122,2022-05-02,SU17/57,135.94,10.770917,0.5,5.7389154
133123,2022-05-02,NH95/17,29.62,10.770917,0.5,5.7389154
133124,2022-05-02,SJ15/13,80.10837,10.770917,0.5,5.7389154
133125,2022-05-02,TF81/2A,46.16,10.770917,0.5,5.7389154
133126,2022-05-02,TL33/4,79.9,10.770917,0.5,5.7389154
133127,2022-05-02,TL33/67,81.52,10.770917,0.5,5.7389154
133128,2022-05-02,SU01/5B,85.67,10.770917,0.5,5.7389154
133129,2022-05-02,NO20/14,36.57,10.770917,0.5,5.7389154
133130,2022-05-02,SP00/62,100.89,10.770917,0.5,5.7389154
133131,2022-05-02,SE94/5,18.704,10.770917,0.5,5.7389154
133132,2022-05-02,TF03/37,15.699,10.770917,0.5,5.7389154
133133,2022-05-02,SY68/34,67.866,10.770917,0.5,5.7389154
133134,2022-05-02,SU71/23,41.252,10.770917,0.5,5.7389154
133135,2022-05-02,SK00/41,129.996,10.770917,0.5,5.7389154
133136,2022-05-02,ST07/10,56.1769,10.770917,0.5,5.7389154
133137,2022-05-02,SJ62/235,54.306,10.770917,0.5,5.7389154
133138,2022-05-02,SU81/1,48.718,10.770917,0.5,5.7389154
133139,2022-05-02,TL44/12,42.891,10.770917,0.5,5.7389154
133140,2022-05-02,SN00/11,8.6362,10.770917,0.5,5.7389154
133141,2022-05-02,TR14/9,69.187,10.770917,0.5,5.7389154
133142,2022-05-02,TQ25/86,96.257,10.770917,0.5,5.7389154
133143,2022-05-03,TF81/2A,46.14,9.773,1.2,8.033869
133144,2022-05-03,SE95/6,22.01,9.773,1.2,8.033869
133145,2022-05-03,SU01/5B,85.47,9.773,1.2,8.033869
133146,2022-05-03,SU17/57,135.88,9.773,1.2,8.033869
133147,2022-05-03,TL33/4,79.92,9.773,1.2,8.033869
133148,2022-05-03,NY63/2,130.85,9.773,1.2,8.033869
133149,2022-05-03,NH95/17,29.62,9.773,1.2,8.033869
133150,2022-05-03,NO20/14,36.58,9.773,1.2,8.033869
133151,2022-05-03,SJ15/13,80.101,9.773,1.2,8.033869
133152,2022-05-03,TL33/67,81.53,9.773,1.2,8.033869
133153,2022-05-03,TQ25/86,96.225,9.773,1.2,8.033869
133154,2022-05-03,SU71/23,41.116,9.773,1.2,8.033869
133155,2022-05-03,SY68/34,67.82,9.773,1.2,8.033869
133156,2022-05-03,SU81/1,48.56,9.773,1.2,8.033869
133157,2022-05-03,TR14/9,69.141,9.773,1.2,8.033869
133158,2022-05-03,SN00/11,8.5966,9.773,1.2,8.033869
133159,2022-05-03,SP00/62,100.864,9.773,1.2,8.033869
133160,2022-05-03,SK00/41,129.998,9.773,1.2,8.033869
133161,2022-05-03,TF03/37,15.64,9.773,1.2,8.033869
133162,2022-05-03,SE94/5,18.665,9.773,1.2,8.033869
133163,2022-05-03,TL44/12,42.858,9.773,1.2,8.033869
133164,2022-05-03,SJ62/235,54.449,9.773,1.2,8.033869
133165,2022-05-03,ST07/10,56.0857,9.773,1.2,8.033869
133166,2022-05-04,SJ15/13,80.11404,11.225085,4.9999995,13.523274
133167,2022-05-04,SE95/6,21.95,11.225085,4.9999995,13.523274
133168,2022-05-04,NO20/14,36.58,11.225085,4.9999995,13.523274
133169,2022-05-04,TF81/2A,46.13,11.225085,4.9999995,13.523274
133170,2022-05-04,ID30/1,114.13,11.225085,4.9999995,13.523274
133171,2022-05-04,TL33/67,81.52,11.225085,4.9999995,13.523274
133172,2022-05-04,TL33/4,79.94,11.225085,4.9999995,13.523274
133173,2022-05-04,NH95/17,29.62,11.225085,4.9999995,13.523274
133174,2022-05-04,NY63/2,130.88,11.225085,4.9999995,13.523274
133175,2022-05-04,SU17/57,135.8,11.225085,4.9999995,13.523274
133176,2022-05-04,SU01/5B,85.26,11.225085,4.9999995,13.523274
133177,2022-05-04,SU71/23,40.98,11.225085,4.9999995,13.523274
133178,2022-05-04,TL44/12,42.813,11.225085,4.9999995,13.523274
133179,2022-05-04,SJ62/235,54.481,11.225085,4.9999995,13.523274
133180,2022-05-04,SY68/34,67.773,11.225085,4.9999995,13.523274
133181,2022-05-04,TF03/37,15.591,11.225085,4.9999995,13.523274
133182,2022-05-04,SE94/5,18.625,11.225085,4.9999995,13.523274
133183,2022-05-04,SK00/41,130.002,11.225085,4.9999995,13.523274
133184,2022-05-04,SU81/1,48.405,11.225085,4.9999995,13.523274
133185,2022-05-04,SP00/62,100.84,11.225085,4.9999995,13.523274
133186,2022-05-04,TR14/9,69.091,11.225085,4.9999995,13.523274
133187,2022-05-04,SN00/11,8.553,11.225085,4.9999995,13.523274
133188,2022-05-04,TQ25/86,96.185,11.225085,4.9999995,13.523274
133189,2022-05-04,ST07/10,55.9831,11.225085,4.9999995,13.523274
133190,2022-05-05,TL33/4,79.97,11.250084,0.3,8.073098
133191,2022-05-05,ID30/1,114.08,11.250084,0.3,8.073098
133192,2022-05-05,SE95/6,21.9,11.250084,0.3,8.073098
133193,2022-05-05,NO20/14,36.55,11.250084,0.3,8.073098
133194,2022-05-05,TL33/67,81.49,11.250084,0.3,8.073098
133195,2022-05-05,TF81/2A,46.11,11.250084,0.3,8.073098
133196,2022-05-05,SJ15/13,80.09742,11.250084,0.3,8.073098
133197,2022-05-05,SU01/5B,85.06,11.250084,0.3,8.073098
133198,2022-05-05,NH95/17,29.6,11.250084,0.3,8.073098
133199,2022-05-05,SU17/57,135.75,11.250084,0.3,8.073098
133200,2022-05-05,NY63/2,130.85,11.250084,0.3,8.073098
133201,2022-05-05,SU71/23,40.835,11.250084,0.3,8.073098
133202,2022-05-05,TL44/12,42.769,11.250084,0.3,8.073098
133203,2022-05-05,TF03/37,15.508,11.250084,0.3,8.073098
133204,2022-05-05,SE94/5,18.578,11.250084,0.3,8.073098
133205,2022-05-05,SP00/62,100.815,11.250084,0.3,8.073098
133206,2022-05-05,TR14/9,69.029,11.250084,0.3,8.073098
133207,2022-05-05,SN00/11,8.5073,11.250084,0.3,8.073098
133208,2022-05-05,TQ25/86,96.152,11.250084,0.3,8.073098
133209,2022-05-05,SJ62/235,54.49,11.250084,0.3,8.073098
133210,2022-05-05,SU81/1,48.238,11.250084,0.3,8.073098
133211,2022-05-05,ST07/10,55.8821,11.250084,0.3,8.073098
133212,2022-05-05,SY68/34,67.725,11.250084,0.3,8.073098
133213,2022-05-05,SK00/41,129.989,11.250084,0.3,8.073098
133214,2022-05-06,TL33/4,79.99,11.450084,5.2000003,11.203652
133215,2022-05-06,SE95/6,21.84,11.450084,5.2000003,11.203652
133216,2022-05-06,TL33/67,81.5,11.450084,5.2000003,11.203652
133217,2022-05-06,SU01/5B,84.84,11.450084,5.2000003,11.203652
133218,2022-05-06,NO20/14,36.54,11.450084,5.2000003,11.203652
133219,2022-05-06,NH95/17,29.6,11.450084,5.2000003,11.203652
133220,2022-05-06,SU17/57,135.72,11.450084,5.2000003,11.203652
133221,2022-05-06,SJ15/13,80.08284,11.450084,5.2000003,11.203652
133222,2022-05-06,TF81/2A,46.09,11.450084,5.2000003,11.203652
133223,2022-05-06,NY63/2,130.83,11.450084,5.2000003,11.203652
133224,2022-05-06,ID30/1,113.97,11.450084,5.2000003,11.203652
133225,2022-05-06,TQ25/86,96.111,11.450084,5.2000003,11.203652
133226,2022-05-06,SN00/11,8.4655,11.450084,5.2000003,11.203652
133227,2022-05-06,SJ62/235,54.498,11.450084,5.2000003,11.203652
133228,2022-05-06,TR14/9,68.984,11.450084,5.2000003,11.203652
133229,2022-05-06,SU81/1,48.079,11.450084,5.2000003,11.203652
133230,2022-05-06,ST07/10,55.7909,11.450084,5.2000003,11.203652
133231,2022-05-06,SU71/23,40.721,11.450084,5.2000003,11.203652
133232,2022-05-06,TL44/12,42.723,11.450084,5.2000003,11.203652
133233,2022-05-06,SE94/5,18.536,11.450084,5.2000003,11.203652
133234,2022-05-06,SP00/62,100.792,11.450084,5.2000003,11.203652
133235,2022-05-06,SY68/34,67.679,11.450084,5.2000003,11.203652
133236,2022-05-06,SK00/41,129.988,11.450084,5.2000003,11.203652
133237,2022-05-06,TF03/37,15.441,11.450084,5.2000003,11.203652
133238,2022-05-07,SJ15/13,80.07721,10.7959175,0.3,7.186998
133239,2022-05-07,TF81/2A,46.07,10.7959175,0.3,7.186998
133240,2022-05-07,SU17/57,135.64,10.7959175,0.3,7.186998
133241,2022-05-07,NO20/14,36.51,10.7959175,0.3,7.186998
133242,2022-05-07,ID30/1,113.93,10.7959175,0.3,7.186998
133243,2022-05-07,NH95/17,29.56,10.7959175,0.3,7.186998
133244,2022-05-07,SE95/6,21.78,10.7959175,0.3,7.186998
133245,2022-05-07,TL33/4,80.01,10.7959175,0.3,7.186998
133246,2022-05-07,TL33/67,81.47,10.7959175,0.3,7.186998
133247,2022-05-07,SU01/5B,84.62,10.7959175,0.3,7.186998
133248,2022-05-07,NY63/2,130.82,10.7959175,0.3,7.186998
133249,2022-05-07,SE94/5,18.487,10.7959175,0.3,7.186998
133250,2022-05-07,SJ62/235,54.499,10.7959175,0.3,7.186998
133251,2022-05-07,TR14/9,68.922,10.7959175,0.3,7.186998
133252,2022-05-07,ST07/10,55.6905,10.7959175,0.3,7.186998
133253,2022-05-07,SY68/34,67.632,10.7959175,0.3,7.186998
133254,2022-05-07,SK00/41,129.981,10.7959175,0.3,7.186998
133255,2022-05-07,TQ25/86,96.073,10.7959175,0.3,7.186998
133256,2022-05-07,SP00/62,100.708,10.7959175,0.3,7.186998
133257,2022-05-07,TL44/12,42.674,10.7959175,0.3,7.186998
133258,2022-05-07,SU71/23,40.564,10.7959175,0.3,7.186998
133259,2022-05-07,TF03/37,15.371,10.7959175,0.3,7.186998
133260,2022-05-07,SN00/11,8.422,10.7959175,0.3,7.186998
133261,2022-05-07,SU81/1,47.926,10.7959175,0.3,7.186998
133262,2022-05-08,NO20/14,36.52,12.120915,0.2,13.426401
133263,2022-05-08,SU17/57,135.61,12.120915,0.2,13.426401
133264,2022-05-08,TL33/67,81.48,12.120915,0.2,13.426401
133265,2022-05-08,ID30/1,113.9,12.120915,0.2,13.426401
133266,2022-05-08,SE95/6,21.7,12.120915,0.2,13.426401
133267,2022-05-08,TL33/4,80.03,12.120915,0.2,13.426401
133268,2022-05-08,TF81/2A,46.06,12.120915,0.2,13.426401
133269,2022-05-08,NH95/17,29.56,12.120915,0.2,13.426401
133270,2022-05-08,SJ15/13,80.06258,12.120915,0.2,13.426401
133271,2022-05-08,SU01/5B,84.42,12.120915,0.2,13.426401
133272,2022-05-08,NY63/2,130.8,12.120915,0.2,13.426401
133273,2022-05-08,ST07/10,55.6012,12.120915,0.2,13.426401
133274,2022-05-08,SU81/1,47.768,12.120915,0.2,13.426401
133275,2022-05-08,SJ62/235,54.505,12.120915,0.2,13.426401
133276,2022-05-08,SU71/23,40.392,12.120915,0.2,13.426401
133277,2022-05-08,TL44/12,42.643,12.120915,0.2,13.426401
133278,2022-05-08,SY68/34,67.584,12.120915,0.2,13.426401
133279,2022-05-08,SE94/5,18.446,12.120915,0.2,13.426401
133280,2022-05-08,TQ25/86,96.043,12.120915,0.2,13.426401
133281,2022-05-08,SN00/11,8.3791,12.120915,0.2,13.426401
133282,2022-05-08,TF03/37,15.349,12.120915,0.2,13.426401
133283,2022-05-08,TR14/9,68.868,12.120915,0.2,13.426401
133284,2022-05-08,SK00/41,129.979,12.120915,0.2,13.426401
133285,2022-05-08,SP00/62,100.743,12.120915,0.2,13.426401
133286,2022-05-09,TF81/2A,46.06,12.698003,5.3999996,20.454212
133287,2022-05-09,SJ15/13,80.07268,12.698003,5.3999996,20.454212
133288,2022-05-09,SU01/5B,84.21,12.698003,5.3999996,20.454212
133289,2022-05-09,NH95/17,29.58,12.698003,5.3999996,20.454212
133290,2022-05-09,NY63/2,130.82,12.698003,5.3999996,20.454212
133291,2022-05-09,SE95/6,21.64,12.698003,5.3999996,20.454212
133292,2022-05-09,ID30/1,113.92,12.698003,5.3999996,20.454212
133293,2022-05-09,NO20/14,36.54,12.698003,5.3999996,20.454212
133294,2022-05-09,TL33/67,81.54,12.698003,5.3999996,20.454212
133295,2022-05-09,SU17/57,135.53,12.698003,5.3999996,20.454212
133296,2022-05-09,TL33/4,80.05,12.698003,5.3999996,20.454212
133297,2022-05-09,ST07/10,55.5183,12.698003,5.3999996,20.454212
133298,2022-05-09,SN00/11,8.3516,12.698003,5.3999996,20.454212
133299,2022-05-09,TF03/37,15.319,12.698003,5.3999996,20.454212
133300,2022-05-09,SU71/23,40.236,12.698003,5.3999996,20.454212
133301,2022-05-09,SP00/62,100.736,12.698003,5.3999996,20.454212
133302,2022-05-09,SK00/41,130.002,12.698003,5.3999996,20.454212
133303,2022-05-09,SY68/34,67.537,12.698003,5.3999996,20.454212
133304,2022-05-09,TQ25/86,96.011,12.698003,5.3999996,20.454212
133305,2022-05-09,SU81/1,47.63,12.698003,5.3999996,20.454212
133306,2022-05-09,SJ62/235,54.518,12.698003,5.3999996,20.454212
133307,2022-05-09,SE94/5,18.416,12.698003,5.3999996,20.454212
133308,2022-05-09,TR14/9,68.819,12.698003,5.3999996,20.454212
133309,2022-05-09,TL44/12,42.619,12.698003,5.3999996,20.454212
133310,2022-05-10,SU17/57,135.36,11.945918,12.800001,20.08583
133311,2022-05-10,TL33/67,81.55,11.945918,12.800001,20.08583
133312,2022-05-10,NO20/14,36.54,11.945918,12.800001,20.08583
133313,2022-05-10,ID30/1,114.02,11.945918,12.800001,20.08583
133314,2022-05-10,SE95/6,21.63,11.945918,12.800001,20.08583
133315,2022-05-10,TF81/2A,46.04,11.945918,12.800001,20.08583
133316,2022-05-10,SU01/5B,84.01,11.945918,12.800001,20.08583
133317,2022-05-10,NH95/17,29.59,11.945918,12.800001,20.08583
133318,2022-05-10,SJ15/13,80.10463,11.945918,12.800001,20.08583
133319,2022-05-10,TL33/4,80.07,11.945918,12.800001,20.08583
133320,2022-05-10,NY63/2,130.88,11.945918,12.800001,20.08583
133321,2022-05-10,TR14/9,68.774,11.945918,12.800001,20.08583
133322,2022-05-10,SN00/11,8.3144,11.945918,12.800001,20.08583
133323,2022-05-10,TQ25/86,95.972,11.945918,12.800001,20.08583
133324,2022-05-10,TF03/37,15.212,11.945918,12.800001,20.08583
133325,2022-05-10,TL44/12,42.586,11.945918,12.800001,20.08583
133326,2022-05-10,SU81/1,47.501,11.945918,12.800001,20.08583
133327,2022-05-10,SY68/34,67.492,11.945918,12.800001,20.08583
133328,2022-05-10,SE94/5,18.38,11.945918,12.800001,20.08583
133329,2022-05-10,SK00/41,130.02,11.945918,12.800001,20.08583
133330,2022-05-10,ST07/10,55.4233,11.945918,12.800001,20.08583
133331,2022-05-10,SJ62/235,54.519,11.945918,12.800001,20.08583
133332,2022-05-10,SP00/62,100.719,11.945918,12.800001,20.08583
133333,2022-05-10,SU71/23,40.09,11.945918,12.800001,20.08583
133334,2022-05-11,TL33/67,81.5,10.864669,9.900002,15.605861
133335,2022-05-11,SU17/57,135.25,10.864669,9.900002,15.605861
133336,2022-05-11,TF81/2A,46.02,10.864669,9.900002,15.605861
133337,2022-05-11,SJ15/13,80.11095,10.864669,9.900002,15.605861
133338,2022-05-11,TL33/4,80.09,10.864669,9.900002,15.605861
133339,2022-05-11,SU01/5B,83.81,10.864669,9.900002,15.605861
133340,2022-05-11,NH95/17,29.58,10.864669,9.900002,15.605861
133341,2022-05-11,NO20/14,36.52,10.864669,9.900002,15.605861
133342,2022-05-11,NY63/2,130.87,10.864669,9.900002,15.605861
133343,2022-05-11,ID30/1,114.08,10.864669,9.900002,15.605861
133344,2022-05-11,SE95/6,21.58,10.864669,9.900002,15.605861
133345,2022-05-11,SN00/11,8.3099,10.864669,9.900002,15.605861
133346,2022-05-11,TR14/9,68.718,10.864669,9.900002,15.605861
133347,2022-05-11,SY68/34,67.446,10.864669,9.900002,15.605861
133348,2022-05-11,SU81/1,47.362,10.864669,9.900002,15.605861
133349,2022-05-11,SK00/41,130.025,10.864669,9.900002,15.605861
133350,2022-05-11,TL44/12,42.53,10.864669,9.900002,15.605861
133351,2022-05-11,ST07/10,55.5315,10.864669,9.900002,15.605861
133352,2022-05-11,SP00/62,100.703,10.864669,9.900002,15.605861
133353,2022-05-11,SJ62/235,54.514,10.864669,9.900002,15.605861
133354,2022-05-11,TF03/37,15.144,10.864669,9.900002,15.605861
133355,2022-05-11,TQ25/86,95.929,10.864669,9.900002,15.605861
133356,2022-05-11,SU71/23,40.011,10.864669,9.900002,15.605861
133357,2022-05-11,SE94/5,18.339,10.864669,9.900002,15.605861
133358,2022-05-12,TL33/4,80.11,9.6355,2.0000002,15.961612
133359,2022-05-12,SJ15/13,80.08084,9.6355,2.0000002,15.961612
133360,2022-05-12,SU17/57,135.22,9.6355,2.0000002,15.961612
133361,2022-05-12,TL33/67,81.47,9.6355,2.0000002,15.961612
133362,2022-05-12,SU01/5B,83.62,9.6355,2.0000002,15.961612
133363,2022-05-12,NH95/17,29.54,9.6355,2.0000002,15.961612
133364,2022-05-12,NY63/2,130.82,9.6355,2.0000002,15.961612
133365,2022-05-12,NO20/14,36.49,9.6355,2.0000002,15.961612
133366,2022-05-12,ID30/1,114.07,9.6355,2.0000002,15.961612
133367,2022-05-12,TF81/2A,46.0,9.6355,2.0000002,15.961612
133368,2022-05-12,TF03/37,15.08,9.6355,2.0000002,15.961612
133369,2022-05-12,SP00/62,100.687,9.6355,2.0000002,15.961612
133370,2022-05-12,SU81/1,47.209,9.6355,2.0000002,15.961612
133371,2022-05-12,TQ25/86,95.884,9.6355,2.0000002,15.961612
133372,2022-05-12,SY68/34,67.398,9.6355,2.0000002,15.961612
133373,2022-05-12,SK00/41,130.008,9.6355,2.0000002,15.961612
133374,2022-05-12,TR14/9,68.663,9.6355,2.0000002,15.961612
133375,2022-05-12,SJ62/235,54.509,9.6355,2.0000002,15.961612
133376,2022-05-12,SU71/23,39.798,9.6355,2.0000002,15.961612
133377,2022-05-12,TL44/12,42.469,9.6355,2.0000002,15.961612
133378,2022-05-12,ST07/10,55.4786,9.6355,2.0000002,15.961612
133379,2022-05-12,SE94/5,18.29,9.6355,2.0000002,15.961612
133380,2022-05-12,SN00/11,8.2751,9.6355,2.0000002,15.961612
133381,2022-05-13,TL33/4,80.12,11.873,3.1000001,19.168104
133382,2022-05-13,ID30/1,114.07,11.873,3.1000001,19.168104
133383,2022-05-13,SJ15/13,80.06879,11.873,3.1000001,19.168104
133384,2022-05-13,TF81/2A,45.98,11.873,3.1000001,19.168104
133385,2022-05-13,TL33/67,81.44,11.873,3.1000001,19.168104
133386,2022-05-13,NY63/2,130.82,11.873,3.1000001,19.168104
133387,2022-05-13,NH95/17,29.53,11.873,3.1000001,19.168104
133388,2022-05-13,SU17/57,135.18,11.873,3.1000001,19.168104
133389,2022-05-13,NO20/14,36.48,11.873,3.1000001,19.168104
133390,2022-05-13,SU01/5B,83.42,11.873,3.1000001,19.168104
133391,2022-05-13,SP00/62,100.671,11.873,3.1000001,19.168104
133392,2022-05-13,ST07/10,55.5891,11.873,3.1000001,19.168104
133393,2022-05-13,SE94/5,18.242,11.873,3.1000001,19.168104
133394,2022-05-13,SK00/41,130.001,11.873,3.1000001,19.168104
133395,2022-05-13,TQ25/86,95.841,11.873,3.1000001,19.168104
133396,2022-05-13,TL44/12,42.411,11.873,3.1000001,19.168104
133397,2022-05-13,TF03/37,15.015,11.873,3.1000001,19.168104
133398,2022-05-13,SJ62/235,54.394,11.873,3.1000001,19.168104
133399,2022-05-13,TR14/9,68.599,11.873,3.1000001,19.168104
133400,2022-05-13,SY68/34,67.349,11.873,3.1000001,19.168104
133401,2022-05-13,SN00/11,8.2428,11.873,3.1000001,19.168104
133402,2022-05-13,SU71/23,39.689,11.873,3.1000001,19.168104
133403,2022-05-13,SU81/1,47.054,11.873,3.1000001,19.168104
133404,2022-05-14,SJ15/13,80.04853,12.079249,0.0,6.8014965
133405,2022-05-14,NY63/2,130.78,12.079249,0.0,6.8014965
133406,2022-05-14,NH95/17,29.51,12.079249,0.0,6.8014965
133407,2022-05-14,SU17/57,135.13,12.079249,0.0,6.8014965
133408,2022-05-14,NO20/14,36.46,12.079249,0.0,6.8014965
133409,2022-05-14,TL33/4,80.14,12.079249,0.0,6.8014965
133410,2022-05-14,SU01/5B,83.21,12.079249,0.0,6.8014965
133411,2022-05-14,TL33/67,81.44,12.079249,0.0,6.8014965
133412,2022-05-14,ID30/1,114.09,12.079249,0.0,6.8014965
133413,2022-05-14,TF81/2A,45.96,12.079249,0.0,6.8014965
133414,2022-05-14,ST07/10,55.5821,12.079249,0.0,6.8014965
133415,2022-05-14,SU81/1,46.908,12.079249,0.0,6.8014965
133416,2022-05-14,SK00/41,129.997,12.079249,0.0,6.8014965
133417,2022-05-14,SY68/34,67.303,12.079249,0.0,6.8014965
133418,2022-05-14,TF03/37,14.962,12.079249,0.0,6.8014965
133419,2022-05-14,TL44/12,42.368,12.079249,0.0,6.8014965
133420,2022-05-14,TR14/9,68.546,12.079249,0.0,6.8014965
133421,2022-05-14,SP00/62,100.656,12.079249,0.0,6.8014965
133422,2022-05-14,SJ62/235,54.405,12.079249,0.0,6.8014965
133423,2022-05-14,SU71/23,39.507,12.079249,0.0,6.8014965
133424,2022-05-14,SN00/11,8.2168,12.079249,0.0,6.8014965
133425,2022-05-14,SE94/5,18.194,12.079249,0.0,6.8014965
133426,2022-05-14,TQ25/86,95.799,12.079249,0.0,6.8014965
133427,2022-05-15,SJ15/13,80.05174,13.720916,0.4,16.31808
133428,2022-05-15,ID30/1,114.04,13.720916,0.4,16.31808
133429,2022-05-15,TL33/67,81.48,13.720916,0.4,16.31808
133430,2022-05-15,NO20/14,36.47,13.720916,0.4,16.31808
133431,2022-05-15,NY63/2,130.77,13.720916,0.4,16.31808
133432,2022-05-15,SU01/5B,83.01,13.720916,0.4,16.31808
133433,2022-05-15,NH95/17,29.51,13.720916,0.4,16.31808
133434,2022-05-15,SU17/57,135.04,13.720916,0.4,16.31808
133435,2022-05-15,TL33/4,80.15,13.720916,0.4,16.31808
133436,2022-05-15,TF81/2A,45.95,13.720916,0.4,16.31808
133437,2022-05-15,SU81/1,46.775,13.720916,0.4,16.31808
133438,2022-05-15,SN00/11,8.1935,13.720916,0.4,16.31808
133439,2022-05-15,SU71/23,39.462,13.720916,0.4,16.31808
133440,2022-05-15,SP00/62,100.649,13.720916,0.4,16.31808
133441,2022-05-15,SK00/41,130.009,13.720916,0.4,16.31808
133442,2022-05-15,SE94/5,18.151,13.720916,0.4,16.31808
133443,2022-05-15,TR14/9,68.499,13.720916,0.4,16.31808
133444,2022-05-15,TL44/12,42.323,13.720916,0.4,16.31808
133445,2022-05-15,TQ25/86,95.747,13.720916,0.4,16.31808
133446,2022-05-15,TF03/37,14.95,13.720916,0.4,16.31808
133447,2022-05-15,SY68/34,67.261,13.720916,0.4,16.31808
133448,2022-05-15,SJ62/235,54.464,13.720916,0.4,16.31808
133449,2022-05-15,ST07/10,55.54,13.720916,0.4,16.31808
133450,2022-05-16,NY63/2,130.79,13.64175,8.299999,14.608177
133451,2022-05-16,NH95/17,29.52,13.64175,8.299999,14.608177
133452,2022-05-16,NO20/14,36.47,13.64175,8.299999,14.608177
133453,2022-05-16,SU17/57,134.89,13.64175,8.299999,14.608177
133454,2022-05-16,TF81/2A,45.93,13.64175,8.299999,14.608177
133455,2022-05-16,TL33/67,81.41,13.64175,8.299999,14.608177
133456,2022-05-16,TL33/4,80.17,13.64175,8.299999,14.608177
133457,2022-05-16,ID30/1,114.09,13.64175,8.299999,14.608177
133458,2022-05-16,SU01/5B,82.83,13.64175,8.299999,14.608177
133459,2022-05-16,SJ15/13,80.07468,13.64175,8.299999,14.608177
133460,2022-05-16,SK00/41,130.011,13.64175,8.299999,14.608177
133461,2022-05-16,SE94/5,18.107,13.64175,8.299999,14.608177
133462,2022-05-16,SP00/62,100.632,13.64175,8.299999,14.608177
133463,2022-05-16,TQ25/86,95.699,13.64175,8.299999,14.608177
133464,2022-05-16,TF03/37,14.875,13.64175,8.299999,14.608177
133465,2022-05-16,TL44/12,42.267,13.64175,8.299999,14.608177
133466,2022-05-16,SU81/1,46.624,13.64175,8.299999,14.608177
133467,2022-05-16,TR14/9,68.437,13.64175,8.299999,14.608177
133468,2022-05-16,SJ62/235,54.467,13.64175,8.299999,14.608177
133469,2022-05-16,SN00/11,8.1701,13.64175,8.299999,14.608177
133470,2022-05-16,SU71/23,39.322,13.64175,8.299999,14.608177
133471,2022-05-16,SY68/34,67.216,13.64175,8.299999,14.608177
133472,2022-05-16,ST07/10,55.4666,13.64175,8.299999,14.608177
133473,2022-05-17,SJ15/13,80.05226,14.887584,2.8000002,16.049496
133474,2022-05-17,TF81/2A,45.91,14.887584,2.8000002,16.049496
133475,2022-05-17,NO20/14,36.47,14.887584,2.8000002,16.049496
133476,2022-05-17,SU17/57,134.89,14.887584,2.8000002,16.049496
133477,2022-05-17,ID30/1,114.12,14.887584,2.8000002,16.049496
133478,2022-05-17,SU01/5B,82.63,14.887584,2.8000002,16.049496
133479,2022-05-17,TL33/4,80.18,14.887584,2.8000002,16.049496
133480,2022-05-17,NH95/17,29.52,14.887584,2.8000002,16.049496
133481,2022-05-17,NY63/2,130.78,14.887584,2.8000002,16.049496
133482,2022-05-17,TL33/67,81.41,14.887584,2.8000002,16.049496
133483,2022-05-17,SU71/23,39.185,14.887584,2.8000002,16.049496
133484,2022-05-17,TQ25/86,95.649,14.887584,2.8000002,16.049496
133485,2022-05-17,SJ62/235,54.475,14.887584,2.8000002,16.049496
133486,2022-05-17,SE94/5,18.06,14.887584,2.8000002,16.049496
133487,2022-05-17,SN00/11,8.1584,14.887584,2.8000002,16.049496
133488,2022-05-17,TL44/12,42.212,14.887584,2.8000002,16.049496
133489,2022-05-17,ST07/10,55.4022,14.887584,2.8000002,16.049496
133490,2022-05-17,TR14/9,68.378,14.887584,2.8000002,16.049496
133491,2022-05-17,SU81/1,46.476,14.887584,2.8000002,16.049496
133492,2022-05-17,SP00/62,100.618,14.887584,2.8000002,16.049496
133493,2022-05-17,SK00/41,130.007,14.887584,2.8000002,16.049496
133494,2022-05-17,TF03/37,14.813,14.887584,2.8000002,16.049496
133495,2022-05-17,SY68/34,67.169,14.887584,2.8000002,16.049496
133496,2022-05-18,TL33/67,81.4,14.0855,1.5,20.164389
133497,2022-05-18,ID30/1,114.22,14.0855,1.5,20.164389
133498,2022-05-18,TL33/4,80.19,14.0855,1.5,20.164389
133499,2022-05-18,SU17/57,134.82,14.0855,1.5,20.164389
133500,2022-05-18,NO20/14,36.45,14.0855,1.5,20.164389
133501,2022-05-18,SJ15/13,80.04747,14.0855,1.5,20.164389
133502,2022-05-18,NH95/17,29.51,14.0855,1.5,20.164389
133503,2022-05-18,NY63/2,130.78,14.0855,1.5,20.164389
133504,2022-05-18,SU01/5B,82.45,14.0855,1.5,20.164389
133505,2022-05-18,TF81/2A,45.87,14.0855,1.5,20.164389
133506,2022-05-18,SU81/1,46.328,14.0855,1.5,20.164389
133507,2022-05-18,SU71/23,39.049,14.0855,1.5,20.164389
133508,2022-05-18,SY68/34,67.123,14.0855,1.5,20.164389
133509,2022-05-18,SE94/5,17.981,14.0855,1.5,20.164389
133510,2022-05-18,SN00/11,8.1475,14.0855,1.5,20.164389
133511,2022-05-18,ST07/10,55.3996,14.0855,1.5,20.164389
133512,2022-05-18,TF03/37,14.747,14.0855,1.5,20.164389
133513,2022-05-18,SJ62/235,54.478,14.0855,1.5,20.164389
133514,2022-05-18,TR14/9,68.329,14.0855,1.5,20.164389
133515,2022-05-18,SK00/41,130.003,14.0855,1.5,20.164389
133516,2022-05-18,TL44/12,42.156,14.0855,1.5,20.164389
133517,2022-05-18,SP00/62,100.608,14.0855,1.5,20.164389
133518,2022-05-18,TQ25/86,95.597,14.0855,1.5,20.164389
133519,2022-05-19,TF81/2A,45.87,12.666751,0.6,13.7664795
133520,2022-05-19,NO20/14,36.44,12.666751,0.6,13.7664795
133521,2022-05-19,NY63/2,130.78,12.666751,0.6,13.7664795
133522,2022-05-19,NH95/17,29.51,12.666751,0.6,13.7664795
133523,2022-05-19,SU01/5B,82.26,12.666751,0.6,13.7664795
133524,2022-05-19,SJ15/13,80.04347,12.666751,0.6,13.7664795
133525,2022-05-19,SU17/57,134.73,12.666751,0.6,13.7664795
133526,2022-05-19,ID30/1,114.25,12.666751,0.6,13.7664795
133527,2022-05-19,TL33/67,81.36,12.666751,0.6,13.7664795
133528,2022-05-19,TL33/4,80.2,12.666751,0.6,13.7664795
133529,2022-05-19,SP00/62,100.6,12.666751,0.6,13.7664795
133530,2022-05-19,ST07/10,55.4721,12.666751,0.6,13.7664795
133531,2022-05-19,SJ62/235,54.477,12.666751,0.6,13.7664795
133532,2022-05-19,SK00/41,130.0,12.666751,0.6,13.7664795
133533,2022-05-19,TA10/63,17.079,12.666751,0.6,13.7664795
133534,2022-05-19,SY68/34,67.078,12.666751,0.6,13.7664795
133535,2022-05-19,SU71/23,38.914,12.666751,0.6,13.7664795
133536,2022-05-19,TF03/37,14.693,12.666751,0.6,13.7664795
133537,2022-05-19,TR14/9,68.274,12.666751,0.6,13.7664795
133538,2022-05-19,SN00/11,8.1194,12.666751,0.6,13.7664795
133539,2022-05-19,SE94/5,17.918,12.666751,0.6,13.7664795
133540,2022-05-19,TQ25/86,95.544,12.666751,0.6,13.7664795
133541,2022-05-19,SU81/1,46.185,12.666751,0.6,13.7664795
133542,2022-05-19,TL44/12,42.101,12.666751,0.6,13.7664795
133543,2022-05-20,NY63/2,130.75,11.3355,2.3999999,14.677426
133544,2022-05-20,NH95/17,29.51,11.3355,2.3999999,14.677426
133545,2022-05-20,TL33/4,80.21,11.3355,2.3999999,14.677426
133546,2022-05-20,TL33/67,81.35,11.3355,2.3999999,14.677426
133547,2022-05-20,SJ15/13,80.02932,11.3355,2.3999999,14.677426
133548,2022-05-20,NO20/14,36.43,11.3355,2.3999999,14.677426
133549,2022-05-20,SU01/5B,82.08,11.3355,2.3999999,14.677426
133550,2022-05-20,TF81/2A,45.85,11.3355,2.3999999,14.677426
133551,2022-05-20,SU17/57,134.7,11.3355,2.3999999,14.677426
133552,2022-05-20,ID30/1,114.22,11.3355,2.3999999,14.677426
133553,2022-05-20,TV59/7C,1.45,11.3355,2.3999999,14.677426
133554,2022-05-20,SE94/5,17.914,11.3355,2.3999999,14.677426
133555,2022-05-20,TF03/37,14.673,11.3355,2.3999999,14.677426
133556,2022-05-20,SP00/62,100.588,11.3355,2.3999999,14.677426
133557,2022-05-20,TR14/9,68.211,11.3355,2.3999999,14.677426
133558,2022-05-20,SK00/41,130.002,11.3355,2.3999999,14.677426
133559,2022-05-20,SY68/34,67.033,11.3355,2.3999999,14.677426
133560,2022-05-20,SJ62/235,54.48,11.3355,2.3999999,14.677426
133561,2022-05-20,TQ25/86,95.492,11.3355,2.3999999,14.677426
133562,2022-05-20,SU71/23,38.781,11.3355,2.3999999,14.677426
133563,2022-05-20,SU81/1,46.052,11.3355,2.3999999,14.677426
133564,2022-05-20,SN00/11,8.0931,11.3355,2.3999999,14.677426
133565,2022-05-20,ST07/10,55.4526,11.3355,2.3999999,14.677426
133566,2022-05-20,TA10/63,17.059,11.3355,2.3999999,14.677426
133567,2022-05-20,TL44/12,42.043,11.3355,2.3999999,14.677426
133568,2022-05-21,SJ15/13,80.023,11.879251,2.0,13.464823
133569,2022-05-21,NH95/17,29.5,11.879251,2.0,13.464823
133570,2022-05-21,TL33/4,80.22,11.879251,2.0,13.464823
133571,2022-05-21,SU17/57,134.64,11.879251,2.0,13.464823
133572,2022-05-21,ID30/1,114.17,11.879251,2.0,13.464823
133573,2022-05-21,SU01/5B,81.91,11.879251,2.0,13.464823
133574,2022-05-21,TL33/67,81.32,11.879251,2.0,13.464823
133575,2022-05-21,NO20/14,36.42,11.879251,2.0,13.464823
133576,2022-05-21,TF81/2A,45.83,11.879251,2.0,13.464823
133577,2022-05-21,NY63/2,130.76,11.879251,2.0,13.464823
133578,2022-05-21,TF03/37,14.643,11.879251,2.0,13.464823
133579,2022-05-21,ST07/10,55.3576,11.879251,2.0,13.464823
133580,2022-05-21,SP00/62,100.574,11.879251,2.0,13.464823
133581,2022-05-21,TR14/9,68.155,11.879251,2.0,13.464823
133582,2022-05-21,SK00/41,129.998,11.879251,2.0,13.464823
133583,2022-05-21,SU71/23,38.651,11.879251,2.0,13.464823
133584,2022-05-21,SE94/5,17.87,11.879251,2.0,13.464823
133585,2022-05-21,SJ62/235,54.481,11.879251,2.0,13.464823
133586,2022-05-21,SU81/1,45.911,11.879251,2.0,13.464823
133587,2022-05-21,TL44/12,42.0,11.879251,2.0,13.464823
133588,2022-05-21,SN00/11,8.064,11.879251,2.0,13.464823
133589,2022-05-21,TQ25/86,95.449,11.879251,2.0,13.464823
133590,2022-05-21,SY68/34,66.988,11.879251,2.0,13.464823
133591,2022-05-21,TA10/63,17.031,11.879251,2.0,13.464823
133592,2022-05-22,TL33/4,80.23,12.95633,3.3999999,16.627974
133593,2022-05-22,SU01/5B,81.72,12.95633,3.3999999,16.627974
133594,2022-05-22,TL33/67,81.37,12.95633,3.3999999,16.627974
133595,2022-05-22,ID30/1,114.12,12.95633,3.3999999,16.627974
133596,2022-05-22,NY63/2,130.74,12.95633,3.3999999,16.627974
133597,2022-05-22,TF81/2A,45.82,12.95633,3.3999999,16.627974
133598,2022-05-22,SJ15/13,80.02658,12.95633,3.3999999,16.627974
133599,2022-05-22,SU17/57,134.55,12.95633,3.3999999,16.627974
133600,2022-05-22,NO20/14,36.43,12.95633,3.3999999,16.627974
133601,2022-05-22,NH95/17,29.51,12.95633,3.3999999,16.627974
133602,2022-05-22,TF03/37,14.646,12.95633,3.3999999,16.627974
133603,2022-05-22,SU81/1,45.788,12.95633,3.3999999,16.627974
133604,2022-05-22,SY68/34,66.944,12.95633,3.3999999,16.627974
133605,2022-05-22,TQ25/86,95.402,12.95633,3.3999999,16.627974
133606,2022-05-22,TL44/12,41.966,12.95633,3.3999999,16.627974
133607,2022-05-22,SE94/5,17.834,12.95633,3.3999999,16.627974
133608,2022-05-22,SK00/41,130.014,12.95633,3.3999999,16.627974
133609,2022-05-22,SJ62/235,54.492,12.95633,3.3999999,16.627974
133610,2022-05-22,TA10/63,17.022,12.95633,3.3999999,16.627974
133611,2022-05-22,ST07/10,55.2272,12.95633,3.3999999,16.627974
133612,2022-05-22,SU71/23,38.533,12.95633,3.3999999,16.627974
133613,2022-05-22,SN00/11,8.042,12.95633,3.3999999,16.627974
133614,2022-05-22,SP00/62,100.563,12.95633,3.3999999,16.627974
133615,2022-05-22,TR14/9,68.114,12.95633,3.3999999,16.627974
133616,2022-05-23,TM15/112,25.3,12.195918,4.3999996,10.79997
133617,2022-05-23,SU01/5B,81.57,12.195918,4.3999996,10.79997
133618,2022-05-23,NY63/2,130.78,12.195918,4.3999996,10.79997
133619,2022-05-23,SU17/57,134.38,12.195918,4.3999996,10.79997
133620,2022-05-23,ID30/1,114.06,12.195918,4.3999996,10.79997
133621,2022-05-23,TL33/67,81.37,12.195918,4.3999996,10.79997
133622,2022-05-23,NO20/14,36.42,12.195918,4.3999996,10.79997
133623,2022-05-23,SJ15/13,80.05289,12.195918,4.3999996,10.79997
133624,2022-05-23,NH95/17,29.52,12.195918,4.3999996,10.79997
133625,2022-05-23,TF81/2A,45.81,12.195918,4.3999996,10.79997
133626,2022-05-23,TL33/4,80.24,12.195918,4.3999996,10.79997
133627,2022-05-23,TR14/9,68.075,12.195918,4.3999996,10.79997
133628,2022-05-23,SP00/62,100.548,12.195918,4.3999996,10.79997
133629,2022-05-23,SN00/11,8.0228,12.195918,4.3999996,10.79997
133630,2022-05-23,SU71/23,38.378,12.195918,4.3999996,10.79997
133631,2022-05-23,ST07/10,55.0764,12.195918,4.3999996,10.79997
133632,2022-05-23,SJ62/235,54.495,12.195918,4.3999996,10.79997
133633,2022-05-23,TA10/63,17.003,12.195918,4.3999996,10.79997
133634,2022-05-23,TF03/37,14.618,12.195918,4.3999996,10.79997
133635,2022-05-23,SU81/1,45.67,12.195918,4.3999996,10.79997
133636,2022-05-23,SE94/5,17.795,12.195918,4.3999996,10.79997
133637,2022-05-23,TL44/12,41.911,12.195918,4.3999996,10.79997
133638,2022-05-23,TQ25/86,95.342,12.195918,4.3999996,10.79997
133639,2022-05-23,SK00/41,130.033,12.195918,4.3999996,10.79997
133640,2022-05-23,SY68/34,66.901,12.195918,4.3999996,10.79997
133641,2022-05-24,ID30/1,114.0,10.59175,4.6000004,14.182882
133642,2022-05-24,SJ15/13,80.05163,10.59175,4.6000004,14.182882
133643,2022-05-24,TF81/2A,45.77,10.59175,4.6000004,14.182882
133644,2022-05-24,SU17/57,134.26,10.59175,4.6000004,14.182882
133645,2022-05-24,TL33/4,80.25,10.59175,4.6000004,14.182882
133646,2022-05-24,NO20/14,36.39,10.59175,4.6000004,14.182882
133647,2022-05-24,NY63/2,130.78,10.59175,4.6000004,14.182882
133648,2022-05-24,NH95/17,29.52,10.59175,4.6000004,14.182882
133649,2022-05-24,SU01/5B,81.41,10.59175,4.6000004,14.182882
133650,2022-05-24,TL33/67,81.27,10.59175,4.6000004,14.182882
133651,2022-05-24,ST07/10,54.9258,10.59175,4.6000004,14.182882
133652,2022-05-24,TF03/37,14.544,10.59175,4.6000004,14.182882
133653,2022-05-24,SJ62/235,54.486,10.59175,4.6000004,14.182882
133654,2022-05-24,SU71/23,38.262,10.59175,4.6000004,14.182882
133655,2022-05-24,SP00/62,100.537,10.59175,4.6000004,14.182882
133656,2022-05-24,SK00/41,130.026,10.59175,4.6000004,14.182882
133657,2022-05-24,TQ25/86,95.28,10.59175,4.6000004,14.182882
133658,2022-05-24,TR14/9,68.019,10.59175,4.6000004,14.182882
133659,2022-05-24,SE94/5,17.747,10.59175,4.6000004,14.182882
133660,2022-05-24,TL44/12,41.845,10.59175,4.6000004,14.182882
133661,2022-05-24,SY68/34,66.857,10.59175,4.6000004,14.182882
133662,2022-05-24,SN00/11,8.0089,10.59175,4.6000004,14.182882
133663,2022-05-24,TA10/63,16.944,10.59175,4.6000004,14.182882
133664,2022-05-24,SU81/1,45.524,10.59175,4.6000004,14.182882
133665,2022-05-25,SU17/57,134.29,11.693833,6.899999,18.158367
133666,2022-05-25,NO20/14,36.38,11.693833,6.899999,18.158367
133667,2022-05-25,SU01/5B,81.24,11.693833,6.899999,18.158367
133668,2022-05-25,NH95/17,29.52,11.693833,6.899999,18.158367
133669,2022-05-25,SJ15/13,80.02216,11.693833,6.899999,18.158367
133670,2022-05-25,TF81/2A,45.75,11.693833,6.899999,18.158367
133671,2022-05-25,TL33/67,81.2,11.693833,6.899999,18.158367
133672,2022-05-25,TL33/4,80.25,11.693833,6.899999,18.158367
133673,2022-05-25,ID30/1,113.97,11.693833,6.899999,18.158367
133674,2022-05-25,NY63/2,130.73,11.693833,6.899999,18.158367
133675,2022-05-25,SU81/1,45.38,11.693833,6.899999,18.158367
133676,2022-05-25,TR14/9,67.951,11.693833,6.899999,18.158367
133677,2022-05-25,TL44/12,41.775,11.693833,6.899999,18.158367
133678,2022-05-25,TF03/37,14.481,11.693833,6.899999,18.158367
133679,2022-05-25,SP00/62,100.523,11.693833,6.899999,18.158367
133680,2022-05-25,ST07/10,54.8329,11.693833,6.899999,18.158367
133681,2022-05-25,SU71/23,38.112,11.693833,6.899999,18.158367
133682,2022-05-25,SJ62/235,54.477,11.693833,6.899999,18.158367
133683,2022-05-25,SK00/41,130.013,11.693833,6.899999,18.158367
133684,2022-05-25,SY68/34,66.814,11.693833,6.899999,18.158367
133685,2022-05-25,TA10/63,16.924,11.693833,6.899999,18.158367
133686,2022-05-25,SN00/11,7.9955,11.693833,6.899999,18.158367
133687,2022-05-25,TQ25/86,95.214,11.693833,6.899999,18.158367
133688,2022-05-25,SE94/5,17.698,11.693833,6.899999,18.158367
133689,2022-05-26,SU01/5B,81.07,11.7105,3.1999993,17.730556
133690,2022-05-26,SU17/57,134.29,11.7105,3.1999993,17.730556
133691,2022-05-26,ID30/1,113.97,11.7105,3.1999993,17.730556
133692,2022-05-26,SJ15/13,79.98716,11.7105,3.1999993,17.730556
133693,2022-05-26,TL33/67,81.17,11.7105,3.1999993,17.730556
133694,2022-05-26,NO20/14,36.36,11.7105,3.1999993,17.730556
133695,2022-05-26,TL33/4,80.25,11.7105,3.1999993,17.730556
133696,2022-05-26,TF81/2A,45.72,11.7105,3.1999993,17.730556
133697,2022-05-26,NH95/17,29.5,11.7105,3.1999993,17.730556
133698,2022-05-26,NY63/2,130.69,11.7105,3.1999993,17.730556
133699,2022-05-26,TF03/37,14.423,11.7105,3.1999993,17.730556
133700,2022-05-26,SN00/11,7.9705,11.7105,3.1999993,17.730556
133701,2022-05-26,TA10/63,16.891,11.7105,3.1999993,17.730556
133702,2022-05-26,SK00/41,129.996,11.7105,3.1999993,17.730556
133703,2022-05-26,SE94/5,17.649,11.7105,3.1999993,17.730556
133704,2022-05-26,SY68/34,66.77,11.7105,3.1999993,17.730556
133705,2022-05-26,SU71/23,37.948,11.7105,3.1999993,17.730556
133706,2022-05-26,TQ25/86,95.147,11.7105,3.1999993,17.730556
133707,2022-05-26,TL44/12,41.709,11.7105,3.1999993,17.730556
133708,2022-05-26,SU81/1,45.232,11.7105,3.1999993,17.730556
133709,2022-05-26,TR14/9,67.89,11.7105,3.1999993,17.730556
133710,2022-05-26,SP00/62,100.507,11.7105,3.1999993,17.730556
133711,2022-05-26,SJ62/235,54.471,11.7105,3.1999993,17.730556
133712,2022-05-26,ST07/10,54.73,11.7105,3.1999993,17.730556
133713,2022-05-27,SU17/57,134.26,10.927169,0.5,23.898584
133714,2022-05-27,NH95/17,29.49,10.927169,0.5,23.898584
133715,2022-05-27,SJ15/13,79.96574,10.927169,0.5,23.898584
133716,2022-05-27,ID30/1,113.89,10.927169,0.5,23.898584
133717,2022-05-27,TL33/67,81.13,10.927169,0.5,23.898584
133718,2022-05-27,SU01/5B,80.88,10.927169,0.5,23.898584
133719,2022-05-27,TL33/4,80.25,10.927169,0.5,23.898584
133720,2022-05-27,TF81/2A,45.7,10.927169,0.5,23.898584
133721,2022-05-27,NY63/2,130.68,10.927169,0.5,23.898584
133722,2022-05-27,NO20/14,36.35,10.927169,0.5,23.898584
133723,2022-05-27,ST07/10,54.6385,10.927169,0.5,23.898584
133724,2022-05-27,TQ25/86,95.083,10.927169,0.5,23.898584
133725,2022-05-27,TA10/63,16.865,10.927169,0.5,23.898584
133726,2022-05-27,SK00/41,129.981,10.927169,0.5,23.898584
133727,2022-05-27,SY68/34,66.726,10.927169,0.5,23.898584
133728,2022-05-27,SU71/23,37.856,10.927169,0.5,23.898584
133729,2022-05-27,TL44/12,41.648,10.927169,0.5,23.898584
133730,2022-05-27,SU81/1,45.094,10.927169,0.5,23.898584
133731,2022-05-27,SP00/62,100.492,10.927169,0.5,23.898584
133732,2022-05-27,TF03/37,14.375,10.927169,0.5,23.898584
133733,2022-05-27,SE94/5,17.599,10.927169,0.5,23.898584
133734,2022-05-27,TR14/9,67.82,10.927169,0.5,23.898584
133735,2022-05-27,SN00/11,7.9419,10.927169,0.5,23.898584
133736,2022-05-27,SJ62/235,54.345,10.927169,0.5,23.898584
133737,2022-05-28,NH95/17,29.47,11.112584,0.1,9.73079
133738,2022-05-28,SU01/5B,80.7,11.112584,0.1,9.73079
133739,2022-05-28,TF81/2A,45.68,11.112584,0.1,9.73079
133740,2022-05-28,SU17/57,134.23,11.112584,0.1,9.73079
133741,2022-05-28,TL33/67,81.14,11.112584,0.1,9.73079
133742,2022-05-28,TL33/4,80.26,11.112584,0.1,9.73079
133743,2022-05-28,ID30/1,113.85,11.112584,0.1,9.73079
133744,2022-05-28,NY63/2,130.65,11.112584,0.1,9.73079
133745,2022-05-28,NO20/14,36.34,11.112584,0.1,9.73079
133746,2022-05-28,SJ15/13,79.94926,11.112584,0.1,9.73079
133747,2022-05-28,SN00/11,7.9154,11.112584,0.1,9.73079
133748,2022-05-28,TR14/9,67.759,11.112584,0.1,9.73079
133749,2022-05-28,SU71/23,37.671,11.112584,0.1,9.73079
133750,2022-05-28,TL44/12,41.598,11.112584,0.1,9.73079
133751,2022-05-28,SJ62/235,54.41,11.112584,0.1,9.73079
133752,2022-05-28,TQ25/86,95.021,11.112584,0.1,9.73079
133753,2022-05-28,SU81/1,44.97,11.112584,0.1,9.73079
133754,2022-05-28,SE94/5,17.553,11.112584,0.1,9.73079
133755,2022-05-28,SY68/34,66.684,11.112584,0.1,9.73079
133756,2022-05-28,SP00/62,100.48,11.112584,0.1,9.73079
133757,2022-05-28,SK00/41,129.977,11.112584,0.1,9.73079
133758,2022-05-28,TA10/63,16.841,11.112584,0.1,9.73079
133759,2022-05-28,TF03/37,14.361,11.112584,0.1,9.73079
133760,2022-05-28,ST07/10,54.5391,11.112584,0.1,9.73079
133761,2022-05-29,TF81/2A,45.67,9.870917,1.1,10.338479
133762,2022-05-29,SU01/5B,80.53,9.870917,1.1,10.338479
133763,2022-05-29,ID30/1,113.8,9.870917,1.1,10.338479
133764,2022-05-29,NO20/14,36.36,9.870917,1.1,10.338479
133765,2022-05-29,NY63/2,130.67,9.870917,1.1,10.338479
133766,2022-05-29,TL33/4,80.26,9.870917,1.1,10.338479
133767,2022-05-29,SU17/57,134.12,9.870917,1.1,10.338479
133768,2022-05-29,SJ15/13,79.96521,9.870917,1.1,10.338479
133769,2022-05-29,NH95/17,29.49,9.870917,1.1,10.338479
133770,2022-05-29,TL33/67,81.15,9.870917,1.1,10.338479
133771,2022-05-29,SU71/23,37.58,9.870917,1.1,10.338479
133772,2022-05-29,SJ62/235,54.444,9.870917,1.1,10.338479
133773,2022-05-29,TL44/12,41.551,9.870917,1.1,10.338479
133774,2022-05-29,SY68/34,66.642,9.870917,1.1,10.338479
133775,2022-05-29,SU81/1,44.852,9.870917,1.1,10.338479
133776,2022-05-29,SN00/11,7.8866,9.870917,1.1,10.338479
133777,2022-05-29,SE94/5,17.514,9.870917,1.1,10.338479
133778,2022-05-29,TF03/37,14.35,9.870917,1.1,10.338479
133779,2022-05-29,SP00/62,100.467,9.870917,1.1,10.338479
133780,2022-05-29,ST07/10,54.4316,9.870917,1.1,10.338479
133781,2022-05-29,SK00/41,129.987,9.870917,1.1,10.338479
133782,2022-05-29,TQ25/86,94.958,9.870917,1.1,10.338479
133783,2022-05-29,TR14/9,67.7,9.870917,1.1,10.338479
133784,2022-05-29,TA10/63,16.822,9.870917,1.1,10.338479
133785,2022-05-30,SU01/5B,80.36,9.077167,6.7999997,4.278785
133786,2022-05-30,TL33/67,81.14,9.077167,6.7999997,4.278785
133787,2022-05-30,NO20/14,36.36,9.077167,6.7999997,4.278785
133788,2022-05-30,SU17/57,133.99,9.077167,6.7999997,4.278785
133789,2022-05-30,SJ15/13,79.99068,9.077167,6.7999997,4.278785
133790,2022-05-30,NH95/17,29.5,9.077167,6.7999997,4.278785
133791,2022-05-30,TL33/4,80.26,9.077167,6.7999997,4.278785
133792,2022-05-30,NY63/2,130.71,9.077167,6.7999997,4.278785
133793,2022-05-30,ID30/1,113.78,9.077167,6.7999997,4.278785
133794,2022-05-30,TF81/2A,45.65,9.077167,6.7999997,4.278785
133795,2022-05-30,SU71/23,37.475,9.077167,6.7999997,4.278785
133796,2022-05-30,SY68/34,66.601,9.077167,6.7999997,4.278785
133797,2022-05-30,TR14/9,67.648,9.077167,6.7999997,4.278785
133798,2022-05-30,SN00/11,7.8606,9.077167,6.7999997,4.278785
133799,2022-05-30,SU81/1,44.735,9.077167,6.7999997,4.278785
133800,2022-05-30,SP00/62,100.46,9.077167,6.7999997,4.278785
133801,2022-05-30,TA10/63,16.802,9.077167,6.7999997,4.278785
133802,2022-05-30,ST07/10,54.3165,9.077167,6.7999997,4.278785
133803,2022-05-30,SK00/41,130.002,9.077167,6.7999997,4.278785
133804,2022-05-30,SE94/5,17.475,9.077167,6.7999997,4.278785
133805,2022-05-30,TQ25/86,94.89,9.077167,6.7999997,4.278785
133806,2022-05-30,SJ62/235,54.456,9.077167,6.7999997,4.278785
133807,2022-05-30,TL44/12,41.498,9.077167,6.7999997,4.278785
133808,2022-05-30,TF03/37,14.326,9.077167,6.7999997,4.278785
133809,2022-05-31,NH95/17,29.5,9.443834,6.5999994,6.231636
133810,2022-05-31,TL33/4,80.26,9.443834,6.5999994,6.231636
133811,2022-05-31,NY63/2,130.71,9.443834,6.5999994,6.231636
133812,2022-05-31,NO20/14,36.34,9.443834,6.5999994,6.231636
133813,2022-05-31,SU01/5B,80.21,9.443834,6.5999994,6.231636
133814,2022-05-31,TL33/67,81.08,9.443834,6.5999994,6.231636
133815,2022-05-31,TF81/2A,45.62,9.443834,6.5999994,6.231636
133816,2022-05-31,SJ15/13,80.00447,9.443834,6.5999994,6.231636
133817,2022-05-31,ID30/1,113.76,9.443834,6.5999994,6.231636
133818,2022-05-31,SU17/57,133.88,9.443834,6.5999994,6.231636
133819,2022-05-31,SU81/1,44.612,9.443834,6.5999994,6.231636
133820,2022-05-31,SN00/11,7.8433,9.443834,6.5999994,6.231636
133821,2022-05-31,SE94/5,17.433,9.443834,6.5999994,6.231636
133822,2022-05-31,TR14/9,67.59,9.443834,6.5999994,6.231636
133823,2022-05-31,SU71/23,37.385,9.443834,6.5999994,6.231636
133824,2022-05-31,TL44/12,41.436,9.443834,6.5999994,6.231636
133825,2022-05-31,SJ62/235,54.454,9.443834,6.5999994,6.231636
133826,2022-05-31,TF03/37,14.283,9.443834,6.5999994,6.231636
133827,2022-05-31,ST07/10,54.218,9.443834,6.5999994,6.231636
133828,2022-05-31,SY68/34,66.559,9.443834,6.5999994,6.231636
133829,2022-05-31,SP00/62,100.447,9.443834,6.5999994,6.231636
133830,2022-05-31,TA10/63,16.77,9.443834,6.5999994,6.231636
133831,2022-05-31,TQ25/86,94.822,9.443834,6.5999994,6.231636
133832,2022-05-31,SK00/41,130.005,9.443834,6.5999994,6.231636
133833,2022-06-01,NO20/14,36.32,11.37925,0.6,5.455946
133834,2022-06-01,SU17/57,133.85,11.37925,0.6,5.455946
133835,2022-06-01,TL33/67,81.01,11.37925,0.6,5.455946
133836,2022-06-01,NH95/17,29.48,11.37925,0.6,5.455946
133837,2022-06-01,NY63/2,130.68,11.37925,0.6,5.455946
133838,2022-06-01,SU01/5B,80.04,11.37925,0.6,5.455946
133839,2022-06-01,TF81/2A,45.59,11.37925,0.6,5.455946
133840,2022-06-01,ID30/1,113.75333,11.37925,0.6,5.455946
133841,2022-06-01,TL33/4,80.26,11.37925,0.6,5.455946
133842,2022-06-01,SY68/34,66.518,11.37925,0.6,5.455946
133843,2022-06-01,TA10/63,16.734,11.37925,0.6,5.455946
133844,2022-06-01,ST07/10,54.109,11.37925,0.6,5.455946
133845,2022-06-01,SJ62/235,54.448,11.37925,0.6,5.455946
133846,2022-06-01,TL44/12,41.371,11.37925,0.6,5.455946
133847,2022-06-01,TF03/37,14.227,11.37925,0.6,5.455946
133848,2022-06-01,TQ25/86,94.759,11.37925,0.6,5.455946
133849,2022-06-01,SP00/62,100.434,11.37925,0.6,5.455946
133850,2022-06-01,SU71/23,37.288,11.37925,0.6,5.455946
133851,2022-06-01,SN00/11,7.8181,11.37925,0.6,5.455946
133852,2022-06-01,SU81/1,44.479,11.37925,0.6,5.455946
133853,2022-06-01,SK00/41,129.995,11.37925,0.6,5.455946
133854,2022-06-01,SE94/5,17.43,11.37925,0.6,5.455946
133855,2022-06-01,TR14/9,67.517,11.37925,0.6,5.455946
133856,2022-06-02,SJ15/13,79.96174,12.57925,2.6999998,8.620457
133857,2022-06-02,SU17/57,133.83,12.57925,2.6999998,8.620457
133858,2022-06-02,NY63/2,130.65,12.57925,2.6999998,8.620457
133859,2022-06-02,TF81/2A,45.57,12.57925,2.6999998,8.620457
133860,2022-06-02,NH95/17,29.48,12.57925,2.6999998,8.620457
133861,2022-06-02,NO20/14,36.31,12.57925,2.6999998,8.620457
133862,2022-06-02,SU01/5B,79.86,12.57925,2.6999998,8.620457
133863,2022-06-02,TL33/4,80.26,12.57925,2.6999998,8.620457
133864,2022-06-02,TL33/67,81.0,12.57925,2.6999998,8.620457
133865,2022-06-02,ID30/1,113.70916,12.57925,2.6999998,8.620457
133866,2022-06-02,SE94/5,17.38,12.57925,2.6999998,8.620457
133867,2022-06-02,ST07/10,54.0107,12.57925,2.6999998,8.620457
133868,2022-06-02,TQ25/86,94.695,12.57925,2.6999998,8.620457
133869,2022-06-02,SJ62/235,54.452,12.57925,2.6999998,8.620457
133870,2022-06-02,SK00/41,129.99,12.57925,2.6999998,8.620457
133871,2022-06-02,SP00/62,100.422,12.57925,2.6999998,8.620457
133872,2022-06-02,SY68/34,66.477,12.57925,2.6999998,8.620457
133873,2022-06-02,TF03/37,14.189,12.57925,2.6999998,8.620457
133874,2022-06-02,SU81/1,44.349,12.57925,2.6999998,8.620457
133875,2022-06-02,TA10/63,16.709,12.57925,2.6999998,8.620457
133876,2022-06-02,SU71/23,37.165,12.57925,2.6999998,8.620457
133877,2022-06-02,SN00/11,7.7916,12.57925,2.6999998,8.620457
133878,2022-06-02,TR14/9,67.456,12.57925,2.6999998,8.620457
133879,2022-06-02,TL44/12,41.308,12.57925,2.6999998,8.620457
133880,2022-06-03,TL33/67,80.96,13.120918,3.7999997,9.795864
133881,2022-06-03,TF81/2A,45.55,13.120918,3.7999997,9.795864
133882,2022-06-03,NH95/17,29.45,13.120918,3.7999997,9.795864
133883,2022-06-03,SU01/5B,79.69,13.120918,3.7999997,9.795864
133884,2022-06-03,TL33/4,80.25,13.120918,3.7999997,9.795864
133885,2022-06-03,NO20/14,36.08,13.120918,3.7999997,9.795864
133886,2022-06-03,NY63/2,130.66,13.120918,3.7999997,9.795864
133887,2022-06-03,ID30/1,113.70916,13.120918,3.7999997,9.795864
133888,2022-06-03,SJ15/13,79.96789,13.120918,3.7999997,9.795864
133889,2022-06-03,SU17/57,133.75,13.120918,3.7999997,9.795864
133890,2022-06-03,SY68/34,66.438,13.120918,3.7999997,9.795864
133891,2022-06-03,ST07/10,53.9041,13.120918,3.7999997,9.795864
133892,2022-06-03,SE94/5,17.34,13.120918,3.7999997,9.795864
133893,2022-06-03,TF03/37,14.139,13.120918,3.7999997,9.795864
133894,2022-06-03,TL44/12,41.243,13.120918,3.7999997,9.795864
133895,2022-06-03,TA10/63,16.672,13.120918,3.7999997,9.795864
133896,2022-06-03,SU71/23,36.987,13.120918,3.7999997,9.795864
133897,2022-06-03,SU81/1,44.234,13.120918,3.7999997,9.795864
133898,2022-06-03,SK00/41,129.986,13.120918,3.7999997,9.795864
133899,2022-06-03,SN00/11,7.7657,13.120918,3.7999997,9.795864
133900,2022-06-03,TR14/9,67.393,13.120918,3.7999997,9.795864
133901,2022-06-03,SJ62/235,54.447,13.120918,3.7999997,9.795864
133902,2022-06-03,SP00/62,100.41,13.120918,3.7999997,9.795864
133903,2022-06-03,TQ25/86,94.628,13.120918,3.7999997,9.795864
133904,2022-06-04,ID30/1,113.67833,12.089667,0.0,9.759264
133905,2022-06-04,NO20/14,36.21,12.089667,0.0,9.759264
133906,2022-06-04,TL33/4,80.25,12.089667,0.0,9.759264
133907,2022-06-04,NH95/17,29.45,12.089667,0.0,9.759264
133908,2022-06-04,SU17/57,133.7,12.089667,0.0,9.759264
133909,2022-06-04,SJ15/13,79.948,12.089667,0.0,9.759264
133910,2022-06-04,NY63/2,130.63,12.089667,0.0,9.759264
133911,2022-06-04,SU01/5B,79.53,12.089667,0.0,9.759264
133912,2022-06-04,TL33/67,80.94,12.089667,0.0,9.759264
133913,2022-06-04,TF81/2A,45.53,12.089667,0.0,9.759264
133914,2022-06-04,TF03/37,14.124,12.089667,0.0,9.759264
133915,2022-06-04,SK00/41,129.98,12.089667,0.0,9.759264
133916,2022-06-04,SJ62/235,54.449,12.089667,0.0,9.759264
133917,2022-06-04,SE94/5,17.29,12.089667,0.0,9.759264
133918,2022-06-04,SY68/34,66.399,12.089667,0.0,9.759264
133919,2022-06-04,SP00/62,100.401,12.089667,0.0,9.759264
133920,2022-06-04,TA10/63,16.65,12.089667,0.0,9.759264
133921,2022-06-04,TR14/9,67.333,12.089667,0.0,9.759264
133922,2022-06-04,SU81/1,44.114,12.089667,0.0,9.759264
133923,2022-06-04,SU71/23,36.911,12.089667,0.0,9.759264
133924,2022-06-04,ST07/10,53.8099,12.089667,0.0,9.759264
133925,2022-06-04,TQ25/86,94.566,12.089667,0.0,9.759264
133926,2022-06-04,SN00/11,7.7559,12.089667,0.0,9.759264
133927,2022-06-04,TL44/12,41.233,12.089667,0.0,9.759264
133928,2022-06-05,ID30/1,113.66333,11.564666,5.0,9.642283
133929,2022-06-05,SU01/5B,79.37,11.564666,5.0,9.642283
133930,2022-06-05,NO20/14,36.28,11.564666,5.0,9.642283
133931,2022-06-05,SU17/57,133.62,11.564666,5.0,9.642283
133932,2022-06-05,TF81/2A,45.52,11.564666,5.0,9.642283
133933,2022-06-05,TL33/4,80.25,11.564666,5.0,9.642283
133934,2022-06-05,NY63/2,130.65,11.564666,5.0,9.642283
133935,2022-06-05,NH95/17,29.44,11.564666,5.0,9.642283
133936,2022-06-05,TL44/12,41.181,11.564666,5.0,9.642283
133937,2022-06-05,TL33/67,80.94,11.564666,5.0,9.642283
133938,2022-06-05,SJ15/13,79.95474,11.564666,5.0,9.642283
133939,2022-06-05,TA10/63,16.633,11.564666,5.0,9.642283
133940,2022-06-05,SY68/34,66.362,11.564666,5.0,9.642283
133941,2022-06-05,SN00/11,7.8045,11.564666,5.0,9.642283
133942,2022-06-05,TQ25/86,94.505,11.564666,5.0,9.642283
133943,2022-06-05,ST07/10,53.7872,11.564666,5.0,9.642283
133944,2022-06-05,SU81/1,44.008,11.564666,5.0,9.642283
133945,2022-06-05,SE95/6,20.432,11.564666,5.0,9.642283
133946,2022-06-05,TF03/37,14.138,11.564666,5.0,9.642283
133947,2022-06-05,SP00/62,100.395,11.564666,5.0,9.642283
133948,2022-06-05,TR14/9,67.274,11.564666,5.0,9.642283
133949,2022-06-05,SE94/5,17.25,11.564666,5.0,9.642283
133950,2022-06-05,SJ62/235,54.455,11.564666,5.0,9.642283
133951,2022-06-05,SK00/41,129.99,11.564666,5.0,9.642283
133952,2022-06-05,SU71/23,36.805,11.564666,5.0,9.642283
133953,2022-06-06,TF81/2A,45.49,12.593831,4.5,7.9472837
133954,2022-06-06,NH95/17,29.45,12.593831,4.5,7.9472837
133955,2022-06-06,SU01/5B,79.21,12.593831,4.5,7.9472837
133956,2022-06-06,NO20/14,36.29,12.593831,4.5,7.9472837
133957,2022-06-06,TL33/67,80.9,12.593831,4.5,7.9472837
133958,2022-06-06,TL33/4,80.24,12.593831,4.5,7.9472837
133959,2022-06-06,ID30/1,113.63958,12.593831,4.5,7.9472837
133960,2022-06-06,TL44/12,41.124,12.593831,4.5,7.9472837
133961,2022-06-06,SU17/57,133.52,12.593831,4.5,7.9472837
133962,2022-06-06,SJ15/13,79.97074,12.593831,4.5,7.9472837
133963,2022-06-06,NY63/2,130.67,12.593831,4.5,7.9472837
133964,2022-06-06,SE95/6,20.57,12.593831,4.5,7.9472837
133965,2022-06-06,SU81/1,43.904,12.593831,4.5,7.9472837
133966,2022-06-06,SK00/41,129.99,12.593831,4.5,7.9472837
133967,2022-06-06,TF03/37,14.109,12.593831,4.5,7.9472837
133968,2022-06-06,SU71/23,36.687,12.593831,4.5,7.9472837
133969,2022-06-06,SJ62/235,54.459,12.593831,4.5,7.9472837
133970,2022-06-06,TR14/9,67.21,12.593831,4.5,7.9472837
133971,2022-06-06,SE94/5,17.21,12.593831,4.5,7.9472837
133972,2022-06-06,ST07/10,53.7901,12.593831,4.5,7.9472837
133973,2022-06-06,TA10/63,16.606,12.593831,4.5,7.9472837
133974,2022-06-06,TQ25/86,94.452,12.593831,4.5,7.9472837
133975,2022-06-06,SN00/11,7.8228,12.593831,4.5,7.9472837
133976,2022-06-06,SY68/34,66.324,12.593831,4.5,7.9472837
133977,2022-06-06,SP00/62,100.391,12.593831,4.5,7.9472837
133978,2022-06-07,SE95/6,20.42,13.622998,0.3,7.856336
133979,2022-06-07,NH95/17,29.46,13.622998,0.3,7.856336
133980,2022-06-07,SU01/5B,79.05,13.622998,0.3,7.856336
133981,2022-06-07,TL33/67,80.9,13.622998,0.3,7.856336
133982,2022-06-07,TL33/4,80.24,13.622998,0.3,7.856336
133983,2022-06-07,TL44/12,41.073,13.622998,0.3,7.856336
133984,2022-06-07,SJ15/13,79.96995,13.622998,0.3,7.856336
133985,2022-06-07,TF81/2A,45.48,13.622998,0.3,7.856336
133986,2022-06-07,NY63/2,130.67,13.622998,0.3,7.856336
133987,2022-06-07,ID30/1,113.62833,13.622998,0.3,7.856336
133988,2022-06-07,NO20/14,36.28,13.622998,0.3,7.856336
133989,2022-06-07,SU17/57,133.46,13.622998,0.3,7.856336
133990,2022-06-07,SU71/23,36.575,13.622998,0.3,7.856336
133991,2022-06-07,ST07/10,53.7124,13.622998,0.3,7.856336
133992,2022-06-07,SJ62/235,54.469,13.622998,0.3,7.856336
133993,2022-06-07,SU81/1,43.807,13.622998,0.3,7.856336
133994,2022-06-07,TA10/63,16.585,13.622998,0.3,7.856336
133995,2022-06-07,TQ25/86,94.397,13.622998,0.3,7.856336
133996,2022-06-07,SN00/11,7.8257,13.622998,0.3,7.856336
133997,2022-06-07,SY68/34,66.288,13.622998,0.3,7.856336
133998,2022-06-07,TR14/9,67.163,13.622998,0.3,7.856336
133999,2022-06-07,TF03/37,14.104,13.622998,0.3,7.856336
134000,2022-06-07,SE94/5,17.17,13.622998,0.3,7.856336
134001,2022-06-07,SK00/41,130.0,13.622998,0.3,7.856336
134002,2022-06-07,SP00/62,100.385,13.622998,0.3,7.856336
134003,2022-06-08,SU17/57,133.32,14.300084,14.500002,14.644066
134004,2022-06-08,SE95/6,20.4,14.300084,14.500002,14.644066
134005,2022-06-08,TF81/2A,45.45,14.300084,14.500002,14.644066
134006,2022-06-08,NH95/17,29.47,14.300084,14.500002,14.644066
134007,2022-06-08,NY63/2,130.69,14.300084,14.500002,14.644066
134008,2022-06-08,ID30/1,113.64958,14.300084,14.500002,14.644066
134009,2022-06-08,SU01/5B,78.89,14.300084,14.500002,14.644066
134010,2022-06-08,TL33/4,80.23,14.300084,14.500002,14.644066
134011,2022-06-08,TL33/67,80.83,14.300084,14.500002,14.644066
134012,2022-06-08,TL44/12,41.025,14.300084,14.500002,14.644066
134013,2022-06-08,SJ15/13,80.00047,14.300084,14.500002,14.644066
134014,2022-06-08,NO20/14,36.28,14.300084,14.500002,14.644066
134015,2022-06-08,SP00/62,100.374,14.300084,14.500002,14.644066
134016,2022-06-08,TF03/37,14.06,14.300084,14.500002,14.644066
134017,2022-06-08,SU81/1,43.704,14.300084,14.500002,14.644066
134018,2022-06-08,SN00/11,7.8121,14.300084,14.500002,14.644066
134019,2022-06-08,TA10/63,16.556,14.300084,14.500002,14.644066
134020,2022-06-08,SJ62/235,54.463,14.300084,14.500002,14.644066
134021,2022-06-08,SU71/23,36.419,14.300084,14.500002,14.644066
134022,2022-06-08,TQ25/86,94.342,14.300084,14.500002,14.644066
134023,2022-06-08,SK00/41,130.01,14.300084,14.500002,14.644066
134024,2022-06-08,TR14/9,67.098,14.300084,14.500002,14.644066
134025,2022-06-08,SE94/5,17.13,14.300084,14.500002,14.644066
134026,2022-06-08,SY68/34,66.253,14.300084,14.500002,14.644066
134027,2022-06-08,ST07/10,53.5926,14.300084,14.500002,14.644066
134028,2022-06-09,SU01/5B,78.74,14.006332,0.8,15.159417
134029,2022-06-09,SE95/6,20.39,14.006332,0.8,15.159417
134030,2022-06-09,SJ15/13,79.96205,14.006332,0.8,15.159417
134031,2022-06-09,TL44/12,40.959,14.006332,0.8,15.159417
134032,2022-06-09,TL33/67,80.75,14.006332,0.8,15.159417
134033,2022-06-09,SU17/57,133.32,14.006332,0.8,15.159417
134034,2022-06-09,TL33/4,80.22,14.006332,0.8,15.159417
134035,2022-06-09,ID30/1,113.67416,14.006332,0.8,15.159417
134036,2022-06-09,TF81/2A,45.42,14.006332,0.8,15.159417
134037,2022-06-09,NO20/14,36.26,14.006332,0.8,15.159417
134038,2022-06-09,NY63/2,130.66,14.006332,0.8,15.159417
134039,2022-06-09,NH95/17,29.47,14.006332,0.8,15.159417
134040,2022-06-09,TR14/9,67.036,14.006332,0.8,15.159417
134041,2022-06-09,SY68/34,66.216,14.006332,0.8,15.159417
134042,2022-06-09,SU81/1,43.582,14.006332,0.8,15.159417
134043,2022-06-09,SJ62/235,54.457,14.006332,0.8,15.159417
134044,2022-06-09,SK00/41,129.997,14.006332,0.8,15.159417
134045,2022-06-09,ST07/10,53.5051,14.006332,0.8,15.159417
134046,2022-06-09,TA10/63,16.52,14.006332,0.8,15.159417
134047,2022-06-09,SU71/23,36.343,14.006332,0.8,15.159417
134048,2022-06-09,TF03/37,14.003,14.006332,0.8,15.159417
134049,2022-06-09,SP00/62,100.368,14.006332,0.8,15.159417
134050,2022-06-09,TQ25/86,94.292,14.006332,0.8,15.159417
134051,2022-06-09,SE94/5,17.08,14.006332,0.8,15.159417
134052,2022-06-09,SN00/11,7.7975,14.006332,0.8,15.159417
134053,2022-06-10,TF81/2A,45.4,14.704251,0.2,20.158245
134054,2022-06-10,NY63/2,130.64,14.704251,0.2,20.158245
134055,2022-06-10,SJ15/13,79.94153,14.704251,0.2,20.158245
134056,2022-06-10,SE95/6,20.36,14.704251,0.2,20.158245
134057,2022-06-10,ID30/1,113.62791,14.704251,0.2,20.158245
134058,2022-06-10,SU01/5B,78.57,14.704251,0.2,20.158245
134059,2022-06-10,TL44/12,40.896,14.704251,0.2,20.158245
134060,2022-06-10,NH95/17,29.45,14.704251,0.2,20.158245
134061,2022-06-10,TL33/67,80.71,14.704251,0.2,20.158245
134062,2022-06-10,SU17/57,133.32,14.704251,0.2,20.158245
134063,2022-06-10,TL33/4,80.21,14.704251,0.2,20.158245
134064,2022-06-10,SP00/62,100.358,14.704251,0.2,20.158245
134065,2022-06-10,SE94/5,17.03,14.704251,0.2,20.158245
134066,2022-06-10,SY68/34,66.179,14.704251,0.2,20.158245
134067,2022-06-10,TQ25/86,94.245,14.704251,0.2,20.158245
134068,2022-06-10,ST07/10,53.4249,14.704251,0.2,20.158245
134069,2022-06-10,SK00/41,129.988,14.704251,0.2,20.158245
134070,2022-06-10,TR14/9,66.972,14.704251,0.2,20.158245
134071,2022-06-10,TF03/37,13.978,14.704251,0.2,20.158245
134072,2022-06-10,SJ62/235,54.454,14.704251,0.2,20.158245
134073,2022-06-10,TA10/63,16.49,14.704251,0.2,20.158245
134074,2022-06-10,SN00/11,7.7727,14.704251,0.2,20.158245
134075,2022-06-10,SU71/23,36.227,14.704251,0.2,20.158245
134076,2022-06-10,SU81/1,43.463,14.704251,0.2,20.158245
134077,2022-06-11,SU01/5B,78.41,13.627167,6.3999996,20.823145
134078,2022-06-11,SU17/57,133.28,13.627167,6.3999996,20.823145
134079,2022-06-11,TL44/12,40.833,13.627167,6.3999996,20.823145
134080,2022-06-11,NH95/17,29.44,13.627167,6.3999996,20.823145
134081,2022-06-11,TL33/4,80.2,13.627167,6.3999996,20.823145
134082,2022-06-11,SJ15/13,79.93426,13.627167,6.3999996,20.823145
134083,2022-06-11,ID30/1,113.59666,13.627167,6.3999996,20.823145
134084,2022-06-11,SE95/6,20.33,13.627167,6.3999996,20.823145
134085,2022-06-11,NY63/2,130.62,13.627167,6.3999996,20.823145
134086,2022-06-11,TF81/2A,45.37,13.627167,6.3999996,20.823145
134087,2022-06-11,TL33/67,80.66,13.627167,6.3999996,20.823145
134088,2022-06-11,SU81/1,43.347,13.627167,6.3999996,20.823145
134089,2022-06-11,SU71/23,36.111,13.627167,6.3999996,20.823145
134090,2022-06-11,TF03/37,13.947,13.627167,6.3999996,20.823145
134091,2022-06-11,TQ25/86,94.2,13.627167,6.3999996,20.823145
134092,2022-06-11,ST07/10,53.3294,13.627167,6.3999996,20.823145
134093,2022-06-11,SY68/34,66.141,13.627167,6.3999996,20.823145
134094,2022-06-11,SP00/62,100.347,13.627167,6.3999996,20.823145
134095,2022-06-11,TR14/9,66.903,13.627167,6.3999996,20.823145
134096,2022-06-11,SK00/41,129.979,13.627167,6.3999996,20.823145
134097,2022-06-11,SN00/11,7.7448,13.627167,6.3999996,20.823145
134098,2022-06-11,SJ62/235,54.355,13.627167,6.3999996,20.823145
134099,2022-06-11,TA10/63,16.458,13.627167,6.3999996,20.823145
134100,2022-06-11,SE94/5,16.98,13.627167,6.3999996,20.823145
134101,2022-06-12,SE95/6,20.3,11.797999,7.8999996,18.741085
134102,2022-06-12,TL33/67,80.64,11.797999,7.8999996,18.741085
134103,2022-06-12,NH95/17,29.43,11.797999,7.8999996,18.741085
134104,2022-06-12,TL44/12,40.771,11.797999,7.8999996,18.741085
134105,2022-06-12,NY63/2,130.59,11.797999,7.8999996,18.741085
134106,2022-06-12,TF81/2A,45.35,11.797999,7.8999996,18.741085
134107,2022-06-12,TL33/4,80.19,11.797999,7.8999996,18.741085
134108,2022-06-12,SU01/5B,78.24,11.797999,7.8999996,18.741085
134109,2022-06-12,ID30/1,113.65666,11.797999,7.8999996,18.741085
134110,2022-06-12,SJ15/13,79.91437,11.797999,7.8999996,18.741085
134111,2022-06-12,SU17/57,133.27,11.797999,7.8999996,18.741085
134112,2022-06-12,SU81/1,43.229,11.797999,7.8999996,18.741085
134113,2022-06-12,SP00/62,100.337,11.797999,7.8999996,18.741085
134114,2022-06-12,SN00/11,7.7159,11.797999,7.8999996,18.741085
134115,2022-06-12,TF03/37,13.923,11.797999,7.8999996,18.741085
134116,2022-06-12,SU71/23,35.998,11.797999,7.8999996,18.741085
134117,2022-06-12,TQ25/86,94.156,11.797999,7.8999996,18.741085
134118,2022-06-12,TA10/63,16.429,11.797999,7.8999996,18.741085
134119,2022-06-12,SK00/41,129.971,11.797999,7.8999996,18.741085
134120,2022-06-12,TR14/9,66.838,11.797999,7.8999996,18.741085
134121,2022-06-12,ST07/10,53.2389,11.797999,7.8999996,18.741085
134122,2022-06-12,SY68/34,66.104,11.797999,7.8999996,18.741085
134123,2022-06-12,SJ62/235,54.388,11.797999,7.8999996,18.741085
134124,2022-06-12,SE94/5,16.94,11.797999,7.8999996,18.741085
134125,2022-06-13,SU17/57,133.21,11.825084,1.3000001,11.991012
134126,2022-06-13,ID30/1,113.71291,11.825084,1.3000001,11.991012
134127,2022-06-13,SE95/6,20.28,11.825084,1.3000001,11.991012
134128,2022-06-13,TL33/4,80.18,11.825084,1.3000001,11.991012
134129,2022-06-13,NO20/14,36.28,11.825084,1.3000001,11.991012
134130,2022-06-13,NY63/2,130.58,11.825084,1.3000001,11.991012
134131,2022-06-13,TL44/12,40.71,11.825084,1.3000001,11.991012
134132,2022-06-13,SJ15/13,79.90547,11.825084,1.3000001,11.991012
134133,2022-06-13,TL33/67,80.6,11.825084,1.3000001,11.991012
134134,2022-06-13,NH95/17,29.42,11.825084,1.3000001,11.991012
134135,2022-06-13,TF81/2A,45.33,11.825084,1.3000001,11.991012
134136,2022-06-13,SU01/5B,78.07,11.825084,1.3000001,11.991012
134137,2022-06-13,TQ25/86,94.118,11.825084,1.3000001,11.991012
134138,2022-06-13,TF03/37,13.896,11.825084,1.3000001,11.991012
134139,2022-06-13,SJ62/235,54.416,11.825084,1.3000001,11.991012
134140,2022-06-13,TA10/63,16.396,11.825084,1.3000001,11.991012
134141,2022-06-13,SU71/23,35.841,11.825084,1.3000001,11.991012
134142,2022-06-13,SE94/5,16.89,11.825084,1.3000001,11.991012
134143,2022-06-13,SN00/11,7.6875,11.825084,1.3000001,11.991012
134144,2022-06-13,TR14/9,66.768,11.825084,1.3000001,11.991012
134145,2022-06-13,SP00/62,100.328,11.825084,1.3000001,11.991012
134146,2022-06-13,SU81/1,43.116,11.825084,1.3000001,11.991012
134147,2022-06-13,ST07/10,53.1487,11.825084,1.3000001,11.991012
134148,2022-06-13,SY68/34,66.068,11.825084,1.3000001,11.991012
134149,2022-06-13,SK00/41,129.965,11.825084,1.3000001,11.991012
134150,2022-06-14,SU17/57,133.15,12.910501,0.9,8.04659
134151,2022-06-14,TL33/4,80.17,12.910501,0.9,8.04659
134152,2022-06-14,NH95/17,29.4,12.910501,0.9,8.04659
134153,2022-06-14,TL44/12,40.656,12.910501,0.9,8.04659
134154,2022-06-14,NO20/14,36.16,12.910501,0.9,8.04659
134155,2022-06-14,TF81/2A,45.31,12.910501,0.9,8.04659
134156,2022-06-14,SE95/6,20.25,12.910501,0.9,8.04659
134157,2022-06-14,NY63/2,130.58,12.910501,0.9,8.04659
134158,2022-06-14,TL33/67,80.59,12.910501,0.9,8.04659
134159,2022-06-14,SJ15/13,79.9049,12.910501,0.9,8.04659
134160,2022-06-14,ID30/1,113.71458,12.910501,0.9,8.04659
134161,2022-06-14,SU01/5B,77.91,12.910501,0.9,8.04659
134162,2022-06-14,ST07/10,53.0564,12.910501,0.9,8.04659
134163,2022-06-14,TA10/63,16.374,12.910501,0.9,8.04659
134164,2022-06-14,TF03/37,13.878,12.910501,0.9,8.04659
134165,2022-06-14,TQ25/86,94.076,12.910501,0.9,8.04659
134166,2022-06-14,SP00/62,100.318,12.910501,0.9,8.04659
134167,2022-06-14,TR14/9,66.711,12.910501,0.9,8.04659
134168,2022-06-14,SN00/11,7.6601,12.910501,0.9,8.04659
134169,2022-06-14,SU81/1,43.008,12.910501,0.9,8.04659
134170,2022-06-14,SE94/5,16.85,12.910501,0.9,8.04659
134171,2022-06-14,SK00/41,129.968,12.910501,0.9,8.04659
134172,2022-06-14,SY68/34,66.034,12.910501,0.9,8.04659
134173,2022-06-14,SU71/23,35.73,12.910501,0.9,8.04659
134174,2022-06-14,SJ62/235,54.427,12.910501,0.9,8.04659
134175,2022-06-15,NY63/2,130.59,14.068832,0.0,6.023345
134176,2022-06-15,SJ15/13,79.92005,14.068832,0.0,6.023345
134177,2022-06-15,SU01/5B,77.76,14.068832,0.0,6.023345
134178,2022-06-15,TF81/2A,45.29,14.068832,0.0,6.023345
134179,2022-06-15,TL33/67,80.54,14.068832,0.0,6.023345
134180,2022-06-15,SE95/6,20.23,14.068832,0.0,6.023345
134181,2022-06-15,TL33/4,80.16,14.068832,0.0,6.023345
134182,2022-06-15,NO20/14,35.9,14.068832,0.0,6.023345
134183,2022-06-15,TL44/12,40.601,14.068832,0.0,6.023345
134184,2022-06-15,NH95/17,29.4,14.068832,0.0,6.023345
134185,2022-06-15,ID30/1,113.65916,14.068832,0.0,6.023345
134186,2022-06-15,SU17/57,133.04,14.068832,0.0,6.023345
134187,2022-06-15,TF03/37,13.823,14.068832,0.0,6.023345
134188,2022-06-15,SY68/34,65.999,14.068832,0.0,6.023345
134189,2022-06-15,SJ62/235,54.427,14.068832,0.0,6.023345
134190,2022-06-15,TA10/63,16.344,14.068832,0.0,6.023345
134191,2022-06-15,ST07/10,52.9488,14.068832,0.0,6.023345
134192,2022-06-15,SN00/11,7.6284,14.068832,0.0,6.023345
134193,2022-06-15,TQ25/86,94.033,14.068832,0.0,6.023345
134194,2022-06-15,SK00/41,129.97,14.068832,0.0,6.023345
134195,2022-06-15,TR14/9,66.647,14.068832,0.0,6.023345
134196,2022-06-15,SU81/1,42.897,14.068832,0.0,6.023345
134197,2022-06-15,SE94/5,16.81,14.068832,0.0,6.023345
134198,2022-06-15,SU71/23,35.614,14.068832,0.0,6.023345
134199,2022-06-15,SP00/62,100.307,14.068832,0.0,6.023345
134200,2022-06-16,TF81/2A,45.27,16.583418,0.1,7.623963
134201,2022-06-16,SU01/5B,77.6,16.583418,0.1,7.623963
134202,2022-06-16,ID30/1,113.58166,16.583418,0.1,7.623963
134203,2022-06-16,NH95/17,29.4,16.583418,0.1,7.623963
134204,2022-06-16,TL44/12,40.543,16.583418,0.1,7.623963
134205,2022-06-16,SE95/6,20.2,16.583418,0.1,7.623963
134206,2022-06-16,NO20/14,36.17,16.583418,0.1,7.623963
134207,2022-06-16,NY63/2,130.57,16.583418,0.1,7.623963
134208,2022-06-16,SU17/57,133.01,16.583418,0.1,7.623963
134209,2022-06-16,TL33/67,80.49,16.583418,0.1,7.623963
134210,2022-06-16,SJ15/13,79.90979,16.583418,0.1,7.623963
134211,2022-06-16,TL33/4,80.15,16.583418,0.1,7.623963
134212,2022-06-16,SU81/1,42.781,16.583418,0.1,7.623963
134213,2022-06-16,TR14/9,66.572,16.583418,0.1,7.623963
134214,2022-06-16,SN00/11,7.5981,16.583418,0.1,7.623963
134215,2022-06-16,SP00/62,100.296,16.583418,0.1,7.623963
134216,2022-06-16,SK00/41,129.966,16.583418,0.1,7.623963
134217,2022-06-16,SJ62/235,54.429,16.583418,0.1,7.623963
134218,2022-06-16,TF03/37,13.764,16.583418,0.1,7.623963
134219,2022-06-16,TQ25/86,93.993,16.583418,0.1,7.623963
134220,2022-06-16,TA10/63,16.313,16.583418,0.1,7.623963
134221,2022-06-16,ST07/10,52.849,16.583418,0.1,7.623963
134222,2022-06-16,SY68/34,65.964,16.583418,0.1,7.623963
134223,2022-06-16,SE94/5,16.76,16.583418,0.1,7.623963
134224,2022-06-16,SU71/23,35.497,16.583418,0.1,7.623963
134225,2022-06-17,TL33/67,80.48,16.414665,3.1,16.171047
134226,2022-06-17,ID30/1,113.58041,16.414665,3.1,16.171047
134227,2022-06-17,TF81/2A,45.24,16.414665,3.1,16.171047
134228,2022-06-17,NY63/2,130.58,16.414665,3.1,16.171047
134229,2022-06-17,TL44/12,40.491,16.414665,3.1,16.171047
134230,2022-06-17,NO20/14,36.2,16.414665,3.1,16.171047
134231,2022-06-17,TL33/4,80.14,16.414665,3.1,16.171047
134232,2022-06-17,SU01/5B,77.44,16.414665,3.1,16.171047
134233,2022-06-17,SU17/57,132.96,16.414665,3.1,16.171047
134234,2022-06-17,SE95/6,20.19,16.414665,3.1,16.171047
134235,2022-06-17,SJ15/13,79.91416,16.414665,3.1,16.171047
134236,2022-06-17,NH95/17,29.41,16.414665,3.1,16.171047
134237,2022-06-17,SU71/23,35.359,16.414665,3.1,16.171047
134238,2022-06-17,SN00/11,7.5703,16.414665,3.1,16.171047
134239,2022-06-17,TR14/9,66.514,16.414665,3.1,16.171047
134240,2022-06-17,TA10/63,16.288,16.414665,3.1,16.171047
134241,2022-06-17,SE94/5,16.72,16.414665,3.1,16.171047
134242,2022-06-17,TF03/37,13.706,16.414665,3.1,16.171047
134243,2022-06-17,SY68/34,65.929,16.414665,3.1,16.171047
134244,2022-06-17,ST07/10,52.7451,16.414665,3.1,16.171047
134245,2022-06-17,SP00/62,100.286,16.414665,3.1,16.171047
134246,2022-06-17,SK00/41,129.97,16.414665,3.1,16.171047
134247,2022-06-17,TQ25/86,93.952,16.414665,3.1,16.171047
134248,2022-06-17,SU81/1,42.673,16.414665,3.1,16.171047
134249,2022-06-17,SJ62/235,54.428,16.414665,3.1,16.171047
134250,2022-06-17,TV59/7C,1.17,16.414665,3.1,16.171047
134251,2022-06-18,SE95/6,20.17,11.681332,0.0,14.606496
134252,2022-06-18,TL44/12,40.438,11.681332,0.0,14.606496
134253,2022-06-18,TF81/2A,45.23,11.681332,0.0,14.606496
134254,2022-06-18,SJ15/13,79.89978,11.681332,0.0,14.606496
134255,2022-06-18,SU01/5B,77.28,11.681332,0.0,14.606496
134256,2022-06-18,TL33/4,80.12,11.681332,0.0,14.606496
134257,2022-06-18,NH95/17,29.38,11.681332,0.0,14.606496
134258,2022-06-18,SU17/57,132.89,11.681332,0.0,14.606496
134259,2022-06-18,NY63/2,130.56,11.681332,0.0,14.606496
134260,2022-06-18,NO20/14,36.18,11.681332,0.0,14.606496
134261,2022-06-18,ID30/1,113.53374,11.681332,0.0,14.606496
134262,2022-06-18,TL33/67,80.46,11.681332,0.0,14.606496
134263,2022-06-18,TF03/37,13.665,11.681332,0.0,14.606496
134264,2022-06-18,TQ25/86,93.912,11.681332,0.0,14.606496
134265,2022-06-18,SU81/1,42.573,11.681332,0.0,14.606496
134266,2022-06-18,SP00/62,100.282,11.681332,0.0,14.606496
134267,2022-06-18,SE94/5,16.67,11.681332,0.0,14.606496
134268,2022-06-18,TA10/63,16.258,11.681332,0.0,14.606496
134269,2022-06-18,SY68/34,65.896,11.681332,0.0,14.606496
134270,2022-06-18,SU71/23,35.243,11.681332,0.0,14.606496
134271,2022-06-18,SJ62/235,54.428,11.681332,0.0,14.606496
134272,2022-06-18,SK00/41,129.969,11.681332,0.0,14.606496
134273,2022-06-18,SN00/11,7.5677,11.681332,0.0,14.606496
134274,2022-06-18,ST07/10,52.6872,11.681332,0.0,14.606496
134275,2022-06-18,TR14/9,66.458,11.681332,0.0,14.606496
134276,2022-06-19,TL44/12,40.388,13.2855,0.8,13.160027
134277,2022-06-19,SE95/6,20.11,13.2855,0.8,13.160027
134278,2022-06-19,SJ15/13,79.90915,13.2855,0.8,13.160027
134279,2022-06-19,NH95/17,29.35,13.2855,0.8,13.160027
134280,2022-06-19,NY63/2,130.58,13.2855,0.8,13.160027
134281,2022-06-19,TL33/67,80.4,13.2855,0.8,13.160027
134282,2022-06-19,SU17/57,132.81,13.2855,0.8,13.160027
134283,2022-06-19,TL33/4,80.11,13.2855,0.8,13.160027
134284,2022-06-19,NO20/14,36.17,13.2855,0.8,13.160027
134285,2022-06-19,ID30/1,113.50208,13.2855,0.8,13.160027
134286,2022-06-19,SU01/5B,77.14,13.2855,0.8,13.160027
134287,2022-06-19,TF81/2A,45.2,13.2855,0.8,13.160027
134288,2022-06-19,SY68/34,65.863,13.2855,0.8,13.160027
134289,2022-06-19,SN00/11,7.5493,13.2855,0.8,13.160027
134290,2022-06-19,SJ62/235,54.426,13.2855,0.8,13.160027
134291,2022-06-19,ST07/10,52.6236,13.2855,0.8,13.160027
134292,2022-06-19,SU71/23,35.128,13.2855,0.8,13.160027
134293,2022-06-19,SP00/62,100.276,13.2855,0.8,13.160027
134294,2022-06-19,TR14/9,66.389,13.2855,0.8,13.160027
134295,2022-06-19,TQ25/86,93.873,13.2855,0.8,13.160027
134296,2022-06-19,TF03/37,13.653,13.2855,0.8,13.160027
134297,2022-06-19,TA10/63,16.223,13.2855,0.8,13.160027
134298,2022-06-19,SU81/1,42.468,13.2855,0.8,13.160027
134299,2022-06-19,SE94/5,16.63,13.2855,0.8,13.160027
134300,2022-06-19,SK00/41,129.972,13.2855,0.8,13.160027
134301,2022-06-20,NH95/17,29.36,13.518832,0.0,7.53382
134302,2022-06-20,TL33/67,80.36,13.518832,0.0,7.53382
134303,2022-06-20,TF81/2A,45.18,13.518832,0.0,7.53382
134304,2022-06-20,SE95/6,20.11,13.518832,0.0,7.53382
134305,2022-06-20,ID30/1,113.47375,13.518832,0.0,7.53382
134306,2022-06-20,NY63/2,130.54,13.518832,0.0,7.53382
134307,2022-06-20,SU17/57,132.75,13.518832,0.0,7.53382
134308,2022-06-20,TL44/12,40.332,13.518832,0.0,7.53382
134309,2022-06-20,TL33/4,80.1,13.518832,0.0,7.53382
134310,2022-06-20,SJ15/13,79.89419,13.518832,0.0,7.53382
134311,2022-06-20,NO20/14,36.16,13.518832,0.0,7.53382
134312,2022-06-20,SU01/5B,76.99,13.518832,0.0,7.53382
134313,2022-06-20,SP00/62,100.27,13.518832,0.0,7.53382
134314,2022-06-20,SE94/5,16.53,13.518832,0.0,7.53382
134315,2022-06-20,SK00/41,129.969,13.518832,0.0,7.53382
134316,2022-06-20,TA10/63,16.195,13.518832,0.0,7.53382
134317,2022-06-20,TF03/37,13.628,13.518832,0.0,7.53382
134318,2022-06-20,SN00/11,7.5259,13.518832,0.0,7.53382
134319,2022-06-20,ST07/10,52.5244,13.518832,0.0,7.53382
134320,2022-06-20,SU71/23,35.002,13.518832,0.0,7.53382
134321,2022-06-20,SY68/34,65.83,13.518832,0.0,7.53382
134322,2022-06-20,SJ62/235,54.426,13.518832,0.0,7.53382
134323,2022-06-20,TR14/9,66.319,13.518832,0.0,7.53382
134324,2022-06-20,SU81/1,42.35,13.518832,0.0,7.53382
134325,2022-06-20,TQ25/86,93.836,13.518832,0.0,7.53382
134326,2022-06-21,NO20/14,35.86,14.881333,0.3,7.3633294
134327,2022-06-21,SU01/5B,76.83,14.881333,0.3,7.3633294
134328,2022-06-21,TL33/67,80.33,14.881333,0.3,7.3633294
134329,2022-06-21,TL33/4,80.08,14.881333,0.3,7.3633294
134330,2022-06-21,TM15/112,25.13,14.881333,0.3,7.3633294
134331,2022-06-21,TL44/12,40.283,14.881333,0.3,7.3633294
134332,2022-06-21,SU17/57,132.71,14.881333,0.3,7.3633294
134333,2022-06-21,SJ15/13,79.89684,14.881333,0.3,7.3633294
134334,2022-06-21,SE95/6,20.1,14.881333,0.3,7.3633294
134335,2022-06-21,ID30/1,113.44375,14.881333,0.3,7.3633294
134336,2022-06-21,NY63/2,130.56,14.881333,0.3,7.3633294
134337,2022-06-21,NH95/17,29.36,14.881333,0.3,7.3633294
134338,2022-06-21,TF81/2A,45.16,14.881333,0.3,7.3633294
134339,2022-06-21,SY68/34,65.797,14.881333,0.3,7.3633294
134340,2022-06-21,SP00/62,100.261,14.881333,0.3,7.3633294
134341,2022-06-21,SE94/5,16.52,14.881333,0.3,7.3633294
134342,2022-06-21,SK00/41,129.974,14.881333,0.3,7.3633294
134343,2022-06-21,TA10/63,16.163,14.881333,0.3,7.3633294
134344,2022-06-21,ST07/10,52.4273,14.881333,0.3,7.3633294
134345,2022-06-21,TF03/37,13.554,14.881333,0.3,7.3633294
134346,2022-06-21,TQ25/86,93.795,14.881333,0.3,7.3633294
134347,2022-06-21,SU81/1,42.246,14.881333,0.3,7.3633294
134348,2022-06-21,SN00/11,7.5046,14.881333,0.3,7.3633294
134349,2022-06-21,SJ62/235,54.424,14.881333,0.3,7.3633294
134350,2022-06-21,TR14/9,66.253,14.881333,0.3,7.3633294
134351,2022-06-21,SU71/23,34.906,14.881333,0.3,7.3633294
134352,2022-06-22,SU01/5B,76.69,16.029247,0.2,7.460876
134353,2022-06-22,ID30/1,113.44041,16.029247,0.2,7.460876
134354,2022-06-22,NY63/2,130.55,16.029247,0.2,7.460876
134355,2022-06-22,TL33/67,80.3,16.029247,0.2,7.460876
134356,2022-06-22,SJ15/13,79.88947,16.029247,0.2,7.460876
134357,2022-06-22,NO20/14,35.92,16.029247,0.2,7.460876
134358,2022-06-22,NH95/17,29.36,16.029247,0.2,7.460876
134359,2022-06-22,SE95/6,20.08,16.029247,0.2,7.460876
134360,2022-06-22,SU17/57,132.63,16.029247,0.2,7.460876
134361,2022-06-22,TF81/2A,45.14,16.029247,0.2,7.460876
134362,2022-06-22,TL33/4,80.07,16.029247,0.2,7.460876
134363,2022-06-22,TL44/12,40.231,16.029247,0.2,7.460876
134364,2022-06-22,SK00/41,129.976,16.029247,0.2,7.460876
134365,2022-06-22,SU81/1,42.146,16.029247,0.2,7.460876
134366,2022-06-22,TA10/63,16.14,16.029247,0.2,7.460876
134367,2022-06-22,TQ25/86,93.756,16.029247,0.2,7.460876
134368,2022-06-22,TR14/9,66.189,16.029247,0.2,7.460876
134369,2022-06-22,SU71/23,34.81,16.029247,0.2,7.460876
134370,2022-06-22,SP00/62,100.251,16.029247,0.2,7.460876
134371,2022-06-22,ST07/10,52.3327,16.029247,0.2,7.460876
134372,2022-06-22,SN00/11,7.482,16.029247,0.2,7.460876
134373,2022-06-22,TF03/37,13.473,16.029247,0.2,7.460876
134374,2022-06-22,SJ62/235,54.422,16.029247,0.2,7.460876
134375,2022-06-22,SY68/34,65.765,16.029247,0.2,7.460876
134376,2022-06-22,SE94/5,16.44,16.029247,0.2,7.460876
134377,2022-06-23,NH95/17,29.35,17.470915,6.4,9.947142
134378,2022-06-23,NO20/14,36.02,17.470915,6.4,9.947142
134379,2022-06-23,TF81/2A,45.12,17.470915,6.4,9.947142
134380,2022-06-23,TL33/67,80.29,17.470915,6.4,9.947142
134381,2022-06-23,TL33/4,80.05,17.470915,6.4,9.947142
134382,2022-06-23,TL44/12,40.182,17.470915,6.4,9.947142
134383,2022-06-23,NY63/2,130.55,17.470915,6.4,9.947142
134384,2022-06-23,SJ15/13,79.89084,17.470915,6.4,9.947142
134385,2022-06-23,ID30/1,113.43,17.470915,6.4,9.947142
134386,2022-06-23,SU17/57,132.56,17.470915,6.4,9.947142
134387,2022-06-23,SE95/6,20.06,17.470915,6.4,9.947142
134388,2022-06-23,SU01/5B,76.54,17.470915,6.4,9.947142
134389,2022-06-23,SP00/62,100.242,17.470915,6.4,9.947142
134390,2022-06-23,TR14/9,66.13,17.470915,6.4,9.947142
134391,2022-06-23,SN00/11,7.462,17.470915,6.4,9.947142
134392,2022-06-23,SK00/41,129.984,17.470915,6.4,9.947142
134393,2022-06-23,TF03/37,13.408,17.470915,6.4,9.947142
134394,2022-06-23,SY68/34,65.732,17.470915,6.4,9.947142
134395,2022-06-23,ST07/10,52.2484,17.470915,6.4,9.947142
134396,2022-06-23,TQ25/86,93.718,17.470915,6.4,9.947142
134397,2022-06-23,SU71/23,34.718,17.470915,6.4,9.947142
134398,2022-06-23,SU81/1,42.05,17.470915,6.4,9.947142
134399,2022-06-23,TA10/63,16.111,17.470915,6.4,9.947142
134400,2022-06-23,SE94/5,16.41,17.470915,6.4,9.947142
134401,2022-06-23,SJ62/235,54.427,17.470915,6.4,9.947142
134402,2022-06-24,SE95/6,20.05,17.098,10.200001,9.992325
134403,2022-06-24,SU17/57,132.46,17.098,10.200001,9.992325
134404,2022-06-24,ID30/1,113.56791,17.098,10.200001,9.992325
134405,2022-06-24,NY63/2,130.58,17.098,10.200001,9.992325
134406,2022-06-24,SU01/5B,76.41,17.098,10.200001,9.992325
134407,2022-06-24,TL44/12,40.131,17.098,10.200001,9.992325
134408,2022-06-24,TL33/4,80.04,17.098,10.200001,9.992325
134409,2022-06-24,SJ15/13,79.90921,17.098,10.200001,9.992325
134410,2022-06-24,TL33/67,80.25,17.098,10.200001,9.992325
134411,2022-06-24,NO20/14,35.83,17.098,10.200001,9.992325
134412,2022-06-24,TF81/2A,45.1,17.098,10.200001,9.992325
134413,2022-06-24,NH95/17,29.36,17.098,10.200001,9.992325
134414,2022-06-24,TF03/37,13.333,17.098,10.200001,9.992325
134415,2022-06-24,SU71/23,34.56,17.098,10.200001,9.992325
134416,2022-06-24,SY68/34,65.7,17.098,10.200001,9.992325
134417,2022-06-24,TA10/63,16.083,17.098,10.200001,9.992325
134418,2022-06-24,SN00/11,7.4537,17.098,10.200001,9.992325
134419,2022-06-24,SE94/5,16.341,17.098,10.200001,9.992325
134420,2022-06-24,SJ62/235,54.427,17.098,10.200001,9.992325
134421,2022-06-24,SP00/62,100.225,17.098,10.200001,9.992325
134422,2022-06-24,SK00/41,129.995,17.098,10.200001,9.992325
134423,2022-06-24,TR14/9,66.078,17.098,10.200001,9.992325
134424,2022-06-24,TQ25/86,93.673,17.098,10.200001,9.992325
134425,2022-06-24,ST07/10,52.1489,17.098,10.200001,9.992325
134426,2022-06-24,SU81/1,41.956,17.098,10.200001,9.992325
134427,2022-06-25,TL33/67,80.17,14.189668,4.9000006,21.077234
134428,2022-06-25,SJ15/13,79.91258,14.189668,4.9000006,21.077234
134429,2022-06-25,NO20/14,35.72,14.189668,4.9000006,21.077234
134430,2022-06-25,SU17/57,132.38,14.189668,4.9000006,21.077234
134431,2022-06-25,NY63/2,130.59,14.189668,4.9000006,21.077234
134432,2022-06-25,ID30/1,113.57041,14.189668,4.9000006,21.077234
134433,2022-06-25,SE95/6,20.03,14.189668,4.9000006,21.077234
134434,2022-06-25,TL44/12,40.073,14.189668,4.9000006,21.077234
134435,2022-06-25,TF81/2A,45.07,14.189668,4.9000006,21.077234
134436,2022-06-25,NH95/17,29.36,14.189668,4.9000006,21.077234
134437,2022-06-25,SU01/5B,76.27,14.189668,4.9000006,21.077234
134438,2022-06-25,TL33/4,80.02,14.189668,4.9000006,21.077234
134439,2022-06-25,SU81/1,41.857,14.189668,4.9000006,21.077234
134440,2022-06-25,SU71/23,34.528,14.189668,4.9000006,21.077234
134441,2022-06-25,SE94/5,16.33,14.189668,4.9000006,21.077234
134442,2022-06-25,SJ62/235,54.418,14.189668,4.9000006,21.077234
134443,2022-06-25,TA10/63,16.041,14.189668,4.9000006,21.077234
134444,2022-06-25,TR14/9,66.012,14.189668,4.9000006,21.077234
134445,2022-06-25,TF03/37,13.258,14.189668,4.9000006,21.077234
134446,2022-06-25,ST07/10,52.0863,14.189668,4.9000006,21.077234
134447,2022-06-25,TQ25/86,93.627,14.189668,4.9000006,21.077234
134448,2022-06-25,SN00/11,7.4388,14.189668,4.9000006,21.077234
134449,2022-06-25,SK00/41,129.992,14.189668,4.9000006,21.077234
134450,2022-06-25,SP00/62,100.209,14.189668,4.9000006,21.077234
134451,2022-06-25,SY68/34,65.67,14.189668,4.9000006,21.077234
134452,2022-06-26,TL33/4,80.0,12.995917,8.000001,24.157415
134453,2022-06-26,TL44/12,40.011,12.995917,8.000001,24.157415
134454,2022-06-26,NY63/2,130.54,12.995917,8.000001,24.157415
134455,2022-06-26,SJ15/13,79.89221,12.995917,8.000001,24.157415
134456,2022-06-26,SU01/5B,76.12,12.995917,8.000001,24.157415
134457,2022-06-26,SE95/6,19.99,12.995917,8.000001,24.157415
134458,2022-06-26,TF81/2A,45.05,12.995917,8.000001,24.157415
134459,2022-06-26,TL33/67,80.11,12.995917,8.000001,24.157415
134460,2022-06-26,NO20/14,35.71,12.995917,8.000001,24.157415
134461,2022-06-26,NH95/17,29.35,12.995917,8.000001,24.157415
134462,2022-06-26,SU17/57,132.38,12.995917,8.000001,24.157415
134463,2022-06-26,ID30/1,113.57999,12.995917,8.000001,24.157415
134464,2022-06-26,SU81/1,41.748,12.995917,8.000001,24.157415
134465,2022-06-26,SU71/23,34.427,12.995917,8.000001,24.157415
134466,2022-06-26,SY68/34,65.64,12.995917,8.000001,24.157415
134467,2022-06-26,SE94/5,16.286,12.995917,8.000001,24.157415
134468,2022-06-26,ST07/10,52.0154,12.995917,8.000001,24.157415
134469,2022-06-26,SN00/11,7.4229,12.995917,8.000001,24.157415
134470,2022-06-26,SP00/62,100.2,12.995917,8.000001,24.157415
134471,2022-06-26,TF03/37,13.212,12.995917,8.000001,24.157415
134472,2022-06-26,SK00/41,129.983,12.995917,8.000001,24.157415
134473,2022-06-26,TA10/63,16.005,12.995917,8.000001,24.157415
134474,2022-06-26,TR14/9,65.947,12.995917,8.000001,24.157415
134475,2022-06-26,SJ62/235,54.413,12.995917,8.000001,24.157415
134476,2022-06-26,TQ25/86,93.576,12.995917,8.000001,24.157415
134477,2022-06-27,NO20/14,35.77,12.789666,13.100002,15.634755
134478,2022-06-27,TL44/12,39.947,12.789666,13.100002,15.634755
134479,2022-06-27,TL33/67,80.04,12.789666,13.100002,15.634755
134480,2022-06-27,SU01/5B,75.97,12.789666,13.100002,15.634755
134481,2022-06-27,ID30/1,113.61291,12.789666,13.100002,15.634755
134482,2022-06-27,SJ15/13,79.86278,12.789666,13.100002,15.634755
134483,2022-06-27,NH95/17,29.33,12.789666,13.100002,15.634755
134484,2022-06-27,TL33/4,79.99,12.789666,13.100002,15.634755
134485,2022-06-27,NY63/2,130.52,12.789666,13.100002,15.634755
134486,2022-06-27,TF81/2A,45.02,12.789666,13.100002,15.634755
134487,2022-06-27,SE95/6,19.96,12.789666,13.100002,15.634755
134488,2022-06-27,SU17/57,132.37,12.789666,13.100002,15.634755
134489,2022-06-27,SN00/11,7.4015,12.789666,13.100002,15.634755
134490,2022-06-27,SU81/1,41.644,12.789666,13.100002,15.634755
134491,2022-06-27,TF03/37,13.163,12.789666,13.100002,15.634755
134492,2022-06-27,TA10/63,15.964,12.789666,13.100002,15.634755
134493,2022-06-27,SU71/23,34.462,12.789666,13.100002,15.634755
134494,2022-06-27,SE94/5,16.193,12.789666,13.100002,15.634755
134495,2022-06-27,ST07/10,51.9366,12.789666,13.100002,15.634755
134496,2022-06-27,SK00/41,129.971,12.789666,13.100002,15.634755
134497,2022-06-27,SP00/62,100.188,12.789666,13.100002,15.634755
134498,2022-06-27,TR14/9,65.866,12.789666,13.100002,15.634755
134499,2022-06-27,SY68/34,65.61,12.789666,13.100002,15.634755
134500,2022-06-27,TQ25/86,93.527,12.789666,13.100002,15.634755
134501,2022-06-27,SJ62/235,54.408,12.789666,13.100002,15.634755
134502,2022-06-28,TF81/2A,45.01,14.025083,3.6000004,22.15101
134503,2022-06-28,SU01/5B,75.82,14.025083,3.6000004,22.15101
134504,2022-06-28,TL33/4,79.97,14.025083,3.6000004,22.15101
134505,2022-06-28,ID30/1,113.69333,14.025083,3.6000004,22.15101
134506,2022-06-28,SJ15/13,79.84753,14.025083,3.6000004,22.15101
134507,2022-06-28,NO20/14,35.96,14.025083,3.6000004,22.15101
134508,2022-06-28,NH95/17,29.33,14.025083,3.6000004,22.15101
134509,2022-06-28,SE95/6,19.92,14.025083,3.6000004,22.15101
134510,2022-06-28,TL44/12,39.889,14.025083,3.6000004,22.15101
134511,2022-06-28,NY63/2,130.5,14.025083,3.6000004,22.15101
134512,2022-06-28,SU17/57,132.37,14.025083,3.6000004,22.15101
134513,2022-06-28,TL33/67,80.04,14.025083,3.6000004,22.15101
134514,2022-06-28,ST07/10,52.0187,14.025083,3.6000004,22.15101
134515,2022-06-28,SU71/23,34.221,14.025083,3.6000004,22.15101
134516,2022-06-28,SE94/5,16.162,14.025083,3.6000004,22.15101
134517,2022-06-28,SN00/11,7.4215,14.025083,3.6000004,22.15101
134518,2022-06-28,SU81/1,41.555,14.025083,3.6000004,22.15101
134519,2022-06-28,SJ62/235,54.415,14.025083,3.6000004,22.15101
134520,2022-06-28,TA10/63,15.939,14.025083,3.6000004,22.15101
134521,2022-06-28,SP00/62,100.179,14.025083,3.6000004,22.15101
134522,2022-06-28,SK00/41,129.967,14.025083,3.6000004,22.15101
134523,2022-06-28,TF03/37,13.162,14.025083,3.6000004,22.15101
134524,2022-06-28,TR14/9,65.804,14.025083,3.6000004,22.15101
134525,2022-06-28,TQ25/86,93.472,14.025083,3.6000004,22.15101
134526,2022-06-28,SY68/34,65.582,14.025083,3.6000004,22.15101
134527,2022-06-29,NO20/14,36.05,14.760498,5.4,13.240639
134528,2022-06-29,SU01/5B,75.68,14.760498,5.4,13.240639
134529,2022-06-29,TL44/12,39.833,14.760498,5.4,13.240639
134530,2022-06-29,SE95/6,19.91,14.760498,5.4,13.240639
134531,2022-06-29,SJ15/13,79.86432,14.760498,5.4,13.240639
134532,2022-06-29,NY63/2,130.52,14.760498,5.4,13.240639
134533,2022-06-29,NH95/17,29.34,14.760498,5.4,13.240639
134534,2022-06-29,ID30/1,114.0125,14.760498,5.4,13.240639
134535,2022-06-29,TL33/67,80.02,14.760498,5.4,13.240639
134536,2022-06-29,SU17/57,132.26,14.760498,5.4,13.240639
134537,2022-06-29,TF81/2A,44.99,14.760498,5.4,13.240639
134538,2022-06-29,TL33/4,79.95,14.760498,5.4,13.240639
134539,2022-06-29,SY68/34,65.557,14.760498,5.4,13.240639
134540,2022-06-29,SE94/5,16.127,14.760498,5.4,13.240639
134541,2022-06-29,TA10/63,15.91,14.760498,5.4,13.240639
134542,2022-06-29,TF03/37,13.168,14.760498,5.4,13.240639
134543,2022-06-29,SU71/23,34.126,14.760498,5.4,13.240639
134544,2022-06-29,SK00/41,129.97,14.760498,5.4,13.240639
134545,2022-06-29,TR14/9,65.752,14.760498,5.4,13.240639
134546,2022-06-29,SU81/1,41.466,14.760498,5.4,13.240639
134547,2022-06-29,SP00/62,100.17,14.760498,5.4,13.240639
134548,2022-06-29,SJ62/235,54.413,14.760498,5.4,13.240639
134549,2022-06-29,ST07/10,52.2438,14.760498,5.4,13.240639
134550,2022-06-29,SN00/11,7.441,14.760498,5.4,13.240639
134551,2022-06-29,TQ25/86,93.412,14.760498,5.4,13.240639
134552,2022-06-30,TL33/67,79.95,13.956333,9.2,4.5901875
134553,2022-06-30,TF81/2A,44.96,13.956333,9.2,4.5901875
134554,2022-06-30,SU17/57,132.2,13.956333,9.2,4.5901875
134555,2022-06-30,ID30/1,114.16499,13.956333,9.2,4.5901875
134556,2022-06-30,TL33/4,79.93,13.956333,9.2,4.5901875
134557,2022-06-30,SJ15/13,79.85858,13.956333,9.2,4.5901875
134558,2022-06-30,TL44/12,39.776,13.956333,9.2,4.5901875
134559,2022-06-30,NY63/2,130.51,13.956333,9.2,4.5901875
134560,2022-06-30,SE95/6,19.88,13.956333,9.2,4.5901875
134561,2022-06-30,SU01/5B,75.54,13.956333,9.2,4.5901875
134562,2022-06-30,NH95/17,29.33,13.956333,9.2,4.5901875
134563,2022-06-30,NO20/14,36.05,13.956333,9.2,4.5901875
134564,2022-06-30,SU81/1,41.377,13.956333,9.2,4.5901875
134565,2022-06-30,ST07/10,52.1804,13.956333,9.2,4.5901875
134566,2022-06-30,TF03/37,13.107,13.956333,9.2,4.5901875
134567,2022-06-30,SP00/62,100.16,13.956333,9.2,4.5901875
134568,2022-06-30,SE94/5,16.062,13.956333,9.2,4.5901875
134569,2022-06-30,TR14/9,65.687,13.956333,9.2,4.5901875
134570,2022-06-30,SK00/41,129.967,13.956333,9.2,4.5901875
134571,2022-06-30,TA10/63,15.874,13.956333,9.2,4.5901875
134572,2022-06-30,SY68/34,65.529,13.956333,9.2,4.5901875
134573,2022-06-30,SN00/11,7.4273,13.956333,9.2,4.5901875
134574,2022-06-30,TQ25/86,93.35,13.956333,9.2,4.5901875
134575,2022-06-30,SU71/23,34.18,13.956333,9.2,4.5901875
134576,2022-06-30,SJ62/235,54.408,13.956333,9.2,4.5901875
134577,2022-07-01,ID30/1,114.28,13.612583,19.7,8.210338
134578,2022-07-01,SU17/57,132.18,13.612583,19.7,8.210338
134579,2022-07-01,SE95/6,19.86,13.612583,19.7,8.210338
134580,2022-07-01,NY63/2,130.5,13.612583,19.7,8.210338
134581,2022-07-01,TF81/2A,44.94,13.612583,19.7,8.210338
134582,2022-07-01,SU01/5B,75.4,13.612583,19.7,8.210338
134583,2022-07-01,TL33/4,79.91,13.612583,19.7,8.210338
134584,2022-07-01,TL33/67,79.88,13.612583,19.7,8.210338
134585,2022-07-01,SN00/11,7.415,13.612583,19.7,8.210338
134586,2022-07-01,NH95/17,29.31,13.612583,19.7,8.210338
134587,2022-07-01,NO20/14,36.05,13.612583,19.7,8.210338
134588,2022-07-01,SJ15/13,79.858,13.612583,19.7,8.210338
134589,2022-07-01,TL44/12,39.717,13.612583,19.7,8.210338
134590,2022-07-01,SU81/1,41.267,13.612583,19.7,8.210338
134591,2022-07-01,TR14/9,65.61,13.612583,19.7,8.210338
134592,2022-07-01,SP00/62,100.15,13.612583,19.7,8.210338
134593,2022-07-01,TA10/63,15.839,13.612583,19.7,8.210338
134594,2022-07-01,TF03/37,13.035,13.612583,19.7,8.210338
134595,2022-07-01,TQ25/86,93.346,13.612583,19.7,8.210338
134596,2022-07-01,SE94/5,16.069,13.612583,19.7,8.210338
134597,2022-07-01,SU71/23,33.928,13.612583,19.7,8.210338
134598,2022-07-01,SY68/34,65.5,13.612583,19.7,8.210338
134599,2022-07-01,ST07/10,52.4299,13.612583,19.7,8.210338
134600,2022-07-01,SK00/41,129.959,13.612583,19.7,8.210338
134601,2022-07-02,SU01/5B,75.25,13.962582,20.0,13.959869
134602,2022-07-02,NO20/14,36.06,13.962582,20.0,13.959869
134603,2022-07-02,SJ15/13,79.857,13.962582,20.0,13.959869
134604,2022-07-02,ID30/1,114.24,13.962582,20.0,13.959869
134605,2022-07-02,NH95/17,29.33,13.962582,20.0,13.959869
134606,2022-07-02,NY63/2,130.5,13.962582,20.0,13.959869
134607,2022-07-02,SN00/11,7.4,13.962582,20.0,13.959869
134608,2022-07-02,SU17/57,132.18,13.962582,20.0,13.959869
134609,2022-07-02,TL44/12,39.658,13.962582,20.0,13.959869
134610,2022-07-02,TL33/4,79.89,13.962582,20.0,13.959869
134611,2022-07-02,TL33/67,79.86,13.962582,20.0,13.959869
134612,2022-07-02,TF81/2A,44.92,13.962582,20.0,13.959869
134613,2022-07-02,SE95/6,19.83,13.962582,20.0,13.959869
134614,2022-07-02,SE94/5,16.029,13.962582,20.0,13.959869
134615,2022-07-02,ST07/10,52.3151,13.962582,20.0,13.959869
134616,2022-07-02,SY68/34,65.472,13.962582,20.0,13.959869
134617,2022-07-02,SU71/23,33.76,13.962582,20.0,13.959869
134618,2022-07-02,TQ25/86,93.276,13.962582,20.0,13.959869
134619,2022-07-02,TA10/63,15.797,13.962582,20.0,13.959869
134620,2022-07-02,SK00/41,129.953,13.962582,20.0,13.959869
134621,2022-07-02,SU81/1,41.176,13.962582,20.0,13.959869
134622,2022-07-02,TF03/37,12.989,13.962582,20.0,13.959869
134623,2022-07-02,SP00/62,100.141,13.962582,20.0,13.959869
134624,2022-07-02,TR14/9,65.552,13.962582,20.0,13.959869
134625,2022-07-03,SU01/5B,75.12,13.733415,3.1999998,11.984068
134626,2022-07-03,ID30/1,114.13,13.733415,3.1999998,11.984068
134627,2022-07-03,TL44/12,39.598,13.733415,3.1999998,11.984068
134628,2022-07-03,SU17/57,132.14,13.733415,3.1999998,11.984068
134629,2022-07-03,TL33/67,79.79,13.733415,3.1999998,11.984068
134630,2022-07-03,SE95/6,19.8,13.733415,3.1999998,11.984068
134631,2022-07-03,SN00/11,7.379,13.733415,3.1999998,11.984068
134632,2022-07-03,TF81/2A,44.89,13.733415,3.1999998,11.984068
134633,2022-07-03,SJ15/13,79.845,13.733415,3.1999998,11.984068
134634,2022-07-03,NO20/14,36.05,13.733415,3.1999998,11.984068
134635,2022-07-03,TL33/4,79.87,13.733415,3.1999998,11.984068
134636,2022-07-03,NY63/2,130.49,13.733415,3.1999998,11.984068
134637,2022-07-03,NH95/17,29.32,13.733415,3.1999998,11.984068
134638,2022-07-03,SU71/23,33.694,13.733415,3.1999998,11.984068
134639,2022-07-03,TQ25/86,93.195,13.733415,3.1999998,11.984068
134640,2022-07-03,SP00/62,100.134,13.733415,3.1999998,11.984068
134641,2022-07-03,SU81/1,41.084,13.733415,3.1999998,11.984068
134642,2022-07-03,TF03/37,12.963,13.733415,3.1999998,11.984068
134643,2022-07-03,TR14/9,65.486,13.733415,3.1999998,11.984068
134644,2022-07-03,SE94/5,15.968,13.733415,3.1999998,11.984068
134645,2022-07-03,SK00/41,129.945,13.733415,3.1999998,11.984068
134646,2022-07-03,ST07/10,52.2004,13.733415,3.1999998,11.984068
134647,2022-07-03,SY68/34,65.445,13.733415,3.1999998,11.984068
134648,2022-07-03,TA10/63,15.764,13.733415,3.1999998,11.984068
134649,2022-07-04,TL33/4,79.85,12.831332,5.3999987,19.473299
134650,2022-07-04,SU17/57,132.12,12.831332,5.3999987,19.473299
134651,2022-07-04,TL33/67,79.75,12.831332,5.3999987,19.473299
134652,2022-07-04,SN00/11,7.362,12.831332,5.3999987,19.473299
134653,2022-07-04,NO20/14,36.04,12.831332,5.3999987,19.473299
134654,2022-07-04,SJ15/13,79.832,12.831332,5.3999987,19.473299
134655,2022-07-04,TF81/2A,44.87,12.831332,5.3999987,19.473299
134656,2022-07-04,TL44/12,39.54,12.831332,5.3999987,19.473299
134657,2022-07-04,SE95/6,19.78,12.831332,5.3999987,19.473299
134658,2022-07-04,SU01/5B,74.98,12.831332,5.3999987,19.473299
134659,2022-07-04,NH95/17,29.32,12.831332,5.3999987,19.473299
134660,2022-07-04,ID30/1,113.96,12.831332,5.3999987,19.473299
134661,2022-07-04,NY63/2,130.48,12.831332,5.3999987,19.473299
134662,2022-07-04,SY68/34,65.416,12.831332,5.3999987,19.473299
134663,2022-07-04,SE94/5,15.907,12.831332,5.3999987,19.473299
134664,2022-07-04,SU81/1,40.992,12.831332,5.3999987,19.473299
134665,2022-07-04,SU71/23,33.594,12.831332,5.3999987,19.473299
134666,2022-07-04,SK00/41,129.937,12.831332,5.3999987,19.473299
134667,2022-07-04,ST07/10,52.0857,12.831332,5.3999987,19.473299
134668,2022-07-04,TF03/37,12.899,12.831332,5.3999987,19.473299
134669,2022-07-04,TQ25/86,93.109,12.831332,5.3999987,19.473299
134670,2022-07-04,TR14/9,65.419,12.831332,5.3999987,19.473299
134671,2022-07-04,SP00/62,100.124,12.831332,5.3999987,19.473299
134672,2022-07-04,TA10/63,15.729,12.831332,5.3999987,19.473299
134673,2022-07-05,NH95/17,29.28,13.779248,2.2999997,14.520808
134674,2022-07-05,SE95/6,19.75,13.779248,2.2999997,14.520808
134675,2022-07-05,TL44/12,39.48,13.779248,2.2999997,14.520808
134676,2022-07-05,NY63/2,130.46,13.779248,2.2999997,14.520808
134677,2022-07-05,SN00/11,7.344,13.779248,2.2999997,14.520808
134678,2022-07-05,TL33/4,79.83,13.779248,2.2999997,14.520808
134679,2022-07-05,TF81/2A,44.85,13.779248,2.2999997,14.520808
134680,2022-07-05,SU17/57,132.09,13.779248,2.2999997,14.520808
134681,2022-07-05,SJ15/13,79.82,13.779248,2.2999997,14.520808
134682,2022-07-05,SU01/5B,74.84,13.779248,2.2999997,14.520808
134683,2022-07-05,NO20/14,36.01,13.779248,2.2999997,14.520808
134684,2022-07-05,TL33/67,79.68,13.779248,2.2999997,14.520808
134685,2022-07-05,ID30/1,113.82,13.779248,2.2999997,14.520808
134686,2022-07-05,SP00/62,100.115,13.779248,2.2999997,14.520808
134687,2022-07-05,SK00/41,129.927,13.779248,2.2999997,14.520808
134688,2022-07-05,ST07/10,51.9709,13.779248,2.2999997,14.520808
134689,2022-07-05,SY68/34,65.388,13.779248,2.2999997,14.520808
134690,2022-07-05,SU71/23,33.502,13.779248,2.2999997,14.520808
134691,2022-07-05,TF03/37,12.823,13.779248,2.2999997,14.520808
134692,2022-07-05,TA10/63,15.694,13.779248,2.2999997,14.520808
134693,2022-07-05,TQ25/86,93.023,13.779248,2.2999997,14.520808
134694,2022-07-05,SE94/5,15.862,13.779248,2.2999997,14.520808
134695,2022-07-05,TR14/9,65.341,13.779248,2.2999997,14.520808
134696,2022-07-05,SU81/1,40.895,13.779248,2.2999997,14.520808
134697,2022-07-06,SJ15/13,79.804,15.087583,7.3999996,18.520628
134698,2022-07-06,SU17/57,132.09,15.087583,7.3999996,18.520628
134699,2022-07-06,ID30/1,113.74,15.087583,7.3999996,18.520628
134700,2022-07-06,NH95/17,29.28,15.087583,7.3999996,18.520628
134701,2022-07-06,TL33/4,79.81,15.087583,7.3999996,18.520628
134702,2022-07-06,NO20/14,36.02,15.087583,7.3999996,18.520628
134703,2022-07-06,SU01/5B,74.7,15.087583,7.3999996,18.520628
134704,2022-07-06,TF81/2A,44.83,15.087583,7.3999996,18.520628
134705,2022-07-06,SE95/6,19.72,15.087583,7.3999996,18.520628
134706,2022-07-06,TL44/12,39.422,15.087583,7.3999996,18.520628
134707,2022-07-06,SN00/11,7.327,15.087583,7.3999996,18.520628
134708,2022-07-06,NY63/2,130.44,15.087583,7.3999996,18.520628
134709,2022-07-06,TL33/67,79.68,15.087583,7.3999996,18.520628
134710,2022-07-06,TF03/37,12.788,15.087583,7.3999996,18.520628
134711,2022-07-06,SU71/23,33.406,15.087583,7.3999996,18.520628
134712,2022-07-06,TA10/63,15.664,15.087583,7.3999996,18.520628
134713,2022-07-06,TR14/9,65.283,15.087583,7.3999996,18.520628
134714,2022-07-06,SE94/5,15.81,15.087583,7.3999996,18.520628
134715,2022-07-06,SK00/41,129.921,15.087583,7.3999996,18.520628
134716,2022-07-06,TQ25/86,92.944,15.087583,7.3999996,18.520628
134717,2022-07-06,ST07/10,51.8562,15.087583,7.3999996,18.520628
134718,2022-07-06,SP00/62,100.106,15.087583,7.3999996,18.520628
134719,2022-07-06,SY68/34,65.361,15.087583,7.3999996,18.520628
134720,2022-07-06,SU81/1,40.807,15.087583,7.3999996,18.520628
134721,2022-07-07,NY63/2,130.45,16.220919,0.2,14.222173
134722,2022-07-07,SU17/57,132.02,16.220919,0.2,14.222173
134723,2022-07-07,NO20/14,35.99,16.220919,0.2,14.222173
134724,2022-07-07,SE95/6,19.7,16.220919,0.2,14.222173
134725,2022-07-07,SJ15/13,79.803,16.220919,0.2,14.222173
134726,2022-07-07,TF81/2A,44.8,16.220919,0.2,14.222173
134727,2022-07-07,TL33/67,79.6,16.220919,0.2,14.222173
134728,2022-07-07,ID30/1,113.71,16.220919,0.2,14.222173
134729,2022-07-07,TL33/4,79.78,16.220919,0.2,14.222173
134730,2022-07-07,NH95/17,29.26,16.220919,0.2,14.222173
134731,2022-07-07,TL44/12,39.363,16.220919,0.2,14.222173
134732,2022-07-07,SU01/5B,74.56,16.220919,0.2,14.222173
134733,2022-07-07,SN00/11,7.313,16.220919,0.2,14.222173
134734,2022-07-07,SK00/41,129.91,16.220919,0.2,14.222173
134735,2022-07-07,TA10/63,15.622,16.220919,0.2,14.222173
134736,2022-07-07,SU71/23,33.547,16.220919,0.2,14.222173
134737,2022-07-07,TR14/9,65.202,16.220919,0.2,14.222173
134738,2022-07-07,ST07/10,51.7415,16.220919,0.2,14.222173
134739,2022-07-07,SY68/34,65.333,16.220919,0.2,14.222173
134740,2022-07-07,SU81/1,40.734,16.220919,0.2,14.222173
134741,2022-07-07,SP00/62,100.098,16.220919,0.2,14.222173
134742,2022-07-07,SE94/5,15.768,16.220919,0.2,14.222173
134743,2022-07-07,TQ25/86,92.865,16.220919,0.2,14.222173
134744,2022-07-07,TF03/37,12.707,16.220919,0.2,14.222173
134745,2022-07-08,SJ15/13,79.785,15.989667,1.7000003,13.004767
134746,2022-07-08,SE95/6,19.67,15.989667,1.7000003,13.004767
134747,2022-07-08,NY63/2,130.42,15.989667,1.7000003,13.004767
134748,2022-07-08,TF81/2A,44.78,15.989667,1.7000003,13.004767
134749,2022-07-08,NO20/14,35.82,15.989667,1.7000003,13.004767
134750,2022-07-08,TL44/12,39.304,15.989667,1.7000003,13.004767
134751,2022-07-08,SN00/11,7.298,15.989667,1.7000003,13.004767
134752,2022-07-08,SU01/5B,74.43,15.989667,1.7000003,13.004767
134753,2022-07-08,TL33/67,79.57,15.989667,1.7000003,13.004767
134754,2022-07-08,TL33/4,79.76,15.989667,1.7000003,13.004767
134755,2022-07-08,NH95/17,29.27,15.989667,1.7000003,13.004767
134756,2022-07-08,SU17/57,132.04,15.989667,1.7000003,13.004767
134757,2022-07-08,ID30/1,113.69,15.989667,1.7000003,13.004767
134758,2022-07-08,SP00/62,100.087,15.989667,1.7000003,13.004767
134759,2022-07-08,SU81/1,40.661,15.989667,1.7000003,13.004767
134760,2022-07-08,TF03/37,12.641,15.989667,1.7000003,13.004767
134761,2022-07-08,TA10/63,15.591,15.989667,1.7000003,13.004767
134762,2022-07-08,SK00/41,129.904,15.989667,1.7000003,13.004767
134763,2022-07-08,SE94/5,15.699,15.989667,1.7000003,13.004767
134764,2022-07-08,TQ25/86,92.794,15.989667,1.7000003,13.004767
134765,2022-07-08,SU71/23,32.282,15.989667,1.7000003,13.004767
134766,2022-07-08,TR14/9,65.132,15.989667,1.7000003,13.004767
134767,2022-07-08,ST07/10,51.6267,15.989667,1.7000003,13.004767
134768,2022-07-08,SY68/34,65.305,15.989667,1.7000003,13.004767
134769,2022-07-09,TL33/4,79.74,15.666749,0.2,12.315364
134770,2022-07-09,SE95/6,19.65,15.666749,0.2,12.315364
134771,2022-07-09,TL44/12,39.248,15.666749,0.2,12.315364
134772,2022-07-09,NH95/17,29.25,15.666749,0.2,12.315364
134773,2022-07-09,SJ15/13,79.789,15.666749,0.2,12.315364
134774,2022-07-09,SU01/5B,74.15,15.666749,0.2,12.315364
134775,2022-07-09,NO20/14,35.74,15.666749,0.2,12.315364
134776,2022-07-09,TL33/67,79.55,15.666749,0.2,12.315364
134777,2022-07-09,TF81/2A,44.76,15.666749,0.2,12.315364
134778,2022-07-09,SN00/11,7.285,15.666749,0.2,12.315364
134779,2022-07-09,SU17/57,131.99,15.666749,0.2,12.315364
134780,2022-07-09,ID30/1,113.67,15.666749,0.2,12.315364
134781,2022-07-09,NY63/2,130.43,15.666749,0.2,12.315364
134782,2022-07-09,TR14/9,65.061,15.666749,0.2,12.315364
134783,2022-07-09,SP00/62,100.079,15.666749,0.2,12.315364
134784,2022-07-09,SY68/34,65.278,15.666749,0.2,12.315364
134785,2022-07-09,ST07/10,51.512,15.666749,0.2,12.315364
134786,2022-07-09,SU71/23,33.185,15.666749,0.2,12.315364
134787,2022-07-09,TA10/63,15.557,15.666749,0.2,12.315364
134788,2022-07-09,TF03/37,12.567,15.666749,0.2,12.315364
134789,2022-07-09,SE94/5,15.677,15.666749,0.2,12.315364
134790,2022-07-09,SU81/1,40.584,15.666749,0.2,12.315364
134791,2022-07-09,TQ25/86,92.72,15.666749,0.2,12.315364
134792,2022-07-09,SK00/41,129.903,15.666749,0.2,12.315364
134793,2022-07-10,TF81/2A,44.74,16.802164,0.0,7.8766265
134794,2022-07-10,TL44/12,39.195,16.802164,0.0,7.8766265
134795,2022-07-10,ID30/1,113.65,16.802164,0.0,7.8766265
134796,2022-07-10,SJ15/13,79.793,16.802164,0.0,7.8766265
134797,2022-07-10,SE95/6,19.62,16.802164,0.0,7.8766265
134798,2022-07-10,SU17/57,131.92,16.802164,0.0,7.8766265
134799,2022-07-10,NO20/14,35.85,16.802164,0.0,7.8766265
134800,2022-07-10,NY63/2,130.43,16.802164,0.0,7.8766265
134801,2022-07-10,TL33/67,79.53,16.802164,0.0,7.8766265
134802,2022-07-10,SU01/5B,74.04,16.802164,0.0,7.8766265
134803,2022-07-10,SN00/11,7.272,16.802164,0.0,7.8766265
134804,2022-07-10,TL33/4,79.71,16.802164,0.0,7.8766265
134805,2022-07-10,NH95/17,29.25,16.802164,0.0,7.8766265
134806,2022-07-10,TF03/37,12.511,16.802164,0.0,7.8766265
134807,2022-07-10,SU71/23,33.01,16.802164,0.0,7.8766265
134808,2022-07-10,TA10/63,15.53,16.802164,0.0,7.8766265
134809,2022-07-10,SK00/41,129.91,16.802164,0.0,7.8766265
134810,2022-07-10,SE94/5,15.637,16.802164,0.0,7.8766265
134811,2022-07-10,SU81/1,40.507,16.802164,0.0,7.8766265
134812,2022-07-10,SP00/62,100.071,16.802164,0.0,7.8766265
134813,2022-07-10,TQ25/86,92.644,16.802164,0.0,7.8766265
134814,2022-07-10,SY68/34,65.251,16.802164,0.0,7.8766265
134815,2022-07-10,ST07/10,51.3973,16.802164,0.0,7.8766265
134816,2022-07-10,TR14/9,64.995,16.802164,0.0,7.8766265
134817,2022-07-11,SN00/11,7.259,18.479252,0.0,10.079024
134818,2022-07-11,SJ15/13,79.808,18.479252,0.0,10.079024
134819,2022-07-11,NY63/2,130.44,18.479252,0.0,10.079024
134820,2022-07-11,SU01/5B,73.92,18.479252,0.0,10.079024
134821,2022-07-11,TL33/4,79.69,18.479252,0.0,10.079024
134822,2022-07-11,ID30/1,113.63,18.479252,0.0,10.079024
134823,2022-07-11,NO20/14,35.55,18.479252,0.0,10.079024
134824,2022-07-11,TF81/2A,44.72,18.479252,0.0,10.079024
134825,2022-07-11,TL44/12,39.141,18.479252,0.0,10.079024
134826,2022-07-11,TL33/67,79.49,18.479252,0.0,10.079024
134827,2022-07-11,SU17/57,131.82,18.479252,0.0,10.079024
134828,2022-07-11,NH95/17,29.26,18.479252,0.0,10.079024
134829,2022-07-11,SE95/6,19.6,18.479252,0.0,10.079024
134830,2022-07-11,SU71/23,32.953,18.479252,0.0,10.079024
134831,2022-07-11,ST07/10,51.2825,18.479252,0.0,10.079024
134832,2022-07-11,SY68/34,65.223,18.479252,0.0,10.079024
134833,2022-07-11,SU81/1,40.424,18.479252,0.0,10.079024
134834,2022-07-11,SE94/5,15.589,18.479252,0.0,10.079024
134835,2022-07-11,TQ25/86,92.475,18.479252,0.0,10.079024
134836,2022-07-11,TF03/37,12.428,18.479252,0.0,10.079024
134837,2022-07-11,SP00/62,100.063,18.479252,0.0,10.079024
134838,2022-07-11,TR14/9,64.925,18.479252,0.0,10.079024
134839,2022-07-11,SK00/41,129.917,18.479252,0.0,10.079024
134840,2022-07-11,TA10/63,15.497,18.479252,0.0,10.079024
134841,2022-07-12,ID30/1,113.63,18.545916,0.4,13.360631
134842,2022-07-12,NY63/2,130.44,18.545916,0.4,13.360631
134843,2022-07-12,TL44/12,39.089,18.545916,0.4,13.360631
134844,2022-07-12,TL33/67,79.45,18.545916,0.4,13.360631
134845,2022-07-12,NO20/14,35.57,18.545916,0.4,13.360631
134846,2022-07-12,SN00/11,7.246,18.545916,0.4,13.360631
134847,2022-07-12,NH95/17,29.25,18.545916,0.4,13.360631
134848,2022-07-12,SU01/5B,73.8,18.545916,0.4,13.360631
134849,2022-07-12,SE95/6,19.59,18.545916,0.4,13.360631
134850,2022-07-12,SJ15/13,79.812,18.545916,0.4,13.360631
134851,2022-07-12,SU17/57,131.76,18.545916,0.4,13.360631
134852,2022-07-12,TL33/4,79.67,18.545916,0.4,13.360631
134853,2022-07-12,TF81/2A,44.7,18.545916,0.4,13.360631
134854,2022-07-12,SP00/62,100.058,18.545916,0.4,13.360631
134855,2022-07-12,TQ25/86,92.384,18.545916,0.4,13.360631
134856,2022-07-12,SY68/34,65.197,18.545916,0.4,13.360631
134857,2022-07-12,SU71/23,32.848,18.545916,0.4,13.360631
134858,2022-07-12,SE94/5,15.547,18.545916,0.4,13.360631
134859,2022-07-12,TF03/37,12.345,18.545916,0.4,13.360631
134860,2022-07-12,TA10/63,15.465,18.545916,0.4,13.360631
134861,2022-07-12,SK00/41,129.919,18.545916,0.4,13.360631
134862,2022-07-12,ST07/10,51.1678,18.545916,0.4,13.360631
134863,2022-07-12,TR14/9,64.86,18.545916,0.4,13.360631
134864,2022-07-12,SU81/1,40.339,18.545916,0.4,13.360631
134865,2022-07-13,TL33/67,79.39,14.725082,0.1,13.898
134866,2022-07-13,SN00/11,7.235,14.725082,0.1,13.898
134867,2022-07-13,NY63/2,130.43,14.725082,0.1,13.898
134868,2022-07-13,NH95/17,29.26,14.725082,0.1,13.898
134869,2022-07-13,ID30/1,113.62,14.725082,0.1,13.898
134870,2022-07-13,SE95/6,19.56,14.725082,0.1,13.898
134871,2022-07-13,TL44/12,39.034,14.725082,0.1,13.898
134872,2022-07-13,TF81/2A,44.68,14.725082,0.1,13.898
134873,2022-07-13,SU17/57,131.71,14.725082,0.1,13.898
134874,2022-07-13,SJ15/13,79.799,14.725082,0.1,13.898
134875,2022-07-13,TL33/4,79.64,14.725082,0.1,13.898
134876,2022-07-13,NO20/14,35.78,14.725082,0.1,13.898
134877,2022-07-13,SU01/5B,73.7,14.725082,0.1,13.898
134878,2022-07-13,TA10/63,15.427,14.725082,0.1,13.898
134879,2022-07-13,SU81/1,40.245,14.725082,0.1,13.898
134880,2022-07-13,ST07/10,51.0531,14.725082,0.1,13.898
134881,2022-07-13,SE94/5,15.503,14.725082,0.1,13.898
134882,2022-07-13,SP00/62,100.045,14.725082,0.1,13.898
134883,2022-07-13,SK00/41,129.92,14.725082,0.1,13.898
134884,2022-07-13,SU71/23,32.74,14.725082,0.1,13.898
134885,2022-07-13,TF03/37,12.266,14.725082,0.1,13.898
134886,2022-07-13,TR14/9,64.804,14.725082,0.1,13.898
134887,2022-07-13,SY68/34,65.171,14.725082,0.1,13.898
134888,2022-07-13,TQ25/86,92.294,14.725082,0.1,13.898
134889,2022-07-14,NH95/17,29.24,13.802169,1.9000001,11.814906
134890,2022-07-14,SE95/6,19.53,13.802169,1.9000001,11.814906
134891,2022-07-14,SU17/57,131.68,13.802169,1.9000001,11.814906
134892,2022-07-14,TL33/4,79.62,13.802169,1.9000001,11.814906
134893,2022-07-14,SJ15/13,79.792,13.802169,1.9000001,11.814906
134894,2022-07-14,TF81/2A,44.66,13.802169,1.9000001,11.814906
134895,2022-07-14,SN00/11,7.222,13.802169,1.9000001,11.814906
134896,2022-07-14,SU01/5B,73.59,13.802169,1.9000001,11.814906
134897,2022-07-14,TL33/67,79.33,13.802169,1.9000001,11.814906
134898,2022-07-14,TL44/12,38.979,13.802169,1.9000001,11.814906
134899,2022-07-14,ID30/1,113.63,13.802169,1.9000001,11.814906
134900,2022-07-14,NO20/14,35.56,13.802169,1.9000001,11.814906
134901,2022-07-14,NY63/2,130.42,13.802169,1.9000001,11.814906
134902,2022-07-14,SY68/34,65.145,13.802169,1.9000001,11.814906
134903,2022-07-14,TA10/63,15.391,13.802169,1.9000001,11.814906
134904,2022-07-14,ST07/10,50.9383,13.802169,1.9000001,11.814906
134905,2022-07-14,SE94/5,15.463,13.802169,1.9000001,11.814906
134906,2022-07-14,SP00/62,100.035,13.802169,1.9000001,11.814906
134907,2022-07-14,SU81/1,40.151,13.802169,1.9000001,11.814906
134908,2022-07-14,TQ25/86,92.209,13.802169,1.9000001,11.814906
134909,2022-07-14,TR14/9,64.734,13.802169,1.9000001,11.814906
134910,2022-07-14,TF03/37,12.18,13.802169,1.9000001,11.814906
134911,2022-07-14,SU71/23,32.631,13.802169,1.9000001,11.814906
134912,2022-07-14,SK00/41,129.91,13.802169,1.9000001,11.814906
134913,2022-07-15,SJ15/13,79.786,14.883416,2.1,13.245788
134914,2022-07-15,TL44/12,38.924,14.883416,2.1,13.245788
134915,2022-07-15,SN00/11,7.211,14.883416,2.1,13.245788
134916,2022-07-15,ID30/1,113.65,14.883416,2.1,13.245788
134917,2022-07-15,TF81/2A,44.64,14.883416,2.1,13.245788
134918,2022-07-15,NY63/2,130.4,14.883416,2.1,13.245788
134919,2022-07-15,TL33/67,79.3,14.883416,2.1,13.245788
134920,2022-07-15,SE95/6,19.51,14.883416,2.1,13.245788
134921,2022-07-15,NO20/14,35.61,14.883416,2.1,13.245788
134922,2022-07-15,SU17/57,131.66,14.883416,2.1,13.245788
134923,2022-07-15,NH95/17,29.23,14.883416,2.1,13.245788
134924,2022-07-15,SU01/5B,73.48,14.883416,2.1,13.245788
134925,2022-07-15,TL33/4,79.62,14.883416,2.1,13.245788
134926,2022-07-15,SP00/62,100.039,14.883416,2.1,13.245788
134927,2022-07-15,SY68/34,65.119,14.883416,2.1,13.245788
134928,2022-07-15,SE94/5,15.419,14.883416,2.1,13.245788
134929,2022-07-15,TA10/63,15.358,14.883416,2.1,13.245788
134930,2022-07-15,ST07/10,50.8236,14.883416,2.1,13.245788
134931,2022-07-15,TR14/9,64.676,14.883416,2.1,13.245788
134932,2022-07-15,TF03/37,12.159,14.883416,2.1,13.245788
134933,2022-07-15,SU71/23,32.094,14.883416,2.1,13.245788
134934,2022-07-15,TQ25/86,92.125,14.883416,2.1,13.245788
134935,2022-07-15,SK00/41,129.907,14.883416,2.1,13.245788
134936,2022-07-15,SU81/1,40.053,14.883416,2.1,13.245788
134937,2022-07-16,SN00/11,7.199,15.67925,0.0,5.8019643
134938,2022-07-16,NH95/17,29.23,15.67925,0.0,5.8019643
134939,2022-07-16,TL33/4,79.62,15.67925,0.0,5.8019643
134940,2022-07-16,TF81/2A,44.62,15.67925,0.0,5.8019643
134941,2022-07-16,NY63/2,130.4,15.67925,0.0,5.8019643
134942,2022-07-16,ID30/1,113.62,15.67925,0.0,5.8019643
134943,2022-07-16,TL33/67,79.25,15.67925,0.0,5.8019643
134944,2022-07-16,SE95/6,19.48,15.67925,0.0,5.8019643
134945,2022-07-16,NO20/14,35.67,15.67925,0.0,5.8019643
134946,2022-07-16,TL44/12,38.869,15.67925,0.0,5.8019643
134947,2022-07-16,SU01/5B,73.37,15.67925,0.0,5.8019643
134948,2022-07-16,SJ15/13,79.78,15.67925,0.0,5.8019643
134949,2022-07-16,SU17/57,131.61,15.67925,0.0,5.8019643
134950,2022-07-16,ST07/10,50.7089,15.67925,0.0,5.8019643
134951,2022-07-16,TA10/63,15.322,15.67925,0.0,5.8019643
134952,2022-07-16,TR14/9,64.6,15.67925,0.0,5.8019643
134953,2022-07-16,SY68/34,65.093,15.67925,0.0,5.8019643
134954,2022-07-16,TF03/37,12.14,15.67925,0.0,5.8019643
134955,2022-07-16,TQ25/86,92.045,15.67925,0.0,5.8019643
134956,2022-07-16,SP00/62,100.034,15.67925,0.0,5.8019643
134957,2022-07-16,SK00/41,129.902,15.67925,0.0,5.8019643
134958,2022-07-16,SE94/5,15.372,15.67925,0.0,5.8019643
134959,2022-07-16,SU81/1,39.954,15.67925,0.0,5.8019643
134960,2022-07-16,SU71/23,29.683,15.67925,0.0,5.8019643
134961,2022-07-17,SJ15/13,79.776,19.183418,0.8,11.405054
134962,2022-07-17,ID30/1,113.58,19.183418,0.8,11.405054
134963,2022-07-17,NH95/17,29.22,19.183418,0.8,11.405054
134964,2022-07-17,SN00/11,7.182,19.183418,0.8,11.405054
134965,2022-07-17,TF81/2A,44.6,19.183418,0.8,11.405054
134966,2022-07-17,TL33/4,79.62,19.183418,0.8,11.405054
134967,2022-07-17,SE95/6,19.47,19.183418,0.8,11.405054
134968,2022-07-17,SU01/5B,73.27,19.183418,0.8,11.405054
134969,2022-07-17,NY63/2,130.39,19.183418,0.8,11.405054
134970,2022-07-17,TL33/67,79.23,19.183418,0.8,11.405054
134971,2022-07-17,SU17/57,131.58,19.183418,0.8,11.405054
134972,2022-07-17,NO20/14,35.54,19.183418,0.8,11.405054
134973,2022-07-17,TL44/12,38.812,19.183418,0.8,11.405054
134974,2022-07-17,TR14/9,64.53,19.183418,0.8,11.405054
134975,2022-07-17,SU81/1,39.864,19.183418,0.8,11.405054
134976,2022-07-17,ST07/10,50.5941,19.183418,0.8,11.405054
134977,2022-07-17,SU71/23,31.013,19.183418,0.8,11.405054
134978,2022-07-17,SK00/41,129.9,19.183418,0.8,11.405054
134979,2022-07-17,TQ25/86,91.968,19.183418,0.8,11.405054
134980,2022-07-17,SY68/34,65.067,19.183418,0.8,11.405054
134981,2022-07-17,SE94/5,15.33,19.183418,0.8,11.405054
134982,2022-07-17,TA10/63,15.294,19.183418,0.8,11.405054
134983,2022-07-17,TF03/37,12.125,19.183418,0.8,11.405054
134984,2022-07-17,SP00/62,100.031,19.183418,0.8,11.405054
134985,2022-07-18,TF81/2A,44.58,22.197998,0.0,10.789095
134986,2022-07-18,NO20/14,35.55,22.197998,0.0,10.789095
134987,2022-07-18,SJ15/13,79.784,22.197998,0.0,10.789095
134988,2022-07-18,NY63/2,130.4,22.197998,0.0,10.789095
134989,2022-07-18,TL33/4,79.62,22.197998,0.0,10.789095
134990,2022-07-18,SU17/57,131.5,22.197998,0.0,10.789095
134991,2022-07-18,NH95/17,29.23,22.197998,0.0,10.789095
134992,2022-07-18,SN00/11,7.167,22.197998,0.0,10.789095
134993,2022-07-18,ID30/1,113.54,22.197998,0.0,10.789095
134994,2022-07-18,TL33/67,79.21,22.197998,0.0,10.789095
134995,2022-07-18,TL44/12,38.76,22.197998,0.0,10.789095
134996,2022-07-18,SE95/6,19.45,22.197998,0.0,10.789095
134997,2022-07-18,SU01/5B,73.17,22.197998,0.0,10.789095
134998,2022-07-18,SP00/62,100.029,22.197998,0.0,10.789095
134999,2022-07-18,TA10/63,15.227,22.197998,0.0,10.789095
135000,2022-07-18,SU81/1,39.778,22.197998,0.0,10.789095
135001,2022-07-18,TQ25/86,91.877,22.197998,0.0,10.789095
135002,2022-07-18,ST07/10,50.4794,22.197998,0.0,10.789095
135003,2022-07-18,TF03/37,12.054,22.197998,0.0,10.789095
135004,2022-07-18,SK00/41,129.913,22.197998,0.0,10.789095
135005,2022-07-18,SU71/23,31.966,22.197998,0.0,10.789095
135006,2022-07-18,SY68/34,65.043,22.197998,0.0,10.789095
135007,2022-07-18,TR14/9,64.478,22.197998,0.0,10.789095
135008,2022-07-18,SE94/5,15.261,22.197998,0.0,10.789095
135009,2022-07-19,SJ15/13,79.794,25.027168,0.0,12.884494
135010,2022-07-19,TF81/2A,44.57,25.027168,0.0,12.884494
135011,2022-07-19,TL33/67,79.19,25.027168,0.0,12.884494
135012,2022-07-19,TL44/12,38.711,25.027168,0.0,12.884494
135013,2022-07-19,SE95/6,19.42,25.027168,0.0,12.884494
135014,2022-07-19,ID30/1,113.51,25.027168,0.0,12.884494
135015,2022-07-19,SN00/11,7.15,25.027168,0.0,12.884494
135016,2022-07-19,NH95/17,29.23,25.027168,0.0,12.884494
135017,2022-07-19,SU17/57,131.39,25.027168,0.0,12.884494
135018,2022-07-19,NO20/14,35.6,25.027168,0.0,12.884494
135019,2022-07-19,NY63/2,130.41,25.027168,0.0,12.884494
135020,2022-07-19,SU01/5B,73.07,25.027168,0.0,12.884494
135021,2022-07-19,TL33/4,79.49,25.027168,0.0,12.884494
135022,2022-07-19,SP00/62,100.026,25.027168,0.0,12.884494
135023,2022-07-19,SY68/34,65.019,25.027168,0.0,12.884494
135024,2022-07-19,TQ25/86,91.771,25.027168,0.0,12.884494
135025,2022-07-19,ST07/10,50.3788,25.027168,0.0,12.884494
135026,2022-07-19,TA10/63,15.212,25.027168,0.0,12.884494
135027,2022-07-19,TF03/37,12.01,25.027168,0.0,12.884494
135028,2022-07-19,SU71/23,31.875,25.027168,0.0,12.884494
135029,2022-07-19,SK00/41,129.926,25.027168,0.0,12.884494
135030,2022-07-19,TR14/9,64.423,25.027168,0.0,12.884494
135031,2022-07-19,SE94/5,15.254,25.027168,0.0,12.884494
135032,2022-07-19,SU81/1,39.695,25.027168,0.0,12.884494
135033,2022-07-20,SE95/6,19.42,18.179247,0.3,11.9735155
135034,2022-07-20,SU17/57,131.32,18.179247,0.3,11.9735155
135035,2022-07-20,NO20/14,35.59,18.179247,0.3,11.9735155
135036,2022-07-20,SU01/5B,72.98,18.179247,0.3,11.9735155
135037,2022-07-20,SN00/11,7.133,18.179247,0.3,11.9735155
135038,2022-07-20,NH95/17,29.23,18.179247,0.3,11.9735155
135039,2022-07-20,TF81/2A,44.54,18.179247,0.3,11.9735155
135040,2022-07-20,SJ15/13,79.784,18.179247,0.3,11.9735155
135041,2022-07-20,TL33/4,79.46,18.179247,0.3,11.9735155
135042,2022-07-20,ID30/1,113.45,18.179247,0.3,11.9735155
135043,2022-07-20,NY63/2,130.4,18.179247,0.3,11.9735155
135044,2022-07-20,TL33/67,79.08,18.179247,0.3,11.9735155
135045,2022-07-20,TL44/12,38.657,18.179247,0.3,11.9735155
135046,2022-07-20,SE94/5,15.229,18.179247,0.3,11.9735155
135047,2022-07-20,SP00/62,100.023,18.179247,0.3,11.9735155
135048,2022-07-20,SU81/1,39.603,18.179247,0.3,11.9735155
135049,2022-07-20,SY68/34,64.995,18.179247,0.3,11.9735155
135050,2022-07-20,TR14/9,64.358,18.179247,0.3,11.9735155
135051,2022-07-20,TQ25/86,91.664,18.179247,0.3,11.9735155
135052,2022-07-20,TA10/63,15.187,18.179247,0.3,11.9735155
135053,2022-07-20,SU71/23,31.597,18.179247,0.3,11.9735155
135054,2022-07-20,SK00/41,129.91,18.179247,0.3,11.9735155
135055,2022-07-20,TF03/37,11.932,18.179247,0.3,11.9735155
135056,2022-07-20,ST07/10,50.2621,18.179247,0.3,11.9735155
135057,2022-07-21,TF81/2A,44.52,16.339666,1.7000002,8.903109
135058,2022-07-21,TL33/67,79.03,16.339666,1.7000002,8.903109
135059,2022-07-21,ID30/1,113.46,16.339666,1.7000002,8.903109
135060,2022-07-21,SU01/5B,72.87,16.339666,1.7000002,8.903109
135061,2022-07-21,SN00/11,7.121,16.339666,1.7000002,8.903109
135062,2022-07-21,TL33/4,79.46,16.339666,1.7000002,8.903109
135063,2022-07-21,NY63/2,130.36,16.339666,1.7000002,8.903109
135064,2022-07-21,NO20/14,35.71,16.339666,1.7000002,8.903109
135065,2022-07-21,SJ15/13,79.745,16.339666,1.7000002,8.903109
135066,2022-07-21,NH95/17,29.21,16.339666,1.7000002,8.903109
135067,2022-07-21,SU17/57,131.35,16.339666,1.7000002,8.903109
135068,2022-07-21,TL44/12,38.602,16.339666,1.7000002,8.903109
135069,2022-07-21,SE95/6,19.39,16.339666,1.7000002,8.903109
135070,2022-07-21,SP00/62,99.99,16.339666,1.7000002,8.903109
135071,2022-07-21,ST07/10,50.1982,16.339666,1.7000002,8.903109
135072,2022-07-21,TQ25/86,91.56,16.339666,1.7000002,8.903109
135073,2022-07-21,TA10/63,15.146,16.339666,1.7000002,8.903109
135074,2022-07-21,SU71/23,30.825,16.339666,1.7000002,8.903109
135075,2022-07-21,SK00/41,129.9,16.339666,1.7000002,8.903109
135076,2022-07-21,SE94/5,15.214,16.339666,1.7000002,8.903109
135077,2022-07-21,SY68/34,64.97,16.339666,1.7000002,8.903109
135078,2022-07-21,TF03/37,11.931,16.339666,1.7000002,8.903109
135079,2022-07-21,TR14/9,64.283,16.339666,1.7000002,8.903109
135080,2022-07-21,SU81/1,39.513,16.339666,1.7000002,8.903109
135081,2022-07-21,TV59/7C,1.48,16.339666,1.7000002,8.903109
135082,2022-07-22,ID30/1,113.47,15.377167,1.1,10.507628
135083,2022-07-22,TL44/12,38.549,15.377167,1.1,10.507628
135084,2022-07-22,NO20/14,35.61,15.377167,1.1,10.507628
135085,2022-07-22,TL33/67,79.02,15.377167,1.1,10.507628
135086,2022-07-22,NH95/17,29.23,15.377167,1.1,10.507628
135087,2022-07-22,TF81/2A,44.5,15.377167,1.1,10.507628
135088,2022-07-22,NY63/2,130.35,15.377167,1.1,10.507628
135089,2022-07-22,SJ15/13,79.744,15.377167,1.1,10.507628
135090,2022-07-22,SU01/5B,72.77,15.377167,1.1,10.507628
135091,2022-07-22,SN00/11,7.114,15.377167,1.1,10.507628
135092,2022-07-22,SE95/6,19.36,15.377167,1.1,10.507628
135093,2022-07-22,SU17/57,131.32,15.377167,1.1,10.507628
135094,2022-07-22,TL33/4,79.41,15.377167,1.1,10.507628
135095,2022-07-22,TA10/63,15.113,15.377167,1.1,10.507628
135096,2022-07-22,TQ25/86,91.456,15.377167,1.1,10.507628
135097,2022-07-22,SU71/23,29.449,15.377167,1.1,10.507628
135098,2022-07-22,SY68/34,64.947,15.377167,1.1,10.507628
135099,2022-07-22,SE94/5,15.121,15.377167,1.1,10.507628
135100,2022-07-22,SP00/62,99.984,15.377167,1.1,10.507628
135101,2022-07-22,TR14/9,64.219,15.377167,1.1,10.507628
135102,2022-07-22,TF03/37,11.897,15.377167,1.1,10.507628
135103,2022-07-22,ST07/10,50.1825,15.377167,1.1,10.507628
135104,2022-07-22,SU81/1,39.431,15.377167,1.1,10.507628
135105,2022-07-22,SK00/41,129.899,15.377167,1.1,10.507628
135106,2022-07-23,ID30/1,113.47,16.341751,3.9999995,17.763668
135107,2022-07-23,TL33/4,79.38,16.341751,3.9999995,17.763668
135108,2022-07-23,TL33/67,78.99,16.341751,3.9999995,17.763668
135109,2022-07-23,TF81/2A,44.48,16.341751,3.9999995,17.763668
135110,2022-07-23,SU17/57,131.26,16.341751,3.9999995,17.763668
135111,2022-07-23,SN00/11,7.133,16.341751,3.9999995,17.763668
135112,2022-07-23,TL44/12,38.497,16.341751,3.9999995,17.763668
135113,2022-07-23,SE95/6,19.34,16.341751,3.9999995,17.763668
135114,2022-07-23,NO20/14,35.75,16.341751,3.9999995,17.763668
135115,2022-07-23,NH95/17,29.24,16.341751,3.9999995,17.763668
135116,2022-07-23,NY63/2,130.38,16.341751,3.9999995,17.763668
135117,2022-07-23,SU01/5B,72.68,16.341751,3.9999995,17.763668
135118,2022-07-23,SJ15/13,79.752,16.341751,3.9999995,17.763668
135119,2022-07-23,SK00/41,129.9,16.341751,3.9999995,17.763668
135120,2022-07-23,SE94/5,15.057,16.341751,3.9999995,17.763668
135121,2022-07-23,SU71/23,28.658,16.341751,3.9999995,17.763668
135122,2022-07-23,SY68/34,64.923,16.341751,3.9999995,17.763668
135123,2022-07-23,TR14/9,64.156,16.341751,3.9999995,17.763668
135124,2022-07-23,ST07/10,50.2314,16.341751,3.9999995,17.763668
135125,2022-07-23,SP00/62,99.981,16.341751,3.9999995,17.763668
135126,2022-07-23,SU81/1,39.352,16.341751,3.9999995,17.763668
135127,2022-07-23,TF03/37,11.9,16.341751,3.9999995,17.763668
135128,2022-07-23,TA10/63,15.084,16.341751,3.9999995,17.763668
135129,2022-07-23,TQ25/86,91.353,16.341751,3.9999995,17.763668
135130,2022-07-24,SU17/57,131.2,18.425081,4.3,21.688774
135131,2022-07-24,ID30/1,113.51,18.425081,4.3,21.688774
135132,2022-07-24,TL33/4,79.35,18.425081,4.3,21.688774
135133,2022-07-24,NH95/17,29.27,18.425081,4.3,21.688774
135134,2022-07-24,SJ15/13,79.768,18.425081,4.3,21.688774
135135,2022-07-24,SU01/5B,72.59,18.425081,4.3,21.688774
135136,2022-07-24,NO20/14,35.79,18.425081,4.3,21.688774
135137,2022-07-24,NY63/2,130.4,18.425081,4.3,21.688774
135138,2022-07-24,TL44/12,38.45,18.425081,4.3,21.688774
135139,2022-07-24,SN00/11,7.259,18.425081,4.3,21.688774
135140,2022-07-24,SE95/6,19.34,18.425081,4.3,21.688774
135141,2022-07-24,TF81/2A,44.46,18.425081,4.3,21.688774
135142,2022-07-24,TL33/67,78.98,18.425081,4.3,21.688774
135143,2022-07-24,TQ25/86,91.25,18.425081,4.3,21.688774
135144,2022-07-24,SU81/1,39.285,18.425081,4.3,21.688774
135145,2022-07-24,ST07/10,50.1945,18.425081,4.3,21.688774
135146,2022-07-24,SE94/5,15.04,18.425081,4.3,21.688774
135147,2022-07-24,SK00/41,129.914,18.425081,4.3,21.688774
135148,2022-07-24,SY68/34,64.9,18.425081,4.3,21.688774
135149,2022-07-24,SP00/62,99.971,18.425081,4.3,21.688774
135150,2022-07-24,TR14/9,64.11,18.425081,4.3,21.688774
135151,2022-07-24,SU71/23,28.673,18.425081,4.3,21.688774
135152,2022-07-24,TF03/37,11.897,18.425081,4.3,21.688774
135153,2022-07-24,TA10/63,15.054,18.425081,4.3,21.688774
135154,2022-07-25,TL44/12,38.401,15.885499,8.2,12.187584
135155,2022-07-25,TL33/67,78.87,15.885499,8.2,12.187584
135156,2022-07-25,SN00/11,7.297,15.885499,8.2,12.187584
135157,2022-07-25,NY63/2,130.4,15.885499,8.2,12.187584
135158,2022-07-25,TL33/4,79.33,15.885499,8.2,12.187584
135159,2022-07-25,SJ15/13,79.779,15.885499,8.2,12.187584
135160,2022-07-25,NH95/17,29.26,15.885499,8.2,12.187584
135161,2022-07-25,SE95/6,19.32,15.885499,8.2,12.187584
135162,2022-07-25,SU01/5B,72.5,15.885499,8.2,12.187584
135163,2022-07-25,NO20/14,35.81,15.885499,8.2,12.187584
135164,2022-07-25,SU17/57,131.08,15.885499,8.2,12.187584
135165,2022-07-25,TF81/2A,44.44,15.885499,8.2,12.187584
135166,2022-07-25,ID30/1,113.53,15.885499,8.2,12.187584
135167,2022-07-25,SU71/23,28.718,15.885499,8.2,12.187584
135168,2022-07-25,TQ25/86,91.148,15.885499,8.2,12.187584
135169,2022-07-25,SU81/1,39.209,15.885499,8.2,12.187584
135170,2022-07-25,ST07/10,50.0656,15.885499,8.2,12.187584
135171,2022-07-25,TR14/9,64.054,15.885499,8.2,12.187584
135172,2022-07-25,TA10/63,15.013,15.885499,8.2,12.187584
135173,2022-07-25,TF03/37,11.854,15.885499,8.2,12.187584
135174,2022-07-25,SE94/5,14.995,15.885499,8.2,12.187584
135175,2022-07-25,SP00/62,99.96,15.885499,8.2,12.187584
135176,2022-07-25,SK00/41,129.91,15.885499,8.2,12.187584
135177,2022-07-25,SY68/34,64.879,15.885499,8.2,12.187584
135178,2022-07-26,SN00/11,7.299,14.7438345,2.9999998,5.8094754
135179,2022-07-26,TF81/2A,44.41,14.7438345,2.9999998,5.8094754
135180,2022-07-26,NO20/14,35.71,14.7438345,2.9999998,5.8094754
135181,2022-07-26,SU01/5B,72.41,14.7438345,2.9999998,5.8094754
135182,2022-07-26,TL33/4,79.29,14.7438345,2.9999998,5.8094754
135183,2022-07-26,NH95/17,29.25,14.7438345,2.9999998,5.8094754
135184,2022-07-26,TM15/112,25.1,14.7438345,2.9999998,5.8094754
135185,2022-07-26,SJ15/13,79.729,14.7438345,2.9999998,5.8094754
135186,2022-07-26,TL33/67,78.81,14.7438345,2.9999998,5.8094754
135187,2022-07-26,TL44/12,38.348,14.7438345,2.9999998,5.8094754
135188,2022-07-26,SU17/57,131.12,14.7438345,2.9999998,5.8094754
135189,2022-07-26,SE95/6,19.29,14.7438345,2.9999998,5.8094754
135190,2022-07-26,ID30/1,113.51,14.7438345,2.9999998,5.8094754
135191,2022-07-26,NY63/2,130.33,14.7438345,2.9999998,5.8094754
135192,2022-07-26,SU81/1,39.124,14.7438345,2.9999998,5.8094754
135193,2022-07-26,SY68/34,64.855,14.7438345,2.9999998,5.8094754
135194,2022-07-26,TR14/9,63.985,14.7438345,2.9999998,5.8094754
135195,2022-07-26,SP00/62,99.951,14.7438345,2.9999998,5.8094754
135196,2022-07-26,TF03/37,11.882,14.7438345,2.9999998,5.8094754
135197,2022-07-26,SU71/23,28.895,14.7438345,2.9999998,5.8094754
135198,2022-07-26,ST07/10,49.9842,14.7438345,2.9999998,5.8094754
135199,2022-07-26,SK00/41,129.89,14.7438345,2.9999998,5.8094754
135200,2022-07-26,SE94/5,14.92,14.7438345,2.9999998,5.8094754
135201,2022-07-26,TA10/63,14.969,14.7438345,2.9999998,5.8094754
135202,2022-07-26,TQ25/86,91.049,14.7438345,2.9999998,5.8094754
135203,2022-07-27,SE95/6,19.27,14.789665,0.3,4.287736
135204,2022-07-27,TL44/12,38.297,14.789665,0.3,4.287736
135205,2022-07-27,NH95/17,29.25,14.789665,0.3,4.287736
135206,2022-07-27,SU17/57,131.12,14.789665,0.3,4.287736
135207,2022-07-27,ID30/1,113.5,14.789665,0.3,4.287736
135208,2022-07-27,SN00/11,7.291,14.789665,0.3,4.287736
135209,2022-07-27,NY63/2,130.32,14.789665,0.3,4.287736
135210,2022-07-27,TL33/67,78.79,14.789665,0.3,4.287736
135211,2022-07-27,SU01/5B,72.31,14.789665,0.3,4.287736
135212,2022-07-27,TF81/2A,44.4,14.789665,0.3,4.287736
135213,2022-07-27,NO20/14,35.64,14.789665,0.3,4.287736
135214,2022-07-27,TL33/4,79.26,14.789665,0.3,4.287736
135215,2022-07-27,SJ15/13,79.72,14.789665,0.3,4.287736
135216,2022-07-27,SK00/41,129.88,14.789665,0.3,4.287736
135217,2022-07-27,TF03/37,11.89,14.789665,0.3,4.287736
135218,2022-07-27,SE94/5,14.91,14.789665,0.3,4.287736
135219,2022-07-27,TA10/63,14.94,14.789665,0.3,4.287736
135220,2022-07-27,SU71/23,29.052,14.789665,0.3,4.287736
135221,2022-07-27,SP00/62,99.948,14.789665,0.3,4.287736
135222,2022-07-27,TQ25/86,90.954,14.789665,0.3,4.287736
135223,2022-07-27,SU81/1,39.044,14.789665,0.3,4.287736
135224,2022-07-27,TR14/9,63.928,14.789665,0.3,4.287736
135225,2022-07-27,ST07/10,49.9331,14.789665,0.3,4.287736
135226,2022-07-27,SY68/34,64.834,14.789665,0.3,4.287736
135227,2022-07-28,SU17/57,131.06,14.987582,3.6999996,9.003349
135228,2022-07-28,TF81/2A,44.38,14.987582,3.6999996,9.003349
135229,2022-07-28,ID30/1,113.51,14.987582,3.6999996,9.003349
135230,2022-07-28,SN00/11,7.273,14.987582,3.6999996,9.003349
135231,2022-07-28,TL33/4,79.24,14.987582,3.6999996,9.003349
135232,2022-07-28,TL44/12,38.247,14.987582,3.6999996,9.003349
135233,2022-07-28,SE95/6,19.25,14.987582,3.6999996,9.003349
135234,2022-07-28,SJ15/13,79.729,14.987582,3.6999996,9.003349
135235,2022-07-28,SU01/5B,72.23,14.987582,3.6999996,9.003349
135236,2022-07-28,NY63/2,130.33,14.987582,3.6999996,9.003349
135237,2022-07-28,NH95/17,29.24,14.987582,3.6999996,9.003349
135238,2022-07-28,NO20/14,35.72,14.987582,3.6999996,9.003349
135239,2022-07-28,TL33/67,78.75,14.987582,3.6999996,9.003349
135240,2022-07-28,TR14/9,63.88,14.987582,3.6999996,9.003349
135241,2022-07-28,TA10/63,14.903,14.987582,3.6999996,9.003349
135242,2022-07-28,SU81/1,38.967,14.987582,3.6999996,9.003349
135243,2022-07-28,SY68/34,64.811,14.987582,3.6999996,9.003349
135244,2022-07-28,SP00/62,99.935,14.987582,3.6999996,9.003349
135245,2022-07-28,ST07/10,49.9174,14.987582,3.6999996,9.003349
135246,2022-07-28,TQ25/86,90.861,14.987582,3.6999996,9.003349
135247,2022-07-28,TF03/37,11.882,14.987582,3.6999996,9.003349
135248,2022-07-28,SE94/5,14.859,14.987582,3.6999996,9.003349
135249,2022-07-28,SU71/23,29.192,14.987582,3.6999996,9.003349
135250,2022-07-28,SK00/41,129.88,14.987582,3.6999996,9.003349
135251,2022-07-29,SJ15/13,79.724,16.381334,1.1,12.876806
135252,2022-07-29,ID30/1,113.49,16.381334,1.1,12.876806
135253,2022-07-29,NH95/17,29.24,16.381334,1.1,12.876806
135254,2022-07-29,SU17/57,131.02,16.381334,1.1,12.876806
135255,2022-07-29,NO20/14,35.78,16.381334,1.1,12.876806
135256,2022-07-29,NY63/2,130.33,16.381334,1.1,12.876806
135257,2022-07-29,SE95/6,19.24,16.381334,1.1,12.876806
135258,2022-07-29,TL33/67,78.71,16.381334,1.1,12.876806
135259,2022-07-29,TL44/12,38.197,16.381334,1.1,12.876806
135260,2022-07-29,SU01/5B,72.14,16.381334,1.1,12.876806
135261,2022-07-29,TL33/4,79.21,16.381334,1.1,12.876806
135262,2022-07-29,TF81/2A,44.36,16.381334,1.1,12.876806
135263,2022-07-29,SN00/11,7.25,16.381334,1.1,12.876806
135264,2022-07-29,SK00/41,129.879,16.381334,1.1,12.876806
135265,2022-07-29,TQ25/86,90.764,16.381334,1.1,12.876806
135266,2022-07-29,TF03/37,11.848,16.381334,1.1,12.876806
135267,2022-07-29,SU71/23,29.317,16.381334,1.1,12.876806
135268,2022-07-29,ST07/10,49.873,16.381334,1.1,12.876806
135269,2022-07-29,TA10/63,14.871,16.381334,1.1,12.876806
135270,2022-07-29,TR14/9,63.817,16.381334,1.1,12.876806
135271,2022-07-29,SU81/1,38.883,16.381334,1.1,12.876806
135272,2022-07-29,SP00/62,99.929,16.381334,1.1,12.876806
135273,2022-07-29,SY68/34,64.789,16.381334,1.1,12.876806
135274,2022-07-29,SE94/5,14.824,16.381334,1.1,12.876806
135275,2022-07-30,TL33/67,78.67,17.55425,3.6,11.758344
135276,2022-07-30,TF81/2A,44.34,17.55425,3.6,11.758344
135277,2022-07-30,NO20/14,35.8,17.55425,3.6,11.758344
135278,2022-07-30,TL33/4,79.18,17.55425,3.6,11.758344
135279,2022-07-30,SU17/57,131.0,17.55425,3.6,11.758344
135280,2022-07-30,SJ15/13,79.724,17.55425,3.6,11.758344
135281,2022-07-30,SN00/11,7.238,17.55425,3.6,11.758344
135282,2022-07-30,ID30/1,113.5,17.55425,3.6,11.758344
135283,2022-07-30,NH95/17,29.24,17.55425,3.6,11.758344
135284,2022-07-30,TL44/12,38.151,17.55425,3.6,11.758344
135285,2022-07-30,NY63/2,130.33,17.55425,3.6,11.758344
135286,2022-07-30,SU01/5B,72.05,17.55425,3.6,11.758344
135287,2022-07-30,SE95/6,19.22,17.55425,3.6,11.758344
135288,2022-07-30,TA10/63,14.839,17.55425,3.6,11.758344
135289,2022-07-30,SU81/1,38.808,17.55425,3.6,11.758344
135290,2022-07-30,SP00/62,99.925,17.55425,3.6,11.758344
135291,2022-07-30,SE94/5,14.755,17.55425,3.6,11.758344
135292,2022-07-30,TF03/37,11.823,17.55425,3.6,11.758344
135293,2022-07-30,SY68/34,64.767,17.55425,3.6,11.758344
135294,2022-07-30,ST07/10,49.7416,17.55425,3.6,11.758344
135295,2022-07-30,SU71/23,29.426,17.55425,3.6,11.758344
135296,2022-07-30,TR14/9,63.765,17.55425,3.6,11.758344
135297,2022-07-30,SK00/41,129.88,17.55425,3.6,11.758344
135298,2022-07-30,TQ25/86,90.668,17.55425,3.6,11.758344
135299,2022-07-31,TL33/4,79.15,17.254248,9.6,6.0023255
135300,2022-07-31,SJ15/13,79.736,17.254248,9.6,6.0023255
135301,2022-07-31,SU01/5B,71.97,17.254248,9.6,6.0023255
135302,2022-07-31,TL44/12,38.104,17.254248,9.6,6.0023255
135303,2022-07-31,NY63/2,130.34,17.254248,9.6,6.0023255
135304,2022-07-31,NH95/17,29.22,17.254248,9.6,6.0023255
135305,2022-07-31,SU17/57,130.94,17.254248,9.6,6.0023255
135306,2022-07-31,ID30/1,113.51,17.254248,9.6,6.0023255
135307,2022-07-31,SN00/11,7.231,17.254248,9.6,6.0023255
135308,2022-07-31,TF81/2A,44.32,17.254248,9.6,6.0023255
135309,2022-07-31,NO20/14,35.79,17.254248,9.6,6.0023255
135310,2022-07-31,SE95/6,19.22,17.254248,9.6,6.0023255
135311,2022-07-31,TL33/67,78.61,17.254248,9.6,6.0023255
135312,2022-07-31,TA10/63,14.802,17.254248,9.6,6.0023255
135313,2022-07-31,ST07/10,49.66,17.254248,9.6,6.0023255
135314,2022-07-31,SU81/1,38.736,17.254248,9.6,6.0023255
135315,2022-07-31,SP00/62,99.91,17.254248,9.6,6.0023255
135316,2022-07-31,SU71/23,29.518,17.254248,9.6,6.0023255
135317,2022-07-31,SY68/34,64.746,17.254248,9.6,6.0023255
135318,2022-07-31,SE94/5,14.742,17.254248,9.6,6.0023255
135319,2022-07-31,SK00/41,129.877,17.254248,9.6,6.0023255
135320,2022-07-31,TQ25/86,90.573,17.254248,9.6,6.0023255
135321,2022-07-31,TR14/9,63.712,17.254248,9.6,6.0023255
135322,2022-07-31,TF03/37,11.819,17.254248,9.6,6.0023255
135323,2022-08-01,SU01/5B,71.89,15.893833,12.2,12.198531
135324,2022-08-01,SE95/6,19.19,15.893833,12.2,12.198531
135325,2022-08-01,NH95/17,29.23,15.893833,12.2,12.198531
135326,2022-08-01,TL33/4,79.12,15.893833,12.2,12.198531
135327,2022-08-01,SJ15/13,79.71132,15.893833,12.2,12.198531
135328,2022-08-01,TF81/2A,44.31,15.893833,12.2,12.198531
135329,2022-08-01,NO20/14,35.8,15.893833,12.2,12.198531
135330,2022-08-01,NY63/2,130.32,15.893833,12.2,12.198531
135331,2022-08-01,TL33/67,78.59,15.893833,12.2,12.198531
135332,2022-08-01,SU17/57,130.91,15.893833,12.2,12.198531
135333,2022-08-01,TL44/12,38.057,15.893833,12.2,12.198531
135334,2022-08-01,TA10/63,14.778,15.893833,12.2,12.198531
135335,2022-08-01,SK00/41,129.873,15.893833,12.2,12.198531
135336,2022-08-01,SE94/5,14.705,15.893833,12.2,12.198531
135337,2022-08-01,SN00/11,7.2127,15.893833,12.2,12.198531
135338,2022-08-01,ST07/10,49.5682,15.893833,12.2,12.198531
135339,2022-08-01,TF03/37,11.809,15.893833,12.2,12.198531
135340,2022-08-01,TR14/9,63.65,15.893833,12.2,12.198531
135341,2022-08-01,SY68/34,64.723,15.893833,12.2,12.198531
135342,2022-08-01,SJ62/235,54.367,15.893833,12.2,12.198531
135343,2022-08-01,SU81/1,38.661,15.893833,12.2,12.198531
135344,2022-08-01,TQ25/86,90.478,15.893833,12.2,12.198531
135345,2022-08-01,SU71/23,29.595,15.893833,12.2,12.198531
135346,2022-08-02,TL33/67,78.56,19.064669,4.799999,19.712595
135347,2022-08-02,NY63/2,130.36,19.064669,4.799999,19.712595
135348,2022-08-02,TL44/12,38.014,19.064669,4.799999,19.712595
135349,2022-08-02,SE95/6,19.19,19.064669,4.799999,19.712595
135350,2022-08-02,NH95/17,29.23,19.064669,4.799999,19.712595
135351,2022-08-02,SJ15/13,79.73092,19.064669,4.799999,19.712595
135352,2022-08-02,TL33/4,79.09,19.064669,4.799999,19.712595
135353,2022-08-02,SU17/57,130.86,19.064669,4.799999,19.712595
135354,2022-08-02,SU01/5B,71.8,19.064669,4.799999,19.712595
135355,2022-08-02,NO20/14,35.82,19.064669,4.799999,19.712595
135356,2022-08-02,TF81/2A,44.29,19.064669,4.799999,19.712595
135357,2022-08-02,TA10/63,14.745,19.064669,4.799999,19.712595
135358,2022-08-02,SE94/5,14.636,19.064669,4.799999,19.712595
135359,2022-08-02,SU81/1,38.594,19.064669,4.799999,19.712595
135360,2022-08-02,SU71/23,29.657,19.064669,4.799999,19.712595
135361,2022-08-02,TF03/37,11.764,19.064669,4.799999,19.712595
135362,2022-08-02,SJ62/235,54.366,19.064669,4.799999,19.712595
135363,2022-08-02,SK00/41,129.88,19.064669,4.799999,19.712595
135364,2022-08-02,ST07/10,49.4848,19.064669,4.799999,19.712595
135365,2022-08-02,TQ25/86,90.382,19.064669,4.799999,19.712595
135366,2022-08-02,SN00/11,7.2104,19.064669,4.799999,19.712595
135367,2022-08-02,SY68/34,64.7,19.064669,4.799999,19.712595
135368,2022-08-02,TR14/9,63.597,19.064669,4.799999,19.712595
135369,2022-08-03,NY63/2,130.35,16.7605,4.0000005,15.878212
135370,2022-08-03,SU01/5B,71.73,16.7605,4.0000005,15.878212
135371,2022-08-03,SE95/6,19.19,16.7605,4.0000005,15.878212
135372,2022-08-03,NH95/17,29.22,16.7605,4.0000005,15.878212
135373,2022-08-03,TL44/12,37.97,16.7605,4.0000005,15.878212
135374,2022-08-03,TL33/67,78.51,16.7605,4.0000005,15.878212
135375,2022-08-03,SJ15/13,79.73168,16.7605,4.0000005,15.878212
135376,2022-08-03,TL33/4,79.06,16.7605,4.0000005,15.878212
135377,2022-08-03,TF81/2A,44.27,16.7605,4.0000005,15.878212
135378,2022-08-03,ID30/1,112.88,16.7605,4.0000005,15.878212
135379,2022-08-03,NO20/14,35.72,16.7605,4.0000005,15.878212
135380,2022-08-03,SU17/57,130.79,16.7605,4.0000005,15.878212
135381,2022-08-03,SY68/34,64.679,16.7605,4.0000005,15.878212
135382,2022-08-03,SJ62/235,54.359,16.7605,4.0000005,15.878212
135383,2022-08-03,TA10/63,14.711,16.7605,4.0000005,15.878212
135384,2022-08-03,SU71/23,29.708,16.7605,4.0000005,15.878212
135385,2022-08-03,TF03/37,11.715,16.7605,4.0000005,15.878212
135386,2022-08-03,TR14/9,63.556,16.7605,4.0000005,15.878212
135387,2022-08-03,SU81/1,38.54,16.7605,4.0000005,15.878212
135388,2022-08-03,SK00/41,129.879,16.7605,4.0000005,15.878212
135389,2022-08-03,TQ25/86,90.28,16.7605,4.0000005,15.878212
135390,2022-08-03,ST07/10,49.4151,16.7605,4.0000005,15.878212
135391,2022-08-03,SN00/11,7.1977,16.7605,4.0000005,15.878212
135392,2022-08-03,SE94/5,14.628,16.7605,4.0000005,15.878212
135393,2022-08-04,TL33/67,78.43,13.854251,1.1,12.567018
135394,2022-08-04,ID30/1,112.86,13.854251,1.1,12.567018
135395,2022-08-04,NY63/2,130.32,13.854251,1.1,12.567018
135396,2022-08-04,SE95/6,19.16,13.854251,1.1,12.567018
135397,2022-08-04,SU01/5B,71.66,13.854251,1.1,12.567018
135398,2022-08-04,SU17/57,130.76,13.854251,1.1,12.567018
135399,2022-08-04,SJ15/13,79.71289,13.854251,1.1,12.567018
135400,2022-08-04,NO20/14,35.63,13.854251,1.1,12.567018
135401,2022-08-04,TL44/12,37.926,13.854251,1.1,12.567018
135402,2022-08-04,TL33/4,79.03,13.854251,1.1,12.567018
135403,2022-08-04,TF81/2A,44.25,13.854251,1.1,12.567018
135404,2022-08-04,NH95/17,29.2,13.854251,1.1,12.567018
135405,2022-08-04,SE94/5,14.617,13.854251,1.1,12.567018
135406,2022-08-04,TR14/9,63.507,13.854251,1.1,12.567018
135407,2022-08-04,TF03/37,11.636,13.854251,1.1,12.567018
135408,2022-08-04,SU71/23,29.75,13.854251,1.1,12.567018
135409,2022-08-04,TA10/63,14.635,13.854251,1.1,12.567018
135410,2022-08-04,SK00/41,129.867,13.854251,1.1,12.567018
135411,2022-08-04,SJ62/235,54.352,13.854251,1.1,12.567018
135412,2022-08-04,ST07/10,49.3181,13.854251,1.1,12.567018
135413,2022-08-04,SU81/1,38.504,13.854251,1.1,12.567018
135414,2022-08-04,SY68/34,64.657,13.854251,1.1,12.567018
135415,2022-08-04,TQ25/86,90.176,13.854251,1.1,12.567018
135416,2022-08-04,SN00/11,7.1779,13.854251,1.1,12.567018
135417,2022-08-05,SU17/57,130.78,12.256332,1.1,11.180085
135418,2022-08-05,NY63/2,130.28,12.256332,1.1,11.180085
135419,2022-08-05,ID30/1,112.85,12.256332,1.1,11.180085
135420,2022-08-05,SJ15/13,79.68353,12.256332,1.1,11.180085
135421,2022-08-05,SE95/6,19.14,12.256332,1.1,11.180085
135422,2022-08-05,NO20/14,35.67,12.256332,1.1,11.180085
135423,2022-08-05,TL33/67,78.35,12.256332,1.1,11.180085
135424,2022-08-05,SU01/5B,71.58,12.256332,1.1,11.180085
135425,2022-08-05,TF81/2A,44.23,12.256332,1.1,11.180085
135426,2022-08-05,TL44/12,37.882,12.256332,1.1,11.180085
135427,2022-08-05,TL33/4,79.0,12.256332,1.1,11.180085
135428,2022-08-05,NH95/17,29.19,12.256332,1.1,11.180085
135429,2022-08-05,TF03/37,11.563,12.256332,1.1,11.180085
135430,2022-08-05,TQ25/86,90.073,12.256332,1.1,11.180085
135431,2022-08-05,TR14/9,63.447,12.256332,1.1,11.180085
135432,2022-08-05,TA10/63,14.624,12.256332,1.1,11.180085
135433,2022-08-05,SU71/23,29.786,12.256332,1.1,11.180085
135434,2022-08-05,SJ62/235,54.346,12.256332,1.1,11.180085
135435,2022-08-05,SN00/11,7.1574,12.256332,1.1,11.180085
135436,2022-08-05,SU81/1,38.441,12.256332,1.1,11.180085
135437,2022-08-05,SY68/34,64.636,12.256332,1.1,11.180085
135438,2022-08-05,ST07/10,49.2371,12.256332,1.1,11.180085
135439,2022-08-05,SE94/5,14.518,12.256332,1.1,11.180085
135440,2022-08-05,SK00/41,129.851,12.256332,1.1,11.180085
135441,2022-08-06,SE95/6,19.11,13.375081,1.2,10.910324
135442,2022-08-06,SU17/57,130.83,13.375081,1.2,10.910324
135443,2022-08-06,SJ15/13,79.65821,13.375081,1.2,10.910324
135444,2022-08-06,ID30/1,112.84,13.375081,1.2,10.910324
135445,2022-08-06,NO20/14,35.75,13.375081,1.2,10.910324
135446,2022-08-06,SU01/5B,71.5,13.375081,1.2,10.910324
135447,2022-08-06,TL33/4,78.96,13.375081,1.2,10.910324
135448,2022-08-06,NH95/17,29.19,13.375081,1.2,10.910324
135449,2022-08-06,TF81/2A,44.21,13.375081,1.2,10.910324
135450,2022-08-06,NY63/2,130.26,13.375081,1.2,10.910324
135451,2022-08-06,TL44/12,37.837,13.375081,1.2,10.910324
135452,2022-08-06,TL33/67,78.33,13.375081,1.2,10.910324
135453,2022-08-06,SK00/41,129.841,13.375081,1.2,10.910324
135454,2022-08-06,SY68/34,64.616,13.375081,1.2,10.910324
135455,2022-08-06,SU81/1,38.376,13.375081,1.2,10.910324
135456,2022-08-06,ST07/10,49.1716,13.375081,1.2,10.910324
135457,2022-08-06,SJ62/235,54.346,13.375081,1.2,10.910324
135458,2022-08-06,SE94/5,14.471,13.375081,1.2,10.910324
135459,2022-08-06,SU71/23,29.818,13.375081,1.2,10.910324
135460,2022-08-06,TA10/63,14.591,13.375081,1.2,10.910324
135461,2022-08-06,SN00/11,7.1456,13.375081,1.2,10.910324
135462,2022-08-06,TF03/37,11.533,13.375081,1.2,10.910324
135463,2022-08-06,TQ25/86,89.976,13.375081,1.2,10.910324
135464,2022-08-06,TR14/9,63.39,13.375081,1.2,10.910324
135465,2022-08-07,TL33/4,78.93,15.012584,0.3,11.827178
135466,2022-08-07,SE95/6,19.1,15.012584,0.3,11.827178
135467,2022-08-07,NO20/14,35.76,15.012584,0.3,11.827178
135468,2022-08-07,ID30/1,112.83,15.012584,0.3,11.827178
135469,2022-08-07,SJ15/13,79.66384,15.012584,0.3,11.827178
135470,2022-08-07,TF81/2A,44.19,15.012584,0.3,11.827178
135471,2022-08-07,TL44/12,37.794,15.012584,0.3,11.827178
135472,2022-08-07,NH95/17,29.19,15.012584,0.3,11.827178
135473,2022-08-07,SU17/57,130.78,15.012584,0.3,11.827178
135474,2022-08-07,SU01/5B,71.42,15.012584,0.3,11.827178
135475,2022-08-07,TL33/67,78.31,15.012584,0.3,11.827178
135476,2022-08-07,NY63/2,130.28,15.012584,0.3,11.827178
135477,2022-08-07,SN00/11,7.1362,15.012584,0.3,11.827178
135478,2022-08-07,SE94/5,14.464,15.012584,0.3,11.827178
135479,2022-08-07,TR14/9,63.343,15.012584,0.3,11.827178
135480,2022-08-07,SK00/41,129.84,15.012584,0.3,11.827178
135481,2022-08-07,SU71/23,29.849,15.012584,0.3,11.827178
135482,2022-08-07,ST07/10,49.0941,15.012584,0.3,11.827178
135483,2022-08-07,TA10/63,14.561,15.012584,0.3,11.827178
135484,2022-08-07,SU81/1,38.315,15.012584,0.3,11.827178
135485,2022-08-07,TF03/37,11.499,15.012584,0.3,11.827178
135486,2022-08-07,TQ25/86,89.879,15.012584,0.3,11.827178
135487,2022-08-07,SJ62/235,54.346,15.012584,0.3,11.827178
135488,2022-08-07,SY68/34,64.596,15.012584,0.3,11.827178
135489,2022-08-08,TF81/2A,44.17,15.7855,0.1,6.738186
135490,2022-08-08,TL33/4,78.9,15.7855,0.1,6.738186
135491,2022-08-08,NO20/14,35.68,15.7855,0.1,6.738186
135492,2022-08-08,TL33/67,78.25,15.7855,0.1,6.738186
135493,2022-08-08,SU01/5B,71.35,15.7855,0.1,6.738186
135494,2022-08-08,TL44/12,37.751,15.7855,0.1,6.738186
135495,2022-08-08,SE95/6,19.09,15.7855,0.1,6.738186
135496,2022-08-08,NY63/2,130.27,15.7855,0.1,6.738186
135497,2022-08-08,SJ15/13,79.66321,15.7855,0.1,6.738186
135498,2022-08-08,ID30/1,112.8,15.7855,0.1,6.738186
135499,2022-08-08,NH95/17,29.18,15.7855,0.1,6.738186
135500,2022-08-08,SU17/57,130.73,15.7855,0.1,6.738186
135501,2022-08-08,TR14/9,63.282,15.7855,0.1,6.738186
135502,2022-08-08,TA10/63,14.525,15.7855,0.1,6.738186
135503,2022-08-08,ST07/10,49.0118,15.7855,0.1,6.738186
135504,2022-08-08,TF03/37,11.442,15.7855,0.1,6.738186
135505,2022-08-08,SE94/5,14.414,15.7855,0.1,6.738186
135506,2022-08-08,SY68/34,64.575,15.7855,0.1,6.738186
135507,2022-08-08,TQ25/86,89.789,15.7855,0.1,6.738186
135508,2022-08-08,SJ62/235,54.341,15.7855,0.1,6.738186
135509,2022-08-08,SN00/11,7.1236,15.7855,0.1,6.738186
135510,2022-08-08,SU81/1,38.248,15.7855,0.1,6.738186
135511,2022-08-08,SU71/23,29.877,15.7855,0.1,6.738186
135512,2022-08-08,SK00/41,129.836,15.7855,0.1,6.738186
135513,2022-08-09,TL44/12,37.709,17.443832,0.0,3.8533854
135514,2022-08-09,NH95/17,29.18,17.443832,0.0,3.8533854
135515,2022-08-09,SU01/5B,71.28,17.443832,0.0,3.8533854
135516,2022-08-09,SU17/57,130.72,17.443832,0.0,3.8533854
135517,2022-08-09,TF81/2A,44.16,17.443832,0.0,3.8533854
135518,2022-08-09,TL33/4,78.87,17.443832,0.0,3.8533854
135519,2022-08-09,SJ15/13,79.65537,17.443832,0.0,3.8533854
135520,2022-08-09,ID30/1,112.79,17.443832,0.0,3.8533854
135521,2022-08-09,NO20/14,35.56,17.443832,0.0,3.8533854
135522,2022-08-09,TL33/67,78.22,17.443832,0.0,3.8533854
135523,2022-08-09,SE95/6,19.07,17.443832,0.0,3.8533854
135524,2022-08-09,SN00/11,7.1116,17.443832,0.0,3.8533854
135525,2022-08-09,SU81/1,38.183,17.443832,0.0,3.8533854
135526,2022-08-09,TF03/37,11.368,17.443832,0.0,3.8533854
135527,2022-08-09,ST07/10,48.9391,17.443832,0.0,3.8533854
135528,2022-08-09,TQ25/86,89.703,17.443832,0.0,3.8533854
135529,2022-08-09,SE94/5,14.389,17.443832,0.0,3.8533854
135530,2022-08-09,TA10/63,14.491,17.443832,0.0,3.8533854
135531,2022-08-09,TR14/9,63.22,17.443832,0.0,3.8533854
135532,2022-08-09,SU71/23,29.901,17.443832,0.0,3.8533854
135533,2022-08-09,SY68/34,64.555,17.443832,0.0,3.8533854
135534,2022-08-09,SJ62/235,54.34,17.443832,0.0,3.8533854
135535,2022-08-09,SK00/41,129.832,17.443832,0.0,3.8533854
135536,2022-08-10,TL44/12,37.669,18.450083,0.0,7.079579
135537,2022-08-10,SJ15/13,79.66084,18.450083,0.0,7.079579
135538,2022-08-10,TL33/67,78.2,18.450083,0.0,7.079579
135539,2022-08-10,ID30/1,112.79,18.450083,0.0,7.079579
135540,2022-08-10,SU17/57,130.68,18.450083,0.0,7.079579
135541,2022-08-10,NO20/14,35.71,18.450083,0.0,7.079579
135542,2022-08-10,NH95/17,29.17,18.450083,0.0,7.079579
135543,2022-08-10,TL33/4,78.83,18.450083,0.0,7.079579
135544,2022-08-10,SE95/6,19.04,18.450083,0.0,7.079579
135545,2022-08-10,TF81/2A,44.14,18.450083,0.0,7.079579
135546,2022-08-10,SU01/5B,71.21,18.450083,0.0,7.079579
135547,2022-08-10,NY63/2,130.22,18.450083,0.0,7.079579
135548,2022-08-10,TA10/63,14.46,18.450083,0.0,7.079579
135549,2022-08-10,TQ25/86,89.622,18.450083,0.0,7.079579
135550,2022-08-10,SU71/23,29.924,18.450083,0.0,7.079579
135551,2022-08-10,SY68/34,64.534,18.450083,0.0,7.079579
135552,2022-08-10,ST07/10,48.8741,18.450083,0.0,7.079579
135553,2022-08-10,TF03/37,11.328,18.450083,0.0,7.079579
135554,2022-08-10,SK00/41,129.836,18.450083,0.0,7.079579
135555,2022-08-10,SE94/5,14.379,18.450083,0.0,7.079579
135556,2022-08-10,SN00/11,7.0981,18.450083,0.0,7.079579
135557,2022-08-10,SU81/1,38.121,18.450083,0.0,7.079579
135558,2022-08-10,TR14/9,63.167,18.450083,0.0,7.079579
135559,2022-08-10,SJ62/235,54.341,18.450083,0.0,7.079579
135560,2022-08-11,NO20/14,35.73,19.568834,0.0,6.2643566
135561,2022-08-11,NH95/17,29.16,19.568834,0.0,6.2643566
135562,2022-08-11,SU17/57,130.61,19.568834,0.0,6.2643566
135563,2022-08-11,ID30/1,112.76,19.568834,0.0,6.2643566
135564,2022-08-11,TF81/2A,44.12,19.568834,0.0,6.2643566
135565,2022-08-11,TL33/4,78.8,19.568834,0.0,6.2643566
135566,2022-08-11,SE95/6,19.01,19.568834,0.0,6.2643566
135567,2022-08-11,SJ15/13,79.67042,19.568834,0.0,6.2643566
135568,2022-08-11,TL33/67,78.17,19.568834,0.0,6.2643566
135569,2022-08-11,TL44/12,37.629,19.568834,0.0,6.2643566
135570,2022-08-11,SU01/5B,71.14,19.568834,0.0,6.2643566
135571,2022-08-11,NY63/2,130.22,19.568834,0.0,6.2643566
135572,2022-08-11,SN00/11,7.0865,19.568834,0.0,6.2643566
135573,2022-08-11,TQ25/86,89.546,19.568834,0.0,6.2643566
135574,2022-08-11,ST07/10,48.8077,19.568834,0.0,6.2643566
135575,2022-08-11,SU81/1,38.069,19.568834,0.0,6.2643566
135576,2022-08-11,SU71/23,29.945,19.568834,0.0,6.2643566
135577,2022-08-11,TR14/9,63.112,19.568834,0.0,6.2643566
135578,2022-08-11,TA10/63,14.426,19.568834,0.0,6.2643566
135579,2022-08-11,SJ62/235,54.338,19.568834,0.0,6.2643566
135580,2022-08-11,TF03/37,11.282,19.568834,0.0,6.2643566
135581,2022-08-11,SK00/41,129.84,19.568834,0.0,6.2643566
135582,2022-08-11,SE94/5,14.309,19.568834,0.0,6.2643566
135583,2022-08-11,SY68/34,64.513,19.568834,0.0,6.2643566
135584,2022-08-12,SE95/6,19.01,21.125084,0.0,6.372734
135585,2022-08-12,TF81/2A,44.11,21.125084,0.0,6.372734
135586,2022-08-12,NO20/14,35.73,21.125084,0.0,6.372734
135587,2022-08-12,ID30/1,112.76,21.125084,0.0,6.372734
135588,2022-08-12,NH95/17,29.17,21.125084,0.0,6.372734
135589,2022-08-12,NY63/2,130.23,21.125084,0.0,6.372734
135590,2022-08-12,SU17/57,130.55,21.125084,0.0,6.372734
135591,2022-08-12,TL33/4,78.77,21.125084,0.0,6.372734
135592,2022-08-12,SJ15/13,79.67153,21.125084,0.0,6.372734
135593,2022-08-12,SU01/5B,71.08,21.125084,0.0,6.372734
135594,2022-08-12,TL33/67,78.14,21.125084,0.0,6.372734
135595,2022-08-12,TL44/12,37.589,21.125084,0.0,6.372734
135596,2022-08-12,TA10/63,14.391,21.125084,0.0,6.372734
135597,2022-08-12,TF03/37,11.242,21.125084,0.0,6.372734
135598,2022-08-12,SU81/1,38.039,21.125084,0.0,6.372734
135599,2022-08-12,SN00/11,7.078,21.125084,0.0,6.372734
135600,2022-08-12,SK00/41,129.844,21.125084,0.0,6.372734
135601,2022-08-12,SU71/23,29.964,21.125084,0.0,6.372734
135602,2022-08-12,TQ25/86,89.472,21.125084,0.0,6.372734
135603,2022-08-12,SY68/34,64.491,21.125084,0.0,6.372734
135604,2022-08-12,SJ62/235,54.338,21.125084,0.0,6.372734
135605,2022-08-12,SE94/5,14.303,21.125084,0.0,6.372734
135606,2022-08-12,TR14/9,63.058,21.125084,0.0,6.372734
135607,2022-08-12,ST07/10,48.729,21.125084,0.0,6.372734
135608,2022-08-13,SU01/5B,71.02,20.745916,0.0,7.5608726
135609,2022-08-13,TL33/4,78.74,20.745916,0.0,7.5608726
135610,2022-08-13,TF81/2A,44.09,20.745916,0.0,7.5608726
135611,2022-08-13,SU17/57,130.47,20.745916,0.0,7.5608726
135612,2022-08-13,TL44/12,37.552,20.745916,0.0,7.5608726
135613,2022-08-13,ID30/1,112.74,20.745916,0.0,7.5608726
135614,2022-08-13,SE95/6,18.99,20.745916,0.0,7.5608726
135615,2022-08-13,NH95/17,29.17,20.745916,0.0,7.5608726
135616,2022-08-13,SJ15/13,79.67537,20.745916,0.0,7.5608726
135617,2022-08-13,NO20/14,35.71,20.745916,0.0,7.5608726
135618,2022-08-13,NY63/2,130.23,20.745916,0.0,7.5608726
135619,2022-08-13,TL33/67,78.12,20.745916,0.0,7.5608726
135620,2022-08-13,TF03/37,11.201,20.745916,0.0,7.5608726
135621,2022-08-13,SY68/34,64.47,20.745916,0.0,7.5608726
135622,2022-08-13,TQ25/86,89.405,20.745916,0.0,7.5608726
135623,2022-08-13,ST07/10,48.6595,20.745916,0.0,7.5608726
135624,2022-08-13,SN00/11,7.0702,20.745916,0.0,7.5608726
135625,2022-08-13,SU81/1,37.996,20.745916,0.0,7.5608726
135626,2022-08-13,SK00/41,129.851,20.745916,0.0,7.5608726
135627,2022-08-13,SU71/23,29.981,20.745916,0.0,7.5608726
135628,2022-08-13,SJ62/235,54.337,20.745916,0.0,7.5608726
135629,2022-08-13,SE94/5,14.268,20.745916,0.0,7.5608726
135630,2022-08-13,TA10/63,14.359,20.745916,0.0,7.5608726
135631,2022-08-13,TR14/9,62.998,20.745916,0.0,7.5608726
135632,2022-08-14,SU17/57,130.37,21.168833,0.0,7.789426
135633,2022-08-14,NY63/2,130.24,21.168833,0.0,7.789426
135634,2022-08-14,ID30/1,112.71,21.168833,0.0,7.789426
135635,2022-08-14,SJ15/13,79.68379,21.168833,0.0,7.789426
135636,2022-08-14,TL44/12,37.515,21.168833,0.0,7.789426
135637,2022-08-14,TL33/67,78.11,21.168833,0.0,7.789426
135638,2022-08-14,SU01/5B,70.96,21.168833,0.0,7.789426
135639,2022-08-14,NH95/17,29.19,21.168833,0.0,7.789426
135640,2022-08-14,TL33/4,78.71,21.168833,0.0,7.789426
135641,2022-08-14,NO20/14,35.72,21.168833,0.0,7.789426
135642,2022-08-14,TF81/2A,44.08,21.168833,0.0,7.789426
135643,2022-08-14,SE95/6,18.98,21.168833,0.0,7.789426
135644,2022-08-14,ST07/10,48.5897,21.168833,0.0,7.789426
135645,2022-08-14,SU81/1,37.945,21.168833,0.0,7.789426
135646,2022-08-14,SK00/41,129.864,21.168833,0.0,7.789426
135647,2022-08-14,SE94/5,14.212,21.168833,0.0,7.789426
135648,2022-08-14,SJ62/235,54.339,21.168833,0.0,7.789426
135649,2022-08-14,SN00/11,7.062,21.168833,0.0,7.789426
135650,2022-08-14,TA10/63,14.333,21.168833,0.0,7.789426
135651,2022-08-14,TR14/9,62.96,21.168833,0.0,7.789426
135652,2022-08-14,TQ25/86,89.339,21.168833,0.0,7.789426
135653,2022-08-14,SY68/34,64.449,21.168833,0.0,7.789426
135654,2022-08-14,TF03/37,11.159,21.168833,0.0,7.789426
135655,2022-08-14,SU71/23,29.995,21.168833,0.0,7.789426
135656,2022-08-15,NO20/14,35.73,19.020918,2.8999996,5.770075
135657,2022-08-15,SU01/5B,70.9,19.020918,2.8999996,5.770075
135658,2022-08-15,NH95/17,29.2,19.020918,2.8999996,5.770075
135659,2022-08-15,SU17/57,130.26,19.020918,2.8999996,5.770075
135660,2022-08-15,SE95/6,18.97,19.020918,2.8999996,5.770075
135661,2022-08-15,TF81/2A,44.06,19.020918,2.8999996,5.770075
135662,2022-08-15,SJ15/13,79.69516,19.020918,2.8999996,5.770075
135663,2022-08-15,ID30/1,112.79,19.020918,2.8999996,5.770075
135664,2022-08-15,NY63/2,130.25,19.020918,2.8999996,5.770075
135665,2022-08-15,TL44/12,37.48,19.020918,2.8999996,5.770075
135666,2022-08-15,TL33/67,78.03,19.020918,2.8999996,5.770075
135667,2022-08-15,TL33/4,78.67,19.020918,2.8999996,5.770075
135668,2022-08-15,SY68/34,64.428,19.020918,2.8999996,5.770075
135669,2022-08-15,SE94/5,14.202,19.020918,2.8999996,5.770075
135670,2022-08-15,SJ62/235,54.332,19.020918,2.8999996,5.770075
135671,2022-08-15,ST07/10,48.4993,19.020918,2.8999996,5.770075
135672,2022-08-15,SU81/1,37.884,19.020918,2.8999996,5.770075
135673,2022-08-15,SN00/11,7.0505,19.020918,2.8999996,5.770075
135674,2022-08-15,TA10/63,14.296,19.020918,2.8999996,5.770075
135675,2022-08-15,TR14/9,62.918,19.020918,2.8999996,5.770075
135676,2022-08-15,SK00/41,129.867,19.020918,2.8999996,5.770075
135677,2022-08-15,SU71/23,30.01,19.020918,2.8999996,5.770075
135678,2022-08-15,TQ25/86,89.272,19.020918,2.8999996,5.770075
135679,2022-08-15,TF03/37,11.116,19.020918,2.8999996,5.770075
135680,2022-08-16,TL44/12,37.442,15.856335,1.0,8.435444
135681,2022-08-16,NH95/17,29.21,15.856335,1.0,8.435444
135682,2022-08-16,TL33/4,78.64,15.856335,1.0,8.435444
135683,2022-08-16,SU01/5B,70.85,15.856335,1.0,8.435444
135684,2022-08-16,NO20/14,35.72,15.856335,1.0,8.435444
135685,2022-08-16,TL33/67,77.96,15.856335,1.0,8.435444
135686,2022-08-16,SE95/6,18.96,15.856335,1.0,8.435444
135687,2022-08-16,TF81/2A,44.04,15.856335,1.0,8.435444
135688,2022-08-16,SJ15/13,79.66832,15.856335,1.0,8.435444
135689,2022-08-16,ID30/1,112.75,15.856335,1.0,8.435444
135690,2022-08-16,NY63/2,130.23,15.856335,1.0,8.435444
135691,2022-08-16,SU17/57,130.25,15.856335,1.0,8.435444
135692,2022-08-16,SU71/23,30.022,15.856335,1.0,8.435444
135693,2022-08-16,TR14/9,62.865,15.856335,1.0,8.435444
135694,2022-08-16,SY68/34,64.41,15.856335,1.0,8.435444
135695,2022-08-16,TA10/63,14.256,15.856335,1.0,8.435444
135696,2022-08-16,ST07/10,48.5772,15.856335,1.0,8.435444
135697,2022-08-16,TF03/37,11.103,15.856335,1.0,8.435444
135698,2022-08-16,SK00/41,129.854,15.856335,1.0,8.435444
135699,2022-08-16,TQ25/86,89.211,15.856335,1.0,8.435444
135700,2022-08-16,SU81/1,37.815,15.856335,1.0,8.435444
135701,2022-08-16,SN00/11,7.0389,15.856335,1.0,8.435444
135702,2022-08-16,SJ62/235,54.326,15.856335,1.0,8.435444
135703,2022-08-16,SE94/5,14.162,15.856335,1.0,8.435444
135704,2022-08-17,TL33/4,78.61,15.058417,0.0,10.09694
135705,2022-08-17,NY63/2,130.19,15.058417,0.0,10.09694
135706,2022-08-17,NO20/14,35.72,15.058417,0.0,10.09694
135707,2022-08-17,TL33/67,77.9,15.058417,0.0,10.09694
135708,2022-08-17,TL44/12,37.335,15.058417,0.0,10.09694
135709,2022-08-17,ID30/1,112.73,15.058417,0.0,10.09694
135710,2022-08-17,NH95/17,29.22,15.058417,0.0,10.09694
135711,2022-08-17,SU01/5B,70.79,15.058417,0.0,10.09694
135712,2022-08-17,SU17/57,130.25,15.058417,0.0,10.09694
135713,2022-08-17,SE95/6,18.94,15.058417,0.0,10.09694
135714,2022-08-17,TF81/2A,44.02,15.058417,0.0,10.09694
135715,2022-08-17,SJ15/13,79.63921,15.058417,0.0,10.09694
135716,2022-08-17,TF03/37,11.143,15.058417,0.0,10.09694
135717,2022-08-17,SN00/11,7.0264,15.058417,0.0,10.09694
135718,2022-08-17,SJ62/235,54.325,15.058417,0.0,10.09694
135719,2022-08-17,SK00/41,129.837,15.058417,0.0,10.09694
135720,2022-08-17,SU71/23,30.032,15.058417,0.0,10.09694
135721,2022-08-17,TA10/63,14.219,15.058417,0.0,10.09694
135722,2022-08-17,SY68/34,64.397,15.058417,0.0,10.09694
135723,2022-08-17,TR14/9,62.806,15.058417,0.0,10.09694
135724,2022-08-17,SE94/5,14.105,15.058417,0.0,10.09694
135725,2022-08-17,TQ25/86,89.156,15.058417,0.0,10.09694
135726,2022-08-17,ST07/10,48.7545,15.058417,0.0,10.09694
135727,2022-08-17,SU81/1,37.746,15.058417,0.0,10.09694
135728,2022-08-18,SU01/5B,70.73,16.0605,5.0999994,17.278803
135729,2022-08-18,NO20/14,35.74,16.0605,5.0999994,17.278803
135730,2022-08-18,NY63/2,130.2,16.0605,5.0999994,17.278803
135731,2022-08-18,TL44/12,37.297,16.0605,5.0999994,17.278803
135732,2022-08-18,SJ15/13,79.63163,16.0605,5.0999994,17.278803
135733,2022-08-18,ID30/1,112.74,16.0605,5.0999994,17.278803
135734,2022-08-18,TL33/4,78.58,16.0605,5.0999994,17.278803
135735,2022-08-18,NH95/17,29.23,16.0605,5.0999994,17.278803
135736,2022-08-18,SE95/6,18.91,16.0605,5.0999994,17.278803
135737,2022-08-18,TF81/2A,44.0,16.0605,5.0999994,17.278803
135738,2022-08-18,SU17/57,130.27,16.0605,5.0999994,17.278803
135739,2022-08-18,TL33/67,77.89,16.0605,5.0999994,17.278803
135740,2022-08-18,TQ25/86,89.096,16.0605,5.0999994,17.278803
135741,2022-08-18,SE94/5,14.094,16.0605,5.0999994,17.278803
135742,2022-08-18,SY68/34,64.38,16.0605,5.0999994,17.278803
135743,2022-08-18,TF03/37,11.196,16.0605,5.0999994,17.278803
135744,2022-08-18,TR14/9,62.761,16.0605,5.0999994,17.278803
135745,2022-08-18,SK00/41,129.834,16.0605,5.0999994,17.278803
135746,2022-08-18,SN00/11,7.0209,16.0605,5.0999994,17.278803
135747,2022-08-18,SU81/1,37.691,16.0605,5.0999994,17.278803
135748,2022-08-18,ST07/10,48.6375,16.0605,5.0999994,17.278803
135749,2022-08-18,SJ62/235,54.328,16.0605,5.0999994,17.278803
135750,2022-08-18,TA10/63,14.187,16.0605,5.0999994,17.278803
135751,2022-08-18,SU71/23,30.04,16.0605,5.0999994,17.278803
135752,2022-08-19,TF81/2A,43.98,14.650082,0.9000001,12.212451
135753,2022-08-19,SE95/6,18.92,14.650082,0.9000001,12.212451
135754,2022-08-19,TL33/4,78.55,14.650082,0.9000001,12.212451
135755,2022-08-19,TL44/12,37.258,14.650082,0.9000001,12.212451
135756,2022-08-19,ID30/1,112.73,14.650082,0.9000001,12.212451
135757,2022-08-19,TL33/67,77.83,14.650082,0.9000001,12.212451
135758,2022-08-19,SU01/5B,70.68,14.650082,0.9000001,12.212451
135759,2022-08-19,SJ15/13,79.63647,14.650082,0.9000001,12.212451
135760,2022-08-19,NH95/17,29.21,14.650082,0.9000001,12.212451
135761,2022-08-19,NO20/14,35.72,14.650082,0.9000001,12.212451
135762,2022-08-19,NY63/2,130.22,14.650082,0.9000001,12.212451
135763,2022-08-19,SU17/57,130.21,14.650082,0.9000001,12.212451
135764,2022-08-19,TA10/63,14.148,14.650082,0.9000001,12.212451
135765,2022-08-19,ST07/10,48.5366,14.650082,0.9000001,12.212451
135766,2022-08-19,SN00/11,7.0108,14.650082,0.9000001,12.212451
135767,2022-08-19,SU71/23,30.049,14.650082,0.9000001,12.212451
135768,2022-08-19,TQ25/86,89.035,14.650082,0.9000001,12.212451
135769,2022-08-19,SY68/34,64.361,14.650082,0.9000001,12.212451
135770,2022-08-19,TF03/37,11.189,14.650082,0.9000001,12.212451
135771,2022-08-19,SJ62/235,54.322,14.650082,0.9000001,12.212451
135772,2022-08-19,SE94/5,14.027,14.650082,0.9000001,12.212451
135773,2022-08-19,SU81/1,37.629,14.650082,0.9000001,12.212451
135774,2022-08-19,TR14/9,62.698,14.650082,0.9000001,12.212451
135775,2022-08-19,SK00/41,129.827,14.650082,0.9000001,12.212451
135776,2022-08-20,SE95/6,18.88,14.718831,29.0,15.199322
135777,2022-08-20,TF81/2A,43.96,14.718831,29.0,15.199322
135778,2022-08-20,ID30/1,112.74,14.718831,29.0,15.199322
135779,2022-08-20,NO20/14,35.73,14.718831,29.0,15.199322
135780,2022-08-20,SJ15/13,79.62074,14.718831,29.0,15.199322
135781,2022-08-20,NH95/17,29.2,14.718831,29.0,15.199322
135782,2022-08-20,SU01/5B,70.62,14.718831,29.0,15.199322
135783,2022-08-20,TL33/67,77.81,14.718831,29.0,15.199322
135784,2022-08-20,TL44/12,37.219,14.718831,29.0,15.199322
135785,2022-08-20,SU17/57,130.22,14.718831,29.0,15.199322
135786,2022-08-20,NY63/2,130.19,14.718831,29.0,15.199322
135787,2022-08-20,TL33/4,78.52,14.718831,29.0,15.199322
135788,2022-08-20,SK00/41,129.823,14.718831,29.0,15.199322
135789,2022-08-20,SJ62/235,54.321,14.718831,29.0,15.199322
135790,2022-08-20,SE94/5,13.991,14.718831,29.0,15.199322
135791,2022-08-20,SY68/34,64.341,14.718831,29.0,15.199322
135792,2022-08-20,TR14/9,62.639,14.718831,29.0,15.199322
135793,2022-08-20,SU71/23,30.052,14.718831,29.0,15.199322
135794,2022-08-20,TA10/63,14.119,14.718831,29.0,15.199322
135795,2022-08-20,SN00/11,7.0024,14.718831,29.0,15.199322
135796,2022-08-20,TQ25/86,88.974,14.718831,29.0,15.199322
135797,2022-08-20,ST07/10,48.4758,14.718831,29.0,15.199322
135798,2022-08-20,SU81/1,37.569,14.718831,29.0,15.199322
135799,2022-08-20,TF03/37,11.198,14.718831,29.0,15.199322
135800,2022-08-21,TL33/67,77.77,13.727166,0.70000005,8.031494
135801,2022-08-21,SU01/5B,70.57,13.727166,0.70000005,8.031494
135802,2022-08-21,TL44/12,37.181,13.727166,0.70000005,8.031494
135803,2022-08-21,ID30/1,112.68,13.727166,0.70000005,8.031494
135804,2022-08-21,NY63/2,130.21,13.727166,0.70000005,8.031494
135805,2022-08-21,SU17/57,130.17,13.727166,0.70000005,8.031494
135806,2022-08-21,TF81/2A,43.95,13.727166,0.70000005,8.031494
135807,2022-08-21,NO20/14,35.71,13.727166,0.70000005,8.031494
135808,2022-08-21,SJ15/13,79.62105,13.727166,0.70000005,8.031494
135809,2022-08-21,NH95/17,29.2,13.727166,0.70000005,8.031494
135810,2022-08-21,TL33/4,78.48,13.727166,0.70000005,8.031494
135811,2022-08-21,SE95/6,18.88,13.727166,0.70000005,8.031494
135812,2022-08-21,TR14/9,62.586,13.727166,0.70000005,8.031494
135813,2022-08-21,SK00/41,129.82,13.727166,0.70000005,8.031494
135814,2022-08-21,SJ62/235,54.319,13.727166,0.70000005,8.031494
135815,2022-08-21,SU71/23,30.06,13.727166,0.70000005,8.031494
135816,2022-08-21,SU81/1,37.511,13.727166,0.70000005,8.031494
135817,2022-08-21,ST07/10,48.3978,13.727166,0.70000005,8.031494
135818,2022-08-21,TQ25/86,88.914,13.727166,0.70000005,8.031494
135819,2022-08-21,SE94/5,13.958,13.727166,0.70000005,8.031494
135820,2022-08-21,TA10/63,14.082,13.727166,0.70000005,8.031494
135821,2022-08-21,SN00/11,6.9962,13.727166,0.70000005,8.031494
135822,2022-08-21,TF03/37,11.191,13.727166,0.70000005,8.031494
135823,2022-08-21,SY68/34,64.322,13.727166,0.70000005,8.031494
135824,2022-08-22,TM15/112,25.06,15.304252,9.799999,11.1650505
135825,2022-08-22,ID30/1,112.72,15.304252,9.799999,11.1650505
135826,2022-08-22,SJ15/13,79.61537,15.304252,9.799999,11.1650505
135827,2022-08-22,NO20/14,35.72,15.304252,9.799999,11.1650505
135828,2022-08-22,TL33/67,77.75,15.304252,9.799999,11.1650505
135829,2022-08-22,TF81/2A,43.93,15.304252,9.799999,11.1650505
135830,2022-08-22,SU17/57,130.13,15.304252,9.799999,11.1650505
135831,2022-08-22,TL44/12,37.143,15.304252,9.799999,11.1650505
135832,2022-08-22,SU01/5B,70.51,15.304252,9.799999,11.1650505
135833,2022-08-22,SE95/6,18.87,15.304252,9.799999,11.1650505
135834,2022-08-22,NY63/2,130.19,15.304252,9.799999,11.1650505
135835,2022-08-22,TL33/4,78.45,15.304252,9.799999,11.1650505
135836,2022-08-22,NH95/17,29.19,15.304252,9.799999,11.1650505
135837,2022-08-22,TR14/9,62.546,15.304252,9.799999,11.1650505
135838,2022-08-22,SK00/41,129.821,15.304252,9.799999,11.1650505
135839,2022-08-22,SJ62/235,54.32,15.304252,9.799999,11.1650505
135840,2022-08-22,SY68/34,64.304,15.304252,9.799999,11.1650505
135841,2022-08-22,SU81/1,37.455,15.304252,9.799999,11.1650505
135842,2022-08-22,TQ25/86,88.853,15.304252,9.799999,11.1650505
135843,2022-08-22,ST07/10,48.3285,15.304252,9.799999,11.1650505
135844,2022-08-22,TA10/63,14.058,15.304252,9.799999,11.1650505
135845,2022-08-22,SE94/5,13.948,15.304252,9.799999,11.1650505
135846,2022-08-22,TF03/37,11.186,15.304252,9.799999,11.1650505
135847,2022-08-22,SU71/23,30.06,15.304252,9.799999,11.1650505
135848,2022-08-22,SN00/11,6.9894,15.304252,9.799999,11.1650505
135849,2022-08-23,TL33/67,77.69,17.600082,0.6,12.519543
135850,2022-08-23,NO20/14,35.71,17.600082,0.6,12.519543
135851,2022-08-23,ID30/1,112.78,17.600082,0.6,12.519543
135852,2022-08-23,TF81/2A,43.91,17.600082,0.6,12.519543
135853,2022-08-23,SE95/6,18.85,17.600082,0.6,12.519543
135854,2022-08-23,NY63/2,130.2,17.600082,0.6,12.519543
135855,2022-08-23,TL33/4,78.42,17.600082,0.6,12.519543
135856,2022-08-23,SU01/5B,70.46,17.600082,0.6,12.519543
135857,2022-08-23,NH95/17,29.18,17.600082,0.6,12.519543
135858,2022-08-23,TL44/12,37.105,17.600082,0.6,12.519543
135859,2022-08-23,SJ15/13,79.61747,17.600082,0.6,12.519543
135860,2022-08-23,SU17/57,130.07,17.600082,0.6,12.519543
135861,2022-08-23,SN00/11,6.9923,17.600082,0.6,12.519543
135862,2022-08-23,TF03/37,11.158,17.600082,0.6,12.519543
135863,2022-08-23,SE94/5,13.913,17.600082,0.6,12.519543
135864,2022-08-23,TA10/63,14.016,17.600082,0.6,12.519543
135865,2022-08-23,ST07/10,48.254,17.600082,0.6,12.519543
135866,2022-08-23,SK00/41,129.82,17.600082,0.6,12.519543
135867,2022-08-23,TQ25/86,88.794,17.600082,0.6,12.519543
135868,2022-08-23,SY68/34,64.287,17.600082,0.6,12.519543
135869,2022-08-23,SU71/23,30.06,17.600082,0.6,12.519543
135870,2022-08-23,SU81/1,37.392,17.600082,0.6,12.519543
135871,2022-08-23,SJ62/235,54.317,17.600082,0.6,12.519543
135872,2022-08-23,TR14/9,62.486,17.600082,0.6,12.519543
135873,2022-08-24,ID30/1,112.74,17.145916,1.5000001,13.37504
135874,2022-08-24,TF81/2A,43.9,17.145916,1.5000001,13.37504
135875,2022-08-24,SJ15/13,79.61195,17.145916,1.5000001,13.37504
135876,2022-08-24,NO20/14,35.7,17.145916,1.5000001,13.37504
135877,2022-08-24,TL44/12,37.066,17.145916,1.5000001,13.37504
135878,2022-08-24,SU17/57,130.07,17.145916,1.5000001,13.37504
135879,2022-08-24,SU01/5B,70.4,17.145916,1.5000001,13.37504
135880,2022-08-24,TL33/4,78.39,17.145916,1.5000001,13.37504
135881,2022-08-24,NH95/17,29.17,17.145916,1.5000001,13.37504
135882,2022-08-24,TL33/67,77.65,17.145916,1.5000001,13.37504
135883,2022-08-24,NY63/2,130.18,17.145916,1.5000001,13.37504
135884,2022-08-24,SE95/6,18.83,17.145916,1.5000001,13.37504
135885,2022-08-24,SN00/11,7.0126,17.145916,1.5000001,13.37504
135886,2022-08-24,ST07/10,48.1986,17.145916,1.5000001,13.37504
135887,2022-08-24,SE94/5,13.878,17.145916,1.5000001,13.37504
135888,2022-08-24,TQ25/86,88.742,17.145916,1.5000001,13.37504
135889,2022-08-24,SJ62/235,54.314,17.145916,1.5000001,13.37504
135890,2022-08-24,SP00/62,99.69,17.145916,1.5000001,13.37504
135891,2022-08-24,TR14/9,62.438,17.145916,1.5000001,13.37504
135892,2022-08-24,SU81/1,37.356,17.145916,1.5000001,13.37504
135893,2022-08-24,SY68/34,64.269,17.145916,1.5000001,13.37504
135894,2022-08-24,TF03/37,11.12,17.145916,1.5000001,13.37504
135895,2022-08-24,TA10/63,13.983,17.145916,1.5000001,13.37504
135896,2022-08-24,SK00/41,129.81,17.145916,1.5000001,13.37504
135897,2022-08-24,SU71/23,30.06,17.145916,1.5000001,13.37504
135898,2022-08-25,NH95/17,29.16,14.747998,0.0,6.9800525
135899,2022-08-25,TL33/4,78.36,14.747998,0.0,6.9800525
135900,2022-08-25,TL33/67,77.61,14.747998,0.0,6.9800525
135901,2022-08-25,SJ15/13,79.58858,14.747998,0.0,6.9800525
135902,2022-08-25,SU17/57,130.07,14.747998,0.0,6.9800525
135903,2022-08-25,SE95/6,18.81,14.747998,0.0,6.9800525
135904,2022-08-25,ID30/1,112.72,14.747998,0.0,6.9800525
135905,2022-08-25,TF81/2A,43.88,14.747998,0.0,6.9800525
135906,2022-08-25,NY63/2,130.16,14.747998,0.0,6.9800525
135907,2022-08-25,TL44/12,37.027,14.747998,0.0,6.9800525
135908,2022-08-25,NO20/14,35.69,14.747998,0.0,6.9800525
135909,2022-08-25,SU01/5B,70.35,14.747998,0.0,6.9800525
135910,2022-08-25,SU71/23,30.06,14.747998,0.0,6.9800525
135911,2022-08-25,SJ62/235,54.314,14.747998,0.0,6.9800525
135912,2022-08-25,SP00/62,99.685,14.747998,0.0,6.9800525
135913,2022-08-25,TF03/37,11.104,14.747998,0.0,6.9800525
135914,2022-08-25,SN00/11,7.004,14.747998,0.0,6.9800525
135915,2022-08-25,TR14/9,62.381,14.747998,0.0,6.9800525
135916,2022-08-25,SU81/1,37.321,14.747998,0.0,6.9800525
135917,2022-08-25,TA10/63,13.949,14.747998,0.0,6.9800525
135918,2022-08-25,SY68/34,64.25,14.747998,0.0,6.9800525
135919,2022-08-25,TQ25/86,88.682,14.747998,0.0,6.9800525
135920,2022-08-25,SK00/41,129.8,14.747998,0.0,6.9800525
135921,2022-08-25,SE94/5,13.841,14.747998,0.0,6.9800525
135922,2022-08-25,ST07/10,48.1332,14.747998,0.0,6.9800525
135923,2022-08-26,SU01/5B,70.29,14.277165,0.4,6.580062
135924,2022-08-26,TL44/12,36.988,14.277165,0.4,6.580062
135925,2022-08-26,SU17/57,130.07,14.277165,0.4,6.580062
135926,2022-08-26,NY63/2,130.16,14.277165,0.4,6.580062
135927,2022-08-26,TL33/4,78.32,14.277165,0.4,6.580062
135928,2022-08-26,SJ15/13,79.58342,14.277165,0.4,6.580062
135929,2022-08-26,NH95/17,29.14,14.277165,0.4,6.580062
135930,2022-08-26,NO20/14,35.7,14.277165,0.4,6.580062
135931,2022-08-26,SE95/6,18.78,14.277165,0.4,6.580062
135932,2022-08-26,TF81/2A,43.86,14.277165,0.4,6.580062
135933,2022-08-26,ID30/1,112.75,14.277165,0.4,6.580062
135934,2022-08-26,TL33/67,77.58,14.277165,0.4,6.580062
135935,2022-08-26,TR14/9,62.332,14.277165,0.4,6.580062
135936,2022-08-26,TA10/63,13.913,14.277165,0.4,6.580062
135937,2022-08-26,TF03/37,11.093,14.277165,0.4,6.580062
135938,2022-08-26,SN00/11,6.9958,14.277165,0.4,6.580062
135939,2022-08-26,SK00/41,129.8,14.277165,0.4,6.580062
135940,2022-08-26,SU81/1,37.27,14.277165,0.4,6.580062
135941,2022-08-26,SP00/62,99.676,14.277165,0.4,6.580062
135942,2022-08-26,SJ62/235,54.314,14.277165,0.4,6.580062
135943,2022-08-26,SU71/23,30.06,14.277165,0.4,6.580062
135944,2022-08-26,SY68/34,64.231,14.277165,0.4,6.580062
135945,2022-08-26,TQ25/86,88.622,14.277165,0.4,6.580062
135946,2022-08-26,SE94/5,13.812,14.277165,0.4,6.580062
135947,2022-08-26,ST07/10,48.069,14.277165,0.4,6.580062
135948,2022-08-27,ID30/1,112.74,15.404248,0.1,4.0757213
135949,2022-08-27,SJ15/13,79.58058,15.404248,0.1,4.0757213
135950,2022-08-27,NH95/17,29.14,15.404248,0.1,4.0757213
135951,2022-08-27,SE95/6,18.77,15.404248,0.1,4.0757213
135952,2022-08-27,SU01/5B,70.23,15.404248,0.1,4.0757213
135953,2022-08-27,SU17/57,130.03,15.404248,0.1,4.0757213
135954,2022-08-27,NO20/14,35.7,15.404248,0.1,4.0757213
135955,2022-08-27,TL33/67,77.53,15.404248,0.1,4.0757213
135956,2022-08-27,TL33/4,78.29,15.404248,0.1,4.0757213
135957,2022-08-27,TL44/12,36.95,15.404248,0.1,4.0757213
135958,2022-08-27,NY63/2,130.16,15.404248,0.1,4.0757213
135959,2022-08-27,TF81/2A,43.84,15.404248,0.1,4.0757213
135960,2022-08-27,SU81/1,37.204,15.404248,0.1,4.0757213
135961,2022-08-27,TQ25/86,88.56,15.404248,0.1,4.0757213
135962,2022-08-27,SU71/23,30.06,15.404248,0.1,4.0757213
135963,2022-08-27,SJ62/235,54.313,15.404248,0.1,4.0757213
135964,2022-08-27,SP00/62,99.661,15.404248,0.1,4.0757213
135965,2022-08-27,SY68/34,64.213,15.404248,0.1,4.0757213
135966,2022-08-27,SE94/5,13.754,15.404248,0.1,4.0757213
135967,2022-08-27,ST07/10,48.0004,15.404248,0.1,4.0757213
135968,2022-08-27,SN00/11,6.9879,15.404248,0.1,4.0757213
135969,2022-08-27,TR14/9,62.281,15.404248,0.1,4.0757213
135970,2022-08-27,TA10/63,13.882,15.404248,0.1,4.0757213
135971,2022-08-27,TF03/37,11.057,15.404248,0.1,4.0757213
135972,2022-08-27,SK00/41,129.8,15.404248,0.1,4.0757213
135973,2022-08-28,SJ15/13,79.57242,16.406334,0.3,5.2197623
135974,2022-08-28,SU01/5B,70.19,16.406334,0.3,5.2197623
135975,2022-08-28,SE95/6,18.75,16.406334,0.3,5.2197623
135976,2022-08-28,TL33/4,78.26,16.406334,0.3,5.2197623
135977,2022-08-28,NY63/2,130.15,16.406334,0.3,5.2197623
135978,2022-08-28,TL44/12,36.912,16.406334,0.3,5.2197623
135979,2022-08-28,SU17/57,130.02,16.406334,0.3,5.2197623
135980,2022-08-28,TL33/67,77.49,16.406334,0.3,5.2197623
135981,2022-08-28,ID30/1,112.74,16.406334,0.3,5.2197623
135982,2022-08-28,NO20/14,35.69,16.406334,0.3,5.2197623
135983,2022-08-28,TF81/2A,43.82,16.406334,0.3,5.2197623
135984,2022-08-28,NH95/17,29.12,16.406334,0.3,5.2197623
135985,2022-08-28,SK00/41,129.79,16.406334,0.3,5.2197623
135986,2022-08-28,SU71/23,30.06,16.406334,0.3,5.2197623
135987,2022-08-28,SJ62/235,54.309,16.406334,0.3,5.2197623
135988,2022-08-28,TQ25/86,88.502,16.406334,0.3,5.2197623
135989,2022-08-28,TA10/63,13.846,16.406334,0.3,5.2197623
135990,2022-08-28,SU81/1,37.14,16.406334,0.3,5.2197623
135991,2022-08-28,TR14/9,62.043,16.406334,0.3,5.2197623
135992,2022-08-28,TF03/37,11.044,16.406334,0.3,5.2197623
135993,2022-08-28,SP00/62,99.649,16.406334,0.3,5.2197623
135994,2022-08-28,SE94/5,13.695,16.406334,0.3,5.2197623
135995,2022-08-28,ST07/10,47.9288,16.406334,0.3,5.2197623
135996,2022-08-28,SY68/34,64.194,16.406334,0.3,5.2197623
135997,2022-08-28,SN00/11,6.9777,16.406334,0.3,5.2197623
135998,2022-08-29,SE95/6,18.74,15.8063345,0.8,6.9531574
135999,2022-08-29,SU17/57,130.02,15.8063345,0.8,6.9531574
136000,2022-08-29,NY63/2,130.14,15.8063345,0.8,6.9531574
136001,2022-08-29,TL33/67,77.46,15.8063345,0.8,6.9531574
136002,2022-08-29,TL33/4,78.23,15.8063345,0.8,6.9531574
136003,2022-08-29,SU01/5B,70.14,15.8063345,0.8,6.9531574
136004,2022-08-29,NH95/17,29.03,15.8063345,0.8,6.9531574
136005,2022-08-29,SJ15/13,79.56263,15.8063345,0.8,6.9531574
136006,2022-08-29,ID30/1,112.75,15.8063345,0.8,6.9531574
136007,2022-08-29,NO20/14,35.69,15.8063345,0.8,6.9531574
136008,2022-08-29,TF81/2A,43.81,15.8063345,0.8,6.9531574
136009,2022-08-29,TL44/12,36.874,15.8063345,0.8,6.9531574
136010,2022-08-29,SP00/62,99.636,15.8063345,0.8,6.9531574
136011,2022-08-29,SE94/5,13.718,15.8063345,0.8,6.9531574
136012,2022-08-29,TF03/37,11.038,15.8063345,0.8,6.9531574
136013,2022-08-29,SN00/11,6.9715,15.8063345,0.8,6.9531574
136014,2022-08-29,SU71/23,30.05,15.8063345,0.8,6.9531574
136015,2022-08-29,SU81/1,37.08,15.8063345,0.8,6.9531574
136016,2022-08-29,SJ62/235,54.309,15.8063345,0.8,6.9531574
136017,2022-08-29,SK00/41,129.79,15.8063345,0.8,6.9531574
136018,2022-08-29,ST07/10,47.8639,15.8063345,0.8,6.9531574
136019,2022-08-29,TA10/63,13.811,15.8063345,0.8,6.9531574
136020,2022-08-29,TQ25/86,88.44,15.8063345,0.8,6.9531574
136021,2022-08-29,SY68/34,64.175,15.8063345,0.8,6.9531574
136022,2022-08-30,NY63/2,130.13,14.320915,0.0,8.639239
136023,2022-08-30,TL33/4,78.19,14.320915,0.0,8.639239
136024,2022-08-30,ID30/1,112.75,14.320915,0.0,8.639239
136025,2022-08-30,SJ15/13,79.55389,14.320915,0.0,8.639239
136026,2022-08-30,TF81/2A,43.79,14.320915,0.0,8.639239
136027,2022-08-30,TL33/67,77.42,14.320915,0.0,8.639239
136028,2022-08-30,NH95/17,29.12,14.320915,0.0,8.639239
136029,2022-08-30,TL44/12,36.837,14.320915,0.0,8.639239
136030,2022-08-30,SU01/5B,70.09,14.320915,0.0,8.639239
136031,2022-08-30,SE95/6,18.73,14.320915,0.0,8.639239
136032,2022-08-30,SU17/57,130.0,14.320915,0.0,8.639239
136033,2022-08-30,NO20/14,35.68,14.320915,0.0,8.639239
136034,2022-08-30,TA10/63,13.781,14.320915,0.0,8.639239
136035,2022-08-30,TF03/37,11.007,14.320915,0.0,8.639239
136036,2022-08-30,SN00/11,6.9646,14.320915,0.0,8.639239
136037,2022-08-30,TQ25/86,88.39,14.320915,0.0,8.639239
136038,2022-08-30,SE94/5,13.687,14.320915,0.0,8.639239
136039,2022-08-30,SU71/23,30.05,14.320915,0.0,8.639239
136040,2022-08-30,ST07/10,47.7982,14.320915,0.0,8.639239
136041,2022-08-30,SU81/1,37.02,14.320915,0.0,8.639239
136042,2022-08-30,SP00/62,99.624,14.320915,0.0,8.639239
136043,2022-08-30,SJ62/235,54.307,14.320915,0.0,8.639239
136044,2022-08-30,SK00/41,129.78,14.320915,0.0,8.639239
136045,2022-08-30,SY68/34,64.157,14.320915,0.0,8.639239
136046,2022-08-31,NO20/14,35.67,14.252166,0.5,7.5567956
136047,2022-08-31,TF81/2A,43.77,14.252166,0.5,7.5567956
136048,2022-08-31,SE95/6,18.72,14.252166,0.5,7.5567956
136049,2022-08-31,TL33/67,77.4,14.252166,0.5,7.5567956
136050,2022-08-31,ID30/1,112.73,14.252166,0.5,7.5567956
136051,2022-08-31,NH95/17,29.12,14.252166,0.5,7.5567956
136052,2022-08-31,SU17/57,129.99,14.252166,0.5,7.5567956
136053,2022-08-31,SJ15/13,79.54574,14.252166,0.5,7.5567956
136054,2022-08-31,SU01/5B,70.04,14.252166,0.5,7.5567956
136055,2022-08-31,NY63/2,130.12,14.252166,0.5,7.5567956
136056,2022-08-31,TL33/4,78.17,14.252166,0.5,7.5567956
136057,2022-08-31,TL44/12,36.8,14.252166,0.5,7.5567956
136058,2022-08-31,SK00/41,129.78,14.252166,0.5,7.5567956
136059,2022-08-31,SJ62/235,54.308,14.252166,0.5,7.5567956
136060,2022-08-31,SP00/62,99.61,14.252166,0.5,7.5567956
136061,2022-08-31,SU81/1,36.95,14.252166,0.5,7.5567956
136062,2022-08-31,SU71/23,30.05,14.252166,0.5,7.5567956
136063,2022-08-31,SE94/5,13.64,14.252166,0.5,7.5567956
136064,2022-08-31,SN00/11,6.9555,14.252166,0.5,7.5567956
136065,2022-08-31,TQ25/86,88.33,14.252166,0.5,7.5567956
136066,2022-08-31,TF03/37,10.98,14.252166,0.5,7.5567956
136067,2022-08-31,TA10/63,13.742,14.252166,0.5,7.5567956
136068,2022-08-31,ST07/10,47.7384,14.252166,0.5,7.5567956
136069,2022-08-31,SY68/34,64.14,14.252166,0.5,7.5567956
136070,2022-09-01,TL33/4,78.13,15.400082,0.0,8.6509905
136071,2022-09-01,TF81/2A,43.76,15.400082,0.0,8.6509905
136072,2022-09-01,TL44/12,36.767,15.400082,0.0,8.6509905
136073,2022-09-01,NH95/17,29.12,15.400082,0.0,8.6509905
136074,2022-09-01,SJ15/13,79.55063,15.400082,0.0,8.6509905
136075,2022-09-01,ID30/1,112.72,15.400082,0.0,8.6509905
136076,2022-09-01,SE95/6,18.7,15.400082,0.0,8.6509905
136077,2022-09-01,NY63/2,130.13,15.400082,0.0,8.6509905
136078,2022-09-01,TL33/67,77.39,15.400082,0.0,8.6509905
136079,2022-09-01,NO20/14,35.68,15.400082,0.0,8.6509905
136080,2022-09-01,SU01/5B,70.0,15.400082,0.0,8.6509905
136081,2022-09-01,SU17/57,129.94,15.400082,0.0,8.6509905
136082,2022-09-01,SP00/62,99.6,15.400082,0.0,8.6509905
136083,2022-09-01,SN00/11,6.9484,15.400082,0.0,8.6509905
136084,2022-09-01,TF03/37,10.96,15.400082,0.0,8.6509905
136085,2022-09-01,SU81/1,36.9,15.400082,0.0,8.6509905
136086,2022-09-01,TA10/63,13.714,15.400082,0.0,8.6509905
136087,2022-09-01,TQ25/86,88.28,15.400082,0.0,8.6509905
136088,2022-09-01,SU71/23,30.04,15.400082,0.0,8.6509905
136089,2022-09-01,SK00/41,129.79,15.400082,0.0,8.6509905
136090,2022-09-01,SY68/34,64.122,15.400082,0.0,8.6509905
136091,2022-09-01,SJ62/235,54.311,15.400082,0.0,8.6509905
136092,2022-09-01,TR14/9,61.989,15.400082,0.0,8.6509905
136093,2022-09-01,SE94/5,13.61,15.400082,0.0,8.6509905
136094,2022-09-01,ST07/10,47.6757,15.400082,0.0,8.6509905
136095,2022-09-02,NO20/14,35.69,15.985497,0.0,11.866903
136096,2022-09-02,NH95/17,29.13,15.985497,0.0,11.866903
136097,2022-09-02,SE95/6,18.68,15.985497,0.0,11.866903
136098,2022-09-02,TL33/4,78.1,15.985497,0.0,11.866903
136099,2022-09-02,TF81/2A,43.74,15.985497,0.0,11.866903
136100,2022-09-02,ID30/1,112.74,15.985497,0.0,11.866903
136101,2022-09-02,SJ15/13,79.56705,15.985497,0.0,11.866903
136102,2022-09-02,TL33/67,77.39,15.985497,0.0,11.866903
136103,2022-09-02,NY63/2,130.14,15.985497,0.0,11.866903
136104,2022-09-02,SU01/5B,69.95,15.985497,0.0,11.866903
136105,2022-09-02,TL44/12,36.735,15.985497,0.0,11.866903
136106,2022-09-02,SU17/57,129.85,15.985497,0.0,11.866903
136107,2022-09-02,TA10/63,13.684,15.985497,0.0,11.866903
136108,2022-09-02,SJ62/235,54.317,15.985497,0.0,11.866903
136109,2022-09-02,SE94/5,13.57,15.985497,0.0,11.866903
136110,2022-09-02,SY68/34,64.103,15.985497,0.0,11.866903
136111,2022-09-02,SK00/41,129.8,15.985497,0.0,11.866903
136112,2022-09-02,SU71/23,30.04,15.985497,0.0,11.866903
136113,2022-09-02,TQ25/86,88.22,15.985497,0.0,11.866903
136114,2022-09-02,TR14/9,61.952,15.985497,0.0,11.866903
136115,2022-09-02,ST07/10,47.6123,15.985497,0.0,11.866903
136116,2022-09-02,SU81/1,36.85,15.985497,0.0,11.866903
136117,2022-09-02,TF03/37,10.95,15.985497,0.0,11.866903
136118,2022-09-02,SN00/11,6.9407,15.985497,0.0,11.866903
136119,2022-09-02,SP00/62,99.59,15.985497,0.0,11.866903
136120,2022-09-03,SU01/5B,69.92,17.727167,3.2,16.624945
136121,2022-09-03,NO20/14,35.68,17.727167,3.2,16.624945
136122,2022-09-03,TL33/67,77.32,17.727167,3.2,16.624945
136123,2022-09-03,NY63/2,130.16,17.727167,3.2,16.624945
136124,2022-09-03,ID30/1,112.84,17.727167,3.2,16.624945
136125,2022-09-03,SE95/6,18.68,17.727167,3.2,16.624945
136126,2022-09-03,SJ15/13,79.58816,17.727167,3.2,16.624945
136127,2022-09-03,NH95/17,29.11,17.727167,3.2,16.624945
136128,2022-09-03,TL44/12,36.704,17.727167,3.2,16.624945
136129,2022-09-03,SU17/57,129.75,17.727167,3.2,16.624945
136130,2022-09-03,TL33/4,78.07,17.727167,3.2,16.624945
136131,2022-09-03,TF81/2A,43.73,17.727167,3.2,16.624945
136132,2022-09-03,TF03/37,10.93,17.727167,3.2,16.624945
136133,2022-09-03,SU71/23,30.03,17.727167,3.2,16.624945
136134,2022-09-03,TQ25/86,88.16,17.727167,3.2,16.624945
136135,2022-09-03,SK00/41,129.81,17.727167,3.2,16.624945
136136,2022-09-03,SP00/62,99.58,17.727167,3.2,16.624945
136137,2022-09-03,SY68/34,64.084,17.727167,3.2,16.624945
136138,2022-09-03,TA10/63,13.652,17.727167,3.2,16.624945
136139,2022-09-03,SJ62/235,54.31,17.727167,3.2,16.624945
136140,2022-09-03,ST07/10,47.5327,17.727167,3.2,16.624945
136141,2022-09-03,SU81/1,36.79,17.727167,3.2,16.624945
136142,2022-09-03,SE94/5,13.55,17.727167,3.2,16.624945
136143,2022-09-03,TR14/9,61.899,17.727167,3.2,16.624945
136144,2022-09-03,SN00/11,6.9438,17.727167,3.2,16.624945
136145,2022-09-04,TF81/2A,43.71,17.835499,4.3999996,16.721306
136146,2022-09-04,ID30/1,112.9,17.835499,4.3999996,16.721306
136147,2022-09-04,SE95/6,18.67,17.835499,4.3999996,16.721306
136148,2022-09-04,NH95/17,29.1,17.835499,4.3999996,16.721306
136149,2022-09-04,SU01/5B,69.88,17.835499,4.3999996,16.721306
136150,2022-09-04,SU17/57,129.75,17.835499,4.3999996,16.721306
136151,2022-09-04,NO20/14,35.67,17.835499,4.3999996,16.721306
136152,2022-09-04,TL44/12,36.672,17.835499,4.3999996,16.721306
136153,2022-09-04,TL33/4,78.04,17.835499,4.3999996,16.721306
136154,2022-09-04,NY63/2,130.15,17.835499,4.3999996,16.721306
136155,2022-09-04,SJ15/13,79.57358,17.835499,4.3999996,16.721306
136156,2022-09-04,TL33/67,77.27,17.835499,4.3999996,16.721306
136157,2022-09-04,SE94/5,13.49,17.835499,4.3999996,16.721306
136158,2022-09-04,SN00/11,6.9671,17.835499,4.3999996,16.721306
136159,2022-09-04,TR14/9,61.839,17.835499,4.3999996,16.721306
136160,2022-09-04,TF03/37,10.92,17.835499,4.3999996,16.721306
136161,2022-09-04,SU71/23,30.02,17.835499,4.3999996,16.721306
136162,2022-09-04,SK00/41,129.83,17.835499,4.3999996,16.721306
136163,2022-09-04,SY68/34,64.066,17.835499,4.3999996,16.721306
136164,2022-09-04,TA10/63,13.616,17.835499,4.3999996,16.721306
136165,2022-09-04,SP00/62,99.57,17.835499,4.3999996,16.721306
136166,2022-09-04,SJ62/235,54.303,17.835499,4.3999996,16.721306
136167,2022-09-04,ST07/10,47.4895,17.835499,4.3999996,16.721306
136168,2022-09-04,SU81/1,36.72,17.835499,4.3999996,16.721306
136169,2022-09-04,TQ25/86,88.11,17.835499,4.3999996,16.721306
136170,2022-09-05,TF81/2A,43.69,18.608418,7.5,15.93942
136171,2022-09-05,TL33/67,77.26,18.608418,7.5,15.93942
136172,2022-09-05,NO20/14,35.68,18.608418,7.5,15.93942
136173,2022-09-05,TL33/4,78.01,18.608418,7.5,15.93942
136174,2022-09-05,TL44/12,35.43,18.608418,7.5,15.93942
136175,2022-09-05,ID30/1,113.17,18.608418,7.5,15.93942
136176,2022-09-05,SJ15/13,79.55868,18.608418,7.5,15.93942
136177,2022-09-05,SU17/57,129.76,18.608418,7.5,15.93942
136178,2022-09-05,SU01/5B,69.83,18.608418,7.5,15.93942
136179,2022-09-05,SE95/6,18.66,18.608418,7.5,15.93942
136180,2022-09-05,NH95/17,29.11,18.608418,7.5,15.93942
136181,2022-09-05,NY63/2,130.13,18.608418,7.5,15.93942
136182,2022-09-05,TA10/63,13.585,18.608418,7.5,15.93942
136183,2022-09-05,ST07/10,47.4687,18.608418,7.5,15.93942
136184,2022-09-05,TQ25/86,88.06,18.608418,7.5,15.93942
136185,2022-09-05,SK00/41,129.79,18.608418,7.5,15.93942
136186,2022-09-05,SP00/62,99.57,18.608418,7.5,15.93942
136187,2022-09-05,SU81/1,36.67,18.608418,7.5,15.93942
136188,2022-09-05,SU71/23,30.02,18.608418,7.5,15.93942
136189,2022-09-05,SJ62/235,54.306,18.608418,7.5,15.93942
136190,2022-09-05,SY68/34,64.053,18.608418,7.5,15.93942
136191,2022-09-05,SE94/5,13.48,18.608418,7.5,15.93942
136192,2022-09-05,SN00/11,7.0005,18.608418,7.5,15.93942
136193,2022-09-05,TR14/9,61.784,18.608418,7.5,15.93942
136194,2022-09-05,TF03/37,10.9,18.608418,7.5,15.93942
136195,2022-09-06,NY63/2,130.12,16.22508,5.8999996,14.019781
136196,2022-09-06,SJ15/13,79.55442,16.22508,5.8999996,14.019781
136197,2022-09-06,ID30/1,113.18,16.22508,5.8999996,14.019781
136198,2022-09-06,NO20/14,35.68,16.22508,5.8999996,14.019781
136199,2022-09-06,SE95/6,18.64,16.22508,5.8999996,14.019781
136200,2022-09-06,TL33/67,77.24,16.22508,5.8999996,14.019781
136201,2022-09-06,TL33/4,77.98,16.22508,5.8999996,14.019781
136202,2022-09-06,NH95/17,29.12,16.22508,5.8999996,14.019781
136203,2022-09-06,SU01/5B,69.79,16.22508,5.8999996,14.019781
136204,2022-09-06,SU17/57,129.72,16.22508,5.8999996,14.019781
136205,2022-09-06,TF81/2A,43.68,16.22508,5.8999996,14.019781
136206,2022-09-06,ST07/10,47.4441,16.22508,5.8999996,14.019781
136207,2022-09-06,SJ62/235,54.311,16.22508,5.8999996,14.019781
136208,2022-09-06,SU81/1,36.63,16.22508,5.8999996,14.019781
136209,2022-09-06,SE94/5,13.48,16.22508,5.8999996,14.019781
136210,2022-09-06,SU71/23,30.01,16.22508,5.8999996,14.019781
136211,2022-09-06,SP00/62,99.58,16.22508,5.8999996,14.019781
136212,2022-09-06,SK00/41,129.78,16.22508,5.8999996,14.019781
136213,2022-09-06,SY68/34,64.044,16.22508,5.8999996,14.019781
136214,2022-09-06,TF03/37,10.9,16.22508,5.8999996,14.019781
136215,2022-09-06,SN00/11,7.0327,16.22508,5.8999996,14.019781
136216,2022-09-06,TA10/63,13.553,16.22508,5.8999996,14.019781
136217,2022-09-06,TQ25/86,88.01,16.22508,5.8999996,14.019781
136218,2022-09-06,TR14/9,61.722,16.22508,5.8999996,14.019781
136219,2022-09-07,SU01/5B,69.76,15.966751,0.3,13.720575
136220,2022-09-07,TL33/67,77.22,15.966751,0.3,13.720575
136221,2022-09-07,ID30/1,113.06,15.966751,0.3,13.720575
136222,2022-09-07,SE95/6,18.63,15.966751,0.3,13.720575
136223,2022-09-07,TF81/2A,43.66,15.966751,0.3,13.720575
136224,2022-09-07,NO20/14,35.68,15.966751,0.3,13.720575
136225,2022-09-07,NH95/17,29.15,15.966751,0.3,13.720575
136226,2022-09-07,SJ15/13,79.56368,15.966751,0.3,13.720575
136227,2022-09-07,SU17/57,129.65,15.966751,0.3,13.720575
136228,2022-09-07,NY63/2,130.15,15.966751,0.3,13.720575
136229,2022-09-07,TL33/4,77.95,15.966751,0.3,13.720575
136230,2022-09-07,SP00/62,99.58,15.966751,0.3,13.720575
136231,2022-09-07,SN00/11,7.0733,15.966751,0.3,13.720575
136232,2022-09-07,SE94/5,13.43,15.966751,0.3,13.720575
136233,2022-09-07,TR14/9,61.674,15.966751,0.3,13.720575
136234,2022-09-07,TA10/63,13.528,15.966751,0.3,13.720575
136235,2022-09-07,SJ62/235,54.31,15.966751,0.3,13.720575
136236,2022-09-07,ST07/10,47.4072,15.966751,0.3,13.720575
136237,2022-09-07,SU81/1,36.59,15.966751,0.3,13.720575
136238,2022-09-07,TQ25/86,88.0,15.966751,0.3,13.720575
136239,2022-09-07,SU71/23,30.0,15.966751,0.3,13.720575
136240,2022-09-07,TF03/37,10.89,15.966751,0.3,13.720575
136241,2022-09-07,SK00/41,129.79,15.966751,0.3,13.720575
136242,2022-09-07,SY68/34,64.035,15.966751,0.3,13.720575
136243,2022-09-08,TF81/2A,43.65,14.798,16.7,5.8187637
136244,2022-09-08,NY63/2,130.14,14.798,16.7,5.8187637
136245,2022-09-08,SJ15/13,79.56422,14.798,16.7,5.8187637
136246,2022-09-08,SU17/57,129.6,14.798,16.7,5.8187637
136247,2022-09-08,SE95/6,18.62,14.798,16.7,5.8187637
136248,2022-09-08,TL33/4,77.92,14.798,16.7,5.8187637
136249,2022-09-08,TL33/67,77.19,14.798,16.7,5.8187637
136250,2022-09-08,ID30/1,113.05,14.798,16.7,5.8187637
136251,2022-09-08,NO20/14,35.69,14.798,16.7,5.8187637
136252,2022-09-08,NH95/17,29.17,14.798,16.7,5.8187637
136253,2022-09-08,SU01/5B,69.68,14.798,16.7,5.8187637
136254,2022-09-08,SE94/5,13.44,14.798,16.7,5.8187637
136255,2022-09-08,TA10/63,13.482,14.798,16.7,5.8187637
136256,2022-09-08,SP00/62,99.58,14.798,16.7,5.8187637
136257,2022-09-08,SU71/23,29.99,14.798,16.7,5.8187637
136258,2022-09-08,SY68/34,64.035,14.798,16.7,5.8187637
136259,2022-09-08,SJ62/235,54.309,14.798,16.7,5.8187637
136260,2022-09-08,TR14/9,61.649,14.798,16.7,5.8187637
136261,2022-09-08,SU81/1,36.55,14.798,16.7,5.8187637
136262,2022-09-08,SN00/11,7.1501,14.798,16.7,5.8187637
136263,2022-09-08,TQ25/86,87.95,14.798,16.7,5.8187637
136264,2022-09-08,ST07/10,47.8236,14.798,16.7,5.8187637
136265,2022-09-08,TF03/37,10.88,14.798,16.7,5.8187637
136266,2022-09-08,SK00/41,129.79,14.798,16.7,5.8187637
136267,2022-09-09,NO20/14,35.72,14.406333,2.8,11.215987
136268,2022-09-09,TL33/67,77.09,14.406333,2.8,11.215987
136269,2022-09-09,ID30/1,113.29,14.406333,2.8,11.215987
136270,2022-09-09,NH95/17,29.17,14.406333,2.8,11.215987
136271,2022-09-09,TL33/4,77.89,14.406333,2.8,11.215987
136272,2022-09-09,SJ15/13,79.55089,14.406333,2.8,11.215987
136273,2022-09-09,NY63/2,130.14,14.406333,2.8,11.215987
136274,2022-09-09,SU17/57,129.55,14.406333,2.8,11.215987
136275,2022-09-09,SU01/5B,69.65,14.406333,2.8,11.215987
136276,2022-09-09,TF81/2A,43.62,14.406333,2.8,11.215987
136277,2022-09-09,SE95/6,18.62,14.406333,2.8,11.215987
136278,2022-09-09,SP00/62,99.58,14.406333,2.8,11.215987
136279,2022-09-09,TQ25/86,87.9,14.406333,2.8,11.215987
136280,2022-09-09,TF03/37,10.84,14.406333,2.8,11.215987
136281,2022-09-09,SN00/11,7.2241,14.406333,2.8,11.215987
136282,2022-09-09,SY68/34,64.033,14.406333,2.8,11.215987
136283,2022-09-09,SK00/41,129.78,14.406333,2.8,11.215987
136284,2022-09-09,SU71/23,29.98,14.406333,2.8,11.215987
136285,2022-09-09,ST07/10,48.0228,14.406333,2.8,11.215987
136286,2022-09-09,TR14/9,61.597,14.406333,2.8,11.215987
136287,2022-09-09,SJ62/235,54.301,14.406333,2.8,11.215987
136288,2022-09-09,TA10/63,13.453,14.406333,2.8,11.215987
136289,2022-09-09,SU81/1,36.5,14.406333,2.8,11.215987
136290,2022-09-09,SE94/5,13.41,14.406333,2.8,11.215987
136291,2022-09-10,SU17/57,129.63,14.650083,0.8,10.052765
136292,2022-09-10,SJ15/13,79.52163,14.650083,0.8,10.052765
136293,2022-09-10,NO20/14,35.71,14.650083,0.8,10.052765
136294,2022-09-10,NY63/2,130.11,14.650083,0.8,10.052765
136295,2022-09-10,SU01/5B,69.6,14.650083,0.8,10.052765
136296,2022-09-10,ID30/1,113.35,14.650083,0.8,10.052765
136297,2022-09-10,NH95/17,29.16,14.650083,0.8,10.052765
136298,2022-09-10,TL33/4,77.85,14.650083,0.8,10.052765
136299,2022-09-10,SE95/6,18.61,14.650083,0.8,10.052765
136300,2022-09-10,TF81/2A,43.6,14.650083,0.8,10.052765
136301,2022-09-10,TL33/67,77.02,14.650083,0.8,10.052765
136302,2022-09-10,SN00/11,7.2405,14.650083,0.8,10.052765
136303,2022-09-10,SU71/23,29.97,14.650083,0.8,10.052765
136304,2022-09-10,SJ62/235,54.297,14.650083,0.8,10.052765
136305,2022-09-10,SP00/62,99.58,14.650083,0.8,10.052765
136306,2022-09-10,TA10/63,13.423,14.650083,0.8,10.052765
136307,2022-09-10,ST07/10,47.8565,14.650083,0.8,10.052765
136308,2022-09-10,TQ25/86,87.86,14.650083,0.8,10.052765
136309,2022-09-10,TF03/37,10.83,14.650083,0.8,10.052765
136310,2022-09-10,SE94/5,13.37,14.650083,0.8,10.052765
136311,2022-09-10,TR14/9,61.531,14.650083,0.8,10.052765
136312,2022-09-10,SU81/1,36.43,14.650083,0.8,10.052765
136313,2022-09-10,SY68/34,64.024,14.650083,0.8,10.052765
136314,2022-09-10,SK00/41,129.76,14.650083,0.8,10.052765
136315,2022-09-11,SJ15/13,79.50767,15.620914,2.6000001,14.872579
136316,2022-09-11,NO20/14,35.73,15.620914,2.6000001,14.872579
136317,2022-09-11,TL33/67,77.04,15.620914,2.6000001,14.872579
136318,2022-09-11,ID30/1,113.28,15.620914,2.6000001,14.872579
136319,2022-09-11,TF81/2A,43.59,15.620914,2.6000001,14.872579
136320,2022-09-11,NY63/2,130.09,15.620914,2.6000001,14.872579
136321,2022-09-11,NH95/17,29.17,15.620914,2.6000001,14.872579
136322,2022-09-11,SU01/5B,69.55,15.620914,2.6000001,14.872579
136323,2022-09-11,SE95/6,18.6,15.620914,2.6000001,14.872579
136324,2022-09-11,TL33/4,77.82,15.620914,2.6000001,14.872579
136325,2022-09-11,SU17/57,129.68,15.620914,2.6000001,14.872579
136326,2022-09-11,SE94/5,13.36,15.620914,2.6000001,14.872579
136327,2022-09-11,TQ25/86,87.82,15.620914,2.6000001,14.872579
136328,2022-09-11,SU71/23,29.96,15.620914,2.6000001,14.872579
136329,2022-09-11,SP00/62,99.58,15.620914,2.6000001,14.872579
136330,2022-09-11,TA10/63,13.399,15.620914,2.6000001,14.872579
136331,2022-09-11,SK00/41,129.76,15.620914,2.6000001,14.872579
136332,2022-09-11,TR14/9,61.478,15.620914,2.6000001,14.872579
136333,2022-09-11,TF03/37,10.84,15.620914,2.6000001,14.872579
136334,2022-09-11,SJ62/235,54.306,15.620914,2.6000001,14.872579
136335,2022-09-11,SY68/34,64.012,15.620914,2.6000001,14.872579
136336,2022-09-11,SU81/1,36.37,15.620914,2.6000001,14.872579
136337,2022-09-11,ST07/10,47.7268,15.620914,2.6000001,14.872579
136338,2022-09-11,SN00/11,7.2594,15.620914,2.6000001,14.872579
136339,2022-09-12,NO20/14,35.74,15.5875845,4.9,12.256406
136340,2022-09-12,SJ15/13,79.532,15.5875845,4.9,12.256406
136341,2022-09-12,SU01/5B,69.53,15.5875845,4.9,12.256406
136342,2022-09-12,ID30/1,113.63,15.5875845,4.9,12.256406
136343,2022-09-12,TL33/4,77.79,15.5875845,4.9,12.256406
136344,2022-09-12,SE95/6,18.59,15.5875845,4.9,12.256406
136345,2022-09-12,NY63/2,130.12,15.5875845,4.9,12.256406
136346,2022-09-12,SU17/57,129.6,15.5875845,4.9,12.256406
136347,2022-09-12,NH95/17,29.18,15.5875845,4.9,12.256406
136348,2022-09-12,TL33/67,77.01,15.5875845,4.9,12.256406
136349,2022-09-12,TF81/2A,43.58,15.5875845,4.9,12.256406
136350,2022-09-12,SE94/5,13.32,15.5875845,4.9,12.256406
136351,2022-09-12,TF03/37,10.83,15.5875845,4.9,12.256406
136352,2022-09-12,TR14/9,61.426,15.5875845,4.9,12.256406
136353,2022-09-12,SY68/34,64.0,15.5875845,4.9,12.256406
136354,2022-09-12,SU81/1,36.32,15.5875845,4.9,12.256406
136355,2022-09-12,TQ25/86,87.78,15.5875845,4.9,12.256406
136356,2022-09-12,SU71/23,29.95,15.5875845,4.9,12.256406
136357,2022-09-12,SK00/41,129.77,15.5875845,4.9,12.256406
136358,2022-09-12,SJ62/235,54.304,15.5875845,4.9,12.256406
136359,2022-09-12,TA10/63,13.368,15.5875845,4.9,12.256406
136360,2022-09-12,ST07/10,47.5931,15.5875845,4.9,12.256406
136361,2022-09-12,SP00/62,99.57,15.5875845,4.9,12.256406
136362,2022-09-12,SN00/11,7.2628,15.5875845,4.9,12.256406
136363,2022-09-13,TL33/67,76.99,12.914666,0.0,7.4337974
136364,2022-09-13,NH95/17,29.17,12.914666,0.0,7.4337974
136365,2022-09-13,SU17/57,129.55,12.914666,0.0,7.4337974
136366,2022-09-13,NO20/14,35.72,12.914666,0.0,7.4337974
136367,2022-09-13,TF81/2A,43.56,12.914666,0.0,7.4337974
136368,2022-09-13,TL33/4,77.76,12.914666,0.0,7.4337974
136369,2022-09-13,NY63/2,130.11,12.914666,0.0,7.4337974
136370,2022-09-13,ID30/1,113.58,12.914666,0.0,7.4337974
136371,2022-09-13,SJ15/13,79.51933,12.914666,0.0,7.4337974
136372,2022-09-13,SE95/6,18.56,12.914666,0.0,7.4337974
136373,2022-09-13,SU01/5B,69.5,12.914666,0.0,7.4337974
136374,2022-09-13,SE94/5,13.31,12.914666,0.0,7.4337974
136375,2022-09-13,SU71/23,29.94,12.914666,0.0,7.4337974
136376,2022-09-13,ST07/10,47.4703,12.914666,0.0,7.4337974
136377,2022-09-13,SJ62/235,54.302,12.914666,0.0,7.4337974
136378,2022-09-13,SY68/34,63.986,12.914666,0.0,7.4337974
136379,2022-09-13,TF03/37,10.81,12.914666,0.0,7.4337974
136380,2022-09-13,TA10/63,13.339,12.914666,0.0,7.4337974
136381,2022-09-13,TR14/9,61.385,12.914666,0.0,7.4337974
136382,2022-09-13,SU81/1,36.27,12.914666,0.0,7.4337974
136383,2022-09-13,TQ25/86,87.74,12.914666,0.0,7.4337974
136384,2022-09-13,SP00/62,99.56,12.914666,0.0,7.4337974
136385,2022-09-13,SK00/41,129.76,12.914666,0.0,7.4337974
136386,2022-09-13,SN00/11,7.2461,12.914666,0.0,7.4337974
136387,2022-09-14,TL33/4,77.73,11.473002,0.70000005,9.376948
136388,2022-09-14,TF81/2A,43.54,11.473002,0.70000005,9.376948
136389,2022-09-14,SU17/57,129.51,11.473002,0.70000005,9.376948
136390,2022-09-14,TL33/67,76.94,11.473002,0.70000005,9.376948
136391,2022-09-14,SU01/5B,69.47,11.473002,0.70000005,9.376948
136392,2022-09-14,NO20/14,35.72,11.473002,0.70000005,9.376948
136393,2022-09-14,SE95/6,18.55,11.473002,0.70000005,9.376948
136394,2022-09-14,NH95/17,29.17,11.473002,0.70000005,9.376948
136395,2022-09-14,ID30/1,113.47,11.473002,0.70000005,9.376948
136396,2022-09-14,NY63/2,130.1,11.473002,0.70000005,9.376948
136397,2022-09-14,SJ15/13,79.52593,11.473002,0.70000005,9.376948
136398,2022-09-14,TA10/63,13.309,11.473002,0.70000005,9.376948
136399,2022-09-14,TQ25/86,87.69,11.473002,0.70000005,9.376948
136400,2022-09-14,TF03/37,10.78,11.473002,0.70000005,9.376948
136401,2022-09-14,SU81/1,36.21,11.473002,0.70000005,9.376948
136402,2022-09-14,SE94/5,13.24,11.473002,0.70000005,9.376948
136403,2022-09-14,SJ62/235,54.299,11.473002,0.70000005,9.376948
136404,2022-09-14,SU71/23,29.93,11.473002,0.70000005,9.376948
136405,2022-09-14,SP00/62,99.56,11.473002,0.70000005,9.376948
136406,2022-09-14,SK00/41,129.76,11.473002,0.70000005,9.376948
136407,2022-09-14,SN00/11,7.2212,11.473002,0.70000005,9.376948
136408,2022-09-14,ST07/10,47.3606,11.473002,0.70000005,9.376948
136409,2022-09-14,SY68/34,63.974,11.473002,0.70000005,9.376948
136410,2022-09-14,TR14/9,61.343,11.473002,0.70000005,9.376948
136411,2022-09-15,SJ15/13,79.51285,11.537583,0.0,9.143982
136412,2022-09-15,SE95/6,18.55,11.537583,0.0,9.143982
136413,2022-09-15,SU17/57,129.51,11.537583,0.0,9.143982
136414,2022-09-15,TL33/4,77.7,11.537583,0.0,9.143982
136415,2022-09-15,NY63/2,130.1,11.537583,0.0,9.143982
136416,2022-09-15,TF81/2A,43.52,11.537583,0.0,9.143982
136417,2022-09-15,ID30/1,113.39,11.537583,0.0,9.143982
136418,2022-09-15,NO20/14,35.7,11.537583,0.0,9.143982
136419,2022-09-15,SU01/5B,69.45,11.537583,0.0,9.143982
136420,2022-09-15,NH95/17,29.15,11.537583,0.0,9.143982
136421,2022-09-15,TL33/67,76.88,11.537583,0.0,9.143982
136422,2022-09-15,SE94/5,13.24,11.537583,0.0,9.143982
136423,2022-09-15,SJ62/235,54.295,11.537583,0.0,9.143982
136424,2022-09-15,SU71/23,29.92,11.537583,0.0,9.143982
136425,2022-09-15,ST07/10,47.2725,11.537583,0.0,9.143982
136426,2022-09-15,SN00/11,7.1919,11.537583,0.0,9.143982
136427,2022-09-15,SY68/34,63.96,11.537583,0.0,9.143982
136428,2022-09-15,SU81/1,36.16,11.537583,0.0,9.143982
136429,2022-09-15,SP00/62,99.56,11.537583,0.0,9.143982
136430,2022-09-15,TF03/37,10.75,11.537583,0.0,9.143982
136431,2022-09-15,SK00/41,129.75,11.537583,0.0,9.143982
136432,2022-09-15,TQ25/86,87.64,11.537583,0.0,9.143982
136433,2022-09-15,TR14/9,61.294,11.537583,0.0,9.143982
136434,2022-09-15,TA10/63,13.274,11.537583,0.0,9.143982
136435,2022-09-16,SU17/57,129.55,9.510501,0.0,11.296766
136436,2022-09-16,NY63/2,130.07,9.510501,0.0,11.296766
136437,2022-09-16,TL33/67,76.82,9.510501,0.0,11.296766
136438,2022-09-16,ID30/1,113.28,9.510501,0.0,11.296766
136439,2022-09-16,SU01/5B,69.42,9.510501,0.0,11.296766
136440,2022-09-16,SJ15/13,79.49419,9.510501,0.0,11.296766
136441,2022-09-16,TL33/4,77.67,9.510501,0.0,11.296766
136442,2022-09-16,SE95/6,18.53,9.510501,0.0,11.296766
136443,2022-09-16,NH95/17,29.14,9.510501,0.0,11.296766
136444,2022-09-16,NO20/14,35.69,9.510501,0.0,11.296766
136445,2022-09-16,TF81/2A,43.51,9.510501,0.0,11.296766
136446,2022-09-16,TA10/63,13.239,9.510501,0.0,11.296766
136447,2022-09-16,TF03/37,10.7,9.510501,0.0,11.296766
136448,2022-09-16,TQ25/86,87.59,9.510501,0.0,11.296766
136449,2022-09-16,SJ62/235,54.289,9.510501,0.0,11.296766
136450,2022-09-16,SP00/62,99.55,9.510501,0.0,11.296766
136451,2022-09-16,SU71/23,29.9,9.510501,0.0,11.296766
136452,2022-09-16,SK00/41,129.74,9.510501,0.0,11.296766
136453,2022-09-16,ST07/10,47.1943,9.510501,0.0,11.296766
136454,2022-09-16,SU81/1,36.09,9.510501,0.0,11.296766
136455,2022-09-16,TR14/9,61.24,9.510501,0.0,11.296766
136456,2022-09-16,SY68/34,63.946,9.510501,0.0,11.296766
136457,2022-09-16,SN00/11,7.1635,9.510501,0.0,11.296766
136458,2022-09-16,SE94/5,13.2,9.510501,0.0,11.296766
136459,2022-09-17,NY63/2,130.06,9.256334,0.1,11.641363
136460,2022-09-17,NH95/17,29.14,9.256334,0.1,11.641363
136461,2022-09-17,TL33/4,77.64,9.256334,0.1,11.641363
136462,2022-09-17,TL33/67,76.81,9.256334,0.1,11.641363
136463,2022-09-17,NO20/14,35.69,9.256334,0.1,11.641363
136464,2022-09-17,TF81/2A,43.49,9.256334,0.1,11.641363
136465,2022-09-17,ID30/1,113.21,9.256334,0.1,11.641363
136466,2022-09-17,SJ15/13,79.47889,9.256334,0.1,11.641363
136467,2022-09-17,SE95/6,18.51,9.256334,0.1,11.641363
136468,2022-09-17,SU17/57,129.59,9.256334,0.1,11.641363
136469,2022-09-17,SU01/5B,69.39,9.256334,0.1,11.641363
136470,2022-09-17,TR14/9,61.19,9.256334,0.1,11.641363
136471,2022-09-17,TA10/63,13.214,9.256334,0.1,11.641363
136472,2022-09-17,SP00/62,99.55,9.256334,0.1,11.641363
136473,2022-09-17,SE94/5,13.18,9.256334,0.1,11.641363
136474,2022-09-17,SU81/1,36.03,9.256334,0.1,11.641363
136475,2022-09-17,TQ25/86,87.55,9.256334,0.1,11.641363
136476,2022-09-17,SK00/41,129.73,9.256334,0.1,11.641363
136477,2022-09-17,SU71/23,29.89,9.256334,0.1,11.641363
136478,2022-09-17,SJ62/235,54.291,9.256334,0.1,11.641363
136479,2022-09-17,TF03/37,10.68,9.256334,0.1,11.641363
136480,2022-09-17,SN00/11,7.1376,9.256334,0.1,11.641363
136481,2022-09-17,SY68/34,63.931,9.256334,0.1,11.641363
136482,2022-09-17,ST07/10,47.1313,9.256334,0.1,11.641363
136483,2022-09-18,NY63/2,130.07,11.727166,1.6000001,11.610155
136484,2022-09-18,NH95/17,29.15,11.727166,1.6000001,11.610155
136485,2022-09-18,NO20/14,35.69,11.727166,1.6000001,11.610155
136486,2022-09-18,TL33/67,76.77,11.727166,1.6000001,11.610155
136487,2022-09-18,TF81/2A,43.47,11.727166,1.6000001,11.610155
136488,2022-09-18,SJ15/13,79.48474,11.727166,1.6000001,11.610155
136489,2022-09-18,TL33/4,77.61,11.727166,1.6000001,11.610155
136490,2022-09-18,SE95/6,18.51,11.727166,1.6000001,11.610155
136491,2022-09-18,SU01/5B,69.37,11.727166,1.6000001,11.610155
136492,2022-09-18,SU17/57,129.56,11.727166,1.6000001,11.610155
136493,2022-09-18,ID30/1,113.18,11.727166,1.6000001,11.610155
136494,2022-09-18,SJ62/235,54.287,11.727166,1.6000001,11.610155
136495,2022-09-18,SU71/23,29.88,11.727166,1.6000001,11.610155
136496,2022-09-18,TA10/63,13.18,11.727166,1.6000001,11.610155
136497,2022-09-18,TF03/37,10.66,11.727166,1.6000001,11.610155
136498,2022-09-18,TR14/9,61.143,11.727166,1.6000001,11.610155
136499,2022-09-18,SN00/11,7.1121,11.727166,1.6000001,11.610155
136500,2022-09-18,SK00/41,129.73,11.727166,1.6000001,11.610155
136501,2022-09-18,TQ25/86,87.5,11.727166,1.6000001,11.610155
136502,2022-09-18,SY68/34,63.916,11.727166,1.6000001,11.610155
136503,2022-09-18,SP00/62,99.54,11.727166,1.6000001,11.610155
136504,2022-09-18,SU81/1,35.98,11.727166,1.6000001,11.610155
136505,2022-09-18,SE94/5,13.17,11.727166,1.6000001,11.610155
136506,2022-09-18,ST07/10,47.0602,11.727166,1.6000001,11.610155
136507,2022-09-19,NH95/17,29.14,12.6709175,0.1,5.664045
136508,2022-09-19,NY63/2,130.06,12.6709175,0.1,5.664045
136509,2022-09-19,TL33/67,76.74,12.6709175,0.1,5.664045
136510,2022-09-19,SE95/6,18.49,12.6709175,0.1,5.664045
136511,2022-09-19,TL33/4,77.57,12.6709175,0.1,5.664045
136512,2022-09-19,SU17/57,129.55,12.6709175,0.1,5.664045
136513,2022-09-19,SJ15/13,79.47948,12.6709175,0.1,5.664045
136514,2022-09-19,NO20/14,35.69,12.6709175,0.1,5.664045
136515,2022-09-19,TF81/2A,43.45,12.6709175,0.1,5.664045
136516,2022-09-19,SU01/5B,69.35,12.6709175,0.1,5.664045
136517,2022-09-19,ID30/1,113.2,12.6709175,0.1,5.664045
136518,2022-09-19,TR14/9,61.096,12.6709175,0.1,5.664045
136519,2022-09-19,SY68/34,63.9,12.6709175,0.1,5.664045
136520,2022-09-19,TQ25/86,87.45,12.6709175,0.1,5.664045
136521,2022-09-19,ST07/10,46.9908,12.6709175,0.1,5.664045
136522,2022-09-19,SN00/11,7.0913,12.6709175,0.1,5.664045
136523,2022-09-19,SU71/23,29.86,12.6709175,0.1,5.664045
136524,2022-09-19,TA10/63,13.149,12.6709175,0.1,5.664045
136525,2022-09-19,SK00/41,129.73,12.6709175,0.1,5.664045
136526,2022-09-19,SU81/1,35.92,12.6709175,0.1,5.664045
136527,2022-09-19,SE94/5,13.14,12.6709175,0.1,5.664045
136528,2022-09-19,TF03/37,10.65,12.6709175,0.1,5.664045
136529,2022-09-19,SP00/62,99.54,12.6709175,0.1,5.664045
136530,2022-09-19,SJ62/235,54.285,12.6709175,0.1,5.664045
136531,2022-09-20,ID30/1,113.17,12.256332,0.4,5.839733
136532,2022-09-20,SU01/5B,69.33,12.256332,0.4,5.839733
136533,2022-09-20,NH95/17,29.13,12.256332,0.4,5.839733
136534,2022-09-20,SJ15/13,79.47556,12.256332,0.4,5.839733
136535,2022-09-20,SU17/57,129.55,12.256332,0.4,5.839733
136536,2022-09-20,TF81/2A,43.44,12.256332,0.4,5.839733
136537,2022-09-20,NO20/14,35.69,12.256332,0.4,5.839733
136538,2022-09-20,TL33/67,76.71,12.256332,0.4,5.839733
136539,2022-09-20,NY63/2,130.05,12.256332,0.4,5.839733
136540,2022-09-20,SE95/6,18.48,12.256332,0.4,5.839733
136541,2022-09-20,TL33/4,77.54,12.256332,0.4,5.839733
136542,2022-09-20,SP00/62,99.54,12.256332,0.4,5.839733
136543,2022-09-20,TF03/37,10.61,12.256332,0.4,5.839733
136544,2022-09-20,SU81/1,35.86,12.256332,0.4,5.839733
136545,2022-09-20,SY68/34,63.885,12.256332,0.4,5.839733
136546,2022-09-20,SK00/41,129.72,12.256332,0.4,5.839733
136547,2022-09-20,SJ62/235,54.285,12.256332,0.4,5.839733
136548,2022-09-20,TA10/63,13.121,12.256332,0.4,5.839733
136549,2022-09-20,SE94/5,13.08,12.256332,0.4,5.839733
136550,2022-09-20,SU71/23,29.85,12.256332,0.4,5.839733
136551,2022-09-20,SN00/11,7.0726,12.256332,0.4,5.839733
136552,2022-09-20,ST07/10,46.9222,12.256332,0.4,5.839733
136553,2022-09-20,TQ25/86,87.41,12.256332,0.4,5.839733
136554,2022-09-20,TR14/9,61.035,12.256332,0.4,5.839733
136555,2022-09-21,NY63/2,130.05,13.581336,0.70000005,12.729922
136556,2022-09-21,TF81/2A,43.42,13.581336,0.70000005,12.729922
136557,2022-09-21,NH95/17,29.13,13.581336,0.70000005,12.729922
136558,2022-09-21,SU01/5B,69.3,13.581336,0.70000005,12.729922
136559,2022-09-21,TL33/4,77.51,13.581336,0.70000005,12.729922
136560,2022-09-21,SU17/57,129.54,13.581336,0.70000005,12.729922
136561,2022-09-21,SE95/6,18.48,13.581336,0.70000005,12.729922
136562,2022-09-21,NO20/14,35.69,13.581336,0.70000005,12.729922
136563,2022-09-21,TL33/67,76.7,13.581336,0.70000005,12.729922
136564,2022-09-21,ID30/1,113.19,13.581336,0.70000005,12.729922
136565,2022-09-21,SJ15/13,79.48759,13.581336,0.70000005,12.729922
136566,2022-09-21,SY68/34,63.869,13.581336,0.70000005,12.729922
136567,2022-09-21,ST07/10,46.8631,13.581336,0.70000005,12.729922
136568,2022-09-21,SU71/23,29.84,13.581336,0.70000005,12.729922
136569,2022-09-21,SN00/11,7.0573,13.581336,0.70000005,12.729922
136570,2022-09-21,TQ25/86,87.37,13.581336,0.70000005,12.729922
136571,2022-09-21,SP00/62,99.53,13.581336,0.70000005,12.729922
136572,2022-09-21,SU81/1,35.81,13.581336,0.70000005,12.729922
136573,2022-09-21,TA10/63,13.098,13.581336,0.70000005,12.729922
136574,2022-09-21,TR14/9,60.98,13.581336,0.70000005,12.729922
136575,2022-09-21,SJ62/235,54.288,13.581336,0.70000005,12.729922
136576,2022-09-21,SK00/41,129.72,13.581336,0.70000005,12.729922
136577,2022-09-21,TF03/37,10.59,13.581336,0.70000005,12.729922
136578,2022-09-21,SE94/5,13.04,13.581336,0.70000005,12.729922
136579,2022-09-22,TF81/2A,43.41,13.61675,10.4,12.044047
136580,2022-09-22,SE95/6,18.47,13.61675,10.4,12.044047
136581,2022-09-22,ID30/1,113.25,13.61675,10.4,12.044047
136582,2022-09-22,SU01/5B,69.29,13.61675,10.4,12.044047
136583,2022-09-22,SJ15/13,79.50567,13.61675,10.4,12.044047
136584,2022-09-22,SU17/57,129.49,13.61675,10.4,12.044047
136585,2022-09-22,NO20/14,35.69,13.61675,10.4,12.044047
136586,2022-09-22,TL33/67,76.71,13.61675,10.4,12.044047
136587,2022-09-22,NY63/2,130.07,13.61675,10.4,12.044047
136588,2022-09-22,TL33/4,77.48,13.61675,10.4,12.044047
136589,2022-09-22,NH95/17,29.14,13.61675,10.4,12.044047
136590,2022-09-22,SN00/11,7.0451,13.61675,10.4,12.044047
136591,2022-09-22,SP00/62,99.53,13.61675,10.4,12.044047
136592,2022-09-22,SE94/5,13.05,13.61675,10.4,12.044047
136593,2022-09-22,ST07/10,46.7989,13.61675,10.4,12.044047
136594,2022-09-22,SJ62/235,54.291,13.61675,10.4,12.044047
136595,2022-09-22,TF03/37,10.56,13.61675,10.4,12.044047
136596,2022-09-22,TA10/63,13.066,13.61675,10.4,12.044047
136597,2022-09-22,SK00/41,129.73,13.61675,10.4,12.044047
136598,2022-09-22,TR14/9,60.933,13.61675,10.4,12.044047
136599,2022-09-22,SU71/23,29.82,13.61675,10.4,12.044047
136600,2022-09-22,SU81/1,35.77,13.61675,10.4,12.044047
136601,2022-09-22,SY68/34,63.854,13.61675,10.4,12.044047
136602,2022-09-22,TQ25/86,87.33,13.61675,10.4,12.044047
136603,2022-09-23,TF81/2A,43.4,10.893834,0.2,8.284483
136604,2022-09-23,ID30/1,113.22,10.893834,0.2,8.284483
136605,2022-09-23,SU01/5B,69.29,10.893834,0.2,8.284483
136606,2022-09-23,SJ15/13,79.50804,10.893834,0.2,8.284483
136607,2022-09-23,SU17/57,129.39,10.893834,0.2,8.284483
136608,2022-09-23,TL33/4,77.45,10.893834,0.2,8.284483
136609,2022-09-23,TL33/67,76.66,10.893834,0.2,8.284483
136610,2022-09-23,NO20/14,35.67,10.893834,0.2,8.284483
136611,2022-09-23,NH95/17,29.13,10.893834,0.2,8.284483
136612,2022-09-23,NY63/2,130.07,10.893834,0.2,8.284483
136613,2022-09-23,SE95/6,18.46,10.893834,0.2,8.284483
136614,2022-09-23,SE94/5,13.05,10.893834,0.2,8.284483
136615,2022-09-23,TA10/63,13.035,10.893834,0.2,8.284483
136616,2022-09-23,SP00/62,99.52,10.893834,0.2,8.284483
136617,2022-09-23,SN00/11,7.0275,10.893834,0.2,8.284483
136618,2022-09-23,TQ25/86,87.28,10.893834,0.2,8.284483
136619,2022-09-23,SY68/34,63.84,10.893834,0.2,8.284483
136620,2022-09-23,TR14/9,60.898,10.893834,0.2,8.284483
136621,2022-09-23,SJ62/235,54.285,10.893834,0.2,8.284483
136622,2022-09-23,TF03/37,10.53,10.893834,0.2,8.284483
136623,2022-09-23,SU71/23,29.81,10.893834,0.2,8.284483
136624,2022-09-23,SK00/41,129.73,10.893834,0.2,8.284483
136625,2022-09-23,ST07/10,46.7264,10.893834,0.2,8.284483
136626,2022-09-23,SU81/1,35.73,10.893834,0.2,8.284483
136627,2022-09-24,SJ15/13,79.49859,9.4855,0.0,8.72376
136628,2022-09-24,NY63/2,130.06,9.4855,0.0,8.72376
136629,2022-09-24,SU01/5B,69.27,9.4855,0.0,8.72376
136630,2022-09-24,ID30/1,113.2,9.4855,0.0,8.72376
136631,2022-09-24,TF81/2A,43.38,9.4855,0.0,8.72376
136632,2022-09-24,SE95/6,18.43,9.4855,0.0,8.72376
136633,2022-09-24,TL33/67,76.58,9.4855,0.0,8.72376
136634,2022-09-24,TL33/4,77.42,9.4855,0.0,8.72376
136635,2022-09-24,SU17/57,129.38,9.4855,0.0,8.72376
136636,2022-09-24,NO20/14,35.66,9.4855,0.0,8.72376
136637,2022-09-24,NH95/17,29.12,9.4855,0.0,8.72376
136638,2022-09-24,SE94/5,13.01,9.4855,0.0,8.72376
136639,2022-09-24,ST07/10,46.657,9.4855,0.0,8.72376
136640,2022-09-24,TQ25/86,87.24,9.4855,0.0,8.72376
136641,2022-09-24,SU71/23,29.79,9.4855,0.0,8.72376
136642,2022-09-24,TF03/37,10.58,9.4855,0.0,8.72376
136643,2022-09-24,TR14/9,60.832,9.4855,0.0,8.72376
136644,2022-09-24,SU81/1,35.67,9.4855,0.0,8.72376
136645,2022-09-24,SY68/34,63.826,9.4855,0.0,8.72376
136646,2022-09-24,SJ62/235,54.28,9.4855,0.0,8.72376
136647,2022-09-24,SP00/62,99.52,9.4855,0.0,8.72376
136648,2022-09-24,TA10/63,13.009,9.4855,0.0,8.72376
136649,2022-09-24,SK00/41,129.72,9.4855,0.0,8.72376
136650,2022-09-24,SN00/11,7.0107,9.4855,0.0,8.72376
136651,2022-09-25,SE95/6,18.42,11.043835,6.0,11.594225
136652,2022-09-25,SU17/57,129.4,11.043835,6.0,11.594225
136653,2022-09-25,NH95/17,29.15,11.043835,6.0,11.594225
136654,2022-09-25,ID30/1,113.21,11.043835,6.0,11.594225
136655,2022-09-25,NY63/2,130.03,11.043835,6.0,11.594225
136656,2022-09-25,TL33/4,77.39,11.043835,6.0,11.594225
136657,2022-09-25,NO20/14,35.69,11.043835,6.0,11.594225
136658,2022-09-25,TL33/67,76.63,11.043835,6.0,11.594225
136659,2022-09-25,TF81/2A,43.37,11.043835,6.0,11.594225
136660,2022-09-25,SU01/5B,69.25,11.043835,6.0,11.594225
136661,2022-09-25,SJ15/13,79.48193,11.043835,6.0,11.594225
136662,2022-09-25,SN00/11,7.0,11.043835,6.0,11.594225
136663,2022-09-25,TF03/37,10.62,11.043835,6.0,11.594225
136664,2022-09-25,SJ62/235,54.296,11.043835,6.0,11.594225
136665,2022-09-25,TA10/63,12.989,11.043835,6.0,11.594225
136666,2022-09-25,TR14/9,60.784,11.043835,6.0,11.594225
136667,2022-09-25,SE94/5,12.99,11.043835,6.0,11.594225
136668,2022-09-25,ST07/10,46.6269,11.043835,6.0,11.594225
136669,2022-09-25,SK00/41,129.73,11.043835,6.0,11.594225
136670,2022-09-25,SY68/34,63.812,11.043835,6.0,11.594225
136671,2022-09-25,SU81/1,35.63,11.043835,6.0,11.594225
136672,2022-09-25,SU71/23,29.77,11.043835,6.0,11.594225
136673,2022-09-25,TQ25/86,87.21,11.043835,6.0,11.594225
136674,2022-09-25,SP00/62,99.51,11.043835,6.0,11.594225
136675,2022-09-26,NO20/14,35.68,9.995918,4.7000003,18.257935
136676,2022-09-26,TF81/2A,43.35,9.995918,4.7000003,18.257935
136677,2022-09-26,SU01/5B,69.24,9.995918,4.7000003,18.257935
136678,2022-09-26,SE95/6,18.42,9.995918,4.7000003,18.257935
136679,2022-09-26,TL33/67,76.6,9.995918,4.7000003,18.257935
136680,2022-09-26,SJ15/13,79.53525,9.995918,4.7000003,18.257935
136681,2022-09-26,NH95/17,29.15,9.995918,4.7000003,18.257935
136682,2022-09-26,TL33/4,77.36,9.995918,4.7000003,18.257935
136683,2022-09-26,SU17/57,129.28,9.995918,4.7000003,18.257935
136684,2022-09-26,NY63/2,130.11,9.995918,4.7000003,18.257935
136685,2022-09-26,ID30/1,113.26,9.995918,4.7000003,18.257935
136686,2022-09-26,TQ25/86,87.16,9.995918,4.7000003,18.257935
136687,2022-09-26,TA10/63,12.955,9.995918,4.7000003,18.257935
136688,2022-09-26,SY68/34,63.799,9.995918,4.7000003,18.257935
136689,2022-09-26,SK00/41,129.75,9.995918,4.7000003,18.257935
136690,2022-09-26,TF03/37,10.62,9.995918,4.7000003,18.257935
136691,2022-09-26,ST07/10,46.6115,9.995918,4.7000003,18.257935
136692,2022-09-26,TR14/9,60.726,9.995918,4.7000003,18.257935
136693,2022-09-26,SU81/1,35.6,9.995918,4.7000003,18.257935
136694,2022-09-26,SE94/5,12.94,9.995918,4.7000003,18.257935
136695,2022-09-26,SN00/11,6.9907,9.995918,4.7000003,18.257935
136696,2022-09-26,SU71/23,29.76,9.995918,4.7000003,18.257935
136697,2022-09-26,SJ62/235,54.293,9.995918,4.7000003,18.257935
136698,2022-09-26,SP00/62,99.5,9.995918,4.7000003,18.257935
136699,2022-09-26,TV59/7C,1.43,9.995918,4.7000003,18.257935
136700,2022-09-27,SE95/6,18.4,8.220919,1.8000002,14.371494
136701,2022-09-27,NH95/17,29.15,8.220919,1.8000002,14.371494
136702,2022-09-27,SU17/57,129.21,8.220919,1.8000002,14.371494
136703,2022-09-27,NO20/14,35.66,8.220919,1.8000002,14.371494
136704,2022-09-27,SJ15/13,79.5297,8.220919,1.8000002,14.371494
136705,2022-09-27,SU01/5B,69.22,8.220919,1.8000002,14.371494
136706,2022-09-27,TM15/112,24.99,8.220919,1.8000002,14.371494
136707,2022-09-27,TF81/2A,43.34,8.220919,1.8000002,14.371494
136708,2022-09-27,ID30/1,113.31,8.220919,1.8000002,14.371494
136709,2022-09-27,NY63/2,130.07,8.220919,1.8000002,14.371494
136710,2022-09-27,TL33/4,77.33,8.220919,1.8000002,14.371494
136711,2022-09-27,TL33/67,76.56,8.220919,1.8000002,14.371494
136712,2022-09-27,SU71/23,29.74,8.220919,1.8000002,14.371494
136713,2022-09-27,ST07/10,46.5315,8.220919,1.8000002,14.371494
136714,2022-09-27,TQ25/86,87.12,8.220919,1.8000002,14.371494
136715,2022-09-27,TA10/63,12.931,8.220919,1.8000002,14.371494
136716,2022-09-27,TF03/37,10.63,8.220919,1.8000002,14.371494
136717,2022-09-27,TR14/9,60.688,8.220919,1.8000002,14.371494
136718,2022-09-27,SY68/34,63.785,8.220919,1.8000002,14.371494
136719,2022-09-27,SK00/41,129.75,8.220919,1.8000002,14.371494
136720,2022-09-27,SJ62/235,54.291,8.220919,1.8000002,14.371494
136721,2022-09-27,SP00/62,99.49,8.220919,1.8000002,14.371494
136722,2022-09-27,SN00/11,6.9817,8.220919,1.8000002,14.371494
136723,2022-09-27,SE94/5,12.9,8.220919,1.8000002,14.371494
136724,2022-09-27,SU81/1,35.55,8.220919,1.8000002,14.371494
136725,2022-09-28,SE95/6,18.39,8.985501,13.299999,11.686009
136726,2022-09-28,NH95/17,29.13,8.985501,13.299999,11.686009
136727,2022-09-28,ID30/1,113.29,8.985501,13.299999,11.686009
136728,2022-09-28,TF81/2A,43.32,8.985501,13.299999,11.686009
136729,2022-09-28,NY63/2,130.06,8.985501,13.299999,11.686009
136730,2022-09-28,TL33/67,76.51,8.985501,13.299999,11.686009
136731,2022-09-28,SJ15/13,79.53315,8.985501,13.299999,11.686009
136732,2022-09-28,SU01/5B,69.21,8.985501,13.299999,11.686009
136733,2022-09-28,NO20/14,35.64,8.985501,13.299999,11.686009
136734,2022-09-28,TL33/4,77.3,8.985501,13.299999,11.686009
136735,2022-09-28,SU17/57,129.14,8.985501,13.299999,11.686009
136736,2022-09-28,ST07/10,46.4645,8.985501,13.299999,11.686009
136737,2022-09-28,SJ62/235,54.287,8.985501,13.299999,11.686009
136738,2022-09-28,SE94/5,12.9,8.985501,13.299999,11.686009
136739,2022-09-28,TR14/9,60.657,8.985501,13.299999,11.686009
136740,2022-09-28,SY68/34,63.771,8.985501,13.299999,11.686009
136741,2022-09-28,SP00/62,99.49,8.985501,13.299999,11.686009
136742,2022-09-28,TF03/37,10.6,8.985501,13.299999,11.686009
136743,2022-09-28,TA10/63,12.831,8.985501,13.299999,11.686009
136744,2022-09-28,SN00/11,6.9708,8.985501,13.299999,11.686009
136745,2022-09-28,SK00/41,129.75,8.985501,13.299999,11.686009
136746,2022-09-28,SU81/1,35.51,8.985501,13.299999,11.686009
136747,2022-09-28,SU71/23,29.73,8.985501,13.299999,11.686009
136748,2022-09-28,TQ25/86,87.07,8.985501,13.299999,11.686009
136749,2022-09-28,TL44/12,36.02,8.985501,13.299999,11.686009
136750,2022-09-29,TF81/2A,43.3,12.010501,0.5,11.455523
136751,2022-09-29,NO20/14,35.63,12.010501,0.5,11.455523
136752,2022-09-29,SU17/57,129.12,12.010501,0.5,11.455523
136753,2022-09-29,NH95/17,29.12,12.010501,0.5,11.455523
136754,2022-09-29,NY63/2,130.07,12.010501,0.5,11.455523
136755,2022-09-29,TL33/67,76.42,12.010501,0.5,11.455523
136756,2022-09-29,SE95/6,18.38,12.010501,0.5,11.455523
136757,2022-09-29,ID30/1,113.29,12.010501,0.5,11.455523
136758,2022-09-29,SJ15/13,79.53459,12.010501,0.5,11.455523
136759,2022-09-29,SU01/5B,69.19,12.010501,0.5,11.455523
136760,2022-09-29,TL33/4,77.27,12.010501,0.5,11.455523
136761,2022-09-29,ST07/10,46.4068,12.010501,0.5,11.455523
136762,2022-09-29,TF03/37,10.54,12.010501,0.5,11.455523
136763,2022-09-29,SK00/41,129.73,12.010501,0.5,11.455523
136764,2022-09-29,SY68/34,63.756,12.010501,0.5,11.455523
136765,2022-09-29,SU71/23,29.71,12.010501,0.5,11.455523
136766,2022-09-29,TQ25/86,87.04,12.010501,0.5,11.455523
136767,2022-09-29,SN00/11,6.9601,12.010501,0.5,11.455523
136768,2022-09-29,TR14/9,60.596,12.010501,0.5,11.455523
136769,2022-09-29,TA10/63,12.85,12.010501,0.5,11.455523
136770,2022-09-29,SJ62/235,54.279,12.010501,0.5,11.455523
136771,2022-09-29,SE94/5,12.85,12.010501,0.5,11.455523
136772,2022-09-29,SP00/62,99.48,12.010501,0.5,11.455523
136773,2022-09-29,SU81/1,35.45,12.010501,0.5,11.455523
136774,2022-09-30,TL33/4,77.24,10.770917,19.9,19.540262
136775,2022-09-30,NH95/17,29.16,10.770917,19.9,19.540262
136776,2022-09-30,ID30/1,113.56,10.770917,19.9,19.540262
136777,2022-09-30,SU01/5B,69.16,10.770917,19.9,19.540262
136778,2022-09-30,SU17/57,129.19,10.770917,19.9,19.540262
136779,2022-09-30,TL33/67,76.47,10.770917,19.9,19.540262
136780,2022-09-30,TF81/2A,43.29,10.770917,19.9,19.540262
136781,2022-09-30,NY63/2,130.04,10.770917,19.9,19.540262
136782,2022-09-30,SJ15/13,79.51342,10.770917,19.9,19.540262
136783,2022-09-30,SE95/6,18.36,10.770917,19.9,19.540262
136784,2022-09-30,NO20/14,35.68,10.770917,19.9,19.540262
136785,2022-09-30,TA10/63,12.85,10.770917,19.9,19.540262
136786,2022-09-30,SP00/62,99.49,10.770917,19.9,19.540262
136787,2022-09-30,SY68/34,63.74,10.770917,19.9,19.540262
136788,2022-09-30,TL44/12,36.001,10.770917,19.9,19.540262
136789,2022-09-30,SU71/23,29.69,10.770917,19.9,19.540262
136790,2022-09-30,SJ62/235,54.29,10.770917,19.9,19.540262
136791,2022-09-30,TF03/37,10.55,10.770917,19.9,19.540262
136792,2022-09-30,ST07/10,46.7879,10.770917,19.9,19.540262
136793,2022-09-30,TR14/9,60.566,10.770917,19.9,19.540262
136794,2022-09-30,SU81/1,35.41,10.770917,19.9,19.540262
136795,2022-09-30,SE94/5,12.84,10.770917,19.9,19.540262
136796,2022-09-30,TQ25/86,86.99,10.770917,19.9,19.540262
136797,2022-09-30,SN00/11,6.9946,10.770917,19.9,19.540262
136798,2022-09-30,SK00/41,129.733,10.770917,19.9,19.540262
136799,2022-10-01,SE95/6,18.35,11.510501,14.0,15.559474
136800,2022-10-01,TL33/4,77.21,11.510501,14.0,15.559474
136801,2022-10-01,NH95/17,29.13,11.510501,14.0,15.559474
136802,2022-10-01,NY63/2,130.11,11.510501,14.0,15.559474
136803,2022-10-01,SU01/5B,69.14,11.510501,14.0,15.559474
136804,2022-10-01,ID30/1,113.83,11.510501,14.0,15.559474
136805,2022-10-01,SJ15/13,79.54,11.510501,14.0,15.559474
136806,2022-10-01,NO20/14,35.64,11.510501,14.0,15.559474
136807,2022-10-01,SU17/57,129.08,11.510501,14.0,15.559474
136808,2022-10-01,TF81/2A,43.26,11.510501,14.0,15.559474
136809,2022-10-01,TL33/67,76.34,11.510501,14.0,15.559474
136810,2022-10-01,SK00/41,129.72,11.510501,14.0,15.559474
136811,2022-10-01,TR14/9,60.517,11.510501,14.0,15.559474
136812,2022-10-01,SU81/1,35.38,11.510501,14.0,15.559474
136813,2022-10-01,SY68/34,63.73,11.510501,14.0,15.559474
136814,2022-10-01,TA10/63,12.81,11.510501,14.0,15.559474
136815,2022-10-01,SU71/23,29.68,11.510501,14.0,15.559474
136816,2022-10-01,TF03/37,10.5,11.510501,14.0,15.559474
136817,2022-10-01,SP00/62,99.49,11.510501,14.0,15.559474
136818,2022-10-01,TL44/12,35.979,11.510501,14.0,15.559474
136819,2022-10-01,SE94/5,12.84,11.510501,14.0,15.559474
136820,2022-10-01,TQ25/86,86.94,11.510501,14.0,15.559474
136821,2022-10-01,SJ62/235,54.272,11.510501,14.0,15.559474
136822,2022-10-01,SN00/11,7.0029,11.510501,14.0,15.559474
136823,2022-10-01,ST07/10,46.9943,11.510501,14.0,15.559474
136824,2022-10-02,SU17/57,129.21,11.366752,0.70000005,11.566666
136825,2022-10-02,NH95/17,29.1,11.366752,0.70000005,11.566666
136826,2022-10-02,SU01/5B,69.1,11.366752,0.70000005,11.566666
136827,2022-10-02,SJ15/13,79.49211,11.366752,0.70000005,11.566666
136828,2022-10-02,TF81/2A,43.24,11.366752,0.70000005,11.566666
136829,2022-10-02,NY63/2,130.05,11.366752,0.70000005,11.566666
136830,2022-10-02,SE95/6,18.35,11.366752,0.70000005,11.566666
136831,2022-10-02,TL33/4,77.17,11.366752,0.70000005,11.566666
136832,2022-10-02,ID30/1,113.76,11.366752,0.70000005,11.566666
136833,2022-10-02,NO20/14,35.61,11.366752,0.70000005,11.566666
136834,2022-10-02,TL33/67,76.26,11.366752,0.70000005,11.566666
136835,2022-10-02,SP00/62,99.48,11.366752,0.70000005,11.566666
136836,2022-10-02,TF03/37,10.49,11.366752,0.70000005,11.566666
136837,2022-10-02,TL44/12,35.957,11.366752,0.70000005,11.566666
136838,2022-10-02,SY68/34,63.72,11.366752,0.70000005,11.566666
136839,2022-10-02,SJ62/235,54.267,11.366752,0.70000005,11.566666
136840,2022-10-02,SU81/1,35.35,11.366752,0.70000005,11.566666
136841,2022-10-02,TR14/9,60.454,11.366752,0.70000005,11.566666
136842,2022-10-02,SU71/23,29.66,11.366752,0.70000005,11.566666
136843,2022-10-02,SK00/41,129.7,11.366752,0.70000005,11.566666
136844,2022-10-02,TA10/63,12.78,11.366752,0.70000005,11.566666
136845,2022-10-02,TQ25/86,86.9,11.366752,0.70000005,11.566666
136846,2022-10-02,SE94/5,12.82,11.366752,0.70000005,11.566666
136847,2022-10-02,SN00/11,6.9928,11.366752,0.70000005,11.566666
136848,2022-10-02,ST07/10,47.0365,11.366752,0.70000005,11.566666
136849,2022-10-03,TF81/2A,43.23,11.345917,0.1,13.453191
136850,2022-10-03,NY63/2,130.01,11.345917,0.1,13.453191
136851,2022-10-03,SE95/6,18.33,11.345917,0.1,13.453191
136852,2022-10-03,NO20/14,35.63,11.345917,0.1,13.453191
136853,2022-10-03,TL33/67,76.31,11.345917,0.1,13.453191
136854,2022-10-03,NH95/17,29.1,11.345917,0.1,13.453191
136855,2022-10-03,SJ15/13,79.46822,11.345917,0.1,13.453191
136856,2022-10-03,TL33/4,77.14,11.345917,0.1,13.453191
136857,2022-10-03,SU17/57,129.31,11.345917,0.1,13.453191
136858,2022-10-03,SU01/5B,69.07,11.345917,0.1,13.453191
136859,2022-10-03,ID30/1,113.69,11.345917,0.1,13.453191
136860,2022-10-03,TF03/37,10.49,11.345917,0.1,13.453191
136861,2022-10-03,TR14/9,60.403,11.345917,0.1,13.453191
136862,2022-10-03,TL44/12,35.939,11.345917,0.1,13.453191
136863,2022-10-03,SU71/23,29.64,11.345917,0.1,13.453191
136864,2022-10-03,SY68/34,63.7,11.345917,0.1,13.453191
136865,2022-10-03,SK00/41,129.69,11.345917,0.1,13.453191
136866,2022-10-03,TA10/63,12.76,11.345917,0.1,13.453191
136867,2022-10-03,SU81/1,35.32,11.345917,0.1,13.453191
136868,2022-10-03,ST07/10,47.0799,11.345917,0.1,13.453191
136869,2022-10-03,SE94/5,12.79,11.345917,0.1,13.453191
136870,2022-10-03,TQ25/86,86.86,11.345917,0.1,13.453191
136871,2022-10-03,SJ62/235,54.277,11.345917,0.1,13.453191
136872,2022-10-03,SP00/62,99.48,11.345917,0.1,13.453191
136873,2022-10-04,NO20/14,35.66,14.543831,15.500001,18.43057
136874,2022-10-04,ID30/1,113.72,14.543831,15.500001,18.43057
136875,2022-10-04,SU01/5B,69.06,14.543831,15.500001,18.43057
136876,2022-10-04,TF81/2A,43.22,14.543831,15.500001,18.43057
136877,2022-10-04,SU17/57,129.22,14.543831,15.500001,18.43057
136878,2022-10-04,SJ15/13,79.50978,14.543831,15.500001,18.43057
136879,2022-10-04,NY63/2,130.06,14.543831,15.500001,18.43057
136880,2022-10-04,TL33/67,76.32,14.543831,15.500001,18.43057
136881,2022-10-04,NH95/17,29.12,14.543831,15.500001,18.43057
136882,2022-10-04,SE95/6,18.32,14.543831,15.500001,18.43057
136883,2022-10-04,TL33/4,77.11,14.543831,15.500001,18.43057
136884,2022-10-04,SU81/1,35.28,14.543831,15.500001,18.43057
136885,2022-10-04,SK00/41,129.71,14.543831,15.500001,18.43057
136886,2022-10-04,TQ25/86,86.82,14.543831,15.500001,18.43057
136887,2022-10-04,ST07/10,46.9332,14.543831,15.500001,18.43057
136888,2022-10-04,SE94/5,12.79,14.543831,15.500001,18.43057
136889,2022-10-04,SN00/11,7.0202,14.543831,15.500001,18.43057
136890,2022-10-04,TL44/12,35.922,14.543831,15.500001,18.43057
136891,2022-10-04,SP00/62,99.47,14.543831,15.500001,18.43057
136892,2022-10-04,TR14/9,60.369,14.543831,15.500001,18.43057
136893,2022-10-04,SJ62/235,54.283,14.543831,15.500001,18.43057
136894,2022-10-04,SY68/34,63.69,14.543831,15.500001,18.43057
136895,2022-10-04,TA10/63,12.74,14.543831,15.500001,18.43057
136896,2022-10-04,SU71/23,29.62,14.543831,15.500001,18.43057
136897,2022-10-04,TF03/37,10.48,14.543831,15.500001,18.43057
136898,2022-10-05,TL33/4,77.09,12.073002,22.500002,16.8211
136899,2022-10-05,NO20/14,35.66,12.073002,22.500002,16.8211
136900,2022-10-05,NH95/17,29.13,12.073002,22.500002,16.8211
136901,2022-10-05,TL33/67,76.21,12.073002,22.500002,16.8211
136902,2022-10-05,SE95/6,18.32,12.073002,22.500002,16.8211
136903,2022-10-05,SJ15/13,79.54276,12.073002,22.500002,16.8211
136904,2022-10-05,SU01/5B,69.05,12.073002,22.500002,16.8211
136905,2022-10-05,NY63/2,130.09,12.073002,22.500002,16.8211
136906,2022-10-05,SU17/57,129.13,12.073002,22.500002,16.8211
136907,2022-10-05,ID30/1,113.92,12.073002,22.500002,16.8211
136908,2022-10-05,TF81/2A,43.2,12.073002,22.500002,16.8211
136909,2022-10-05,SY68/34,63.68,12.073002,22.500002,16.8211
136910,2022-10-05,SU71/23,29.6,12.073002,22.500002,16.8211
136911,2022-10-05,TA10/63,12.7,12.073002,22.500002,16.8211
136912,2022-10-05,SU81/1,35.23,12.073002,22.500002,16.8211
136913,2022-10-05,TF03/37,10.43,12.073002,22.500002,16.8211
136914,2022-10-05,SP00/62,99.46,12.073002,22.500002,16.8211
136915,2022-10-05,TQ25/86,86.77,12.073002,22.500002,16.8211
136916,2022-10-05,TL44/12,35.902,12.073002,22.500002,16.8211
136917,2022-10-05,SN00/11,7.1563,12.073002,22.500002,16.8211
136918,2022-10-05,SE94/5,12.74,12.073002,22.500002,16.8211
136919,2022-10-05,ST07/10,46.7948,12.073002,22.500002,16.8211
136920,2022-10-05,SJ62/235,54.266,12.073002,22.500002,16.8211
136921,2022-10-05,SK00/41,129.71,12.073002,22.500002,16.8211
136922,2022-10-05,TR14/9,60.314,12.073002,22.500002,16.8211
136923,2022-10-06,SE95/6,18.29,13.006335,2.1,20.285072
136924,2022-10-06,SJ15/13,79.49542,13.006335,2.1,20.285072
136925,2022-10-06,SU17/57,129.22,13.006335,2.1,20.285072
136926,2022-10-06,TL33/4,77.06,13.006335,2.1,20.285072
136927,2022-10-06,TL33/67,76.19,13.006335,2.1,20.285072
136928,2022-10-06,NH95/17,29.13,13.006335,2.1,20.285072
136929,2022-10-06,SU01/5B,69.02,13.006335,2.1,20.285072
136930,2022-10-06,TF81/2A,43.18,13.006335,2.1,20.285072
136931,2022-10-06,NY63/2,130.06,13.006335,2.1,20.285072
136932,2022-10-06,ID30/1,114.08,13.006335,2.1,20.285072
136933,2022-10-06,NO20/14,35.63,13.006335,2.1,20.285072
136934,2022-10-06,SU71/23,29.59,13.006335,2.1,20.285072
136935,2022-10-06,SP00/62,99.44,13.006335,2.1,20.285072
136936,2022-10-06,TQ25/86,86.74,13.006335,2.1,20.285072
136937,2022-10-06,TA10/63,12.68,13.006335,2.1,20.285072
136938,2022-10-06,ST07/10,46.7087,13.006335,2.1,20.285072
136939,2022-10-06,SY68/34,63.67,13.006335,2.1,20.285072
136940,2022-10-06,SN00/11,7.2324,13.006335,2.1,20.285072
136941,2022-10-06,TL44/12,35.885,13.006335,2.1,20.285072
136942,2022-10-06,SU81/1,35.17,13.006335,2.1,20.285072
136943,2022-10-06,SE94/5,12.75,13.006335,2.1,20.285072
136944,2022-10-06,TR14/9,60.267,13.006335,2.1,20.285072
136945,2022-10-06,TF03/37,10.42,13.006335,2.1,20.285072
136946,2022-10-06,SJ62/235,54.27,13.006335,2.1,20.285072
136947,2022-10-06,SK00/41,129.69,13.006335,2.1,20.285072
136948,2022-10-07,NY63/2,130.06,11.837585,13.400001,19.24903
136949,2022-10-07,SU17/57,129.21,11.837585,13.400001,19.24903
136950,2022-10-07,SJ15/13,79.518,11.837585,13.400001,19.24903
136951,2022-10-07,TF81/2A,43.17,11.837585,13.400001,19.24903
136952,2022-10-07,SE95/6,18.29,11.837585,13.400001,19.24903
136953,2022-10-07,SU01/5B,68.99,11.837585,13.400001,19.24903
136954,2022-10-07,TL33/4,77.03,11.837585,13.400001,19.24903
136955,2022-10-07,NO20/14,35.65,11.837585,13.400001,19.24903
136956,2022-10-07,TL33/67,76.21,11.837585,13.400001,19.24903
136957,2022-10-07,NH95/17,29.13,11.837585,13.400001,19.24903
136958,2022-10-07,ID30/1,114.25,11.837585,13.400001,19.24903
136959,2022-10-07,SK00/41,129.69,11.837585,13.400001,19.24903
136960,2022-10-07,TA10/63,12.65,11.837585,13.400001,19.24903
136961,2022-10-07,SJ62/235,54.271,11.837585,13.400001,19.24903
136962,2022-10-07,SU71/23,29.57,11.837585,13.400001,19.24903
136963,2022-10-07,SY68/34,63.66,11.837585,13.400001,19.24903
136964,2022-10-07,SE94/5,12.7,11.837585,13.400001,19.24903
136965,2022-10-07,TR14/9,60.225,11.837585,13.400001,19.24903
136966,2022-10-07,SP00/62,99.44,11.837585,13.400001,19.24903
136967,2022-10-07,SU81/1,35.14,11.837585,13.400001,19.24903
136968,2022-10-07,SN00/11,7.2863,11.837585,13.400001,19.24903
136969,2022-10-07,TQ25/86,86.69,11.837585,13.400001,19.24903
136970,2022-10-07,TF03/37,10.41,11.837585,13.400001,19.24903
136971,2022-10-07,TL44/12,35.867,11.837585,13.400001,19.24903
136972,2022-10-07,ST07/10,46.6107,11.837585,13.400001,19.24903
136973,2022-10-08,NO20/14,35.64,10.004251,0.7,12.762171
136974,2022-10-08,NH95/17,29.11,10.004251,0.7,12.762171
136975,2022-10-08,SE95/6,18.26,10.004251,0.7,12.762171
136976,2022-10-08,SU01/5B,68.98,10.004251,0.7,12.762171
136977,2022-10-08,TL33/67,76.14,10.004251,0.7,12.762171
136978,2022-10-08,TF81/2A,43.15,10.004251,0.7,12.762171
136979,2022-10-08,SJ15/13,79.51678,10.004251,0.7,12.762171
136980,2022-10-08,NY63/2,130.09,10.004251,0.7,12.762171
136981,2022-10-08,SU17/57,129.14,10.004251,0.7,12.762171
136982,2022-10-08,TL33/4,77.0,10.004251,0.7,12.762171
136983,2022-10-08,ID30/1,114.4,10.004251,0.7,12.762171
136984,2022-10-08,TF03/37,10.39,10.004251,0.7,12.762171
136985,2022-10-08,SP00/62,99.44,10.004251,0.7,12.762171
136986,2022-10-08,SJ62/235,54.267,10.004251,0.7,12.762171
136987,2022-10-08,TR14/9,60.167,10.004251,0.7,12.762171
136988,2022-10-08,SY68/34,63.64,10.004251,0.7,12.762171
136989,2022-10-08,SK00/41,129.68,10.004251,0.7,12.762171
136990,2022-10-08,TL44/12,35.852,10.004251,0.7,12.762171
136991,2022-10-08,ST07/10,46.5109,10.004251,0.7,12.762171
136992,2022-10-08,TA10/63,12.62,10.004251,0.7,12.762171
136993,2022-10-08,SU71/23,29.55,10.004251,0.7,12.762171
136994,2022-10-08,SN00/11,7.3084,10.004251,0.7,12.762171
136995,2022-10-08,TQ25/86,86.66,10.004251,0.7,12.762171
136996,2022-10-08,SE94/5,12.71,10.004251,0.7,12.762171
136997,2022-10-08,SU81/1,35.09,10.004251,0.7,12.762171
136998,2022-10-09,NO20/14,35.67,11.14175,18.599998,21.48789
136999,2022-10-09,TL33/4,76.97,11.14175,18.599998,21.48789
137000,2022-10-09,TL33/67,76.18,11.14175,18.599998,21.48789
137001,2022-10-09,NY63/2,130.07,11.14175,18.599998,21.48789
137002,2022-10-09,SU17/57,129.16,11.14175,18.599998,21.48789
137003,2022-10-09,SE95/6,18.24,11.14175,18.599998,21.48789
137004,2022-10-09,TF81/2A,43.14,11.14175,18.599998,21.48789
137005,2022-10-09,NH95/17,29.13,11.14175,18.599998,21.48789
137006,2022-10-09,ID30/1,114.54,11.14175,18.599998,21.48789
137007,2022-10-09,SU01/5B,68.96,11.14175,18.599998,21.48789
137008,2022-10-09,SJ15/13,79.52379,11.14175,18.599998,21.48789
137009,2022-10-09,SU71/23,29.53,11.14175,18.599998,21.48789
137010,2022-10-09,SY68/34,63.63,11.14175,18.599998,21.48789
137011,2022-10-09,SK00/41,129.69,11.14175,18.599998,21.48789
137012,2022-10-09,SE94/5,12.66,11.14175,18.599998,21.48789
137013,2022-10-09,TQ25/86,86.62,11.14175,18.599998,21.48789
137014,2022-10-09,TA10/63,12.6,11.14175,18.599998,21.48789
137015,2022-10-09,SN00/11,7.3148,11.14175,18.599998,21.48789
137016,2022-10-09,TL44/12,35.836,11.14175,18.599998,21.48789
137017,2022-10-09,SU81/1,35.05,11.14175,18.599998,21.48789
137018,2022-10-09,SP00/62,99.43,11.14175,18.599998,21.48789
137019,2022-10-09,ST07/10,46.4376,11.14175,18.599998,21.48789
137020,2022-10-09,TF03/37,10.41,11.14175,18.599998,21.48789
137021,2022-10-09,TR14/9,60.135,11.14175,18.599998,21.48789
137022,2022-10-09,SJ62/235,54.278,11.14175,18.599998,21.48789
137023,2022-10-10,NY63/2,130.1,9.518834,0.3,14.372681
137024,2022-10-10,TL33/4,76.94,9.518834,0.3,14.372681
137025,2022-10-10,ID30/1,114.79,9.518834,0.3,14.372681
137026,2022-10-10,NH95/17,29.12,9.518834,0.3,14.372681
137027,2022-10-10,SU17/57,129.02,9.518834,0.3,14.372681
137028,2022-10-10,SJ15/13,79.54279,9.518834,0.3,14.372681
137029,2022-10-10,SU01/5B,68.95,9.518834,0.3,14.372681
137030,2022-10-10,TF81/2A,43.12,9.518834,0.3,14.372681
137031,2022-10-10,TL33/67,76.04,9.518834,0.3,14.372681
137032,2022-10-10,NO20/14,35.64,9.518834,0.3,14.372681
137033,2022-10-10,SE95/6,18.24,9.518834,0.3,14.372681
137034,2022-10-10,SU81/1,35.0,9.518834,0.3,14.372681
137035,2022-10-10,SJ62/235,54.261,9.518834,0.3,14.372681
137036,2022-10-10,SN00/11,7.2957,9.518834,0.3,14.372681
137037,2022-10-10,SP00/62,99.42,9.518834,0.3,14.372681
137038,2022-10-10,ST07/10,46.3542,9.518834,0.3,14.372681
137039,2022-10-10,TQ25/86,86.58,9.518834,0.3,14.372681
137040,2022-10-10,TL44/12,35.819,9.518834,0.3,14.372681
137041,2022-10-10,SY68/34,63.62,9.518834,0.3,14.372681
137042,2022-10-10,TF03/37,10.34,9.518834,0.3,14.372681
137043,2022-10-10,SK00/41,129.68,9.518834,0.3,14.372681
137044,2022-10-10,SE94/5,12.64,9.518834,0.3,14.372681
137045,2022-10-10,SU71/23,29.51,9.518834,0.3,14.372681
137046,2022-10-10,TR14/9,60.075,9.518834,0.3,14.372681
137047,2022-10-10,TA10/63,12.57,9.518834,0.3,14.372681
137048,2022-10-11,NH95/17,29.11,9.5771675,0.8,9.438923
137049,2022-10-11,SU01/5B,68.92,9.5771675,0.8,9.438923
137050,2022-10-11,NO20/14,35.64,9.5771675,0.8,9.438923
137051,2022-10-11,NY63/2,130.04,9.5771675,0.8,9.438923
137052,2022-10-11,SJ15/13,79.49659,9.5771675,0.8,9.438923
137053,2022-10-11,TF81/2A,43.11,9.5771675,0.8,9.438923
137054,2022-10-11,SE95/6,18.21,9.5771675,0.8,9.438923
137055,2022-10-11,ID30/1,114.94,9.5771675,0.8,9.438923
137056,2022-10-11,TL33/67,76.05,9.5771675,0.8,9.438923
137057,2022-10-11,TL33/4,76.91,9.5771675,0.8,9.438923
137058,2022-10-11,SU17/57,129.17,9.5771675,0.8,9.438923
137059,2022-10-11,TR14/9,60.02,9.5771675,0.8,9.438923
137060,2022-10-11,TL44/12,35.804,9.5771675,0.8,9.438923
137061,2022-10-11,SU81/1,34.95,9.5771675,0.8,9.438923
137062,2022-10-11,SU71/23,29.49,9.5771675,0.8,9.438923
137063,2022-10-11,TF03/37,10.32,9.5771675,0.8,9.438923
137064,2022-10-11,SY68/34,63.6,9.5771675,0.8,9.438923
137065,2022-10-11,TQ25/86,86.56,9.5771675,0.8,9.438923
137066,2022-10-11,SJ62/235,54.267,9.5771675,0.8,9.438923
137067,2022-10-11,SK00/41,129.67,9.5771675,0.8,9.438923
137068,2022-10-11,TA10/63,12.55,9.5771675,0.8,9.438923
137069,2022-10-11,SP00/62,99.42,9.5771675,0.8,9.438923
137070,2022-10-11,SE94/5,12.65,9.5771675,0.8,9.438923
137071,2022-10-11,ST07/10,46.2987,9.5771675,0.8,9.438923
137072,2022-10-11,SN00/11,7.2755,9.5771675,0.8,9.438923
137073,2022-10-12,ID30/1,114.93,10.787583,2.8000002,14.149418
137074,2022-10-12,SE95/6,18.21,10.787583,2.8000002,14.149418
137075,2022-10-12,SU17/57,129.12,10.787583,2.8000002,14.149418
137076,2022-10-12,NH95/17,29.11,10.787583,2.8000002,14.149418
137077,2022-10-12,SU01/5B,68.89,10.787583,2.8000002,14.149418
137078,2022-10-12,NY63/2,130.06,10.787583,2.8000002,14.149418
137079,2022-10-12,TL33/67,76.06,10.787583,2.8000002,14.149418
137080,2022-10-12,NO20/14,35.66,10.787583,2.8000002,14.149418
137081,2022-10-12,TL33/4,76.88,10.787583,2.8000002,14.149418
137082,2022-10-12,SJ15/13,79.51953,10.787583,2.8000002,14.149418
137083,2022-10-12,TF81/2A,43.1,10.787583,2.8000002,14.149418
137084,2022-10-12,SK00/41,129.68,10.787583,2.8000002,14.149418
137085,2022-10-12,TA10/63,12.53,10.787583,2.8000002,14.149418
137086,2022-10-12,SU71/23,29.47,10.787583,2.8000002,14.149418
137087,2022-10-12,TR14/9,59.977,10.787583,2.8000002,14.149418
137088,2022-10-12,SU81/1,34.91,10.787583,2.8000002,14.149418
137089,2022-10-12,TF03/37,10.31,10.787583,2.8000002,14.149418
137090,2022-10-12,ST07/10,46.2401,10.787583,2.8000002,14.149418
137091,2022-10-12,SY68/34,63.59,10.787583,2.8000002,14.149418
137092,2022-10-12,TL44/12,35.791,10.787583,2.8000002,14.149418
137093,2022-10-12,TQ25/86,86.54,10.787583,2.8000002,14.149418
137094,2022-10-12,SE94/5,12.62,10.787583,2.8000002,14.149418
137095,2022-10-12,SN00/11,7.2652,10.787583,2.8000002,14.149418
137096,2022-10-12,SJ62/235,54.271,10.787583,2.8000002,14.149418
137097,2022-10-12,SP00/62,99.41,10.787583,2.8000002,14.149418
137098,2022-10-13,NO20/14,35.65,8.958417,1.2,9.885181
137099,2022-10-13,NY63/2,130.07,8.958417,1.2,9.885181
137100,2022-10-13,SU17/57,129.04,8.958417,1.2,9.885181
137101,2022-10-13,NH95/17,29.11,8.958417,1.2,9.885181
137102,2022-10-13,SU01/5B,68.88,8.958417,1.2,9.885181
137103,2022-10-13,SE95/6,18.21,8.958417,1.2,9.885181
137104,2022-10-13,ID30/1,114.82,8.958417,1.2,9.885181
137105,2022-10-13,TF81/2A,43.08,8.958417,1.2,9.885181
137106,2022-10-13,TL33/4,76.85,8.958417,1.2,9.885181
137107,2022-10-13,TL33/67,76.04,8.958417,1.2,9.885181
137108,2022-10-13,SJ15/13,79.52168,8.958417,1.2,9.885181
137109,2022-10-13,TR14/9,59.93,8.958417,1.2,9.885181
137110,2022-10-13,TQ25/86,86.51,8.958417,1.2,9.885181
137111,2022-10-13,SN00/11,7.2471,8.958417,1.2,9.885181
137112,2022-10-13,SU71/23,29.45,8.958417,1.2,9.885181
137113,2022-10-13,TA10/63,12.5,8.958417,1.2,9.885181
137114,2022-10-13,SU81/1,34.87,8.958417,1.2,9.885181
137115,2022-10-13,SE94/5,12.61,8.958417,1.2,9.885181
137116,2022-10-13,SY68/34,63.58,8.958417,1.2,9.885181
137117,2022-10-13,SP00/62,99.4,8.958417,1.2,9.885181
137118,2022-10-13,SJ62/235,54.271,8.958417,1.2,9.885181
137119,2022-10-13,ST07/10,46.1842,8.958417,1.2,9.885181
137120,2022-10-13,SK00/41,129.68,8.958417,1.2,9.885181
137121,2022-10-13,TF03/37,10.29,8.958417,1.2,9.885181
137122,2022-10-13,TL44/12,35.78,8.958417,1.2,9.885181
137123,2022-10-14,SJ15/13,79.53674,9.80425,0.70000005,11.167836
137124,2022-10-14,TF81/2A,43.07,9.80425,0.70000005,11.167836
137125,2022-10-14,SU01/5B,68.86,9.80425,0.70000005,11.167836
137126,2022-10-14,TL33/67,76.04,9.80425,0.70000005,11.167836
137127,2022-10-14,NH95/17,29.12,9.80425,0.70000005,11.167836
137128,2022-10-14,SU17/57,128.98,9.80425,0.70000005,11.167836
137129,2022-10-14,TL33/4,76.82,9.80425,0.70000005,11.167836
137130,2022-10-14,NY63/2,130.08,9.80425,0.70000005,11.167836
137131,2022-10-14,NO20/14,35.66,9.80425,0.70000005,11.167836
137132,2022-10-14,ID30/1,114.74,9.80425,0.70000005,11.167836
137133,2022-10-14,SE95/6,18.18,9.80425,0.70000005,11.167836
137134,2022-10-14,TL44/12,35.77,9.80425,0.70000005,11.167836
137135,2022-10-14,TA10/63,12.48,9.80425,0.70000005,11.167836
137136,2022-10-14,TQ25/86,86.48,9.80425,0.70000005,11.167836
137137,2022-10-14,SU81/1,34.84,9.80425,0.70000005,11.167836
137138,2022-10-14,SK00/41,129.69,9.80425,0.70000005,11.167836
137139,2022-10-14,SP00/62,99.4,9.80425,0.70000005,11.167836
137140,2022-10-14,ST07/10,46.1307,9.80425,0.70000005,11.167836
137141,2022-10-14,SY68/34,63.57,9.80425,0.70000005,11.167836
137142,2022-10-14,SE94/5,12.59,9.80425,0.70000005,11.167836
137143,2022-10-14,TR14/9,59.898,9.80425,0.70000005,11.167836
137144,2022-10-14,SJ62/235,54.275,9.80425,0.70000005,11.167836
137145,2022-10-14,SU71/23,29.43,9.80425,0.70000005,11.167836
137146,2022-10-14,SN00/11,7.2508,9.80425,0.70000005,11.167836
137147,2022-10-14,TF03/37,10.29,9.80425,0.70000005,11.167836
137148,2022-10-15,NY63/2,130.09,9.156334,14.599999,19.889399
137149,2022-10-15,ID30/1,114.65,9.156334,14.599999,19.889399
137150,2022-10-15,NO20/14,35.67,9.156334,14.599999,19.889399
137151,2022-10-15,SU17/57,128.88,9.156334,14.599999,19.889399
137152,2022-10-15,TL33/4,76.79,9.156334,14.599999,19.889399
137153,2022-10-15,TF81/2A,43.05,9.156334,14.599999,19.889399
137154,2022-10-15,SU01/5B,68.85,9.156334,14.599999,19.889399
137155,2022-10-15,NH95/17,29.14,9.156334,14.599999,19.889399
137156,2022-10-15,SE95/6,18.17,9.156334,14.599999,19.889399
137157,2022-10-15,TL33/67,75.99,9.156334,14.599999,19.889399
137158,2022-10-15,SJ15/13,79.55995,9.156334,14.599999,19.889399
137159,2022-10-15,TR14/9,59.854,9.156334,14.599999,19.889399
137160,2022-10-15,SY68/34,63.56,9.156334,14.599999,19.889399
137161,2022-10-15,SE94/5,12.57,9.156334,14.599999,19.889399
137162,2022-10-15,TL44/12,35.756,9.156334,14.599999,19.889399
137163,2022-10-15,SU71/23,29.41,9.156334,14.599999,19.889399
137164,2022-10-15,SU81/1,34.8,9.156334,14.599999,19.889399
137165,2022-10-15,TA10/63,12.45,9.156334,14.599999,19.889399
137166,2022-10-15,SJ62/235,54.269,9.156334,14.599999,19.889399
137167,2022-10-15,TF03/37,10.3,9.156334,14.599999,19.889399
137168,2022-10-15,TQ25/86,86.45,9.156334,14.599999,19.889399
137169,2022-10-15,ST07/10,46.1506,9.156334,14.599999,19.889399
137170,2022-10-15,SP00/62,99.39,9.156334,14.599999,19.889399
137171,2022-10-15,SK00/41,129.7,9.156334,14.599999,19.889399
137172,2022-10-15,SN00/11,7.2922,9.156334,14.599999,19.889399
137173,2022-10-16,NY63/2,130.11,9.581334,1.4000001,16.595778
137174,2022-10-16,TL33/4,76.77,9.581334,1.4000001,16.595778
137175,2022-10-16,SU17/57,128.86,9.581334,1.4000001,16.595778
137176,2022-10-16,NH95/17,29.12,9.581334,1.4000001,16.595778
137177,2022-10-16,ID30/1,114.52,9.581334,1.4000001,16.595778
137178,2022-10-16,SU01/5B,68.84,9.581334,1.4000001,16.595778
137179,2022-10-16,TF81/2A,43.04,9.581334,1.4000001,16.595778
137180,2022-10-16,NO20/14,35.64,9.581334,1.4000001,16.595778
137181,2022-10-16,SJ15/13,79.54926,9.581334,1.4000001,16.595778
137182,2022-10-16,SE95/6,18.17,9.581334,1.4000001,16.595778
137183,2022-10-16,TL33/67,75.94,9.581334,1.4000001,16.595778
137184,2022-10-16,SN00/11,7.3416,9.581334,1.4000001,16.595778
137185,2022-10-16,SJ62/235,54.261,9.581334,1.4000001,16.595778
137186,2022-10-16,SP00/62,99.39,9.581334,1.4000001,16.595778
137187,2022-10-16,TA10/63,12.42,9.581334,1.4000001,16.595778
137188,2022-10-16,TF03/37,10.32,9.581334,1.4000001,16.595778
137189,2022-10-16,SU81/1,34.76,9.581334,1.4000001,16.595778
137190,2022-10-16,TR14/9,59.812,9.581334,1.4000001,16.595778
137191,2022-10-16,TQ25/86,86.41,9.581334,1.4000001,16.595778
137192,2022-10-16,SK00/41,129.68,9.581334,1.4000001,16.595778
137193,2022-10-16,SU71/23,29.4,9.581334,1.4000001,16.595778
137194,2022-10-16,SY68/34,63.55,9.581334,1.4000001,16.595778
137195,2022-10-16,TL44/12,35.74,9.581334,1.4000001,16.595778
137196,2022-10-16,SE94/5,12.55,9.581334,1.4000001,16.595778
137197,2022-10-16,ST07/10,46.2723,9.581334,1.4000001,16.595778
137198,2022-10-17,SU01/5B,68.81,12.252167,4.8,22.303707
137199,2022-10-17,TL33/4,76.74,12.252167,4.8,22.303707
137200,2022-10-17,TF81/2A,43.01,12.252167,4.8,22.303707
137201,2022-10-17,NH95/17,29.11,12.252167,4.8,22.303707
137202,2022-10-17,TL33/67,75.82,12.252167,4.8,22.303707
137203,2022-10-17,SU17/57,128.88,12.252167,4.8,22.303707
137204,2022-10-17,SE95/6,18.15,12.252167,4.8,22.303707
137205,2022-10-17,NY63/2,130.09,12.252167,4.8,22.303707
137206,2022-10-17,ID30/1,114.63,12.252167,4.8,22.303707
137207,2022-10-17,SJ15/13,79.53658,12.252167,4.8,22.303707
137208,2022-10-17,NO20/14,35.65,12.252167,4.8,22.303707
137209,2022-10-17,TF03/37,10.26,12.252167,4.8,22.303707
137210,2022-10-17,TQ25/86,86.37,12.252167,4.8,22.303707
137211,2022-10-17,TL44/12,35.722,12.252167,4.8,22.303707
137212,2022-10-17,SJ62/235,54.249,12.252167,4.8,22.303707
137213,2022-10-17,SU71/23,29.37,12.252167,4.8,22.303707
137214,2022-10-17,TA10/63,12.39,12.252167,4.8,22.303707
137215,2022-10-17,SN00/11,7.3599,12.252167,4.8,22.303707
137216,2022-10-17,TR14/9,59.759,12.252167,4.8,22.303707
137217,2022-10-17,SY68/34,63.54,12.252167,4.8,22.303707
137218,2022-10-17,SP00/62,99.39,12.252167,4.8,22.303707
137219,2022-10-17,ST07/10,46.2165,12.252167,4.8,22.303707
137220,2022-10-17,SE94/5,12.52,12.252167,4.8,22.303707
137221,2022-10-17,SU81/1,34.73,12.252167,4.8,22.303707
137222,2022-10-17,SK00/41,129.66,12.252167,4.8,22.303707
137223,2022-10-18,NH95/17,29.08,10.002168,0.2,6.8720474
137224,2022-10-18,SE95/6,18.13,10.002168,0.2,6.8720474
137225,2022-10-18,SU01/5B,68.77,10.002168,0.2,6.8720474
137226,2022-10-18,NY63/2,130.04,10.002168,0.2,6.8720474
137227,2022-10-18,SU17/57,129.03,10.002168,0.2,6.8720474
137228,2022-10-18,NO20/14,35.61,10.002168,0.2,6.8720474
137229,2022-10-18,TL33/4,76.71,10.002168,0.2,6.8720474
137230,2022-10-18,ID30/1,114.69,10.002168,0.2,6.8720474
137231,2022-10-18,TF81/2A,43.0,10.002168,0.2,6.8720474
137232,2022-10-18,TL33/67,75.82,10.002168,0.2,6.8720474
137233,2022-10-18,SJ15/13,79.477,10.002168,0.2,6.8720474
137234,2022-10-18,SK00/41,129.65,10.002168,0.2,6.8720474
137235,2022-10-18,ST07/10,46.1315,10.002168,0.2,6.8720474
137236,2022-10-18,TL44/12,35.707,10.002168,0.2,6.8720474
137237,2022-10-18,SU81/1,34.69,10.002168,0.2,6.8720474
137238,2022-10-18,SN00/11,7.3796,10.002168,0.2,6.8720474
137239,2022-10-18,SU71/23,29.35,10.002168,0.2,6.8720474
137240,2022-10-18,TF03/37,10.25,10.002168,0.2,6.8720474
137241,2022-10-18,SE94/5,12.5,10.002168,0.2,6.8720474
137242,2022-10-18,TA10/63,12.36,10.002168,0.2,6.8720474
137243,2022-10-18,SJ62/235,54.252,10.002168,0.2,6.8720474
137244,2022-10-18,TQ25/86,86.35,10.002168,0.2,6.8720474
137245,2022-10-18,SP00/62,99.39,10.002168,0.2,6.8720474
137246,2022-10-18,TR14/9,59.708,10.002168,0.2,6.8720474
137247,2022-10-18,SY68/34,63.53,10.002168,0.2,6.8720474
137248,2022-10-19,ID30/1,114.77,10.427167,0.0,19.579216
137249,2022-10-19,NO20/14,35.65,10.427167,0.0,19.579216
137250,2022-10-19,TL33/4,76.68,10.427167,0.0,19.579216
137251,2022-10-19,NY63/2,130.03,10.427167,0.0,19.579216
137252,2022-10-19,SU01/5B,68.75,10.427167,0.0,19.579216
137253,2022-10-19,SU17/57,129.01,10.427167,0.0,19.579216
137254,2022-10-19,TL33/67,75.9,10.427167,0.0,19.579216
137255,2022-10-19,NH95/17,29.1,10.427167,0.0,19.579216
137256,2022-10-19,SE95/6,18.12,10.427167,0.0,19.579216
137257,2022-10-19,TF81/2A,42.99,10.427167,0.0,19.579216
137258,2022-10-19,SJ15/13,79.48316,10.427167,0.0,19.579216
137259,2022-10-19,SU81/1,34.67,10.427167,0.0,19.579216
137260,2022-10-19,TR14/9,59.671,10.427167,0.0,19.579216
137261,2022-10-19,SK00/41,129.66,10.427167,0.0,19.579216
137262,2022-10-19,TQ25/86,86.33,10.427167,0.0,19.579216
137263,2022-10-19,TL44/12,35.695,10.427167,0.0,19.579216
137264,2022-10-19,SU71/23,29.33,10.427167,0.0,19.579216
137265,2022-10-19,SP00/62,99.39,10.427167,0.0,19.579216
137266,2022-10-19,SY68/34,63.52,10.427167,0.0,19.579216
137267,2022-10-19,ST07/10,46.0651,10.427167,0.0,19.579216
137268,2022-10-19,TF03/37,10.27,10.427167,0.0,19.579216
137269,2022-10-19,SE94/5,12.48,10.427167,0.0,19.579216
137270,2022-10-19,SJ62/235,54.266,10.427167,0.0,19.579216
137271,2022-10-19,TA10/63,12.35,10.427167,0.0,19.579216
137272,2022-10-19,SN00/11,7.4027,10.427167,0.0,19.579216
137273,2022-10-20,NY63/2,130.1,11.973001,19.0,7.978099
137274,2022-10-20,NO20/14,35.69,11.973001,19.0,7.978099
137275,2022-10-20,SJ15/13,79.53137,11.973001,19.0,7.978099
137276,2022-10-20,ID30/1,115.17,11.973001,19.0,7.978099
137277,2022-10-20,SE95/6,18.11,11.973001,19.0,7.978099
137278,2022-10-20,TL33/67,75.89,11.973001,19.0,7.978099
137279,2022-10-20,SU17/57,128.85,11.973001,19.0,7.978099
137280,2022-10-20,NH95/17,29.13,11.973001,19.0,7.978099
137281,2022-10-20,TF81/2A,42.98,11.973001,19.0,7.978099
137282,2022-10-20,TL33/4,76.67,11.973001,19.0,7.978099
137283,2022-10-20,SU01/5B,68.75,11.973001,19.0,7.978099
137284,2022-10-20,SN00/11,7.4189,11.973001,19.0,7.978099
137285,2022-10-20,SK00/41,129.68,11.973001,19.0,7.978099
137286,2022-10-20,TR14/9,59.638,11.973001,19.0,7.978099
137287,2022-10-20,TQ25/86,86.3,11.973001,19.0,7.978099
137288,2022-10-20,SU71/23,29.31,11.973001,19.0,7.978099
137289,2022-10-20,SY68/34,63.51,11.973001,19.0,7.978099
137290,2022-10-20,ST07/10,45.997,11.973001,19.0,7.978099
137291,2022-10-20,SE94/5,12.42,11.973001,19.0,7.978099
137292,2022-10-20,SP00/62,99.38,11.973001,19.0,7.978099
137293,2022-10-20,SJ62/235,54.269,11.973001,19.0,7.978099
137294,2022-10-20,TA10/63,12.33,11.973001,19.0,7.978099
137295,2022-10-20,TF03/37,10.24,11.973001,19.0,7.978099
137296,2022-10-20,SU81/1,34.64,11.973001,19.0,7.978099
137297,2022-10-20,TL44/12,35.684,11.973001,19.0,7.978099
137298,2022-10-21,ID30/1,115.45,12.458419,1.2,13.637108
137299,2022-10-21,NY63/2,130.16,12.458419,1.2,13.637108
137300,2022-10-21,TL33/4,76.64,12.458419,1.2,13.637108
137301,2022-10-21,NO20/14,35.7,12.458419,1.2,13.637108
137302,2022-10-21,SE95/6,18.1,12.458419,1.2,13.637108
137303,2022-10-21,SU17/57,128.76,12.458419,1.2,13.637108
137304,2022-10-21,TM15/112,24.96,12.458419,1.2,13.637108
137305,2022-10-21,SU01/5B,68.74,12.458419,1.2,13.637108
137306,2022-10-21,TF81/2A,42.97,12.458419,1.2,13.637108
137307,2022-10-21,TL33/67,75.84,12.458419,1.2,13.637108
137308,2022-10-21,SJ15/13,79.55332,12.458419,1.2,13.637108
137309,2022-10-21,NH95/17,29.15,12.458419,1.2,13.637108
137310,2022-10-21,SN00/11,7.4222,12.458419,1.2,13.637108
137311,2022-10-21,SK00/41,129.69,12.458419,1.2,13.637108
137312,2022-10-21,SP00/62,99.43,12.458419,1.2,13.637108
137313,2022-10-21,SU71/23,29.29,12.458419,1.2,13.637108
137314,2022-10-21,SE94/5,12.37,12.458419,1.2,13.637108
137315,2022-10-21,TQ25/86,86.26,12.458419,1.2,13.637108
137316,2022-10-21,TF03/37,10.21,12.458419,1.2,13.637108
137317,2022-10-21,TL44/12,35.669,12.458419,1.2,13.637108
137318,2022-10-21,TR14/9,59.595,12.458419,1.2,13.637108
137319,2022-10-21,TA10/63,12.3,12.458419,1.2,13.637108
137320,2022-10-21,ST07/10,46.0661,12.458419,1.2,13.637108
137321,2022-10-21,SJ62/235,54.263,12.458419,1.2,13.637108
137322,2022-10-21,SY68/34,63.53,12.458419,1.2,13.637108
137323,2022-10-21,SU81/1,34.6,12.458419,1.2,13.637108
137324,2022-10-21,TV59/7C,2.39,12.458419,1.2,13.637108
137325,2022-10-22,TF81/2A,42.95,12.914668,1.5000001,13.926935
137326,2022-10-22,SU17/57,128.74,12.914668,1.5000001,13.926935
137327,2022-10-22,SU01/5B,68.73,12.914668,1.5000001,13.926935
137328,2022-10-22,NH95/17,29.14,12.914668,1.5000001,13.926935
137329,2022-10-22,TL33/67,75.76,12.914668,1.5000001,13.926935
137330,2022-10-22,SJ15/13,79.54495,12.914668,1.5000001,13.926935
137331,2022-10-22,NO20/14,35.68,12.914668,1.5000001,13.926935
137332,2022-10-22,TL33/4,76.61,12.914668,1.5000001,13.926935
137333,2022-10-22,ID30/1,115.69,12.914668,1.5000001,13.926935
137334,2022-10-22,SE95/6,18.1,12.914668,1.5000001,13.926935
137335,2022-10-22,NY63/2,130.17,12.914668,1.5000001,13.926935
137336,2022-10-22,TQ25/86,86.26,12.914668,1.5000001,13.926935
137337,2022-10-22,SU81/1,34.54,12.914668,1.5000001,13.926935
137338,2022-10-22,SU71/23,29.27,12.914668,1.5000001,13.926935
137339,2022-10-22,SJ62/235,54.252,12.914668,1.5000001,13.926935
137340,2022-10-22,TF03/37,10.21,12.914668,1.5000001,13.926935
137341,2022-10-22,TR14/9,59.544,12.914668,1.5000001,13.926935
137342,2022-10-22,ST07/10,46.2264,12.914668,1.5000001,13.926935
137343,2022-10-22,SY68/34,63.56,12.914668,1.5000001,13.926935
137344,2022-10-22,TA10/63,12.28,12.914668,1.5000001,13.926935
137345,2022-10-22,SK00/41,129.67,12.914668,1.5000001,13.926935
137346,2022-10-22,SE94/5,12.38,12.914668,1.5000001,13.926935
137347,2022-10-22,TL44/12,35.656,12.914668,1.5000001,13.926935
137348,2022-10-22,SP00/62,99.47,12.914668,1.5000001,13.926935
137349,2022-10-22,SN00/11,7.4303,12.914668,1.5000001,13.926935
137350,2022-10-23,SU01/5B,68.71,12.777167,7.399999,10.792227
137351,2022-10-23,TF81/2A,42.94,12.777167,7.399999,10.792227
137352,2022-10-23,NO20/14,35.7,12.777167,7.399999,10.792227
137353,2022-10-23,NY63/2,130.13,12.777167,7.399999,10.792227
137354,2022-10-23,ID30/1,115.84,12.777167,7.399999,10.792227
137355,2022-10-23,TL33/67,75.83,12.777167,7.399999,10.792227
137356,2022-10-23,SE95/6,18.09,12.777167,7.399999,10.792227
137357,2022-10-23,SU17/57,128.79,12.777167,7.399999,10.792227
137358,2022-10-23,TL33/4,76.59,12.777167,7.399999,10.792227
137359,2022-10-23,SJ15/13,79.52421,12.777167,7.399999,10.792227
137360,2022-10-23,NH95/17,29.15,12.777167,7.399999,10.792227
137361,2022-10-23,ST07/10,46.9983,12.777167,7.399999,10.792227
137362,2022-10-23,TL44/12,35.643,12.777167,7.399999,10.792227
137363,2022-10-23,SU71/23,29.25,12.777167,7.399999,10.792227
137364,2022-10-23,SE94/5,12.37,12.777167,7.399999,10.792227
137365,2022-10-23,SJ62/235,54.264,12.777167,7.399999,10.792227
137366,2022-10-23,TA10/63,12.26,12.777167,7.399999,10.792227
137367,2022-10-23,SY68/34,63.64,12.777167,7.399999,10.792227
137368,2022-10-23,SP00/62,99.62,12.777167,7.399999,10.792227
137369,2022-10-23,TF03/37,10.28,12.777167,7.399999,10.792227
137370,2022-10-23,SK00/41,129.68,12.777167,7.399999,10.792227
137371,2022-10-23,TQ25/86,86.23,12.777167,7.399999,10.792227
137372,2022-10-23,SN00/11,7.4838,12.777167,7.399999,10.792227
137373,2022-10-23,SU81/1,34.53,12.777167,7.399999,10.792227
137374,2022-10-23,TR14/9,59.526,12.777167,7.399999,10.792227
137375,2022-10-24,SJ15/13,79.54626,11.310501,1.5000001,8.584716
137376,2022-10-24,TL33/4,76.56,11.310501,1.5000001,8.584716
137377,2022-10-24,NY63/2,130.18,11.310501,1.5000001,8.584716
137378,2022-10-24,SU17/57,128.64,11.310501,1.5000001,8.584716
137379,2022-10-24,NH95/17,29.16,11.310501,1.5000001,8.584716
137380,2022-10-24,NO20/14,35.72,11.310501,1.5000001,8.584716
137381,2022-10-24,SU01/5B,68.72,11.310501,1.5000001,8.584716
137382,2022-10-24,TL33/67,75.68,11.310501,1.5000001,8.584716
137383,2022-10-24,SE95/6,18.09,11.310501,1.5000001,8.584716
137384,2022-10-24,TF81/2A,42.92,11.310501,1.5000001,8.584716
137385,2022-10-24,ID30/1,115.9,11.310501,1.5000001,8.584716
137386,2022-10-24,SY68/34,63.73,11.310501,1.5000001,8.584716
137387,2022-10-24,SP00/62,99.67,11.310501,1.5000001,8.584716
137388,2022-10-24,TQ25/86,86.19,11.310501,1.5000001,8.584716
137389,2022-10-24,SJ62/235,54.256,11.310501,1.5000001,8.584716
137390,2022-10-24,SU71/23,29.23,11.310501,1.5000001,8.584716
137391,2022-10-24,TR14/9,59.471,11.310501,1.5000001,8.584716
137392,2022-10-24,SK00/41,129.67,11.310501,1.5000001,8.584716
137393,2022-10-24,SN00/11,7.5705,11.310501,1.5000001,8.584716
137394,2022-10-24,TF03/37,10.24,11.310501,1.5000001,8.584716
137395,2022-10-24,TL44/12,35.626,11.310501,1.5000001,8.584716
137396,2022-10-24,SU81/1,34.53,11.310501,1.5000001,8.584716
137397,2022-10-24,ST07/10,47.309,11.310501,1.5000001,8.584716
137398,2022-10-24,TA10/63,12.23,11.310501,1.5000001,8.584716
137399,2022-10-24,SE94/5,12.38,11.310501,1.5000001,8.584716
137400,2022-10-25,SE95/6,18.07,11.800086,4.3,13.553252
137401,2022-10-25,NO20/14,35.71,11.800086,4.3,13.553252
137402,2022-10-25,TF81/2A,42.9,11.800086,4.3,13.553252
137403,2022-10-25,SJ15/13,79.50474,11.800086,4.3,13.553252
137404,2022-10-25,SU17/57,128.81,11.800086,4.3,13.553252
137405,2022-10-25,NY63/2,130.14,11.800086,4.3,13.553252
137406,2022-10-25,TL33/4,76.54,11.800086,4.3,13.553252
137407,2022-10-25,NH95/17,29.14,11.800086,4.3,13.553252
137408,2022-10-25,SU01/5B,68.71,11.800086,4.3,13.553252
137409,2022-10-25,TL33/67,75.69,11.800086,4.3,13.553252
137410,2022-10-25,SY68/34,63.75,11.800086,4.3,13.553252
137411,2022-10-25,SU81/1,34.5,11.800086,4.3,13.553252
137412,2022-10-25,SN00/11,7.7071,11.800086,4.3,13.553252
137413,2022-10-25,TA10/63,12.2,11.800086,4.3,13.553252
137414,2022-10-25,ST07/10,47.4959,11.800086,4.3,13.553252
137415,2022-10-25,SE94/5,12.33,11.800086,4.3,13.553252
137416,2022-10-25,TR14/9,59.437,11.800086,4.3,13.553252
137417,2022-10-25,TF03/37,10.23,11.800086,4.3,13.553252
137418,2022-10-25,SK00/41,129.65,11.800086,4.3,13.553252
137419,2022-10-25,SP00/62,99.71,11.800086,4.3,13.553252
137420,2022-10-25,TQ25/86,86.15,11.800086,4.3,13.553252
137421,2022-10-25,SU71/23,29.21,11.800086,4.3,13.553252
137422,2022-10-25,TL44/12,35.609,11.800086,4.3,13.553252
137423,2022-10-25,SJ62/235,54.268,11.800086,4.3,13.553252
137424,2022-10-26,NH95/17,29.15,13.36675,6.8999996,23.599503
137425,2022-10-26,SU01/5B,68.71,13.36675,6.8999996,23.599503
137426,2022-10-26,TL33/4,76.51,13.36675,6.8999996,23.599503
137427,2022-10-26,TF81/2A,42.88,13.36675,6.8999996,23.599503
137428,2022-10-26,SJ15/13,79.52279,13.36675,6.8999996,23.599503
137429,2022-10-26,NO20/14,35.75,13.36675,6.8999996,23.599503
137430,2022-10-26,NY63/2,130.14,13.36675,6.8999996,23.599503
137431,2022-10-26,SU17/57,128.76,13.36675,6.8999996,23.599503
137432,2022-10-26,TL33/67,75.6,13.36675,6.8999996,23.599503
137433,2022-10-26,SE95/6,18.06,13.36675,6.8999996,23.599503
137434,2022-10-26,TR14/9,59.388,13.36675,6.8999996,23.599503
137435,2022-10-26,TL44/12,35.592,13.36675,6.8999996,23.599503
137436,2022-10-26,SJ62/235,54.263,13.36675,6.8999996,23.599503
137437,2022-10-26,SY68/34,63.76,13.36675,6.8999996,23.599503
137438,2022-10-26,SP00/62,99.73,13.36675,6.8999996,23.599503
137439,2022-10-26,SU81/1,34.45,13.36675,6.8999996,23.599503
137440,2022-10-26,TF03/37,10.2,13.36675,6.8999996,23.599503
137441,2022-10-26,TQ25/86,86.11,13.36675,6.8999996,23.599503
137442,2022-10-26,SE94/5,12.34,13.36675,6.8999996,23.599503
137443,2022-10-26,ST07/10,47.4658,13.36675,6.8999996,23.599503
137444,2022-10-26,SN00/11,7.9398,13.36675,6.8999996,23.599503
137445,2022-10-26,TA10/63,12.18,13.36675,6.8999996,23.599503
137446,2022-10-26,SU71/23,29.19,13.36675,6.8999996,23.599503
137447,2022-10-26,SK00/41,129.65,13.36675,6.8999996,23.599503
137448,2022-10-27,SU01/5B,68.7,13.729249,0.9000001,16.324417
137449,2022-10-27,SE95/6,18.05,13.729249,0.9000001,16.324417
137450,2022-10-27,TL33/4,76.48,13.729249,0.9000001,16.324417
137451,2022-10-27,SU17/57,128.85,13.729249,0.9000001,16.324417
137452,2022-10-27,TF81/2A,42.87,13.729249,0.9000001,16.324417
137453,2022-10-27,NH95/17,29.12,13.729249,0.9000001,16.324417
137454,2022-10-27,SJ15/13,79.483,13.729249,0.9000001,16.324417
137455,2022-10-27,NY63/2,130.13,13.729249,0.9000001,16.324417
137456,2022-10-27,NO20/14,35.76,13.729249,0.9000001,16.324417
137457,2022-10-27,TL33/67,75.61,13.729249,0.9000001,16.324417
137458,2022-10-27,TA10/63,12.15,13.729249,0.9000001,16.324417
137459,2022-10-27,SJ62/235,54.268,13.729249,0.9000001,16.324417
137460,2022-10-27,SY68/34,63.77,13.729249,0.9000001,16.324417
137461,2022-10-27,TR14/9,59.352,13.729249,0.9000001,16.324417
137462,2022-10-27,SK00/41,129.64,13.729249,0.9000001,16.324417
137463,2022-10-27,TF03/37,10.22,13.729249,0.9000001,16.324417
137464,2022-10-27,SU71/23,29.17,13.729249,0.9000001,16.324417
137465,2022-10-27,SU81/1,34.4,13.729249,0.9000001,16.324417
137466,2022-10-27,TL44/12,35.574,13.729249,0.9000001,16.324417
137467,2022-10-27,SN00/11,8.2433,13.729249,0.9000001,16.324417
137468,2022-10-27,SE94/5,12.31,13.729249,0.9000001,16.324417
137469,2022-10-27,ST07/10,47.4168,13.729249,0.9000001,16.324417
137470,2022-10-27,SP00/62,99.75,13.729249,0.9000001,16.324417
137471,2022-10-27,TQ25/86,86.08,13.729249,0.9000001,16.324417
137472,2022-10-28,NY63/2,130.15,13.445918,4.7,18.395924
137473,2022-10-28,TL33/67,75.56,13.445918,4.7,18.395924
137474,2022-10-28,NH95/17,29.12,13.445918,4.7,18.395924
137475,2022-10-28,TL33/4,76.45,13.445918,4.7,18.395924
137476,2022-10-28,SU01/5B,68.71,13.445918,4.7,18.395924
137477,2022-10-28,SE95/6,18.04,13.445918,4.7,18.395924
137478,2022-10-28,TF81/2A,42.85,13.445918,4.7,18.395924
137479,2022-10-28,SU17/57,128.82,13.445918,4.7,18.395924
137480,2022-10-28,NO20/14,35.78,13.445918,4.7,18.395924
137481,2022-10-28,SJ15/13,79.49647,13.445918,4.7,18.395924
137482,2022-10-28,TL44/12,35.557,13.445918,4.7,18.395924
137483,2022-10-28,TQ25/86,86.04,13.445918,4.7,18.395924
137484,2022-10-28,ST07/10,47.3801,13.445918,4.7,18.395924
137485,2022-10-28,SN00/11,8.535,13.445918,4.7,18.395924
137486,2022-10-28,SU81/1,34.36,13.445918,4.7,18.395924
137487,2022-10-28,SP00/62,99.77,13.445918,4.7,18.395924
137488,2022-10-28,TA10/63,12.13,13.445918,4.7,18.395924
137489,2022-10-28,SJ62/235,54.26,13.445918,4.7,18.395924
137490,2022-10-28,SU71/23,29.16,13.445918,4.7,18.395924
137491,2022-10-28,TR14/9,59.307,13.445918,4.7,18.395924
137492,2022-10-28,SY68/34,63.77,13.445918,4.7,18.395924
137493,2022-10-28,SK00/41,129.63,13.445918,4.7,18.395924
137494,2022-10-28,TF03/37,10.21,13.445918,4.7,18.395924
137495,2022-10-28,SE94/5,12.3,13.445918,4.7,18.395924
137496,2022-10-29,SU01/5B,68.72,12.706333,4.799999,16.723448
137497,2022-10-29,TF81/2A,42.84,12.706333,4.799999,16.723448
137498,2022-10-29,SU17/57,128.85,12.706333,4.799999,16.723448
137499,2022-10-29,SJ15/13,79.47495,12.706333,4.799999,16.723448
137500,2022-10-29,NO20/14,35.77,12.706333,4.799999,16.723448
137501,2022-10-29,SE95/6,18.03,12.706333,4.799999,16.723448
137502,2022-10-29,TL33/4,76.43,12.706333,4.799999,16.723448
137503,2022-10-29,NY63/2,130.14,12.706333,4.799999,16.723448
137504,2022-10-29,NH95/17,29.12,12.706333,4.799999,16.723448
137505,2022-10-29,TL33/67,75.29,12.706333,4.799999,16.723448
137506,2022-10-29,SP00/62,99.79,12.706333,4.799999,16.723448
137507,2022-10-29,TA10/63,12.11,12.706333,4.799999,16.723448
137508,2022-10-29,TL44/12,35.541,12.706333,4.799999,16.723448
137509,2022-10-29,SU81/1,34.32,12.706333,4.799999,16.723448
137510,2022-10-29,SU71/23,29.14,12.706333,4.799999,16.723448
137511,2022-10-29,SJ62/235,54.266,12.706333,4.799999,16.723448
137512,2022-10-29,ST07/10,47.5138,12.706333,4.799999,16.723448
137513,2022-10-29,SN00/11,8.872,12.706333,4.799999,16.723448
137514,2022-10-29,TR14/9,59.269,12.706333,4.799999,16.723448
137515,2022-10-29,SK00/41,129.63,12.706333,4.799999,16.723448
137516,2022-10-29,TF03/37,10.23,12.706333,4.799999,16.723448
137517,2022-10-29,SY68/34,63.77,12.706333,4.799999,16.723448
137518,2022-10-29,TQ25/86,86.0,12.706333,4.799999,16.723448
137519,2022-10-29,SE94/5,12.23,12.706333,4.799999,16.723448
137520,2022-10-30,TF81/2A,42.83,12.112583,5.0999994,18.557362
137521,2022-10-30,NO20/14,35.79,12.112583,5.0999994,18.557362
137522,2022-10-30,TL33/4,76.4,12.112583,5.0999994,18.557362
137523,2022-10-30,NH95/17,29.13,12.112583,5.0999994,18.557362
137524,2022-10-30,SU17/57,128.8,12.112583,5.0999994,18.557362
137525,2022-10-30,NY63/2,130.17,12.112583,5.0999994,18.557362
137526,2022-10-30,SU01/5B,68.75,12.112583,5.0999994,18.557362
137527,2022-10-30,SE95/6,18.02,12.112583,5.0999994,18.557362
137528,2022-10-30,SJ15/13,79.496,12.112583,5.0999994,18.557362
137529,2022-10-30,TR14/9,59.218,12.112583,5.0999994,18.557362
137530,2022-10-30,ST07/10,47.6276,12.112583,5.0999994,18.557362
137531,2022-10-30,SK00/41,129.63,12.112583,5.0999994,18.557362
137532,2022-10-30,SU81/1,34.28,12.112583,5.0999994,18.557362
137533,2022-10-30,SE94/5,12.23,12.112583,5.0999994,18.557362
137534,2022-10-30,SY68/34,63.78,12.112583,5.0999994,18.557362
137535,2022-10-30,TF03/37,10.29,12.112583,5.0999994,18.557362
137536,2022-10-30,SU71/23,29.12,12.112583,5.0999994,18.557362
137537,2022-10-30,TQ25/86,85.97,12.112583,5.0999994,18.557362
137538,2022-10-30,SN00/11,9.2386,12.112583,5.0999994,18.557362
137539,2022-10-30,SJ62/235,54.261,12.112583,5.0999994,18.557362
137540,2022-10-30,TL44/12,35.525,12.112583,5.0999994,18.557362
137541,2022-10-30,TA10/63,12.08,12.112583,5.0999994,18.557362
137542,2022-10-30,SP00/62,99.79,12.112583,5.0999994,18.557362
137543,2022-10-31,SU17/57,128.82,12.479251,4.0,19.3921
137544,2022-10-31,NO20/14,35.78,12.479251,4.0,19.3921
137545,2022-10-31,TF81/2A,42.82,12.479251,4.0,19.3921
137546,2022-10-31,SE95/6,18.0,12.479251,4.0,19.3921
137547,2022-10-31,TL33/4,76.37,12.479251,4.0,19.3921
137548,2022-10-31,NH95/17,29.13,12.479251,4.0,19.3921
137549,2022-10-31,NY63/2,130.16,12.479251,4.0,19.3921
137550,2022-10-31,SJ15/13,79.48868,12.479251,4.0,19.3921
137551,2022-10-31,SU01/5B,68.78,12.479251,4.0,19.3921
137552,2022-10-31,ST07/10,47.8766,12.479251,4.0,19.3921
137553,2022-10-31,SP00/62,99.79,12.479251,4.0,19.3921
137554,2022-10-31,SN00/11,9.541,12.479251,4.0,19.3921
137555,2022-10-31,SJ62/235,54.272,12.479251,4.0,19.3921
137556,2022-10-31,TA10/63,12.07,12.479251,4.0,19.3921
137557,2022-10-31,TQ25/86,85.94,12.479251,4.0,19.3921
137558,2022-10-31,TL44/12,35.523,12.479251,4.0,19.3921
137559,2022-10-31,SY68/34,63.78,12.479251,4.0,19.3921
137560,2022-10-31,SE94/5,12.19,12.479251,4.0,19.3921
137561,2022-10-31,SU81/1,34.25,12.479251,4.0,19.3921
137562,2022-10-31,TF03/37,10.32,12.479251,4.0,19.3921
137563,2022-10-31,SU71/23,29.14,12.479251,4.0,19.3921
137564,2022-10-31,TR14/9,59.19,12.479251,4.0,19.3921
137565,2022-10-31,SK00/41,129.634,12.479251,4.0,19.3921
137566,2022-11-01,SE95/6,18.01,10.295918,7.5999994,12.15055
137567,2022-11-01,SJ15/13,79.54205,10.295918,7.5999994,12.15055
137568,2022-11-01,NY63/2,130.2,10.295918,7.5999994,12.15055
137569,2022-11-01,SU01/5B,68.84,10.295918,7.5999994,12.15055
137570,2022-11-01,NO20/14,35.8,10.295918,7.5999994,12.15055
137571,2022-11-01,SU17/57,128.61,10.295918,7.5999994,12.15055
137572,2022-11-01,TL33/4,76.34,10.295918,7.5999994,12.15055
137573,2022-11-01,TF81/2A,42.8,10.295918,7.5999994,12.15055
137574,2022-11-01,NH95/17,29.12,10.295918,7.5999994,12.15055
137575,2022-11-01,ID30/1,116.73,10.295918,7.5999994,12.15055
137576,2022-11-01,TL44/12,35.509,10.295918,7.5999994,12.15055
137577,2022-11-01,ST07/10,48.7032,10.295918,7.5999994,12.15055
137578,2022-11-01,SP00/62,99.85,10.295918,7.5999994,12.15055
137579,2022-11-01,SU71/23,29.12,10.295918,7.5999994,12.15055
137580,2022-11-01,SN00/11,10.0359,10.295918,7.5999994,12.15055
137581,2022-11-01,SJ62/235,54.264,10.295918,7.5999994,12.15055
137582,2022-11-01,SE94/5,12.18,10.295918,7.5999994,12.15055
137583,2022-11-01,TF03/37,10.29,10.295918,7.5999994,12.15055
137584,2022-11-01,SU81/1,34.22,10.295918,7.5999994,12.15055
137585,2022-11-01,SK00/41,129.655,10.295918,7.5999994,12.15055
137586,2022-11-01,TA10/63,12.04,10.295918,7.5999994,12.15055
137587,2022-11-01,TQ25/86,85.92,10.295918,7.5999994,12.15055
137588,2022-11-01,TR14/9,59.136,10.295918,7.5999994,12.15055
137589,2022-11-01,SY68/34,63.8,10.295918,7.5999994,12.15055
137590,2022-11-02,NH95/17,29.12,9.11675,8.799999,23.771042
137591,2022-11-02,NY63/2,130.18,9.11675,8.799999,23.771042
137592,2022-11-02,SU17/57,128.76,9.11675,8.799999,23.771042
137593,2022-11-02,TL33/4,76.32,9.11675,8.799999,23.771042
137594,2022-11-02,SE95/6,17.99,9.11675,8.799999,23.771042
137595,2022-11-02,TL44/12,35.494,9.11675,8.799999,23.771042
137596,2022-11-02,SJ15/13,79.51685,9.11675,8.799999,23.771042
137597,2022-11-02,SU01/5B,68.88,9.11675,8.799999,23.771042
137598,2022-11-02,TF81/2A,42.79,9.11675,8.799999,23.771042
137599,2022-11-02,ID30/1,116.94,9.11675,8.799999,23.771042
137600,2022-11-02,NO20/14,35.8,9.11675,8.799999,23.771042
137601,2022-11-02,SK00/41,129.629,9.11675,8.799999,23.771042
137602,2022-11-02,SJ62/235,54.279,9.11675,8.799999,23.771042
137603,2022-11-02,SE94/5,12.2,9.11675,8.799999,23.771042
137604,2022-11-02,SP00/62,99.92,9.11675,8.799999,23.771042
137605,2022-11-02,SY68/34,63.85,9.11675,8.799999,23.771042
137606,2022-11-02,SU81/1,34.2,9.11675,8.799999,23.771042
137607,2022-11-02,SU71/23,29.1,9.11675,8.799999,23.771042
137608,2022-11-02,TQ25/86,85.95,9.11675,8.799999,23.771042
137609,2022-11-02,SN00/11,10.6906,9.11675,8.799999,23.771042
137610,2022-11-02,TA10/63,12.03,9.11675,8.799999,23.771042
137611,2022-11-02,TF03/37,10.33,9.11675,8.799999,23.771042
137612,2022-11-02,TR14/9,59.107,9.11675,8.799999,23.771042
137613,2022-11-02,ST07/10,49.353,9.11675,8.799999,23.771042
137614,2022-11-03,SU01/5B,68.95,6.9917502,3.1,8.548244
137615,2022-11-03,SE95/6,18.0,6.9917502,3.1,8.548244
137616,2022-11-03,TL33/4,76.3,6.9917502,3.1,8.548244
137617,2022-11-03,TF81/2A,42.77,6.9917502,3.1,8.548244
137618,2022-11-03,ID30/1,117.44,6.9917502,3.1,8.548244
137619,2022-11-03,NH95/17,29.1,6.9917502,3.1,8.548244
137620,2022-11-03,SU17/57,128.69,6.9917502,3.1,8.548244
137621,2022-11-03,NY63/2,130.25,6.9917502,3.1,8.548244
137622,2022-11-03,SJ15/13,79.58559,6.9917502,3.1,8.548244
137623,2022-11-03,TL44/12,35.485,6.9917502,3.1,8.548244
137624,2022-11-03,NO20/14,35.82,6.9917502,3.1,8.548244
137625,2022-11-03,TF03/37,10.38,6.9917502,3.1,8.548244
137626,2022-11-03,SY68/34,64.03,6.9917502,3.1,8.548244
137627,2022-11-03,SU81/1,34.25,6.9917502,3.1,8.548244
137628,2022-11-03,TQ25/86,85.92,6.9917502,3.1,8.548244
137629,2022-11-03,SJ62/235,54.28,6.9917502,3.1,8.548244
137630,2022-11-03,TA10/63,12.0,6.9917502,3.1,8.548244
137631,2022-11-03,TR14/9,59.092,6.9917502,3.1,8.548244
137632,2022-11-03,SK00/41,129.639,6.9917502,3.1,8.548244
137633,2022-11-03,SN00/11,11.1459,6.9917502,3.1,8.548244
137634,2022-11-03,ST07/10,52.8298,6.9917502,3.1,8.548244
137635,2022-11-03,SE94/5,12.17,6.9917502,3.1,8.548244
137636,2022-11-03,SP00/62,100.07,6.9917502,3.1,8.548244
137637,2022-11-03,SU71/23,29.09,6.9917502,3.1,8.548244
137638,2022-11-04,NY63/2,130.24,5.864666,4.0,8.568777
137639,2022-11-04,SU17/57,128.64,5.864666,4.0,8.568777
137640,2022-11-04,NH95/17,29.08,5.864666,4.0,8.568777
137641,2022-11-04,TF81/2A,42.76,5.864666,4.0,8.568777
137642,2022-11-04,NO20/14,35.81,5.864666,4.0,8.568777
137643,2022-11-04,TL44/12,35.471,5.864666,4.0,8.568777
137644,2022-11-04,TL33/4,76.27,5.864666,4.0,8.568777
137645,2022-11-04,SE95/6,17.98,5.864666,4.0,8.568777
137646,2022-11-04,SJ15/13,79.59021,5.864666,4.0,8.568777
137647,2022-11-04,SU01/5B,69.08,5.864666,4.0,8.568777
137648,2022-11-04,ID30/1,117.39,5.864666,4.0,8.568777
137649,2022-11-04,SK00/41,129.62,5.864666,4.0,8.568777
137650,2022-11-04,TA10/63,11.98,5.864666,4.0,8.568777
137651,2022-11-04,SN00/11,11.3256,5.864666,4.0,8.568777
137652,2022-11-04,SU71/23,29.07,5.864666,4.0,8.568777
137653,2022-11-04,ST07/10,55.027,5.864666,4.0,8.568777
137654,2022-11-04,TR14/9,59.033,5.864666,4.0,8.568777
137655,2022-11-04,TQ25/86,85.92,5.864666,4.0,8.568777
137656,2022-11-04,SJ62/235,54.27,5.864666,4.0,8.568777
137657,2022-11-04,SU81/1,34.33,5.864666,4.0,8.568777
137658,2022-11-04,SY68/34,64.21,5.864666,4.0,8.568777
137659,2022-11-04,TF03/37,10.47,5.864666,4.0,8.568777
137660,2022-11-04,SE94/5,12.16,5.864666,4.0,8.568777
137661,2022-11-04,SP00/62,100.16,5.864666,4.0,8.568777
137662,2022-11-05,ID30/1,117.2,8.681334,4.7000003,10.902389
137663,2022-11-05,SU17/57,128.81,8.681334,4.7000003,10.902389
137664,2022-11-05,NY63/2,130.23,8.681334,4.7000003,10.902389
137665,2022-11-05,SJ15/13,79.58084,8.681334,4.7000003,10.902389
137666,2022-11-05,SU01/5B,69.16,8.681334,4.7000003,10.902389
137667,2022-11-05,NO20/14,35.83,8.681334,4.7000003,10.902389
137668,2022-11-05,NH95/17,29.09,8.681334,4.7000003,10.902389
137669,2022-11-05,TL33/4,76.24,8.681334,4.7000003,10.902389
137670,2022-11-05,TL44/12,35.459,8.681334,4.7000003,10.902389
137671,2022-11-05,TF81/2A,42.74,8.681334,4.7000003,10.902389
137672,2022-11-05,SE95/6,17.98,8.681334,4.7000003,10.902389
137673,2022-11-05,SN00/11,11.4729,8.681334,4.7000003,10.902389
137674,2022-11-05,ST07/10,56.3873,8.681334,4.7000003,10.902389
137675,2022-11-05,SP00/62,100.27,8.681334,4.7000003,10.902389
137676,2022-11-05,SE94/5,12.15,8.681334,4.7000003,10.902389
137677,2022-11-05,SU71/23,29.05,8.681334,4.7000003,10.902389
137678,2022-11-05,TQ25/86,85.97,8.681334,4.7000003,10.902389
137679,2022-11-05,SJ62/235,54.282,8.681334,4.7000003,10.902389
137680,2022-11-05,SU81/1,34.34,8.681334,4.7000003,10.902389
137681,2022-11-05,SK00/41,129.618,8.681334,4.7000003,10.902389
137682,2022-11-05,TA10/63,11.96,8.681334,4.7000003,10.902389
137683,2022-11-05,TR14/9,59.034,8.681334,4.7000003,10.902389
137684,2022-11-05,SY68/34,64.34,8.681334,4.7000003,10.902389
137685,2022-11-05,TF03/37,10.5,8.681334,4.7000003,10.902389
137686,2022-11-06,TL33/4,76.21,8.760501,1.4000001,17.733889
137687,2022-11-06,NO20/14,35.86,8.760501,1.4000001,17.733889
137688,2022-11-06,TL44/12,35.452,8.760501,1.4000001,17.733889
137689,2022-11-06,NH95/17,29.12,8.760501,1.4000001,17.733889
137690,2022-11-06,NY63/2,130.27,8.760501,1.4000001,17.733889
137691,2022-11-06,TF81/2A,42.73,8.760501,1.4000001,17.733889
137692,2022-11-06,SU01/5B,69.25,8.760501,1.4000001,17.733889
137693,2022-11-06,SJ15/13,79.61232,8.760501,1.4000001,17.733889
137694,2022-11-06,SE95/6,17.97,8.760501,1.4000001,17.733889
137695,2022-11-06,SU17/57,128.71,8.760501,1.4000001,17.733889
137696,2022-11-06,ID30/1,117.06,8.760501,1.4000001,17.733889
137697,2022-11-06,TQ25/86,86.0,8.760501,1.4000001,17.733889
137698,2022-11-06,SN00/11,11.6576,8.760501,1.4000001,17.733889
137699,2022-11-06,SK00/41,129.627,8.760501,1.4000001,17.733889
137700,2022-11-06,ST07/10,57.7044,8.760501,1.4000001,17.733889
137701,2022-11-06,TA10/63,11.94,8.760501,1.4000001,17.733889
137702,2022-11-06,SJ62/235,54.287,8.760501,1.4000001,17.733889
137703,2022-11-06,SU81/1,34.66,8.760501,1.4000001,17.733889
137704,2022-11-06,SY68/34,64.48,8.760501,1.4000001,17.733889
137705,2022-11-06,SE94/5,12.13,8.760501,1.4000001,17.733889
137706,2022-11-06,SP00/62,100.39,8.760501,1.4000001,17.733889
137707,2022-11-06,TR14/9,59.027,8.760501,1.4000001,17.733889
137708,2022-11-06,TF03/37,10.54,8.760501,1.4000001,17.733889
137709,2022-11-06,SU71/23,29.04,8.760501,1.4000001,17.733889
137710,2022-11-07,TL33/4,76.18,10.808418,12.599999,21.451637
137711,2022-11-07,SJ15/13,79.63263,10.808418,12.599999,21.451637
137712,2022-11-07,SU17/57,128.65,10.808418,12.599999,21.451637
137713,2022-11-07,ID30/1,116.87,10.808418,12.599999,21.451637
137714,2022-11-07,NY63/2,130.31,10.808418,12.599999,21.451637
137715,2022-11-07,SU01/5B,69.36,10.808418,12.599999,21.451637
137716,2022-11-07,TL44/12,35.446,10.808418,12.599999,21.451637
137717,2022-11-07,SE95/6,17.97,10.808418,12.599999,21.451637
137718,2022-11-07,NO20/14,35.86,10.808418,12.599999,21.451637
137719,2022-11-07,NH95/17,29.14,10.808418,12.599999,21.451637
137720,2022-11-07,TF81/2A,42.72,10.808418,12.599999,21.451637
137721,2022-11-07,SN00/11,11.8429,10.808418,12.599999,21.451637
137722,2022-11-07,ST07/10,58.7473,10.808418,12.599999,21.451637
137723,2022-11-07,TR14/9,59.0,10.808418,12.599999,21.451637
137724,2022-11-07,TA10/63,11.92,10.808418,12.599999,21.451637
137725,2022-11-07,SU71/23,29.03,10.808418,12.599999,21.451637
137726,2022-11-07,SU81/1,35.38,10.808418,12.599999,21.451637
137727,2022-11-07,SY68/34,64.72,10.808418,12.599999,21.451637
137728,2022-11-07,SE94/5,12.11,10.808418,12.599999,21.451637
137729,2022-11-07,SP00/62,100.5,10.808418,12.599999,21.451637
137730,2022-11-07,SK00/41,129.628,10.808418,12.599999,21.451637
137731,2022-11-07,SJ62/235,54.288,10.808418,12.599999,21.451637
137732,2022-11-07,TQ25/86,86.03,10.808418,12.599999,21.451637
137733,2022-11-07,TF03/37,10.51,10.808418,12.599999,21.451637
137734,2022-11-08,ID30/1,116.83,10.152168,16.499998,22.443941
137735,2022-11-08,TL44/12,35.443,10.152168,16.499998,22.443941
137736,2022-11-08,SJ15/13,79.65463,10.152168,16.499998,22.443941
137737,2022-11-08,SU17/57,128.59,10.152168,16.499998,22.443941
137738,2022-11-08,NO20/14,35.89,10.152168,16.499998,22.443941
137739,2022-11-08,SU01/5B,69.47,10.152168,16.499998,22.443941
137740,2022-11-08,NY63/2,130.33,10.152168,16.499998,22.443941
137741,2022-11-08,NH95/17,29.15,10.152168,16.499998,22.443941
137742,2022-11-08,SE95/6,17.97,10.152168,16.499998,22.443941
137743,2022-11-08,TL33/4,76.16,10.152168,16.499998,22.443941
137744,2022-11-08,TF81/2A,42.7,10.152168,16.499998,22.443941
137745,2022-11-08,TA10/63,11.9,10.152168,16.499998,22.443941
137746,2022-11-08,SK00/41,129.63,10.152168,16.499998,22.443941
137747,2022-11-08,TQ25/86,86.03,10.152168,16.499998,22.443941
137748,2022-11-08,SY68/34,65.0,10.152168,16.499998,22.443941
137749,2022-11-08,SU71/23,29.03,10.152168,16.499998,22.443941
137750,2022-11-08,SU81/1,35.71,10.152168,16.499998,22.443941
137751,2022-11-08,TF03/37,10.44,10.152168,16.499998,22.443941
137752,2022-11-08,TR14/9,58.988,10.152168,16.499998,22.443941
137753,2022-11-08,SE94/5,12.1,10.152168,16.499998,22.443941
137754,2022-11-08,ST07/10,59.5564,10.152168,16.499998,22.443941
137755,2022-11-08,SN00/11,12.105,10.152168,16.499998,22.443941
137756,2022-11-08,SJ62/235,54.286,10.152168,16.499998,22.443941
137757,2022-11-08,SP00/62,100.81,10.152168,16.499998,22.443941
137758,2022-11-09,NH95/17,29.12,9.379251,7.0,12.984314
137759,2022-11-09,SJ15/13,79.65174,9.379251,7.0,12.984314
137760,2022-11-09,TF81/2A,42.69,9.379251,7.0,12.984314
137761,2022-11-09,SU17/57,128.61,9.379251,7.0,12.984314
137762,2022-11-09,SE95/6,17.95,9.379251,7.0,12.984314
137763,2022-11-09,TL33/4,76.13,9.379251,7.0,12.984314
137764,2022-11-09,TL44/12,35.438,9.379251,7.0,12.984314
137765,2022-11-09,SU01/5B,69.61,9.379251,7.0,12.984314
137766,2022-11-09,NO20/14,35.86,9.379251,7.0,12.984314
137767,2022-11-09,NY63/2,130.34,9.379251,7.0,12.984314
137768,2022-11-09,TL33/67,75.3,9.379251,7.0,12.984314
137769,2022-11-09,ID30/1,116.74,9.379251,7.0,12.984314
137770,2022-11-09,SN00/11,12.2793,9.379251,7.0,12.984314
137771,2022-11-09,SJ62/235,54.275,9.379251,7.0,12.984314
137772,2022-11-09,ST07/10,60.6979,9.379251,7.0,12.984314
137773,2022-11-09,SE94/5,12.08,9.379251,7.0,12.984314
137774,2022-11-09,TR14/9,58.954,9.379251,7.0,12.984314
137775,2022-11-09,TA10/63,11.87,9.379251,7.0,12.984314
137776,2022-11-09,TF03/37,10.36,9.379251,7.0,12.984314
137777,2022-11-09,SY68/34,65.22,9.379251,7.0,12.984314
137778,2022-11-09,SP00/62,100.97,9.379251,7.0,12.984314
137779,2022-11-09,TQ25/86,86.04,9.379251,7.0,12.984314
137780,2022-11-09,SK00/41,129.612,9.379251,7.0,12.984314
137781,2022-11-09,SU71/23,29.11,9.379251,7.0,12.984314
137782,2022-11-09,SU81/1,36.15,9.379251,7.0,12.984314
137783,2022-11-10,TF81/2A,42.67,13.385501,3.1000001,23.863457
137784,2022-11-10,TL33/4,76.1,13.385501,3.1000001,23.863457
137785,2022-11-10,SU17/57,128.77,13.385501,3.1000001,23.863457
137786,2022-11-10,NY63/2,130.3,13.385501,3.1000001,23.863457
137787,2022-11-10,NO20/14,35.86,13.385501,3.1000001,23.863457
137788,2022-11-10,NH95/17,29.11,13.385501,3.1000001,23.863457
137789,2022-11-10,TL44/12,35.431,13.385501,3.1000001,23.863457
137790,2022-11-10,SE95/6,17.96,13.385501,3.1000001,23.863457
137791,2022-11-10,SU01/5B,69.73,13.385501,3.1000001,23.863457
137792,2022-11-10,SJ15/13,79.63295,13.385501,3.1000001,23.863457
137793,2022-11-10,ID30/1,116.62,13.385501,3.1000001,23.863457
137794,2022-11-10,SY68/34,65.4,13.385501,3.1000001,23.863457
137795,2022-11-10,SN00/11,12.2985,13.385501,3.1000001,23.863457
137796,2022-11-10,ST07/10,61.7571,13.385501,3.1000001,23.863457
137797,2022-11-10,SP00/62,101.08,13.385501,3.1000001,23.863457
137798,2022-11-10,SE94/5,12.06,13.385501,3.1000001,23.863457
137799,2022-11-10,TA10/63,11.84,13.385501,3.1000001,23.863457
137800,2022-11-10,SU81/1,36.95,13.385501,3.1000001,23.863457
137801,2022-11-10,TQ25/86,86.04,13.385501,3.1000001,23.863457
137802,2022-11-10,SU71/23,29.26,13.385501,3.1000001,23.863457
137803,2022-11-10,TF03/37,10.32,13.385501,3.1000001,23.863457
137804,2022-11-10,TR14/9,58.921,13.385501,3.1000001,23.863457
137805,2022-11-10,SJ62/235,54.275,13.385501,3.1000001,23.863457
137806,2022-11-10,SK00/41,129.594,13.385501,3.1000001,23.863457
137807,2022-11-11,SE95/6,17.96,13.873,3.3999999,24.7484
137808,2022-11-11,NY63/2,130.3,13.873,3.3999999,24.7484
137809,2022-11-11,SJ15/13,79.62232,13.873,3.3999999,24.7484
137810,2022-11-11,TL44/12,35.428,13.873,3.3999999,24.7484
137811,2022-11-11,NH95/17,29.09,13.873,3.3999999,24.7484
137812,2022-11-11,NO20/14,35.85,13.873,3.3999999,24.7484
137813,2022-11-11,SU01/5B,69.87,13.873,3.3999999,24.7484
137814,2022-11-11,TF81/2A,42.65,13.873,3.3999999,24.7484
137815,2022-11-11,ID30/1,116.44,13.873,3.3999999,24.7484
137816,2022-11-11,TL33/4,76.07,13.873,3.3999999,24.7484
137817,2022-11-11,SU17/57,128.85,13.873,3.3999999,24.7484
137818,2022-11-11,TF03/37,10.3,13.873,3.3999999,24.7484
137819,2022-11-11,SP00/62,101.2,13.873,3.3999999,24.7484
137820,2022-11-11,SN00/11,12.2148,13.873,3.3999999,24.7484
137821,2022-11-11,SE94/5,12.05,13.873,3.3999999,24.7484
137822,2022-11-11,TQ25/86,86.05,13.873,3.3999999,24.7484
137823,2022-11-11,SJ62/235,54.274,13.873,3.3999999,24.7484
137824,2022-11-11,SU71/23,29.41,13.873,3.3999999,24.7484
137825,2022-11-11,TR14/9,58.879,13.873,3.3999999,24.7484
137826,2022-11-11,TA10/63,11.82,13.873,3.3999999,24.7484
137827,2022-11-11,ST07/10,62.152,13.873,3.3999999,24.7484
137828,2022-11-11,SY68/34,65.55,13.873,3.3999999,24.7484
137829,2022-11-11,SU81/1,37.29,13.873,3.3999999,24.7484
137830,2022-11-11,SK00/41,129.582,13.873,3.3999999,24.7484
137831,2022-11-12,NO20/14,35.85,11.852168,0.2,16.556301
137832,2022-11-12,NY63/2,130.28,11.852168,0.2,16.556301
137833,2022-11-12,ID30/1,116.27,11.852168,0.2,16.556301
137834,2022-11-12,TF81/2A,42.64,11.852168,0.2,16.556301
137835,2022-11-12,TL44/12,35.43,11.852168,0.2,16.556301
137836,2022-11-12,SU01/5B,70.03,11.852168,0.2,16.556301
137837,2022-11-12,SE95/6,17.95,11.852168,0.2,16.556301
137838,2022-11-12,SU17/57,128.89,11.852168,0.2,16.556301
137839,2022-11-12,NH95/17,29.07,11.852168,0.2,16.556301
137840,2022-11-12,SJ15/13,79.59947,11.852168,0.2,16.556301
137841,2022-11-12,TL33/4,76.04,11.852168,0.2,16.556301
137842,2022-11-12,SJ62/235,54.279,11.852168,0.2,16.556301
137843,2022-11-12,SN00/11,12.0893,11.852168,0.2,16.556301
137844,2022-11-12,SU71/23,29.54,11.852168,0.2,16.556301
137845,2022-11-12,TR14/9,58.846,11.852168,0.2,16.556301
137846,2022-11-12,ST07/10,62.1485,11.852168,0.2,16.556301
137847,2022-11-12,SE94/5,11.99,11.852168,0.2,16.556301
137848,2022-11-12,SY68/34,65.67,11.852168,0.2,16.556301
137849,2022-11-12,SP00/62,101.3,11.852168,0.2,16.556301
137850,2022-11-12,SK00/41,129.577,11.852168,0.2,16.556301
137851,2022-11-12,TF03/37,10.33,11.852168,0.2,16.556301
137852,2022-11-12,TQ25/86,86.06,11.852168,0.2,16.556301
137853,2022-11-12,TA10/63,11.8,11.852168,0.2,16.556301
137854,2022-11-12,SU81/1,37.46,11.852168,0.2,16.556301
137855,2022-11-13,TL44/12,35.438,12.212583,0.0,16.671377
137856,2022-11-13,NO20/14,35.88,12.212583,0.0,16.671377
137857,2022-11-13,SJ15/13,79.61658,12.212583,0.0,16.671377
137858,2022-11-13,SU17/57,128.84,12.212583,0.0,16.671377
137859,2022-11-13,TF81/2A,42.63,12.212583,0.0,16.671377
137860,2022-11-13,ID30/1,116.09,12.212583,0.0,16.671377
137861,2022-11-13,NY63/2,130.3,12.212583,0.0,16.671377
137862,2022-11-13,NH95/17,29.09,12.212583,0.0,16.671377
137863,2022-11-13,SE95/6,17.94,12.212583,0.0,16.671377
137864,2022-11-13,SU01/5B,70.22,12.212583,0.0,16.671377
137865,2022-11-13,TL33/4,76.02,12.212583,0.0,16.671377
137866,2022-11-13,SU81/1,37.6,12.212583,0.0,16.671377
137867,2022-11-13,SU71/23,29.67,12.212583,0.0,16.671377
137868,2022-11-13,ST07/10,61.9308,12.212583,0.0,16.671377
137869,2022-11-13,SK00/41,129.583,12.212583,0.0,16.671377
137870,2022-11-13,TF03/37,10.37,12.212583,0.0,16.671377
137871,2022-11-13,TQ25/86,86.06,12.212583,0.0,16.671377
137872,2022-11-13,SY68/34,65.78,12.212583,0.0,16.671377
137873,2022-11-13,SE94/5,11.94,12.212583,0.0,16.671377
137874,2022-11-13,SN00/11,11.9676,12.212583,0.0,16.671377
137875,2022-11-13,SP00/62,101.37,12.212583,0.0,16.671377
137876,2022-11-13,TA10/63,11.78,12.212583,0.0,16.671377
137877,2022-11-13,SJ62/235,54.289,12.212583,0.0,16.671377
137878,2022-11-13,TR14/9,58.818,12.212583,0.0,16.671377
137879,2022-11-14,NY63/2,130.34,11.483417,0.0,14.214819
137880,2022-11-14,ID30/1,116.04,11.483417,0.0,14.214819
137881,2022-11-14,SU17/57,128.72,11.483417,0.0,14.214819
137882,2022-11-14,TL33/4,75.99,11.483417,0.0,14.214819
137883,2022-11-14,SE95/6,17.95,11.483417,0.0,14.214819
137884,2022-11-14,SJ15/13,79.64289,11.483417,0.0,14.214819
137885,2022-11-14,SU01/5B,70.44,11.483417,0.0,14.214819
137886,2022-11-14,TL44/12,35.452,11.483417,0.0,14.214819
137887,2022-11-14,NO20/14,35.9,11.483417,0.0,14.214819
137888,2022-11-14,TF81/2A,42.62,11.483417,0.0,14.214819
137889,2022-11-14,NH95/17,29.11,11.483417,0.0,14.214819
137890,2022-11-14,SJ62/235,54.298,11.483417,0.0,14.214819
137891,2022-11-14,TQ25/86,86.09,11.483417,0.0,14.214819
137892,2022-11-14,SU71/23,29.78,11.483417,0.0,14.214819
137893,2022-11-14,SY68/34,65.89,11.483417,0.0,14.214819
137894,2022-11-14,TF03/37,10.38,11.483417,0.0,14.214819
137895,2022-11-14,SE94/5,11.99,11.483417,0.0,14.214819
137896,2022-11-14,ST07/10,61.6009,11.483417,0.0,14.214819
137897,2022-11-14,SK00/41,129.598,11.483417,0.0,14.214819
137898,2022-11-14,SP00/62,101.42,11.483417,0.0,14.214819
137899,2022-11-14,SU81/1,37.74,11.483417,0.0,14.214819
137900,2022-11-14,TA10/63,11.77,11.483417,0.0,14.214819
137901,2022-11-14,SN00/11,11.8725,11.483417,0.0,14.214819
137902,2022-11-14,TR14/9,58.787,11.483417,0.0,14.214819
137903,2022-11-15,NO20/14,35.93,9.2605,9.300002,15.591604
137904,2022-11-15,SE95/6,17.95,9.2605,9.300002,15.591604
137905,2022-11-15,NH95/17,29.13,9.2605,9.300002,15.591604
137906,2022-11-15,SU01/5B,70.69,9.2605,9.300002,15.591604
137907,2022-11-15,NY63/2,130.37,9.2605,9.300002,15.591604
137908,2022-11-15,ID30/1,116.23,9.2605,9.300002,15.591604
137909,2022-11-15,TL44/12,35.473,9.2605,9.300002,15.591604
137910,2022-11-15,TF81/2A,42.61,9.2605,9.300002,15.591604
137911,2022-11-15,TL33/4,75.97,9.2605,9.300002,15.591604
137912,2022-11-15,SU17/57,128.62,9.2605,9.300002,15.591604
137913,2022-11-15,SJ15/13,79.67842,9.2605,9.300002,15.591604
137914,2022-11-15,SE94/5,11.98,9.2605,9.300002,15.591604
137915,2022-11-15,SJ62/235,54.304,9.2605,9.300002,15.591604
137916,2022-11-15,SP00/62,101.65,9.2605,9.300002,15.591604
137917,2022-11-15,TR14/9,58.826,9.2605,9.300002,15.591604
137918,2022-11-15,ST07/10,61.9526,9.2605,9.300002,15.591604
137919,2022-11-15,SU81/1,37.98,9.2605,9.300002,15.591604
137920,2022-11-15,SN00/11,11.8736,9.2605,9.300002,15.591604
137921,2022-11-15,TF03/37,10.39,9.2605,9.300002,15.591604
137922,2022-11-15,SU71/23,29.87,9.2605,9.300002,15.591604
137923,2022-11-15,TA10/63,11.75,9.2605,9.300002,15.591604
137924,2022-11-15,SK00/41,129.619,9.2605,9.300002,15.591604
137925,2022-11-15,SY68/34,66.1,9.2605,9.300002,15.591604
137926,2022-11-15,TQ25/86,86.17,9.2605,9.300002,15.591604
137927,2022-11-16,SE95/6,17.96,6.468834,0.3,12.087691
137928,2022-11-16,TL33/4,75.95,6.468834,0.3,12.087691
137929,2022-11-16,NY63/2,130.4,6.468834,0.3,12.087691
137930,2022-11-16,SU01/5B,70.99,6.468834,0.3,12.087691
137931,2022-11-16,SU17/57,128.52,6.468834,0.3,12.087691
137932,2022-11-16,TL44/12,35.497,6.468834,0.3,12.087691
137933,2022-11-16,TF81/2A,42.61,6.468834,0.3,12.087691
137934,2022-11-16,ID30/1,116.34,6.468834,0.3,12.087691
137935,2022-11-16,NO20/14,35.96,6.468834,0.3,12.087691
137936,2022-11-16,NH95/17,29.12,6.468834,0.3,12.087691
137937,2022-11-16,SJ15/13,79.68963,6.468834,0.3,12.087691
137938,2022-11-16,SK00/41,129.626,6.468834,0.3,12.087691
137939,2022-11-16,SN00/11,11.9796,6.468834,0.3,12.087691
137940,2022-11-16,ST07/10,62.9779,6.468834,0.3,12.087691
137941,2022-11-16,TQ25/86,86.3,6.468834,0.3,12.087691
137942,2022-11-16,TR14/9,58.986,6.468834,0.3,12.087691
137943,2022-11-16,SJ62/235,54.309,6.468834,0.3,12.087691
137944,2022-11-16,TA10/63,11.74,6.468834,0.3,12.087691
137945,2022-11-16,SU81/1,39.7,6.468834,0.3,12.087691
137946,2022-11-16,SE94/5,11.97,6.468834,0.3,12.087691
137947,2022-11-16,SU71/23,30.99,6.468834,0.3,12.087691
137948,2022-11-16,SY68/34,66.44,6.468834,0.3,12.087691
137949,2022-11-16,SP00/62,101.89,6.468834,0.3,12.087691
137950,2022-11-16,TF03/37,10.4,6.468834,0.3,12.087691
137951,2022-11-16,TL33/67,75.38,6.468834,0.3,12.087691
137952,2022-11-17,NH95/17,29.13,8.308417,17.1,10.8643875
137953,2022-11-17,ID30/1,116.36,8.308417,17.1,10.8643875
137954,2022-11-17,NO20/14,35.99,8.308417,17.1,10.8643875
137955,2022-11-17,SJ15/13,79.69041,8.308417,17.1,10.8643875
137956,2022-11-17,TF81/2A,42.59,8.308417,17.1,10.8643875
137957,2022-11-17,SE95/6,17.96,8.308417,17.1,10.8643875
137958,2022-11-17,TL33/67,75.23,8.308417,17.1,10.8643875
137959,2022-11-17,SU01/5B,71.32,8.308417,17.1,10.8643875
137960,2022-11-17,TL33/4,75.93,8.308417,17.1,10.8643875
137961,2022-11-17,SU17/57,128.39,8.308417,17.1,10.8643875
137962,2022-11-17,NY63/2,130.4,8.308417,17.1,10.8643875
137963,2022-11-17,TL44/12,35.524,8.308417,17.1,10.8643875
137964,2022-11-17,SP00/62,102.24,8.308417,17.1,10.8643875
137965,2022-11-17,SK00/41,129.628,8.308417,17.1,10.8643875
137966,2022-11-17,TR14/9,59.034,8.308417,17.1,10.8643875
137967,2022-11-17,SJ62/235,54.304,8.308417,17.1,10.8643875
137968,2022-11-17,SE94/5,11.99,8.308417,17.1,10.8643875
137969,2022-11-17,SY68/34,67.02,8.308417,17.1,10.8643875
137970,2022-11-17,TF03/37,10.4,8.308417,17.1,10.8643875
137971,2022-11-17,TA10/63,11.71,8.308417,17.1,10.8643875
137972,2022-11-17,SU71/23,36.56,8.308417,17.1,10.8643875
137973,2022-11-17,TQ25/86,86.35,8.308417,17.1,10.8643875
137974,2022-11-17,SN00/11,12.0628,8.308417,17.1,10.8643875
137975,2022-11-17,ST07/10,64.863,8.308417,17.1,10.8643875
137976,2022-11-17,SU81/1,46.01,8.308417,17.1,10.8643875
137977,2022-11-18,NO20/14,36.12,7.3980002,4.7000003,14.213324
137978,2022-11-18,NY63/2,130.4,7.3980002,4.7000003,14.213324
137979,2022-11-18,TL33/4,75.9,7.3980002,4.7000003,14.213324
137980,2022-11-18,SU01/5B,71.92,7.3980002,4.7000003,14.213324
137981,2022-11-18,SJ15/13,79.66607,7.3980002,4.7000003,14.213324
137982,2022-11-18,NH95/17,29.13,7.3980002,4.7000003,14.213324
137983,2022-11-18,SE95/6,17.99,7.3980002,4.7000003,14.213324
137984,2022-11-18,TL33/67,75.11,7.3980002,4.7000003,14.213324
137985,2022-11-18,TL44/12,35.539,7.3980002,4.7000003,14.213324
137986,2022-11-18,TF81/2A,42.57,7.3980002,4.7000003,14.213324
137987,2022-11-18,SU17/57,128.56,7.3980002,4.7000003,14.213324
137988,2022-11-18,ID30/1,116.27,7.3980002,4.7000003,14.213324
137989,2022-11-18,TR14/9,59.082,7.3980002,4.7000003,14.213324
137990,2022-11-18,SU81/1,48.72,7.3980002,4.7000003,14.213324
137991,2022-11-18,ST07/10,65.5343,7.3980002,4.7000003,14.213324
137992,2022-11-18,SN00/11,12.0312,7.3980002,4.7000003,14.213324
137993,2022-11-18,SP00/62,102.42,7.3980002,4.7000003,14.213324
137994,2022-11-18,SJ62/235,54.291,7.3980002,4.7000003,14.213324
137995,2022-11-18,SK00/41,129.604,7.3980002,4.7000003,14.213324
137996,2022-11-18,SE94/5,11.98,7.3980002,4.7000003,14.213324
137997,2022-11-18,SY68/34,67.51,7.3980002,4.7000003,14.213324
137998,2022-11-18,TA10/63,11.69,7.3980002,4.7000003,14.213324
137999,2022-11-18,SU71/23,38.37,7.3980002,4.7000003,14.213324
138000,2022-11-18,TQ25/86,86.39,7.3980002,4.7000003,14.213324
138001,2022-11-18,TF03/37,10.44,7.3980002,4.7000003,14.213324
138002,2022-11-18,TV59/7C,2.53,7.3980002,4.7000003,14.213324
138003,2022-11-19,TF81/2A,42.56,7.1396675,1.3000001,9.246319
138004,2022-11-19,TL44/12,35.554,7.1396675,1.3000001,9.246319
138005,2022-11-19,TL33/67,75.13,7.1396675,1.3000001,9.246319
138006,2022-11-19,SE95/6,18.04,7.1396675,1.3000001,9.246319
138007,2022-11-19,SU17/57,128.76,7.1396675,1.3000001,9.246319
138008,2022-11-19,NH95/17,29.13,7.1396675,1.3000001,9.246319
138009,2022-11-19,SJ15/13,79.66174,7.1396675,1.3000001,9.246319
138010,2022-11-19,TL33/4,75.88,7.1396675,1.3000001,9.246319
138011,2022-11-19,ID30/1,116.15,7.1396675,1.3000001,9.246319
138012,2022-11-19,SU01/5B,73.1,7.1396675,1.3000001,9.246319
138013,2022-11-19,NY63/2,130.33,7.1396675,1.3000001,9.246319
138014,2022-11-19,NO20/14,36.22,7.1396675,1.3000001,9.246319
138015,2022-11-19,SU71/23,38.81,7.1396675,1.3000001,9.246319
138016,2022-11-19,TR14/9,59.126,7.1396675,1.3000001,9.246319
138017,2022-11-19,SP00/62,102.53,7.1396675,1.3000001,9.246319
138018,2022-11-19,SY68/34,67.85,7.1396675,1.3000001,9.246319
138019,2022-11-19,SE94/5,12.04,7.1396675,1.3000001,9.246319
138020,2022-11-19,TA10/63,11.69,7.1396675,1.3000001,9.246319
138021,2022-11-19,SU81/1,49.93,7.1396675,1.3000001,9.246319
138022,2022-11-19,SK00/41,129.582,7.1396675,1.3000001,9.246319
138023,2022-11-19,SN00/11,11.9665,7.1396675,1.3000001,9.246319
138024,2022-11-19,SJ62/235,54.302,7.1396675,1.3000001,9.246319
138025,2022-11-19,TF03/37,10.62,7.1396675,1.3000001,9.246319
138026,2022-11-19,ST07/10,65.5556,7.1396675,1.3000001,9.246319
138027,2022-11-19,TQ25/86,86.45,7.1396675,1.3000001,9.246319
138028,2022-11-20,SJ15/13,79.71267,5.7105002,5.9999995,10.637849
138029,2022-11-20,ID30/1,116.09,5.7105002,5.9999995,10.637849
138030,2022-11-20,NO20/14,36.28,5.7105002,5.9999995,10.637849
138031,2022-11-20,NY63/2,130.36,5.7105002,5.9999995,10.637849
138032,2022-11-20,SE95/6,18.16,5.7105002,5.9999995,10.637849
138033,2022-11-20,TL33/67,75.16,5.7105002,5.9999995,10.637849
138034,2022-11-20,TL33/4,75.85,5.7105002,5.9999995,10.637849
138035,2022-11-20,SU01/5B,74.38,5.7105002,5.9999995,10.637849
138036,2022-11-20,TF81/2A,42.54,5.7105002,5.9999995,10.637849
138037,2022-11-20,TL44/12,35.575,5.7105002,5.9999995,10.637849
138038,2022-11-20,SU17/57,128.77,5.7105002,5.9999995,10.637849
138039,2022-11-20,NH95/17,29.14,5.7105002,5.9999995,10.637849
138040,2022-11-20,SK00/41,129.579,5.7105002,5.9999995,10.637849
138041,2022-11-20,SY68/34,68.14,5.7105002,5.9999995,10.637849
138042,2022-11-20,SU81/1,50.6,5.7105002,5.9999995,10.637849
138043,2022-11-20,SN00/11,11.9359,5.7105002,5.9999995,10.637849
138044,2022-11-20,SU71/23,38.91,5.7105002,5.9999995,10.637849
138045,2022-11-20,TA10/63,11.67,5.7105002,5.9999995,10.637849
138046,2022-11-20,ST07/10,65.449,5.7105002,5.9999995,10.637849
138047,2022-11-20,TQ25/86,86.51,5.7105002,5.9999995,10.637849
138048,2022-11-20,TR14/9,59.178,5.7105002,5.9999995,10.637849
138049,2022-11-20,SE94/5,12.07,5.7105002,5.9999995,10.637849
138050,2022-11-20,SJ62/235,54.313,5.7105002,5.9999995,10.637849
138051,2022-11-20,SP00/62,102.6,5.7105002,5.9999995,10.637849
138052,2022-11-20,TF03/37,10.83,5.7105002,5.9999995,10.637849
138053,2022-11-21,SJ15/13,79.72844,4.473,0.8000001,15.852064
138054,2022-11-21,NO20/14,36.3,4.473,0.8000001,15.852064
138055,2022-11-21,SU01/5B,75.45,4.473,0.8000001,15.852064
138056,2022-11-21,SE95/6,18.3,4.473,0.8000001,15.852064
138057,2022-11-21,ID30/1,116.11,4.473,0.8000001,15.852064
138058,2022-11-21,TL33/4,75.83,4.473,0.8000001,15.852064
138059,2022-11-21,TL44/12,35.616,4.473,0.8000001,15.852064
138060,2022-11-21,TL33/67,75.29,4.473,0.8000001,15.852064
138061,2022-11-21,TF81/2A,42.54,4.473,0.8000001,15.852064
138062,2022-11-21,SU17/57,128.76,4.473,0.8000001,15.852064
138063,2022-11-21,NY63/2,130.38,4.473,0.8000001,15.852064
138064,2022-11-21,NH95/17,29.15,4.473,0.8000001,15.852064
138065,2022-11-21,SU81/1,51.13,4.473,0.8000001,15.852064
138066,2022-11-21,SY68/34,68.55,4.473,0.8000001,15.852064
138067,2022-11-21,TR14/9,59.229,4.473,0.8000001,15.852064
138068,2022-11-21,SJ62/235,54.332,4.473,0.8000001,15.852064
138069,2022-11-21,SP00/62,102.69,4.473,0.8000001,15.852064
138070,2022-11-21,SE94/5,12.1,4.473,0.8000001,15.852064
138071,2022-11-21,SU71/23,39.06,4.473,0.8000001,15.852064
138072,2022-11-21,TQ25/86,86.55,4.473,0.8000001,15.852064
138073,2022-11-21,TF03/37,11.1,4.473,0.8000001,15.852064
138074,2022-11-21,ST07/10,67.165,4.473,0.8000001,15.852064
138075,2022-11-21,SN00/11,12.6035,4.473,0.8000001,15.852064
138076,2022-11-21,TA10/63,11.65,4.473,0.8000001,15.852064
138077,2022-11-22,NO20/14,36.33,6.0896664,0.6,7.4814997
138078,2022-11-22,TL33/4,75.81,6.0896664,0.6,7.4814997
138079,2022-11-22,TM15/112,24.83,6.0896664,0.6,7.4814997
138080,2022-11-22,SU17/57,128.57,6.0896664,0.6,7.4814997
138081,2022-11-22,ID30/1,116.25,6.0896664,0.6,7.4814997
138082,2022-11-22,TF81/2A,42.52,6.0896664,0.6,7.4814997
138083,2022-11-22,SE95/6,18.46,6.0896664,0.6,7.4814997
138084,2022-11-22,NH95/17,29.16,6.0896664,0.6,7.4814997
138085,2022-11-22,NY63/2,130.44,6.0896664,0.6,7.4814997
138086,2022-11-22,SU01/5B,76.39,6.0896664,0.6,7.4814997
138087,2022-11-22,SJ15/13,79.80422,6.0896664,0.6,7.4814997
138088,2022-11-22,TL44/12,35.655,6.0896664,0.6,7.4814997
138089,2022-11-22,TL33/67,75.18,6.0896664,0.6,7.4814997
138090,2022-11-22,TR14/9,59.26,6.0896664,0.6,7.4814997
138091,2022-11-22,SN00/11,13.4019,6.0896664,0.6,7.4814997
138092,2022-11-22,TA10/63,11.65,6.0896664,0.6,7.4814997
138093,2022-11-22,TF03/37,11.28,6.0896664,0.6,7.4814997
138094,2022-11-22,TQ25/86,86.57,6.0896664,0.6,7.4814997
138095,2022-11-22,ST07/10,68.9942,6.0896664,0.6,7.4814997
138096,2022-11-22,SU81/1,51.67,6.0896664,0.6,7.4814997
138097,2022-11-22,SE94/5,12.13,6.0896664,0.6,7.4814997
138098,2022-11-22,SJ62/235,54.336,6.0896664,0.6,7.4814997
138099,2022-11-22,SP00/62,102.74,6.0896664,0.6,7.4814997
138100,2022-11-22,SY68/34,69.01,6.0896664,0.6,7.4814997
138101,2022-11-22,SU71/23,39.3,6.0896664,0.6,7.4814997
138102,2022-11-23,NY63/2,130.42,6.4688334,8.2,17.617697
138103,2022-11-23,SJ15/13,79.86374,6.4688334,8.2,17.617697
138104,2022-11-23,NH95/17,29.17,6.4688334,8.2,17.617697
138105,2022-11-23,TF81/2A,42.51,6.4688334,8.2,17.617697
138106,2022-11-23,SU01/5B,77.45,6.4688334,8.2,17.617697
138107,2022-11-23,TL33/67,75.14,6.4688334,8.2,17.617697
138108,2022-11-23,SE95/6,18.6,6.4688334,8.2,17.617697
138109,2022-11-23,NO20/14,36.41,6.4688334,8.2,17.617697
138110,2022-11-23,ID30/1,116.54,6.4688334,8.2,17.617697
138111,2022-11-23,SU17/57,128.66,6.4688334,8.2,17.617697
138112,2022-11-23,TL33/4,75.79,6.4688334,8.2,17.617697
138113,2022-11-23,TL44/12,35.695,6.4688334,8.2,17.617697
138114,2022-11-23,TR14/9,59.294,6.4688334,8.2,17.617697
138115,2022-11-23,ST07/10,69.8858,6.4688334,8.2,17.617697
138116,2022-11-23,TA10/63,11.65,6.4688334,8.2,17.617697
138117,2022-11-23,SE94/5,12.17,6.4688334,8.2,17.617697
138118,2022-11-23,SN00/11,13.8427,6.4688334,8.2,17.617697
138119,2022-11-23,SY68/34,69.45,6.4688334,8.2,17.617697
138120,2022-11-23,SP00/62,102.77,6.4688334,8.2,17.617697
138121,2022-11-23,SU71/23,39.74,6.4688334,8.2,17.617697
138122,2022-11-23,SU81/1,52.45,6.4688334,8.2,17.617697
138123,2022-11-23,TF03/37,11.53,6.4688334,8.2,17.617697
138124,2022-11-23,SJ62/235,54.34,6.4688334,8.2,17.617697
138125,2022-11-23,TQ25/86,86.59,6.4688334,8.2,17.617697
138126,2022-11-24,NY63/2,130.42,7.2709174,8.900002,20.91068
138127,2022-11-24,TL33/67,75.13,7.2709174,8.900002,20.91068
138128,2022-11-24,SJ15/13,79.84063,7.2709174,8.900002,20.91068
138129,2022-11-24,NO20/14,36.43,7.2709174,8.900002,20.91068
138130,2022-11-24,SE95/6,18.77,7.2709174,8.900002,20.91068
138131,2022-11-24,TL33/4,75.77,7.2709174,8.900002,20.91068
138132,2022-11-24,SU17/57,128.75,7.2709174,8.900002,20.91068
138133,2022-11-24,TF81/2A,42.49,7.2709174,8.900002,20.91068
138134,2022-11-24,SU01/5B,79.21,7.2709174,8.900002,20.91068
138135,2022-11-24,TL44/12,35.729,7.2709174,8.900002,20.91068
138136,2022-11-24,ID30/1,116.72,7.2709174,8.900002,20.91068
138137,2022-11-24,NH95/17,29.15,7.2709174,8.900002,20.91068
138138,2022-11-24,SJ62/235,54.349,7.2709174,8.900002,20.91068
138139,2022-11-24,SU81/1,53.16,7.2709174,8.900002,20.91068
138140,2022-11-24,TF03/37,11.78,7.2709174,8.900002,20.91068
138141,2022-11-24,SN00/11,13.9676,7.2709174,8.900002,20.91068
138142,2022-11-24,SP00/62,102.91,7.2709174,8.900002,20.91068
138143,2022-11-24,TR14/9,59.33,7.2709174,8.900002,20.91068
138144,2022-11-24,TQ25/86,86.59,7.2709174,8.900002,20.91068
138145,2022-11-24,SU71/23,40.18,7.2709174,8.900002,20.91068
138146,2022-11-24,TA10/63,11.64,7.2709174,8.900002,20.91068
138147,2022-11-24,SE94/5,12.22,7.2709174,8.900002,20.91068
138148,2022-11-24,ST07/10,71.5753,7.2709174,8.900002,20.91068
138149,2022-11-24,SY68/34,69.8,7.2709174,8.900002,20.91068
138150,2022-11-25,SU01/5B,81.14,7.606334,0.5,12.655395
138151,2022-11-25,ID30/1,116.68,7.606334,0.5,12.655395
138152,2022-11-25,SU17/57,128.82,7.606334,0.5,12.655395
138153,2022-11-25,TF81/2A,42.47,7.606334,0.5,12.655395
138154,2022-11-25,NO20/14,36.42,7.606334,0.5,12.655395
138155,2022-11-25,NH95/17,29.12,7.606334,0.5,12.655395
138156,2022-11-25,TL33/67,75.03,7.606334,0.5,12.655395
138157,2022-11-25,NY63/2,130.42,7.606334,0.5,12.655395
138158,2022-11-25,SJ15/13,79.84644,7.606334,0.5,12.655395
138159,2022-11-25,TL33/4,75.75,7.606334,0.5,12.655395
138160,2022-11-25,TL44/12,35.767,7.606334,0.5,12.655395
138161,2022-11-25,SE95/6,18.97,7.606334,0.5,12.655395
138162,2022-11-25,SE94/5,12.22,7.606334,0.5,12.655395
138163,2022-11-25,SJ62/235,54.345,7.606334,0.5,12.655395
138164,2022-11-25,TR14/9,59.365,7.606334,0.5,12.655395
138165,2022-11-25,SU71/23,40.53,7.606334,0.5,12.655395
138166,2022-11-25,ST07/10,72.3588,7.606334,0.5,12.655395
138167,2022-11-25,SP00/62,102.96,7.606334,0.5,12.655395
138168,2022-11-25,TQ25/86,86.62,7.606334,0.5,12.655395
138169,2022-11-25,SN00/11,13.8403,7.606334,0.5,12.655395
138170,2022-11-25,SU81/1,53.62,7.606334,0.5,12.655395
138171,2022-11-25,TA10/63,11.63,7.606334,0.5,12.655395
138172,2022-11-25,SY68/34,70.07,7.606334,0.5,12.655395
138173,2022-11-25,TF03/37,12.0,7.606334,0.5,12.655395
138174,2022-11-26,SU01/5B,82.58,9.643834,5.5000005,22.282307
138175,2022-11-26,TL44/12,35.819,9.643834,5.5000005,22.282307
138176,2022-11-26,TL33/67,75.15,9.643834,5.5000005,22.282307
138177,2022-11-26,TL33/4,75.73,9.643834,5.5000005,22.282307
138178,2022-11-26,NY63/2,130.35,9.643834,5.5000005,22.282307
138179,2022-11-26,ID30/1,116.61,9.643834,5.5000005,22.282307
138180,2022-11-26,NH95/17,29.11,9.643834,5.5000005,22.282307
138181,2022-11-26,SU17/57,129.06,9.643834,5.5000005,22.282307
138182,2022-11-26,TF81/2A,42.47,9.643834,5.5000005,22.282307
138183,2022-11-26,NO20/14,36.37,9.643834,5.5000005,22.282307
138184,2022-11-26,SE95/6,19.22,9.643834,5.5000005,22.282307
138185,2022-11-26,SJ15/13,79.81807,9.643834,5.5000005,22.282307
138186,2022-11-26,TF03/37,12.35,9.643834,5.5000005,22.282307
138187,2022-11-26,SN00/11,13.6939,9.643834,5.5000005,22.282307
138188,2022-11-26,TA10/63,11.64,9.643834,5.5000005,22.282307
138189,2022-11-26,TQ25/86,86.65,9.643834,5.5000005,22.282307
138190,2022-11-26,ST07/10,72.7489,9.643834,5.5000005,22.282307
138191,2022-11-26,TR14/9,59.448,9.643834,5.5000005,22.282307
138192,2022-11-26,SE94/5,12.3,9.643834,5.5000005,22.282307
138193,2022-11-26,SU71/23,40.9,9.643834,5.5000005,22.282307
138194,2022-11-26,SP00/62,103.0,9.643834,5.5000005,22.282307
138195,2022-11-26,SY68/34,70.36,9.643834,5.5000005,22.282307
138196,2022-11-26,SJ62/235,54.368,9.643834,5.5000005,22.282307
138197,2022-11-26,SU81/1,54.1,9.643834,5.5000005,22.282307
138198,2022-11-27,SE95/6,19.51,9.148,2.0,14.687498
138199,2022-11-27,SJ15/13,79.84893,9.148,2.0,14.687498
138200,2022-11-27,NO20/14,36.34,9.148,2.0,14.687498
138201,2022-11-27,NH95/17,29.13,9.148,2.0,14.687498
138202,2022-11-27,SU17/57,129.0,9.148,2.0,14.687498
138203,2022-11-27,ID30/1,116.49,9.148,2.0,14.687498
138204,2022-11-27,TL33/4,75.71,9.148,2.0,14.687498
138205,2022-11-27,TL33/67,75.21,9.148,2.0,14.687498
138206,2022-11-27,NY63/2,130.43,9.148,2.0,14.687498
138207,2022-11-27,TL44/12,35.889,9.148,2.0,14.687498
138208,2022-11-27,SU01/5B,83.84,9.148,2.0,14.687498
138209,2022-11-27,TF81/2A,42.46,9.148,2.0,14.687498
138210,2022-11-27,TR14/9,59.576,9.148,2.0,14.687498
138211,2022-11-27,TA10/63,11.65,9.148,2.0,14.687498
138212,2022-11-27,TQ25/86,86.68,9.148,2.0,14.687498
138213,2022-11-27,SU81/1,56.06,9.148,2.0,14.687498
138214,2022-11-27,TF03/37,12.66,9.148,2.0,14.687498
138215,2022-11-27,ST07/10,73.7874,9.148,2.0,14.687498
138216,2022-11-27,SY68/34,70.66,9.148,2.0,14.687498
138217,2022-11-27,SU71/23,42.01,9.148,2.0,14.687498
138218,2022-11-27,SJ62/235,54.38,9.148,2.0,14.687498
138219,2022-11-27,SE94/5,12.35,9.148,2.0,14.687498
138220,2022-11-27,SP00/62,103.02,9.148,2.0,14.687498
138221,2022-11-27,SN00/11,13.5887,9.148,2.0,14.687498
138222,2022-11-28,TF81/2A,42.45,6.8000836,0.0,9.751028
138223,2022-11-28,SJ15/13,79.85933,6.8000836,0.0,9.751028
138224,2022-11-28,SE95/6,19.79,6.8000836,0.0,9.751028
138225,2022-11-28,NO20/14,36.31,6.8000836,0.0,9.751028
138226,2022-11-28,NH95/17,29.12,6.8000836,0.0,9.751028
138227,2022-11-28,SU17/57,129.01,6.8000836,0.0,9.751028
138228,2022-11-28,TL33/67,75.17,6.8000836,0.0,9.751028
138229,2022-11-28,TL33/4,75.69,6.8000836,0.0,9.751028
138230,2022-11-28,SU01/5B,84.99,6.8000836,0.0,9.751028
138231,2022-11-28,ID30/1,116.29,6.8000836,0.0,9.751028
138232,2022-11-28,NY63/2,130.45,6.8000836,0.0,9.751028
138233,2022-11-28,TL44/12,35.963,6.8000836,0.0,9.751028
138234,2022-11-28,ST07/10,73.8399,6.8000836,0.0,9.751028
138235,2022-11-28,SU71/23,43.19,6.8000836,0.0,9.751028
138236,2022-11-28,SY68/34,70.92,6.8000836,0.0,9.751028
138237,2022-11-28,SU81/1,59.39,6.8000836,0.0,9.751028
138238,2022-11-28,SP00/62,103.01,6.8000836,0.0,9.751028
138239,2022-11-28,SJ62/235,54.378,6.8000836,0.0,9.751028
138240,2022-11-28,TR14/9,59.686,6.8000836,0.0,9.751028
138241,2022-11-28,SE94/5,12.39,6.8000836,0.0,9.751028
138242,2022-11-28,TQ25/86,86.69,6.8000836,0.0,9.751028
138243,2022-11-28,TF03/37,12.87,6.8000836,0.0,9.751028
138244,2022-11-28,SN00/11,13.4913,6.8000836,0.0,9.751028
138245,2022-11-28,TA10/63,11.65,6.8000836,0.0,9.751028
138246,2022-11-29,TL44/12,36.039,3.9688327,0.0,7.2315187
138247,2022-11-29,NH95/17,29.1,3.9688327,0.0,7.2315187
138248,2022-11-29,ID30/1,116.09,3.9688327,0.0,7.2315187
138249,2022-11-29,TL33/67,75.17,3.9688327,0.0,7.2315187
138250,2022-11-29,TF81/2A,42.43,3.9688327,0.0,7.2315187
138251,2022-11-29,SJ15/13,79.80415,3.9688327,0.0,7.2315187
138252,2022-11-29,SE95/6,20.04,3.9688327,0.0,7.2315187
138253,2022-11-29,SU01/5B,85.93,3.9688327,0.0,7.2315187
138254,2022-11-29,SU17/57,129.15,3.9688327,0.0,7.2315187
138255,2022-11-29,TL33/4,75.67,3.9688327,0.0,7.2315187
138256,2022-11-29,NY63/2,130.41,3.9688327,0.0,7.2315187
138257,2022-11-29,NO20/14,36.29,3.9688327,0.0,7.2315187
138258,2022-11-29,TR14/9,59.815,3.9688327,0.0,7.2315187
138259,2022-11-29,SU81/1,61.24,3.9688327,0.0,7.2315187
138260,2022-11-29,TQ25/86,86.7,3.9688327,0.0,7.2315187
138261,2022-11-29,SY68/34,71.08,3.9688327,0.0,7.2315187
138262,2022-11-29,SE94/5,12.42,3.9688327,0.0,7.2315187
138263,2022-11-29,SU71/23,44.45,3.9688327,0.0,7.2315187
138264,2022-11-29,TF03/37,13.11,3.9688327,0.0,7.2315187
138265,2022-11-29,TA10/63,11.67,3.9688327,0.0,7.2315187
138266,2022-11-29,SN00/11,13.4062,3.9688327,0.0,7.2315187
138267,2022-11-29,ST07/10,73.2344,3.9688327,0.0,7.2315187
138268,2022-11-29,SP00/62,102.98,3.9688327,0.0,7.2315187
138269,2022-11-29,SJ62/235,54.376,3.9688327,0.0,7.2315187
138270,2022-11-30,NY63/2,130.4,2.7188332,0.0,11.529408
138271,2022-11-30,ID30/1,115.92,2.7188332,0.0,11.529408
138272,2022-11-30,SJ15/13,79.77633,2.7188332,0.0,11.529408
138273,2022-11-30,TF81/2A,42.42,2.7188332,0.0,11.529408
138274,2022-11-30,SU01/5B,86.83,2.7188332,0.0,11.529408
138275,2022-11-30,TL33/4,75.65,2.7188332,0.0,11.529408
138276,2022-11-30,NO20/14,36.32,2.7188332,0.0,11.529408
138277,2022-11-30,NH95/17,29.1,2.7188332,0.0,11.529408
138278,2022-11-30,SE95/6,20.26,2.7188332,0.0,11.529408
138279,2022-11-30,TL44/12,36.116,2.7188332,0.0,11.529408
138280,2022-11-30,TL33/67,75.18,2.7188332,0.0,11.529408
138281,2022-11-30,SU17/57,129.31,2.7188332,0.0,11.529408
138282,2022-11-30,SP00/62,102.94,2.7188332,0.0,11.529408
138283,2022-11-30,TF03/37,13.36,2.7188332,0.0,11.529408
138284,2022-11-30,ST07/10,72.4442,2.7188332,0.0,11.529408
138285,2022-11-30,SN00/11,13.3216,2.7188332,0.0,11.529408
138286,2022-11-30,TQ25/86,86.71,2.7188332,0.0,11.529408
138287,2022-11-30,SY68/34,71.13,2.7188332,0.0,11.529408
138288,2022-11-30,SE94/5,12.45,2.7188332,0.0,11.529408
138289,2022-11-30,SU81/1,62.25,2.7188332,0.0,11.529408
138290,2022-11-30,TA10/63,11.67,2.7188332,0.0,11.529408
138291,2022-11-30,SJ62/235,54.376,2.7188332,0.0,11.529408
138292,2022-11-30,SU71/23,45.2,2.7188332,0.0,11.529408
138293,2022-11-30,TR14/9,59.926,2.7188332,0.0,11.529408
138294,2022-12-01,TL44/12,36.26,5.1750836,0.0,11.1381235
138295,2022-12-01,SU17/57,129.46,5.1750836,0.0,11.1381235
138296,2022-12-01,SE95/6,20.48,5.1750836,0.0,11.1381235
138297,2022-12-01,TL33/4,75.63,5.1750836,0.0,11.1381235
138298,2022-12-01,SJ15/13,79.75174,5.1750836,0.0,11.1381235
138299,2022-12-01,SU01/5B,87.84,5.1750836,0.0,11.1381235
138300,2022-12-01,TF81/2A,42.41,5.1750836,0.0,11.1381235
138301,2022-12-01,NY63/2,130.4,5.1750836,0.0,11.1381235
138302,2022-12-01,TL33/67,75.24,5.1750836,0.0,11.1381235
138303,2022-12-01,NH95/17,29.1,5.1750836,0.0,11.1381235
138304,2022-12-01,NO20/14,36.36,5.1750836,0.0,11.1381235
138305,2022-12-01,ID30/1,115.81,5.1750836,0.0,11.1381235
138306,2022-12-01,TF03/37,13.6,5.1750836,0.0,11.1381235
138307,2022-12-01,SY68/34,71.13,5.1750836,0.0,11.1381235
138308,2022-12-01,SE94/5,12.48,5.1750836,0.0,11.1381235
138309,2022-12-01,SU81/1,62.77,5.1750836,0.0,11.1381235
138310,2022-12-01,SP00/62,102.9,5.1750836,0.0,11.1381235
138311,2022-12-01,SJ62/235,54.38,5.1750836,0.0,11.1381235
138312,2022-12-01,TR14/9,60.041,5.1750836,0.0,11.1381235
138313,2022-12-01,SN00/11,13.2202,5.1750836,0.0,11.1381235
138314,2022-12-01,SU71/23,45.66,5.1750836,0.0,11.1381235
138315,2022-12-01,ST07/10,71.9725,5.1750836,0.0,11.1381235
138316,2022-12-01,TQ25/86,86.72,5.1750836,0.0,11.1381235
138317,2022-12-01,TA10/63,11.67,5.1750836,0.0,11.1381235
138318,2022-12-02,TL33/4,75.61,6.3855,0.0,6.639798
138319,2022-12-02,TL33/67,75.29,6.3855,0.0,6.639798
138320,2022-12-02,NO20/14,36.38,6.3855,0.0,6.639798
138321,2022-12-02,SU17/57,129.56,6.3855,0.0,6.639798
138322,2022-12-02,NH95/17,29.1,6.3855,0.0,6.639798
138323,2022-12-02,SU01/5B,88.79,6.3855,0.0,6.639798
138324,2022-12-02,ID30/1,115.67,6.3855,0.0,6.639798
138325,2022-12-02,SE95/6,20.7,6.3855,0.0,6.639798
138326,2022-12-02,NY63/2,130.41,6.3855,0.0,6.639798
138327,2022-12-02,TF81/2A,42.4,6.3855,0.0,6.639798
138328,2022-12-02,SJ15/13,79.75,6.3855,0.0,6.639798
138329,2022-12-02,SN00/11,13.1124,6.3855,0.0,6.639798
138330,2022-12-02,SU71/23,45.98,6.3855,0.0,6.639798
138331,2022-12-02,TQ25/86,86.74,6.3855,0.0,6.639798
138332,2022-12-02,ST07/10,70.797,6.3855,0.0,6.639798
138333,2022-12-02,SE94/5,12.48,6.3855,0.0,6.639798
138334,2022-12-02,SU81/1,63.02,6.3855,0.0,6.639798
138335,2022-12-02,TR14/9,60.164,6.3855,0.0,6.639798
138336,2022-12-02,TA10/63,11.65,6.3855,0.0,6.639798
138337,2022-12-02,SP00/62,102.86,6.3855,0.0,6.639798
138338,2022-12-02,SY68/34,71.12,6.3855,0.0,6.639798
138339,2022-12-02,TL44/12,36.33,6.3855,0.0,6.639798
138340,2022-12-02,SJ62/235,54.382,6.3855,0.0,6.639798
138341,2022-12-02,TF03/37,13.83,6.3855,0.0,6.639798
138342,2022-12-03,TL33/67,75.36,3.8334162,0.0,6.673254
138343,2022-12-03,NO20/14,36.37,3.8334162,0.0,6.673254
138344,2022-12-03,SU01/5B,89.49,3.8334162,0.0,6.673254
138345,2022-12-03,SJ15/13,79.7407,3.8334162,0.0,6.673254
138346,2022-12-03,SU17/57,129.64,3.8334162,0.0,6.673254
138347,2022-12-03,NH95/17,29.11,3.8334162,0.0,6.673254
138348,2022-12-03,TL33/4,75.6,3.8334162,0.0,6.673254
138349,2022-12-03,SE95/6,20.9,3.8334162,0.0,6.673254
138350,2022-12-03,ID30/1,115.53,3.8334162,0.0,6.673254
138351,2022-12-03,NY63/2,130.41,3.8334162,0.0,6.673254
138352,2022-12-03,TF81/2A,42.39,3.8334162,0.0,6.673254
138353,2022-12-03,ST07/10,70.0303,3.8334162,0.0,6.673254
138354,2022-12-03,TR14/9,60.288,3.8334162,0.0,6.673254
138355,2022-12-03,SJ62/235,54.387,3.8334162,0.0,6.673254
138356,2022-12-03,SP00/62,102.82,3.8334162,0.0,6.673254
138357,2022-12-03,TF03/37,14.07,3.8334162,0.0,6.673254
138358,2022-12-03,TA10/63,11.72,3.8334162,0.0,6.673254
138359,2022-12-03,TL44/12,36.41,3.8334162,0.0,6.673254
138360,2022-12-03,SY68/34,71.11,3.8334162,0.0,6.673254
138361,2022-12-03,SN00/11,13.0074,3.8334162,0.0,6.673254
138362,2022-12-03,SU71/23,46.22,3.8334162,0.0,6.673254
138363,2022-12-03,SE94/5,12.54,3.8334162,0.0,6.673254
138364,2022-12-03,TQ25/86,86.75,3.8334162,0.0,6.673254
138365,2022-12-03,SU81/1,63.11,3.8334162,0.0,6.673254
138366,2022-12-04,NH95/17,29.12,4.545917,2.5999997,9.358367
138367,2022-12-04,SU17/57,129.68,4.545917,2.5999997,9.358367
138368,2022-12-04,SJ15/13,79.75937,4.545917,2.5999997,9.358367
138369,2022-12-04,TL33/4,75.58,4.545917,2.5999997,9.358367
138370,2022-12-04,SE95/6,21.08,4.545917,2.5999997,9.358367
138371,2022-12-04,SU01/5B,90.01,4.545917,2.5999997,9.358367
138372,2022-12-04,NY63/2,130.44,4.545917,2.5999997,9.358367
138373,2022-12-04,NO20/14,36.37,4.545917,2.5999997,9.358367
138374,2022-12-04,ID30/1,115.45,4.545917,2.5999997,9.358367
138375,2022-12-04,TL33/67,75.37,4.545917,2.5999997,9.358367
138376,2022-12-04,TF81/2A,42.38,4.545917,2.5999997,9.358367
138377,2022-12-04,SP00/62,102.76,4.545917,2.5999997,9.358367
138378,2022-12-04,SU71/23,46.37,4.545917,2.5999997,9.358367
138379,2022-12-04,TL44/12,36.48,4.545917,2.5999997,9.358367
138380,2022-12-04,SE94/5,12.51,4.545917,2.5999997,9.358367
138381,2022-12-04,TA10/63,11.75,4.545917,2.5999997,9.358367
138382,2022-12-04,TR14/9,60.391,4.545917,2.5999997,9.358367
138383,2022-12-04,ST07/10,69.2007,4.545917,2.5999997,9.358367
138384,2022-12-04,SJ62/235,54.385,4.545917,2.5999997,9.358367
138385,2022-12-04,TF03/37,14.28,4.545917,2.5999997,9.358367
138386,2022-12-04,SU81/1,63.05,4.545917,2.5999997,9.358367
138387,2022-12-04,SN00/11,12.8874,4.545917,2.5999997,9.358367
138388,2022-12-04,SY68/34,71.09,4.545917,2.5999997,9.358367
138389,2022-12-04,TQ25/86,86.75,4.545917,2.5999997,9.358367
138390,2022-12-05,SJ15/13,79.73441,4.870917,0.2,9.213428
138391,2022-12-05,SU17/57,129.81,4.870917,0.2,9.213428
138392,2022-12-05,SE95/6,21.24,4.870917,0.2,9.213428
138393,2022-12-05,NY63/2,130.43,4.870917,0.2,9.213428
138394,2022-12-05,NH95/17,29.11,4.870917,0.2,9.213428
138395,2022-12-05,ID30/1,115.45,4.870917,0.2,9.213428
138396,2022-12-05,TL33/4,75.57,4.870917,0.2,9.213428
138397,2022-12-05,NO20/14,36.36,4.870917,0.2,9.213428
138398,2022-12-05,TL33/67,75.37,4.870917,0.2,9.213428
138399,2022-12-05,SU01/5B,90.36,4.870917,0.2,9.213428
138400,2022-12-05,TF81/2A,42.37,4.870917,0.2,9.213428
138401,2022-12-05,SU71/23,46.46,4.870917,0.2,9.213428
138402,2022-12-05,SN00/11,12.7598,4.870917,0.2,9.213428
138403,2022-12-05,TA10/63,11.76,4.870917,0.2,9.213428
138404,2022-12-05,TF03/37,14.37,4.870917,0.2,9.213428
138405,2022-12-05,SE94/5,12.62,4.870917,0.2,9.213428
138406,2022-12-05,SP00/62,102.71,4.870917,0.2,9.213428
138407,2022-12-05,TR14/9,60.489,4.870917,0.2,9.213428
138408,2022-12-05,SY68/34,71.07,4.870917,0.2,9.213428
138409,2022-12-05,TQ25/86,86.76,4.870917,0.2,9.213428
138410,2022-12-05,SJ62/235,54.38,4.870917,0.2,9.213428
138411,2022-12-05,SU81/1,62.87,4.870917,0.2,9.213428
138412,2022-12-05,TL44/12,36.55,4.870917,0.2,9.213428
138413,2022-12-05,ST07/10,68.3611,4.870917,0.2,9.213428
138414,2022-12-06,SE95/6,21.36,2.6334167,0.0,8.44786
138415,2022-12-06,SJ15/13,79.71411,2.6334167,0.0,8.44786
138416,2022-12-06,TL33/67,75.41,2.6334167,0.0,8.44786
138417,2022-12-06,NH95/17,29.11,2.6334167,0.0,8.44786
138418,2022-12-06,TL33/4,75.55,2.6334167,0.0,8.44786
138419,2022-12-06,SU17/57,129.97,2.6334167,0.0,8.44786
138420,2022-12-06,ID30/1,115.32,2.6334167,0.0,8.44786
138421,2022-12-06,TF81/2A,42.36,2.6334167,0.0,8.44786
138422,2022-12-06,SU01/5B,90.52,2.6334167,0.0,8.44786
138423,2022-12-06,NO20/14,36.4,2.6334167,0.0,8.44786
138424,2022-12-06,NY63/2,130.41,2.6334167,0.0,8.44786
138425,2022-12-06,SU71/23,46.51,2.6334167,0.0,8.44786
138426,2022-12-06,SJ62/235,54.38,2.6334167,0.0,8.44786
138427,2022-12-06,SE94/5,12.68,2.6334167,0.0,8.44786
138428,2022-12-06,SP00/62,102.67,2.6334167,0.0,8.44786
138429,2022-12-06,SU81/1,62.62,2.6334167,0.0,8.44786
138430,2022-12-06,TQ25/86,86.77,2.6334167,0.0,8.44786
138431,2022-12-06,ST07/10,67.5473,2.6334167,0.0,8.44786
138432,2022-12-06,TR14/9,60.584,2.6334167,0.0,8.44786
138433,2022-12-06,SN00/11,12.6455,2.6334167,0.0,8.44786
138434,2022-12-06,TA10/63,11.79,2.6334167,0.0,8.44786
138435,2022-12-06,TF03/37,14.5,2.6334167,0.0,8.44786
138436,2022-12-06,TL44/12,36.61,2.6334167,0.0,8.44786
138437,2022-12-06,SY68/34,71.05,2.6334167,0.0,8.44786
138438,2022-12-07,NH95/17,29.12,-0.77699995,0.0,6.130101
138439,2022-12-07,SU17/57,130.07,-0.77699995,0.0,6.130101
138440,2022-12-07,NY63/2,130.42,-0.77699995,0.0,6.130101
138441,2022-12-07,TF81/2A,42.36,-0.77699995,0.0,6.130101
138442,2022-12-07,SE95/6,21.47,-0.77699995,0.0,6.130101
138443,2022-12-07,TL33/67,75.49,-0.77699995,0.0,6.130101
138444,2022-12-07,NO20/14,36.44,-0.77699995,0.0,6.130101
138445,2022-12-07,ID30/1,115.21,-0.77699995,0.0,6.130101
138446,2022-12-07,SJ15/13,79.71189,-0.77699995,0.0,6.130101
138447,2022-12-07,SU01/5B,90.61,-0.77699995,0.0,6.130101
138448,2022-12-07,TL33/4,75.54,-0.77699995,0.0,6.130101
138449,2022-12-07,SP00/62,102.62,-0.77699995,0.0,6.130101
138450,2022-12-07,TR14/9,60.69,-0.77699995,0.0,6.130101
138451,2022-12-07,SU71/23,46.56,-0.77699995,0.0,6.130101
138452,2022-12-07,TA10/63,11.82,-0.77699995,0.0,6.130101
138453,2022-12-07,SN00/11,12.5446,-0.77699995,0.0,6.130101
138454,2022-12-07,TF03/37,14.68,-0.77699995,0.0,6.130101
138455,2022-12-07,TQ25/86,86.79,-0.77699995,0.0,6.130101
138456,2022-12-07,SJ62/235,54.384,-0.77699995,0.0,6.130101
138457,2022-12-07,ST07/10,66.7809,-0.77699995,0.0,6.130101
138458,2022-12-07,SU81/1,62.34,-0.77699995,0.0,6.130101
138459,2022-12-07,SE94/5,12.73,-0.77699995,0.0,6.130101
138460,2022-12-07,SY68/34,71.02,-0.77699995,0.0,6.130101
138461,2022-12-07,TL44/12,36.67,-0.77699995,0.0,6.130101
138462,2022-12-08,NH95/17,29.13,-1.9978334,0.0,6.3091207
138463,2022-12-08,NY63/2,130.46,-1.9978334,0.0,6.3091207
138464,2022-12-08,SU01/5B,90.66,-1.9978334,0.0,6.3091207
138465,2022-12-08,SE95/6,21.56,-1.9978334,0.0,6.3091207
138466,2022-12-08,NO20/14,36.46,-1.9978334,0.0,6.3091207
138467,2022-12-08,ID30/1,115.11,-1.9978334,0.0,6.3091207
138468,2022-12-08,SJ15/13,79.73533,-1.9978334,0.0,6.3091207
138469,2022-12-08,TL33/67,75.53,-1.9978334,0.0,6.3091207
138470,2022-12-08,TL33/4,75.53,-1.9978334,0.0,6.3091207
138471,2022-12-08,SU17/57,130.1,-1.9978334,0.0,6.3091207
138472,2022-12-08,TF81/2A,42.35,-1.9978334,0.0,6.3091207
138473,2022-12-08,ST07/10,66.0437,-1.9978334,0.0,6.3091207
138474,2022-12-08,TQ25/86,86.8,-1.9978334,0.0,6.3091207
138475,2022-12-08,TA10/63,11.86,-1.9978334,0.0,6.3091207
138476,2022-12-08,TL44/12,36.73,-1.9978334,0.0,6.3091207
138477,2022-12-08,SU81/1,62.05,-1.9978334,0.0,6.3091207
138478,2022-12-08,TR14/9,60.79,-1.9978334,0.0,6.3091207
138479,2022-12-08,SP00/62,102.58,-1.9978334,0.0,6.3091207
138480,2022-12-08,SE94/5,12.78,-1.9978334,0.0,6.3091207
138481,2022-12-08,SJ62/235,54.387,-1.9978334,0.0,6.3091207
138482,2022-12-08,SU71/23,46.61,-1.9978334,0.0,6.3091207
138483,2022-12-08,SY68/34,70.98,-1.9978334,0.0,6.3091207
138484,2022-12-08,TF03/37,14.84,-1.9978334,0.0,6.3091207
138485,2022-12-08,SN00/11,12.4482,-1.9978334,0.0,6.3091207
138486,2022-12-09,TL33/67,75.54,-1.9353333,0.0,5.1550403
138487,2022-12-09,SU17/57,130.14,-1.9353333,0.0,5.1550403
138488,2022-12-09,NY63/2,130.46,-1.9353333,0.0,5.1550403
138489,2022-12-09,SU01/5B,90.7,-1.9353333,0.0,5.1550403
138490,2022-12-09,NH95/17,29.14,-1.9353333,0.0,5.1550403
138491,2022-12-09,NO20/14,36.5,-1.9353333,0.0,5.1550403
138492,2022-12-09,TF81/2A,42.34,-1.9353333,0.0,5.1550403
138493,2022-12-09,SE95/6,21.63,-1.9353333,0.0,5.1550403
138494,2022-12-09,ID30/1,115.04,-1.9353333,0.0,5.1550403
138495,2022-12-09,SJ15/13,79.73489,-1.9353333,0.0,5.1550403
138496,2022-12-09,TL33/4,75.52,-1.9353333,0.0,5.1550403
138497,2022-12-09,ST07/10,65.2645,-1.9353333,0.0,5.1550403
138498,2022-12-09,SY68/34,70.95,-1.9353333,0.0,5.1550403
138499,2022-12-09,SN00/11,12.3437,-1.9353333,0.0,5.1550403
138500,2022-12-09,SU81/1,61.71,-1.9353333,0.0,5.1550403
138501,2022-12-09,TQ25/86,86.81,-1.9353333,0.0,5.1550403
138502,2022-12-09,SU71/23,46.63,-1.9353333,0.0,5.1550403
138503,2022-12-09,SP00/62,102.54,-1.9353333,0.0,5.1550403
138504,2022-12-09,SJ62/235,54.384,-1.9353333,0.0,5.1550403
138505,2022-12-09,TL44/12,36.79,-1.9353333,0.0,5.1550403
138506,2022-12-09,TR14/9,60.876,-1.9353333,0.0,5.1550403
138507,2022-12-09,SE94/5,12.83,-1.9353333,0.0,5.1550403
138508,2022-12-09,TF03/37,14.94,-1.9353333,0.0,5.1550403
138509,2022-12-09,TA10/63,11.9,-1.9353333,0.0,5.1550403
138510,2022-12-10,NO20/14,36.5,-1.0207499,0.1,6.098564
138511,2022-12-10,NH95/17,29.16,-1.0207499,0.1,6.098564
138512,2022-12-10,NY63/2,130.47,-1.0207499,0.1,6.098564
138513,2022-12-10,SU17/57,130.24,-1.0207499,0.1,6.098564
138514,2022-12-10,SJ15/13,79.73333,-1.0207499,0.1,6.098564
138515,2022-12-10,TL33/4,75.51,-1.0207499,0.1,6.098564
138516,2022-12-10,SU01/5B,90.68,-1.0207499,0.1,6.098564
138517,2022-12-10,SE95/6,21.68,-1.0207499,0.1,6.098564
138518,2022-12-10,TL33/67,75.55,-1.0207499,0.1,6.098564
138519,2022-12-10,TF81/2A,42.33,-1.0207499,0.1,6.098564
138520,2022-12-10,ID30/1,114.93,-1.0207499,0.1,6.098564
138521,2022-12-10,SN00/11,12.2436,-1.0207499,0.1,6.098564
138522,2022-12-10,ST07/10,64.5321,-1.0207499,0.1,6.098564
138523,2022-12-10,TF03/37,15.06,-1.0207499,0.1,6.098564
138524,2022-12-10,SU81/1,61.34,-1.0207499,0.1,6.098564
138525,2022-12-10,TL44/12,36.84,-1.0207499,0.1,6.098564
138526,2022-12-10,SU71/23,46.62,-1.0207499,0.1,6.098564
138527,2022-12-10,SY68/34,70.91,-1.0207499,0.1,6.098564
138528,2022-12-10,TA10/63,11.94,-1.0207499,0.1,6.098564
138529,2022-12-10,TQ25/86,86.83,-1.0207499,0.1,6.098564
138530,2022-12-10,SP00/62,102.5,-1.0207499,0.1,6.098564
138531,2022-12-10,SJ62/235,54.38,-1.0207499,0.1,6.098564
138532,2022-12-10,SE94/5,12.82,-1.0207499,0.1,6.098564
138533,2022-12-10,TR14/9,60.96,-1.0207499,0.1,6.098564
138534,2022-12-11,ID30/1,114.83,-0.7478335,0.0,2.87834
138535,2022-12-11,SU17/57,130.33,-0.7478335,0.0,2.87834
138536,2022-12-11,SE95/6,21.73,-0.7478335,0.0,2.87834
138537,2022-12-11,SJ15/13,79.72356,-0.7478335,0.0,2.87834
138538,2022-12-11,TF81/2A,42.32,-0.7478335,0.0,2.87834
138539,2022-12-11,NY63/2,130.46,-0.7478335,0.0,2.87834
138540,2022-12-11,SU01/5B,90.61,-0.7478335,0.0,2.87834
138541,2022-12-11,NH95/17,29.18,-0.7478335,0.0,2.87834
138542,2022-12-11,TL33/4,75.5,-0.7478335,0.0,2.87834
138543,2022-12-11,TL33/67,75.58,-0.7478335,0.0,2.87834
138544,2022-12-11,NO20/14,36.44,-0.7478335,0.0,2.87834
138545,2022-12-11,SJ62/235,54.376,-0.7478335,0.0,2.87834
138546,2022-12-11,SN00/11,12.1398,-0.7478335,0.0,2.87834
138547,2022-12-11,ST07/10,63.957,-0.7478335,0.0,2.87834
138548,2022-12-11,TR14/9,61.062,-0.7478335,0.0,2.87834
138549,2022-12-11,SE94/5,12.87,-0.7478335,0.0,2.87834
138550,2022-12-11,TF03/37,15.17,-0.7478335,0.0,2.87834
138551,2022-12-11,SU81/1,60.96,-0.7478335,0.0,2.87834
138552,2022-12-11,TA10/63,11.99,-0.7478335,0.0,2.87834
138553,2022-12-11,SY68/34,70.88,-0.7478335,0.0,2.87834
138554,2022-12-11,TQ25/86,86.84,-0.7478335,0.0,2.87834
138555,2022-12-11,TL44/12,36.88,-0.7478335,0.0,2.87834
138556,2022-12-11,SP00/62,102.47,-0.7478335,0.0,2.87834
138557,2022-12-11,SU71/23,46.61,-0.7478335,0.0,2.87834
138558,2022-12-12,SJ15/13,79.71911,-1.8290833,0.0,7.5387597
138559,2022-12-12,NO20/14,36.43,-1.8290833,0.0,7.5387597
138560,2022-12-12,ID30/1,114.74,-1.8290833,0.0,7.5387597
138561,2022-12-12,SU01/5B,90.52,-1.8290833,0.0,7.5387597
138562,2022-12-12,SU17/57,130.4,-1.8290833,0.0,7.5387597
138563,2022-12-12,TF81/2A,42.31,-1.8290833,0.0,7.5387597
138564,2022-12-12,NY63/2,130.46,-1.8290833,0.0,7.5387597
138565,2022-12-12,TL33/67,75.58,-1.8290833,0.0,7.5387597
138566,2022-12-12,NH95/17,29.18,-1.8290833,0.0,7.5387597
138567,2022-12-12,TL33/4,75.49,-1.8290833,0.0,7.5387597
138568,2022-12-12,SE95/6,21.75,-1.8290833,0.0,7.5387597
138569,2022-12-12,ST07/10,63.3885,-1.8290833,0.0,7.5387597
138570,2022-12-12,TA10/63,12.04,-1.8290833,0.0,7.5387597
138571,2022-12-12,TF03/37,15.24,-1.8290833,0.0,7.5387597
138572,2022-12-12,TR14/9,61.139,-1.8290833,0.0,7.5387597
138573,2022-12-12,SY68/34,70.85,-1.8290833,0.0,7.5387597
138574,2022-12-12,SN00/11,12.0391,-1.8290833,0.0,7.5387597
138575,2022-12-12,SP00/62,102.44,-1.8290833,0.0,7.5387597
138576,2022-12-12,TQ25/86,86.85,-1.8290833,0.0,7.5387597
138577,2022-12-12,SU71/23,46.58,-1.8290833,0.0,7.5387597
138578,2022-12-12,SJ62/235,54.372,-1.8290833,0.0,7.5387597
138579,2022-12-12,TL44/12,36.93,-1.8290833,0.0,7.5387597
138580,2022-12-12,SU81/1,60.57,-1.8290833,0.0,7.5387597
138581,2022-12-12,SE94/5,12.94,-1.8290833,0.0,7.5387597
138582,2022-12-13,NH95/17,29.16,-2.5353332,0.0,6.445081
138583,2022-12-13,NY63/2,130.46,-2.5353332,0.0,6.445081
138584,2022-12-13,SJ15/13,79.71696,-2.5353332,0.0,6.445081
138585,2022-12-13,TL33/67,75.63,-2.5353332,0.0,6.445081
138586,2022-12-13,TF81/2A,42.3,-2.5353332,0.0,6.445081
138587,2022-12-13,SU17/57,130.49,-2.5353332,0.0,6.445081
138588,2022-12-13,SE95/6,21.77,-2.5353332,0.0,6.445081
138589,2022-12-13,NO20/14,36.45,-2.5353332,0.0,6.445081
138590,2022-12-13,SU01/5B,90.4,-2.5353332,0.0,6.445081
138591,2022-12-13,TL33/4,75.48,-2.5353332,0.0,6.445081
138592,2022-12-13,ID30/1,114.68,-2.5353332,0.0,6.445081
138593,2022-12-13,SU81/1,60.18,-2.5353332,0.0,6.445081
138594,2022-12-13,SP00/62,102.4,-2.5353332,0.0,6.445081
138595,2022-12-13,SJ62/235,54.371,-2.5353332,0.0,6.445081
138596,2022-12-13,SU71/23,46.54,-2.5353332,0.0,6.445081
138597,2022-12-13,TA10/63,12.09,-2.5353332,0.0,6.445081
138598,2022-12-13,TL44/12,36.97,-2.5353332,0.0,6.445081
138599,2022-12-13,SY68/34,70.81,-2.5353332,0.0,6.445081
138600,2022-12-13,TF03/37,15.31,-2.5353332,0.0,6.445081
138601,2022-12-13,TR14/9,61.23,-2.5353332,0.0,6.445081
138602,2022-12-13,SN00/11,11.9472,-2.5353332,0.0,6.445081
138603,2022-12-13,SE94/5,12.97,-2.5353332,0.0,6.445081
138604,2022-12-13,TQ25/86,86.86,-2.5353332,0.0,6.445081
138605,2022-12-13,ST07/10,62.8818,-2.5353332,0.0,6.445081
138606,2022-12-14,SU17/57,130.54,-3.6686666,0.0,7.863781
138607,2022-12-14,SU01/5B,90.26,-3.6686666,0.0,7.863781
138608,2022-12-14,NY63/2,130.46,-3.6686666,0.0,7.863781
138609,2022-12-14,TL33/67,75.61,-3.6686666,0.0,7.863781
138610,2022-12-14,NO20/14,36.47,-3.6686666,0.0,7.863781
138611,2022-12-14,SJ15/13,79.71632,-3.6686666,0.0,7.863781
138612,2022-12-14,SE95/6,21.8,-3.6686666,0.0,7.863781
138613,2022-12-14,TL33/4,75.47,-3.6686666,0.0,7.863781
138614,2022-12-14,TF81/2A,42.3,-3.6686666,0.0,7.863781
138615,2022-12-14,NH95/17,29.18,-3.6686666,0.0,7.863781
138616,2022-12-14,ID30/1,114.6,-3.6686666,0.0,7.863781
138617,2022-12-14,SE94/5,13.0,-3.6686666,0.0,7.863781
138618,2022-12-14,SJ62/235,54.363,-3.6686666,0.0,7.863781
138619,2022-12-14,TA10/63,12.15,-3.6686666,0.0,7.863781
138620,2022-12-14,TR14/9,61.302,-3.6686666,0.0,7.863781
138621,2022-12-14,SU81/1,59.78,-3.6686666,0.0,7.863781
138622,2022-12-14,SP00/62,102.36,-3.6686666,0.0,7.863781
138623,2022-12-14,SY68/34,70.77,-3.6686666,0.0,7.863781
138624,2022-12-14,TQ25/86,86.87,-3.6686666,0.0,7.863781
138625,2022-12-14,TL44/12,37.01,-3.6686666,0.0,7.863781
138626,2022-12-14,SN00/11,11.8515,-3.6686666,0.0,7.863781
138627,2022-12-14,TF03/37,15.34,-3.6686666,0.0,7.863781
138628,2022-12-14,ST07/10,62.3824,-3.6686666,0.0,7.863781
138629,2022-12-14,SU71/23,46.48,-3.6686666,0.0,7.863781
138630,2022-12-14,TM15/112,24.84,-3.6686666,0.0,7.863781
138631,2022-12-15,NH95/17,29.18,-3.50825,0.0,6.370028
138632,2022-12-15,SE95/6,21.83,-3.50825,0.0,6.370028
138633,2022-12-15,TF81/2A,42.28,-3.50825,0.0,6.370028
138634,2022-12-15,NO20/14,36.46,-3.50825,0.0,6.370028
138635,2022-12-15,NY63/2,130.45,-3.50825,0.0,6.370028
138636,2022-12-15,TL33/4,75.46,-3.50825,0.0,6.370028
138637,2022-12-15,TL33/67,75.6,-3.50825,0.0,6.370028
138638,2022-12-15,SU01/5B,90.1,-3.50825,0.0,6.370028
138639,2022-12-15,SU17/57,130.67,-3.50825,0.0,6.370028
138640,2022-12-15,SJ15/13,79.69574,-3.50825,0.0,6.370028
138641,2022-12-15,ID30/1,114.53,-3.50825,0.0,6.370028
138642,2022-12-15,TL44/12,37.04,-3.50825,0.0,6.370028
138643,2022-12-15,SU71/23,46.39,-3.50825,0.0,6.370028
138644,2022-12-15,TF03/37,15.34,-3.50825,0.0,6.370028
138645,2022-12-15,SE94/5,13.03,-3.50825,0.0,6.370028
138646,2022-12-15,TA10/63,12.16,-3.50825,0.0,6.370028
138647,2022-12-15,TQ25/86,86.87,-3.50825,0.0,6.370028
138648,2022-12-15,ST07/10,61.927,-3.50825,0.0,6.370028
138649,2022-12-15,SN00/11,11.7405,-3.50825,0.0,6.370028
138650,2022-12-15,SY68/34,70.73,-3.50825,0.0,6.370028
138651,2022-12-15,TR14/9,61.367,-3.50825,0.0,6.370028
138652,2022-12-15,SP00/62,102.31,-3.50825,0.0,6.370028
138653,2022-12-15,SU81/1,59.37,-3.50825,0.0,6.370028
138654,2022-12-15,SJ62/235,54.355,-3.50825,0.0,6.370028
138655,2022-12-15,TV59/7C,4.77,-3.50825,0.0,6.370028
138656,2022-12-16,NY63/2,130.43,-1.6019999,0.0,12.079377
138657,2022-12-16,TL33/67,75.58,-1.6019999,0.0,12.079377
138658,2022-12-16,NO20/14,36.48,-1.6019999,0.0,12.079377
138659,2022-12-16,SU17/57,130.8,-1.6019999,0.0,12.079377
138660,2022-12-16,ID30/1,114.45,-1.6019999,0.0,12.079377
138661,2022-12-16,TL33/4,75.45,-1.6019999,0.0,12.079377
138662,2022-12-16,SU01/5B,89.91,-1.6019999,0.0,12.079377
138663,2022-12-16,NH95/17,29.19,-1.6019999,0.0,12.079377
138664,2022-12-16,TF81/2A,42.28,-1.6019999,0.0,12.079377
138665,2022-12-16,SE95/6,21.84,-1.6019999,0.0,12.079377
138666,2022-12-16,SJ15/13,79.67479,-1.6019999,0.0,12.079377
138667,2022-12-16,SJ62/235,54.35,-1.6019999,0.0,12.079377
138668,2022-12-16,SU81/1,58.93,-1.6019999,0.0,12.079377
138669,2022-12-16,SP00/62,102.26,-1.6019999,0.0,12.079377
138670,2022-12-16,SN00/11,11.634,-1.6019999,0.0,12.079377
138671,2022-12-16,TQ25/86,86.88,-1.6019999,0.0,12.079377
138672,2022-12-16,SU71/23,46.29,-1.6019999,0.0,12.079377
138673,2022-12-16,TA10/63,12.25,-1.6019999,0.0,12.079377
138674,2022-12-16,ST07/10,61.5185,-1.6019999,0.0,12.079377
138675,2022-12-16,TL44/12,37.06,-1.6019999,0.0,12.079377
138676,2022-12-16,TR14/9,61.434,-1.6019999,0.0,12.079377
138677,2022-12-16,SY68/34,70.68,-1.6019999,0.0,12.079377
138678,2022-12-16,TF03/37,15.38,-1.6019999,0.0,12.079377
138679,2022-12-16,SE94/5,13.06,-1.6019999,0.0,12.079377
138680,2022-12-17,NH95/17,29.18,1.7209169,9.800001,13.092063
138681,2022-12-17,TF81/2A,42.27,1.7209169,9.800001,13.092063
138682,2022-12-17,SU01/5B,89.68,1.7209169,9.800001,13.092063
138683,2022-12-17,TL33/4,75.44,1.7209169,9.800001,13.092063
138684,2022-12-17,ID30/1,114.45,1.7209169,9.800001,13.092063
138685,2022-12-17,SU17/57,130.92,1.7209169,9.800001,13.092063
138686,2022-12-17,SE95/6,21.85,1.7209169,9.800001,13.092063
138687,2022-12-17,TL33/67,75.6,1.7209169,9.800001,13.092063
138688,2022-12-17,NY63/2,130.44,1.7209169,9.800001,13.092063
138689,2022-12-17,NO20/14,36.46,1.7209169,9.800001,13.092063
138690,2022-12-17,SJ15/13,79.67111,1.7209169,9.800001,13.092063
138691,2022-12-17,TQ25/86,86.91,1.7209169,9.800001,13.092063
138692,2022-12-17,ST07/10,61.1592,1.7209169,9.800001,13.092063
138693,2022-12-17,SU71/23,46.19,1.7209169,9.800001,13.092063
138694,2022-12-17,SN00/11,11.5633,1.7209169,9.800001,13.092063
138695,2022-12-17,SP00/62,102.21,1.7209169,9.800001,13.092063
138696,2022-12-17,TL44/12,37.09,1.7209169,9.800001,13.092063
138697,2022-12-17,TF03/37,15.44,1.7209169,9.800001,13.092063
138698,2022-12-17,SY68/34,70.64,1.7209169,9.800001,13.092063
138699,2022-12-17,TA10/63,12.3,1.7209169,9.800001,13.092063
138700,2022-12-17,SE94/5,13.09,1.7209169,9.800001,13.092063
138701,2022-12-17,TR14/9,61.53,1.7209169,9.800001,13.092063
138702,2022-12-17,SJ62/235,54.346,1.7209169,9.800001,13.092063
138703,2022-12-17,SU81/1,58.51,1.7209169,9.800001,13.092063
138704,2022-12-18,TF81/2A,42.27,2.4834168,0.3,20.264647
138705,2022-12-18,SU17/57,130.98,2.4834168,0.3,20.264647
138706,2022-12-18,SU01/5B,89.47,2.4834168,0.3,20.264647
138707,2022-12-18,NY63/2,130.42,2.4834168,0.3,20.264647
138708,2022-12-18,ID30/1,114.42,2.4834168,0.3,20.264647
138709,2022-12-18,NO20/14,36.48,2.4834168,0.3,20.264647
138710,2022-12-18,SE95/6,21.85,2.4834168,0.3,20.264647
138711,2022-12-18,TL33/4,75.44,2.4834168,0.3,20.264647
138712,2022-12-18,NH95/17,29.19,2.4834168,0.3,20.264647
138713,2022-12-18,TL33/67,75.71,2.4834168,0.3,20.264647
138714,2022-12-18,SJ15/13,79.67442,2.4834168,0.3,20.264647
138715,2022-12-18,SU81/1,58.17,2.4834168,0.3,20.264647
138716,2022-12-18,SP00/62,102.22,2.4834168,0.3,20.264647
138717,2022-12-18,TR14/9,61.683,2.4834168,0.3,20.264647
138718,2022-12-18,SJ62/235,54.358,2.4834168,0.3,20.264647
138719,2022-12-18,SY68/34,70.75,2.4834168,0.3,20.264647
138720,2022-12-18,TA10/63,12.37,2.4834168,0.3,20.264647
138721,2022-12-18,TF03/37,15.53,2.4834168,0.3,20.264647
138722,2022-12-18,SN00/11,11.872,2.4834168,0.3,20.264647
138723,2022-12-18,TQ25/86,86.96,2.4834168,0.3,20.264647
138724,2022-12-18,ST07/10,61.5289,2.4834168,0.3,20.264647
138725,2022-12-18,SE94/5,13.14,2.4834168,0.3,20.264647
138726,2022-12-18,TL44/12,37.13,2.4834168,0.3,20.264647
138727,2022-12-18,SU71/23,46.13,2.4834168,0.3,20.264647
138728,2022-12-19,SJ15/13,79.75404,9.831333,10.199999,20.796583
138729,2022-12-19,TL33/4,75.43,9.831333,10.199999,20.796583
138730,2022-12-19,SU17/57,130.9,9.831333,10.199999,20.796583
138731,2022-12-19,SU01/5B,89.32,9.831333,10.199999,20.796583
138732,2022-12-19,NY63/2,130.5,9.831333,10.199999,20.796583
138733,2022-12-19,NO20/14,36.61,9.831333,10.199999,20.796583
138734,2022-12-19,NH95/17,29.22,9.831333,10.199999,20.796583
138735,2022-12-19,SE95/6,21.89,9.831333,10.199999,20.796583
138736,2022-12-19,TL33/67,75.7,9.831333,10.199999,20.796583
138737,2022-12-19,ID30/1,114.45,9.831333,10.199999,20.796583
138738,2022-12-19,TF81/2A,42.26,9.831333,10.199999,20.796583
138739,2022-12-19,TA10/63,12.42,9.831333,10.199999,20.796583
138740,2022-12-19,TF03/37,15.52,9.831333,10.199999,20.796583
138741,2022-12-19,SU71/23,46.14,9.831333,10.199999,20.796583
138742,2022-12-19,SE94/5,13.14,9.831333,10.199999,20.796583
138743,2022-12-19,SY68/34,70.8,9.831333,10.199999,20.796583
138744,2022-12-19,ST07/10,64.0711,9.831333,10.199999,20.796583
138745,2022-12-19,TR14/9,61.845,9.831333,10.199999,20.796583
138746,2022-12-19,SP00/62,102.36,9.831333,10.199999,20.796583
138747,2022-12-19,SJ62/235,54.354,9.831333,10.199999,20.796583
138748,2022-12-19,TL44/12,37.16,9.831333,10.199999,20.796583
138749,2022-12-19,SN00/11,12.645,9.831333,10.199999,20.796583
138750,2022-12-19,TQ25/86,87.01,9.831333,10.199999,20.796583
138751,2022-12-19,SU81/1,58.05,9.831333,10.199999,20.796583
138752,2022-12-20,TF81/2A,42.25,6.031334,0.5,14.777502
138753,2022-12-20,NY63/2,130.48,6.031334,0.5,14.777502
138754,2022-12-20,SJ15/13,79.77222,6.031334,0.5,14.777502
138755,2022-12-20,SU17/57,130.96,6.031334,0.5,14.777502
138756,2022-12-20,SE95/6,21.91,6.031334,0.5,14.777502
138757,2022-12-20,NO20/14,36.64,6.031334,0.5,14.777502
138758,2022-12-20,SU01/5B,89.19,6.031334,0.5,14.777502
138759,2022-12-20,TL33/4,75.43,6.031334,0.5,14.777502
138760,2022-12-20,TL33/67,75.66,6.031334,0.5,14.777502
138761,2022-12-20,NH95/17,29.25,6.031334,0.5,14.777502
138762,2022-12-20,ID30/1,114.46,6.031334,0.5,14.777502
138763,2022-12-20,TQ25/86,87.07,6.031334,0.5,14.777502
138764,2022-12-20,TR14/9,62.012,6.031334,0.5,14.777502
138765,2022-12-20,ST07/10,69.4773,6.031334,0.5,14.777502
138766,2022-12-20,SE94/5,13.23,6.031334,0.5,14.777502
138767,2022-12-20,SN00/11,12.8773,6.031334,0.5,14.777502
138768,2022-12-20,SU71/23,46.21,6.031334,0.5,14.777502
138769,2022-12-20,TL44/12,37.2,6.031334,0.5,14.777502
138770,2022-12-20,TF03/37,15.46,6.031334,0.5,14.777502
138771,2022-12-20,TA10/63,12.48,6.031334,0.5,14.777502
138772,2022-12-20,SY68/34,70.8,6.031334,0.5,14.777502
138773,2022-12-20,SU81/1,58.37,6.031334,0.5,14.777502
138774,2022-12-20,SP00/62,102.58,6.031334,0.5,14.777502
138775,2022-12-20,SJ62/235,54.349,6.031334,0.5,14.777502
138776,2022-12-21,NY63/2,130.46,6.1563334,8.099999,19.072056
138777,2022-12-21,SE95/6,21.9,6.1563334,8.099999,19.072056
138778,2022-12-21,SU01/5B,89.09,6.1563334,8.099999,19.072056
138779,2022-12-21,TF81/2A,42.24,6.1563334,8.099999,19.072056
138780,2022-12-21,NH95/17,29.27,6.1563334,8.099999,19.072056
138781,2022-12-21,TL33/67,75.71,6.1563334,8.099999,19.072056
138782,2022-12-21,ID30/1,114.45,6.1563334,8.099999,19.072056
138783,2022-12-21,SJ15/13,79.77284,6.1563334,8.099999,19.072056
138784,2022-12-21,NO20/14,36.67,6.1563334,8.099999,19.072056
138785,2022-12-21,SU17/57,131.12,6.1563334,8.099999,19.072056
138786,2022-12-21,TL33/4,75.42,6.1563334,8.099999,19.072056
138787,2022-12-21,ST07/10,71.5621,6.1563334,8.099999,19.072056
138788,2022-12-21,TQ25/86,87.13,6.1563334,8.099999,19.072056
138789,2022-12-21,SN00/11,12.8701,6.1563334,8.099999,19.072056
138790,2022-12-21,TL44/12,37.24,6.1563334,8.099999,19.072056
138791,2022-12-21,SE94/5,13.3,6.1563334,8.099999,19.072056
138792,2022-12-21,SU71/23,46.46,6.1563334,8.099999,19.072056
138793,2022-12-21,TF03/37,15.52,6.1563334,8.099999,19.072056
138794,2022-12-21,SY68/34,70.84,6.1563334,8.099999,19.072056
138795,2022-12-21,TA10/63,12.54,6.1563334,8.099999,19.072056
138796,2022-12-21,SJ62/235,54.353,6.1563334,8.099999,19.072056
138797,2022-12-21,TR14/9,62.192,6.1563334,8.099999,19.072056
138798,2022-12-21,SP00/62,102.71,6.1563334,8.099999,19.072056
138799,2022-12-21,SU81/1,59.15,6.1563334,8.099999,19.072056
138800,2022-12-22,TL33/4,75.41,6.0959163,2.5999997,5.79954
138801,2022-12-22,TF81/2A,42.23,6.0959163,2.5999997,5.79954
138802,2022-12-22,SU01/5B,89.56,6.0959163,2.5999997,5.79954
138803,2022-12-22,NY63/2,130.48,6.0959163,2.5999997,5.79954
138804,2022-12-22,ID30/1,114.39,6.0959163,2.5999997,5.79954
138805,2022-12-22,TL33/67,75.7,6.0959163,2.5999997,5.79954
138806,2022-12-22,SJ15/13,79.78744,6.0959163,2.5999997,5.79954
138807,2022-12-22,NH95/17,29.25,6.0959163,2.5999997,5.79954
138808,2022-12-22,SE95/6,21.91,6.0959163,2.5999997,5.79954
138809,2022-12-22,NO20/14,36.61,6.0959163,2.5999997,5.79954
138810,2022-12-22,SU17/57,131.18,6.0959163,2.5999997,5.79954
138811,2022-12-22,SU71/23,46.74,6.0959163,2.5999997,5.79954
138812,2022-12-22,TR14/9,62.379,6.0959163,2.5999997,5.79954
138813,2022-12-22,TQ25/86,87.19,6.0959163,2.5999997,5.79954
138814,2022-12-22,ST07/10,72.7271,6.0959163,2.5999997,5.79954
138815,2022-12-22,SP00/62,102.76,6.0959163,2.5999997,5.79954
138816,2022-12-22,TL44/12,37.29,6.0959163,2.5999997,5.79954
138817,2022-12-22,SY68/34,70.91,6.0959163,2.5999997,5.79954
138818,2022-12-22,TA10/63,12.59,6.0959163,2.5999997,5.79954
138819,2022-12-22,SJ62/235,54.352,6.0959163,2.5999997,5.79954
138820,2022-12-22,SU81/1,59.92,6.0959163,2.5999997,5.79954
138821,2022-12-22,SE94/5,13.36,6.0959163,2.5999997,5.79954
138822,2022-12-22,TF03/37,15.56,6.0959163,2.5999997,5.79954
138823,2022-12-22,SN00/11,12.8186,6.0959163,2.5999997,5.79954
138824,2022-12-23,TL33/67,75.7,5.2355,6.9999995,11.865425
138825,2022-12-23,TF81/2A,42.23,5.2355,6.9999995,11.865425
138826,2022-12-23,ID30/1,114.38,5.2355,6.9999995,11.865425
138827,2022-12-23,SU01/5B,90.78,5.2355,6.9999995,11.865425
138828,2022-12-23,NY63/2,130.45,5.2355,6.9999995,11.865425
138829,2022-12-23,NH95/17,29.26,5.2355,6.9999995,11.865425
138830,2022-12-23,SJ15/13,79.78219,5.2355,6.9999995,11.865425
138831,2022-12-23,TL33/4,75.41,5.2355,6.9999995,11.865425
138832,2022-12-23,NO20/14,36.58,5.2355,6.9999995,11.865425
138833,2022-12-23,SU17/57,131.35,5.2355,6.9999995,11.865425
138834,2022-12-23,SE95/6,21.91,5.2355,6.9999995,11.865425
138835,2022-12-23,SU71/23,47.21,5.2355,6.9999995,11.865425
138836,2022-12-23,TQ25/86,87.24,5.2355,6.9999995,11.865425
138837,2022-12-23,SN00/11,12.926,5.2355,6.9999995,11.865425
138838,2022-12-23,TL44/12,37.34,5.2355,6.9999995,11.865425
138839,2022-12-23,SY68/34,71.03,5.2355,6.9999995,11.865425
138840,2022-12-23,SJ62/235,54.353,5.2355,6.9999995,11.865425
138841,2022-12-23,SP00/62,102.8,5.2355,6.9999995,11.865425
138842,2022-12-23,SU81/1,60.65,5.2355,6.9999995,11.865425
138843,2022-12-23,TR14/9,62.562,5.2355,6.9999995,11.865425
138844,2022-12-23,ST07/10,74.7399,5.2355,6.9999995,11.865425
138845,2022-12-23,TF03/37,15.6,5.2355,6.9999995,11.865425
138846,2022-12-23,SE94/5,13.41,5.2355,6.9999995,11.865425
138847,2022-12-23,TA10/63,12.64,5.2355,6.9999995,11.865425
138848,2022-12-24,SJ15/13,79.80626,6.7854996,6.8999996,15.219369
138849,2022-12-24,NY63/2,130.48,6.7854996,6.8999996,15.219369
138850,2022-12-24,NH95/17,29.29,6.7854996,6.8999996,15.219369
138851,2022-12-24,TL33/4,75.41,6.7854996,6.8999996,15.219369
138852,2022-12-24,SE95/6,21.92,6.7854996,6.8999996,15.219369
138853,2022-12-24,TF81/2A,42.22,6.7854996,6.8999996,15.219369
138854,2022-12-24,SU17/57,131.55,6.7854996,6.8999996,15.219369
138855,2022-12-24,SU01/5B,92.01,6.7854996,6.8999996,15.219369
138856,2022-12-24,ID30/1,114.42,6.7854996,6.8999996,15.219369
138857,2022-12-24,TL33/67,75.71,6.7854996,6.8999996,15.219369
138858,2022-12-24,NO20/14,36.63,6.7854996,6.8999996,15.219369
138859,2022-12-24,TL44/12,37.42,6.7854996,6.8999996,15.219369
138860,2022-12-24,SP00/62,102.85,6.7854996,6.8999996,15.219369
138861,2022-12-24,TR14/9,62.77,6.7854996,6.8999996,15.219369
138862,2022-12-24,ST07/10,76.0316,6.7854996,6.8999996,15.219369
138863,2022-12-24,SN00/11,13.0634,6.7854996,6.8999996,15.219369
138864,2022-12-24,SJ62/235,54.355,6.7854996,6.8999996,15.219369
138865,2022-12-24,TF03/37,15.61,6.7854996,6.8999996,15.219369
138866,2022-12-24,TQ25/86,87.32,6.7854996,6.8999996,15.219369
138867,2022-12-24,SU71/23,48.38,6.7854996,6.8999996,15.219369
138868,2022-12-24,SY68/34,71.07,6.7854996,6.8999996,15.219369
138869,2022-12-24,SU81/1,62.12,6.7854996,6.8999996,15.219369
138870,2022-12-24,SE94/5,13.45,6.7854996,6.8999996,15.219369
138871,2022-12-24,TA10/63,12.69,6.7854996,6.8999996,15.219369
138872,2022-12-25,TL33/4,75.41,7.547999,11.200002,17.609734
138873,2022-12-25,SE95/6,21.93,7.547999,11.200002,17.609734
138874,2022-12-25,SU01/5B,93.07,7.547999,11.200002,17.609734
138875,2022-12-25,NH95/17,29.28,7.547999,11.200002,17.609734
138876,2022-12-25,NY63/2,130.48,7.547999,11.200002,17.609734
138877,2022-12-25,TL33/67,75.75,7.547999,11.200002,17.609734
138878,2022-12-25,NO20/14,36.68,7.547999,11.200002,17.609734
138879,2022-12-25,SJ15/13,79.84984,7.547999,11.200002,17.609734
138880,2022-12-25,SU17/57,131.77,7.547999,11.200002,17.609734
138881,2022-12-25,TF81/2A,42.21,7.547999,11.200002,17.609734
138882,2022-12-25,ID30/1,114.47,7.547999,11.200002,17.609734
138883,2022-12-25,SE94/5,13.46,7.547999,11.200002,17.609734
138884,2022-12-25,TF03/37,15.68,7.547999,11.200002,17.609734
138885,2022-12-25,SY68/34,71.13,7.547999,11.200002,17.609734
138886,2022-12-25,TA10/63,12.75,7.547999,11.200002,17.609734
138887,2022-12-25,SU81/1,63.58,7.547999,11.200002,17.609734
138888,2022-12-25,TQ25/86,87.39,7.547999,11.200002,17.609734
138889,2022-12-25,ST07/10,75.9944,7.547999,11.200002,17.609734
138890,2022-12-25,SN00/11,13.0638,7.547999,11.200002,17.609734
138891,2022-12-25,TR14/9,62.983,7.547999,11.200002,17.609734
138892,2022-12-25,SP00/62,102.88,7.547999,11.200002,17.609734
138893,2022-12-25,SU71/23,49.35,7.547999,11.200002,17.609734
138894,2022-12-25,TL44/12,37.52,7.547999,11.200002,17.609734
138895,2022-12-25,SJ62/235,54.358,7.547999,11.200002,17.609734
138896,2022-12-26,SU01/5B,94.46,2.7896664,5.8999996,16.383612
138897,2022-12-26,TF81/2A,42.2,2.7896664,5.8999996,16.383612
138898,2022-12-26,SU17/57,131.95,2.7896664,5.8999996,16.383612
138899,2022-12-26,NH95/17,29.27,2.7896664,5.8999996,16.383612
138900,2022-12-26,NO20/14,36.69,2.7896664,5.8999996,16.383612
138901,2022-12-26,SE95/6,21.94,2.7896664,5.8999996,16.383612
138902,2022-12-26,TL33/4,75.4,2.7896664,5.8999996,16.383612
138903,2022-12-26,TL33/67,75.69,2.7896664,5.8999996,16.383612
138904,2022-12-26,SJ15/13,79.84411,2.7896664,5.8999996,16.383612
138905,2022-12-26,NY63/2,130.51,2.7896664,5.8999996,16.383612
138906,2022-12-26,ID30/1,114.63,2.7896664,5.8999996,16.383612
138907,2022-12-26,SJ62/235,54.351,2.7896664,5.8999996,16.383612
138908,2022-12-26,TF03/37,15.72,2.7896664,5.8999996,16.383612
138909,2022-12-26,TL44/12,37.65,2.7896664,5.8999996,16.383612
138910,2022-12-26,TR14/9,63.205,2.7896664,5.8999996,16.383612
138911,2022-12-26,TA10/63,12.78,2.7896664,5.8999996,16.383612
138912,2022-12-26,SU81/1,64.52,2.7896664,5.8999996,16.383612
138913,2022-12-26,SY68/34,71.13,2.7896664,5.8999996,16.383612
138914,2022-12-26,SN00/11,12.9735,2.7896664,5.8999996,16.383612
138915,2022-12-26,SU71/23,49.93,2.7896664,5.8999996,16.383612
138916,2022-12-26,TQ25/86,87.48,2.7896664,5.8999996,16.383612
138917,2022-12-26,ST07/10,75.4429,2.7896664,5.8999996,16.383612
138918,2022-12-26,SE94/5,13.53,2.7896664,5.8999996,16.383612
138919,2022-12-26,SP00/62,102.88,2.7896664,5.8999996,16.383612
138920,2022-12-27,NY63/2,130.5,4.35425,10.3,14.234433
138921,2022-12-27,NH95/17,29.27,4.35425,10.3,14.234433
138922,2022-12-27,SJ15/13,79.81585,4.35425,10.3,14.234433
138923,2022-12-27,TF81/2A,42.2,4.35425,10.3,14.234433
138924,2022-12-27,ID30/1,114.75,4.35425,10.3,14.234433
138925,2022-12-27,SU01/5B,95.6,4.35425,10.3,14.234433
138926,2022-12-27,SU17/57,132.33,4.35425,10.3,14.234433
138927,2022-12-27,SE95/6,21.94,4.35425,10.3,14.234433
138928,2022-12-27,NO20/14,36.69,4.35425,10.3,14.234433
138929,2022-12-27,TL33/67,75.84,4.35425,10.3,14.234433
138930,2022-12-27,TL33/4,75.4,4.35425,10.3,14.234433
138931,2022-12-27,SN00/11,12.9521,4.35425,10.3,14.234433
138932,2022-12-27,SP00/62,102.9,4.35425,10.3,14.234433
138933,2022-12-27,TF03/37,15.85,4.35425,10.3,14.234433
138934,2022-12-27,SU71/23,50.31,4.35425,10.3,14.234433
138935,2022-12-27,TL44/12,37.8,4.35425,10.3,14.234433
138936,2022-12-27,TA10/63,12.86,4.35425,10.3,14.234433
138937,2022-12-27,TQ25/86,87.61,4.35425,10.3,14.234433
138938,2022-12-27,TR14/9,63.492,4.35425,10.3,14.234433
138939,2022-12-27,SJ62/235,54.369,4.35425,10.3,14.234433
138940,2022-12-27,SU81/1,65.1,4.35425,10.3,14.234433
138941,2022-12-27,SY68/34,71.15,4.35425,10.3,14.234433
138942,2022-12-27,ST07/10,75.6917,4.35425,10.3,14.234433
138943,2022-12-27,SE94/5,13.62,4.35425,10.3,14.234433
138944,2022-12-28,TL33/4,75.4,7.0979996,8.7,16.979935
138945,2022-12-28,SU01/5B,96.31,7.0979996,8.7,16.979935
138946,2022-12-28,NY63/2,130.59,7.0979996,8.7,16.979935
138947,2022-12-28,NH95/17,29.31,7.0979996,8.7,16.979935
138948,2022-12-28,TF81/2A,42.2,7.0979996,8.7,16.979935
138949,2022-12-28,ID30/1,115.12,7.0979996,8.7,16.979935
138950,2022-12-28,SJ15/13,79.865,7.0979996,8.7,16.979935
138951,2022-12-28,NO20/14,36.76,7.0979996,8.7,16.979935
138952,2022-12-28,SU17/57,132.47,7.0979996,8.7,16.979935
138953,2022-12-28,SE95/6,22.01,7.0979996,8.7,16.979935
138954,2022-12-28,TL33/67,75.96,7.0979996,8.7,16.979935
138955,2022-12-28,SE94/5,13.7,7.0979996,8.7,16.979935
138956,2022-12-28,SP00/62,102.95,7.0979996,8.7,16.979935
138957,2022-12-28,SN00/11,13.383,7.0979996,8.7,16.979935
138958,2022-12-28,TQ25/86,87.74,7.0979996,8.7,16.979935
138959,2022-12-28,TR14/9,63.752,7.0979996,8.7,16.979935
138960,2022-12-28,ST07/10,78.1791,7.0979996,8.7,16.979935
138961,2022-12-28,TF03/37,15.98,7.0979996,8.7,16.979935
138962,2022-12-28,SJ62/235,54.382,7.0979996,8.7,16.979935
138963,2022-12-28,SU81/1,65.6,7.0979996,8.7,16.979935
138964,2022-12-28,SU71/23,50.8,7.0979996,8.7,16.979935
138965,2022-12-28,TA10/63,12.94,7.0979996,8.7,16.979935
138966,2022-12-28,TL44/12,37.95,7.0979996,8.7,16.979935
138967,2022-12-28,SY68/34,71.2,7.0979996,8.7,16.979935
138968,2022-12-29,NH95/17,29.33,5.4292502,4.0999994,19.928534
138969,2022-12-29,NY63/2,130.67,5.4292502,4.0999994,19.928534
138970,2022-12-29,NO20/14,36.77,5.4292502,4.0999994,19.928534
138971,2022-12-29,SU17/57,132.6,5.4292502,4.0999994,19.928534
138972,2022-12-29,SJ15/13,79.94554,5.4292502,4.0999994,19.928534
138973,2022-12-29,TF81/2A,42.19,5.4292502,4.0999994,19.928534
138974,2022-12-29,SU01/5B,96.91,5.4292502,4.0999994,19.928534
138975,2022-12-29,SE95/6,22.13,5.4292502,4.0999994,19.928534
138976,2022-12-29,TL33/4,75.4,5.4292502,4.0999994,19.928534
138977,2022-12-29,ID30/1,115.51,5.4292502,4.0999994,19.928534
138978,2022-12-29,TL33/67,75.89,5.4292502,4.0999994,19.928534
138979,2022-12-29,SY68/34,71.21,5.4292502,4.0999994,19.928534
138980,2022-12-29,TR14/9,64.032,5.4292502,4.0999994,19.928534
138981,2022-12-29,SE94/5,13.78,5.4292502,4.0999994,19.928534
138982,2022-12-29,SU71/23,52.26,5.4292502,4.0999994,19.928534
138983,2022-12-29,ST07/10,80.1194,5.4292502,4.0999994,19.928534
138984,2022-12-29,TQ25/86,87.93,5.4292502,4.0999994,19.928534
138985,2022-12-29,TL44/12,38.09,5.4292502,4.0999994,19.928534
138986,2022-12-29,TF03/37,15.96,5.4292502,4.0999994,19.928534
138987,2022-12-29,TA10/63,12.99,5.4292502,4.0999994,19.928534
138988,2022-12-29,SJ62/235,54.378,5.4292502,4.0999994,19.928534
138989,2022-12-29,SN00/11,13.7025,5.4292502,4.0999994,19.928534
138990,2022-12-29,SP00/62,103.01,5.4292502,4.0999994,19.928534
138991,2022-12-29,SU81/1,66.84,5.4292502,4.0999994,19.928534
138992,2022-12-30,SJ15/13,79.94596,6.808417,15.7,26.43756
138993,2022-12-30,SU01/5B,97.35,6.808417,15.7,26.43756
138994,2022-12-30,TF81/2A,42.18,6.808417,15.7,26.43756
138995,2022-12-30,TL33/4,75.4,6.808417,15.7,26.43756
138996,2022-12-30,ID30/1,116.32,6.808417,15.7,26.43756
138997,2022-12-30,TL33/67,75.97,6.808417,15.7,26.43756
138998,2022-12-30,NH95/17,29.37,6.808417,15.7,26.43756
138999,2022-12-30,SU17/57,132.98,6.808417,15.7,26.43756
139000,2022-12-30,SE95/6,22.23,6.808417,15.7,26.43756
139001,2022-12-30,NY63/2,130.59,6.808417,15.7,26.43756
139002,2022-12-30,NO20/14,36.84,6.808417,15.7,26.43756
139003,2022-12-30,SK00/41,130.49,6.808417,15.7,26.43756
139004,2022-12-30,SU81/1,68.28,6.808417,15.7,26.43756
139005,2022-12-30,TR14/9,64.33,6.808417,15.7,26.43756
139006,2022-12-30,ST07/10,81.3092,6.808417,15.7,26.43756
139007,2022-12-30,SJ62/235,54.386,6.808417,15.7,26.43756
139008,2022-12-30,TL44/12,38.23,6.808417,15.7,26.43756
139009,2022-12-30,TF03/37,16.05,6.808417,15.7,26.43756
139010,2022-12-30,SU71/23,53.65,6.808417,15.7,26.43756
139011,2022-12-30,SE94/5,13.85,6.808417,15.7,26.43756
139012,2022-12-30,TA10/63,13.07,6.808417,15.7,26.43756
139013,2022-12-30,SY68/34,71.26,6.808417,15.7,26.43756
139014,2022-12-30,SN00/11,13.7456,6.808417,15.7,26.43756
139015,2022-12-30,SP00/62,103.04,6.808417,15.7,26.43756
139016,2022-12-30,TQ25/86,88.14,6.808417,15.7,26.43756
139017,2022-12-31,SU17/57,133.3,6.2271667,7.4,8.488061
139018,2022-12-31,SJ15/13,79.94542,6.2271667,7.4,8.488061
139019,2022-12-31,SE95/6,22.47,6.2271667,7.4,8.488061
139020,2022-12-31,NY63/2,130.63,6.2271667,7.4,8.488061
139021,2022-12-31,NH95/17,29.35,6.2271667,7.4,8.488061
139022,2022-12-31,NO20/14,36.91,6.2271667,7.4,8.488061
139023,2022-12-31,TL33/67,75.98,6.2271667,7.4,8.488061
139024,2022-12-31,TL33/4,75.41,6.2271667,7.4,8.488061
139025,2022-12-31,SU01/5B,97.89,6.2271667,7.4,8.488061
139026,2022-12-31,TF81/2A,42.18,6.2271667,7.4,8.488061
139027,2022-12-31,ID30/1,116.77,6.2271667,7.4,8.488061
139028,2022-12-31,ST07/10,82.1393,6.2271667,7.4,8.488061
139029,2022-12-31,SY68/34,71.3,6.2271667,7.4,8.488061
139030,2022-12-31,SK00/41,130.48,6.2271667,7.4,8.488061
139031,2022-12-31,TL44/12,38.35,6.2271667,7.4,8.488061
139032,2022-12-31,SJ62/235,54.384,6.2271667,7.4,8.488061
139033,2022-12-31,SN00/11,13.682,6.2271667,7.4,8.488061
139034,2022-12-31,SU71/23,54.82,6.2271667,7.4,8.488061
139035,2022-12-31,TA10/63,13.14,6.2271667,7.4,8.488061
139036,2022-12-31,SU81/1,69.4,6.2271667,7.4,8.488061
139037,2022-12-31,SP00/62,103.13,6.2271667,7.4,8.488061
139038,2022-12-31,SE94/5,13.85,6.2271667,7.4,8.488061
139039,2022-12-31,TF03/37,16.08,6.2271667,7.4,8.488061
139040,2022-12-31,TQ25/86,88.16,6.2271667,7.4,8.488061
139041,2022-12-31,TR14/9,64.38,6.2271667,7.4,8.488061
139042,2023-01-01,SP00/62,103.16,5.8834157,15.500001,13.044087
139043,2023-01-01,TL33/4,75.41,5.8834157,15.500001,13.044087
139044,2023-01-01,SE94/5,13.85,5.8834157,15.500001,13.044087
139045,2023-01-01,TF03/37,16.09,5.8834157,15.500001,13.044087
139046,2023-01-01,SJ15/13,79.97723,5.8834157,15.500001,13.044087
139047,2023-01-01,SK00/41,130.48,5.8834157,15.500001,13.044087
139048,2023-01-01,NY63/2,130.62,5.8834157,15.500001,13.044087
139049,2023-01-01,ID30/1,117.05,5.8834157,15.500001,13.044087
139050,2023-01-01,TF81/2A,42.17,5.8834157,15.500001,13.044087
139051,2023-01-01,SY68/34,71.28,5.8834157,15.500001,13.044087
139052,2023-01-01,SU01/5B,98.53,5.8834157,15.500001,13.044087
139053,2023-01-01,NO20/14,36.95,5.8834157,15.500001,13.044087
139054,2023-01-01,SU17/57,133.74,5.8834157,15.500001,13.044087
139055,2023-01-01,TR14/9,64.81,5.8834157,15.500001,13.044087
139056,2023-01-01,SE95/6,22.78,5.8834157,15.500001,13.044087
139057,2023-01-01,TQ25/86,88.41,5.8834157,15.500001,13.044087
139058,2023-01-01,TL33/67,76.01,5.8834157,15.500001,13.044087
139059,2023-01-01,NH95/17,29.36,5.8834157,15.500001,13.044087
139060,2023-01-01,SN00/11,13.5936,5.8834157,15.500001,13.044087
139061,2023-01-01,ST07/10,83.2508,5.8834157,15.500001,13.044087
139062,2023-01-01,TA10/63,13.21,5.8834157,15.500001,13.044087
139063,2023-01-01,SU71/23,56.35,5.8834157,15.500001,13.044087
139064,2023-01-01,SU81/1,70.7,5.8834157,15.500001,13.044087
139065,2023-01-01,SJ62/235,54.3864,5.8834157,15.500001,13.044087
139066,2023-01-01,TL44/12,38.45,5.8834157,15.500001,13.044087
139067,2023-01-02,SK00/41,130.47,2.0063336,2.5,7.695435
139068,2023-01-02,TF81/2A,42.16,2.0063336,2.5,7.695435
139069,2023-01-02,SU17/57,134.21,2.0063336,2.5,7.695435
139070,2023-01-02,SE95/6,23.14,2.0063336,2.5,7.695435
139071,2023-01-02,SU01/5B,100.16,2.0063336,2.5,7.695435
139072,2023-01-02,SP00/62,103.25,2.0063336,2.5,7.695435
139073,2023-01-02,NY63/2,130.66,2.0063336,2.5,7.695435
139074,2023-01-02,SJ15/13,80.03796,2.0063336,2.5,7.695435
139075,2023-01-02,NO20/14,36.95,2.0063336,2.5,7.695435
139076,2023-01-02,TF03/37,16.14,2.0063336,2.5,7.695435
139077,2023-01-02,TR14/9,65.3,2.0063336,2.5,7.695435
139078,2023-01-02,TL33/4,75.41,2.0063336,2.5,7.695435
139079,2023-01-02,SE94/5,14.03,2.0063336,2.5,7.695435
139080,2023-01-02,TL33/67,75.98,2.0063336,2.5,7.695435
139081,2023-01-02,ID30/1,117.15,2.0063336,2.5,7.695435
139082,2023-01-02,SY68/34,71.33,2.0063336,2.5,7.695435
139083,2023-01-02,TQ25/86,88.69,2.0063336,2.5,7.695435
139084,2023-01-02,NH95/17,29.38,2.0063336,2.5,7.695435
139085,2023-01-02,TA10/63,13.28,2.0063336,2.5,7.695435
139086,2023-01-02,ST07/10,82.9354,2.0063336,2.5,7.695435
139087,2023-01-02,SU81/1,71.78,2.0063336,2.5,7.695435
139088,2023-01-02,SN00/11,13.4918,2.0063336,2.5,7.695435
139089,2023-01-02,SU71/23,57.46,2.0063336,2.5,7.695435
139090,2023-01-02,TL44/12,38.57,2.0063336,2.5,7.695435
139091,2023-01-02,SJ62/235,54.3904,2.0063336,2.5,7.695435
139092,2023-01-03,NH95/17,29.4,6.2584167,10.999999,20.550297
139093,2023-01-03,TL33/4,75.42,6.2584167,10.999999,20.550297
139094,2023-01-03,SJ15/13,80.02889,6.2584167,10.999999,20.550297
139095,2023-01-03,SY68/34,71.31,6.2584167,10.999999,20.550297
139096,2023-01-03,NY63/2,130.66,6.2584167,10.999999,20.550297
139097,2023-01-03,ID30/1,117.18,6.2584167,10.999999,20.550297
139098,2023-01-03,SU01/5B,101.7,6.2584167,10.999999,20.550297
139099,2023-01-03,SE95/6,23.51,6.2584167,10.999999,20.550297
139100,2023-01-03,SU17/57,134.83,6.2584167,10.999999,20.550297
139101,2023-01-03,TF81/2A,42.17,6.2584167,10.999999,20.550297
139102,2023-01-03,TQ25/86,89.03,6.2584167,10.999999,20.550297
139103,2023-01-03,TR14/9,65.84,6.2584167,10.999999,20.550297
139104,2023-01-03,TL33/67,76.14,6.2584167,10.999999,20.550297
139105,2023-01-03,NO20/14,36.98,6.2584167,10.999999,20.550297
139106,2023-01-03,TF03/37,16.16,6.2584167,10.999999,20.550297
139107,2023-01-03,SK00/41,130.46,6.2584167,10.999999,20.550297
139108,2023-01-03,SP00/62,103.24,6.2584167,10.999999,20.550297
139109,2023-01-03,SE94/5,14.12,6.2584167,10.999999,20.550297
139110,2023-01-03,SJ62/235,54.408,6.2584167,10.999999,20.550297
139111,2023-01-03,TL44/12,38.72,6.2584167,10.999999,20.550297
139112,2023-01-03,SU81/1,72.54,6.2584167,10.999999,20.550297
139113,2023-01-03,ST07/10,82.5665,6.2584167,10.999999,20.550297
139114,2023-01-03,TA10/63,13.38,6.2584167,10.999999,20.550297
139115,2023-01-03,SU71/23,58.1,6.2584167,10.999999,20.550297
139116,2023-01-03,SN00/11,13.4391,6.2584167,10.999999,20.550297
139117,2023-01-04,SP00/62,103.19,9.51675,10.800001,21.704361
139118,2023-01-04,SU01/5B,102.38,9.51675,10.800001,21.704361
139119,2023-01-04,SE95/6,24.06,9.51675,10.800001,21.704361
139120,2023-01-04,NY63/2,130.76,9.51675,10.800001,21.704361
139121,2023-01-04,SU17/57,135.26,9.51675,10.800001,21.704361
139122,2023-01-04,TF81/2A,42.17,9.51675,10.800001,21.704361
139123,2023-01-04,NO20/14,37.03,9.51675,10.800001,21.704361
139124,2023-01-04,TF03/37,16.36,9.51675,10.800001,21.704361
139125,2023-01-04,TQ25/86,89.4,9.51675,10.800001,21.704361
139126,2023-01-04,SY68/34,71.31,9.51675,10.800001,21.704361
139127,2023-01-04,ID30/1,117.23,9.51675,10.800001,21.704361
139128,2023-01-04,SK00/41,130.45,9.51675,10.800001,21.704361
139129,2023-01-04,TR14/9,66.46,9.51675,10.800001,21.704361
139130,2023-01-04,TL33/4,75.42,9.51675,10.800001,21.704361
139131,2023-01-04,TL33/67,76.15,9.51675,10.800001,21.704361
139132,2023-01-04,SJ15/13,80.06167,9.51675,10.800001,21.704361
139133,2023-01-04,SE94/5,14.24,9.51675,10.800001,21.704361
139134,2023-01-04,NH95/17,29.45,9.51675,10.800001,21.704361
139135,2023-01-04,TA10/63,13.48,9.51675,10.800001,21.704361
139136,2023-01-04,ST07/10,82.1311,9.51675,10.800001,21.704361
139137,2023-01-04,SJ62/235,54.405,9.51675,10.800001,21.704361
139138,2023-01-04,SN00/11,13.503,9.51675,10.800001,21.704361
139139,2023-01-04,SU81/1,73.11,9.51675,10.800001,21.704361
139140,2023-01-04,TL44/12,38.89,9.51675,10.800001,21.704361
139141,2023-01-04,SU71/23,58.71,9.51675,10.800001,21.704361
139142,2023-01-05,SK00/41,130.44,8.827167,10.3,16.319277
139143,2023-01-05,TF03/37,16.33,8.827167,10.3,16.319277
139144,2023-01-05,TL33/4,75.42,8.827167,10.3,16.319277
139145,2023-01-05,SJ15/13,80.04274,8.827167,10.3,16.319277
139146,2023-01-05,SE94/5,14.35,8.827167,10.3,16.319277
139147,2023-01-05,NO20/14,37.05,8.827167,10.3,16.319277
139148,2023-01-05,SU01/5B,102.57,8.827167,10.3,16.319277
139149,2023-01-05,TL33/67,76.26,8.827167,10.3,16.319277
139150,2023-01-05,TR14/9,67.0,8.827167,10.3,16.319277
139151,2023-01-05,TQ25/86,89.8,8.827167,10.3,16.319277
139152,2023-01-05,NH95/17,29.49,8.827167,10.3,16.319277
139153,2023-01-05,ID30/1,117.25,8.827167,10.3,16.319277
139154,2023-01-05,SY68/34,71.27,8.827167,10.3,16.319277
139155,2023-01-05,TF81/2A,42.17,8.827167,10.3,16.319277
139156,2023-01-05,SP00/62,103.2,8.827167,10.3,16.319277
139157,2023-01-05,SE95/6,24.55,8.827167,10.3,16.319277
139158,2023-01-05,NY63/2,130.72,8.827167,10.3,16.319277
139159,2023-01-05,SU17/57,135.78,8.827167,10.3,16.319277
139160,2023-01-05,TA10/63,13.6,8.827167,10.3,16.319277
139161,2023-01-05,TL44/12,39.07,8.827167,10.3,16.319277
139162,2023-01-05,SU71/23,59.44,8.827167,10.3,16.319277
139163,2023-01-05,SJ62/235,54.415,8.827167,10.3,16.319277
139164,2023-01-05,SN00/11,13.5378,8.827167,10.3,16.319277
139165,2023-01-05,SU81/1,73.69,8.827167,10.3,16.319277
139166,2023-01-05,ST07/10,82.1536,8.827167,10.3,16.319277
139167,2023-01-06,SE94/5,14.49,7.6396675,1.0,19.500095
139168,2023-01-06,NO20/14,37.12,7.6396675,1.0,19.500095
139169,2023-01-06,TL33/4,75.43,7.6396675,1.0,19.500095
139170,2023-01-06,SJ15/13,80.0607,7.6396675,1.0,19.500095
139171,2023-01-06,ID30/1,117.21,7.6396675,1.0,19.500095
139172,2023-01-06,SK00/41,130.44,7.6396675,1.0,19.500095
139173,2023-01-06,SU01/5B,102.65,7.6396675,1.0,19.500095
139174,2023-01-06,TF03/37,16.47,7.6396675,1.0,19.500095
139175,2023-01-06,SE95/6,25.03,7.6396675,1.0,19.500095
139176,2023-01-06,SP00/62,103.22,7.6396675,1.0,19.500095
139177,2023-01-06,TF81/2A,42.18,7.6396675,1.0,19.500095
139178,2023-01-06,TL33/67,76.34,7.6396675,1.0,19.500095
139179,2023-01-06,TR14/9,67.48,7.6396675,1.0,19.500095
139180,2023-01-06,SY68/34,71.27,7.6396675,1.0,19.500095
139181,2023-01-06,TQ25/86,90.23,7.6396675,1.0,19.500095
139182,2023-01-06,NH95/17,29.52,7.6396675,1.0,19.500095
139183,2023-01-06,NY63/2,130.77,7.6396675,1.0,19.500095
139184,2023-01-06,SU17/57,136.12,7.6396675,1.0,19.500095
139185,2023-01-06,TL44/12,39.25,7.6396675,1.0,19.500095
139186,2023-01-06,SN00/11,13.563,7.6396675,1.0,19.500095
139187,2023-01-06,SU81/1,74.11,7.6396675,1.0,19.500095
139188,2023-01-06,TA10/63,13.72,7.6396675,1.0,19.500095
139189,2023-01-06,ST07/10,81.5997,7.6396675,1.0,19.500095
139190,2023-01-06,SJ62/235,54.426,7.6396675,1.0,19.500095
139191,2023-01-06,SU71/23,59.92,7.6396675,1.0,19.500095
139192,2023-01-07,SU01/5B,102.78,8.804251,11.800001,24.26822
139193,2023-01-07,TL33/67,76.47,8.804251,11.800001,24.26822
139194,2023-01-07,SE94/5,14.64,8.804251,11.800001,24.26822
139195,2023-01-07,SJ15/13,80.09378,8.804251,11.800001,24.26822
139196,2023-01-07,SU17/57,136.45,8.804251,11.800001,24.26822
139197,2023-01-07,NY63/2,130.8,8.804251,11.800001,24.26822
139198,2023-01-07,ID30/1,117.18,8.804251,11.800001,24.26822
139199,2023-01-07,TF03/37,16.58,8.804251,11.800001,24.26822
139200,2023-01-07,NH95/17,29.54,8.804251,11.800001,24.26822
139201,2023-01-07,NO20/14,37.18,8.804251,11.800001,24.26822
139202,2023-01-07,SE95/6,25.46,8.804251,11.800001,24.26822
139203,2023-01-07,SP00/62,103.2,8.804251,11.800001,24.26822
139204,2023-01-07,TF81/2A,42.19,8.804251,11.800001,24.26822
139205,2023-01-07,TR14/9,67.95,8.804251,11.800001,24.26822
139206,2023-01-07,SK00/41,130.43,8.804251,11.800001,24.26822
139207,2023-01-07,SY68/34,71.25,8.804251,11.800001,24.26822
139208,2023-01-07,TL33/4,75.44,8.804251,11.800001,24.26822
139209,2023-01-07,TQ25/86,90.73,8.804251,11.800001,24.26822
139210,2023-01-07,SU81/1,74.39,8.804251,11.800001,24.26822
139211,2023-01-07,TA10/63,13.84,8.804251,11.800001,24.26822
139212,2023-01-07,SN00/11,13.9602,8.804251,11.800001,24.26822
139213,2023-01-07,ST07/10,81.1318,8.804251,11.800001,24.26822
139214,2023-01-07,SJ62/235,54.434,8.804251,11.800001,24.26822
139215,2023-01-07,TL44/12,39.37,8.804251,11.800001,24.26822
139216,2023-01-07,SU71/23,60.25,8.804251,11.800001,24.26822
139217,2023-01-08,NH95/17,29.55,5.2021666,10.5,18.972929
139218,2023-01-08,SU01/5B,102.85,5.2021666,10.5,18.972929
139219,2023-01-08,TF03/37,16.7,5.2021666,10.5,18.972929
139220,2023-01-08,NY63/2,130.86,5.2021666,10.5,18.972929
139221,2023-01-08,SY68/34,71.24,5.2021666,10.5,18.972929
139222,2023-01-08,SP00/62,103.22,5.2021666,10.5,18.972929
139223,2023-01-08,SE94/5,14.79,5.2021666,10.5,18.972929
139224,2023-01-08,SE95/6,25.82,5.2021666,10.5,18.972929
139225,2023-01-08,SU17/57,136.73,5.2021666,10.5,18.972929
139226,2023-01-08,ID30/1,117.04,5.2021666,10.5,18.972929
139227,2023-01-08,TL33/67,76.57,5.2021666,10.5,18.972929
139228,2023-01-08,NO20/14,37.21,5.2021666,10.5,18.972929
139229,2023-01-08,TR14/9,68.36,5.2021666,10.5,18.972929
139230,2023-01-08,SK00/41,130.44,5.2021666,10.5,18.972929
139231,2023-01-08,TL33/4,75.45,5.2021666,10.5,18.972929
139232,2023-01-08,SJ15/13,80.11874,5.2021666,10.5,18.972929
139233,2023-01-08,TF81/2A,42.2,5.2021666,10.5,18.972929
139234,2023-01-08,TQ25/86,91.24,5.2021666,10.5,18.972929
139235,2023-01-08,ST07/10,81.0227,5.2021666,10.5,18.972929
139236,2023-01-08,SU71/23,60.44,5.2021666,10.5,18.972929
139237,2023-01-08,TL44/12,39.92,5.2021666,10.5,18.972929
139238,2023-01-08,SN00/11,14.1541,5.2021666,10.5,18.972929
139239,2023-01-08,SJ62/235,54.4375,5.2021666,10.5,18.972929
139240,2023-01-08,SU81/1,74.54,5.2021666,10.5,18.972929
139241,2023-01-08,TA10/63,13.96,5.2021666,10.5,18.972929
139242,2023-01-09,TF03/37,16.81,5.225083,3.2,17.003942
139243,2023-01-09,SK00/41,130.44,5.225083,3.2,17.003942
139244,2023-01-09,TR14/9,68.65,5.225083,3.2,17.003942
139245,2023-01-09,SE94/5,14.94,5.225083,3.2,17.003942
139246,2023-01-09,NH95/17,29.52,5.225083,3.2,17.003942
139247,2023-01-09,SE95/6,26.1,5.225083,3.2,17.003942
139248,2023-01-09,SU01/5B,102.72,5.225083,3.2,17.003942
139249,2023-01-09,ID30/1,116.8,5.225083,3.2,17.003942
139250,2023-01-09,TL33/67,76.48,5.225083,3.2,17.003942
139251,2023-01-09,SU17/57,137.0,5.225083,3.2,17.003942
139252,2023-01-09,SP00/62,103.24,5.225083,3.2,17.003942
139253,2023-01-09,TF81/2A,42.19,5.225083,3.2,17.003942
139254,2023-01-09,NO20/14,37.15,5.225083,3.2,17.003942
139255,2023-01-09,NY63/2,130.88,5.225083,3.2,17.003942
139256,2023-01-09,TL33/4,75.46,5.225083,3.2,17.003942
139257,2023-01-09,SY68/34,71.23,5.225083,3.2,17.003942
139258,2023-01-09,SJ15/13,80.12289,5.225083,3.2,17.003942
139259,2023-01-09,TQ25/86,91.7,5.225083,3.2,17.003942
139260,2023-01-09,SU81/1,74.68,5.225083,3.2,17.003942
139261,2023-01-09,ST07/10,80.8907,5.225083,3.2,17.003942
139262,2023-01-09,SN00/11,14.1924,5.225083,3.2,17.003942
139263,2023-01-09,TA10/63,14.05,5.225083,3.2,17.003942
139264,2023-01-09,SU71/23,60.64,5.225083,3.2,17.003942
139265,2023-01-09,SJ62/235,54.425,5.225083,3.2,17.003942
139266,2023-01-10,TF03/37,16.73,7.087584,27.599998,21.787127
139267,2023-01-10,SJ15/13,80.04642,7.087584,27.599998,21.787127
139268,2023-01-10,TQ25/86,92.18,7.087584,27.599998,21.787127
139269,2023-01-10,TL33/4,75.47,7.087584,27.599998,21.787127
139270,2023-01-10,TR14/9,68.98,7.087584,27.599998,21.787127
139271,2023-01-10,NO20/14,37.16,7.087584,27.599998,21.787127
139272,2023-01-10,TL33/67,76.65,7.087584,27.599998,21.787127
139273,2023-01-10,SP00/62,103.2,7.087584,27.599998,21.787127
139274,2023-01-10,SU17/57,137.49,7.087584,27.599998,21.787127
139275,2023-01-10,SE95/6,26.28,7.087584,27.599998,21.787127
139276,2023-01-10,SE94/5,15.05,7.087584,27.599998,21.787127
139277,2023-01-10,TF81/2A,42.21,7.087584,27.599998,21.787127
139278,2023-01-10,SY68/34,71.19,7.087584,27.599998,21.787127
139279,2023-01-10,ID30/1,116.8,7.087584,27.599998,21.787127
139280,2023-01-10,SK00/41,130.43,7.087584,27.599998,21.787127
139281,2023-01-10,SU01/5B,102.6,7.087584,27.599998,21.787127
139282,2023-01-10,NY63/2,130.78,7.087584,27.599998,21.787127
139283,2023-01-10,NH95/17,29.54,7.087584,27.599998,21.787127
139284,2023-01-10,SJ62/235,54.4389,7.087584,27.599998,21.787127
139285,2023-01-10,TA10/63,14.18,7.087584,27.599998,21.787127
139286,2023-01-10,ST07/10,81.4871,7.087584,27.599998,21.787127
139287,2023-01-10,SU71/23,61.09,7.087584,27.599998,21.787127
139288,2023-01-10,SN00/11,14.2321,7.087584,27.599998,21.787127
139289,2023-01-10,SU81/1,74.9,7.087584,27.599998,21.787127
139290,2023-01-11,SJ15/13,80.096,5.9479995,6.500001,19.740002
139291,2023-01-11,ID30/1,116.93,5.9479995,6.500001,19.740002
139292,2023-01-11,SU17/57,137.66,5.9479995,6.500001,19.740002
139293,2023-01-11,NO20/14,37.18,5.9479995,6.500001,19.740002
139294,2023-01-11,TR14/9,69.25,5.9479995,6.500001,19.740002
139295,2023-01-11,TF03/37,16.94,5.9479995,6.500001,19.740002
139296,2023-01-11,SE94/5,15.21,5.9479995,6.500001,19.740002
139297,2023-01-11,SY68/34,71.21,5.9479995,6.500001,19.740002
139298,2023-01-11,SE95/6,26.45,5.9479995,6.500001,19.740002
139299,2023-01-11,SP00/62,103.17,5.9479995,6.500001,19.740002
139300,2023-01-11,TL33/4,75.48,5.9479995,6.500001,19.740002
139301,2023-01-11,SU01/5B,102.85,5.9479995,6.500001,19.740002
139302,2023-01-11,SK00/41,130.42,5.9479995,6.500001,19.740002
139303,2023-01-11,TF81/2A,42.22,5.9479995,6.500001,19.740002
139304,2023-01-11,NH95/17,29.54,5.9479995,6.500001,19.740002
139305,2023-01-11,NY63/2,130.89,5.9479995,6.500001,19.740002
139306,2023-01-11,TQ25/86,92.62,5.9479995,6.500001,19.740002
139307,2023-01-11,TL33/67,76.72,5.9479995,6.500001,19.740002
139308,2023-01-11,SU71/23,61.68,5.9479995,6.500001,19.740002
139309,2023-01-11,SN00/11,14.2299,5.9479995,6.500001,19.740002
139310,2023-01-11,SU81/1,75.2,5.9479995,6.500001,19.740002
139311,2023-01-11,SJ62/235,54.4466,5.9479995,6.500001,19.740002
139312,2023-01-11,ST07/10,83.5553,5.9479995,6.500001,19.740002
139313,2023-01-11,TA10/63,14.29,5.9479995,6.500001,19.740002
139314,2023-01-12,ID30/1,117.01,6.35425,9.5,18.840841
139315,2023-01-12,TF03/37,17.07,6.35425,9.5,18.840841
139316,2023-01-12,SK00/41,130.42,6.35425,9.5,18.840841
139317,2023-01-12,SU17/57,137.9,6.35425,9.5,18.840841
139318,2023-01-12,TF81/2A,42.23,6.35425,9.5,18.840841
139319,2023-01-12,TQ25/86,93.02,6.35425,9.5,18.840841
139320,2023-01-12,TR14/9,69.56,6.35425,9.5,18.840841
139321,2023-01-12,NO20/14,37.25,6.35425,9.5,18.840841
139322,2023-01-12,SE94/5,15.36,6.35425,9.5,18.840841
139323,2023-01-12,TL33/67,76.82,6.35425,9.5,18.840841
139324,2023-01-12,NH95/17,29.54,6.35425,9.5,18.840841
139325,2023-01-12,SE95/6,26.56,6.35425,9.5,18.840841
139326,2023-01-12,NY63/2,130.93,6.35425,9.5,18.840841
139327,2023-01-12,SU01/5B,103.34,6.35425,9.5,18.840841
139328,2023-01-12,TL33/4,75.49,6.35425,9.5,18.840841
139329,2023-01-12,SP00/62,103.17,6.35425,9.5,18.840841
139330,2023-01-12,SJ15/13,80.1405,6.35425,9.5,18.840841
139331,2023-01-12,SY68/34,71.21,6.35425,9.5,18.840841
139332,2023-01-12,SN00/11,14.2222,6.35425,9.5,18.840841
139333,2023-01-12,SJ62/235,54.4546,6.35425,9.5,18.840841
139334,2023-01-12,SU81/1,75.61,6.35425,9.5,18.840841
139335,2023-01-12,SU71/23,62.69,6.35425,9.5,18.840841
139336,2023-01-12,TL44/12,40.54,6.35425,9.5,18.840841
139337,2023-01-12,ST07/10,87.7952,6.35425,9.5,18.840841
139338,2023-01-12,TA10/63,14.42,6.35425,9.5,18.840841
139339,2023-01-13,TF81/2A,42.24,5.983417,4.299999,22.494932
139340,2023-01-13,SP00/62,103.34,5.983417,4.299999,22.494932
139341,2023-01-13,SU01/5B,103.92,5.983417,4.299999,22.494932
139342,2023-01-13,SU17/57,138.22,5.983417,4.299999,22.494932
139343,2023-01-13,SK00/41,130.42,5.983417,4.299999,22.494932
139344,2023-01-13,SE94/5,15.54,5.983417,4.299999,22.494932
139345,2023-01-13,SE95/6,26.66,5.983417,4.299999,22.494932
139346,2023-01-13,NH95/17,29.52,5.983417,4.299999,22.494932
139347,2023-01-13,SY68/34,71.22,5.983417,4.299999,22.494932
139348,2023-01-13,TF03/37,17.23,5.983417,4.299999,22.494932
139349,2023-01-13,ID30/1,117.01,5.983417,4.299999,22.494932
139350,2023-01-13,TR14/9,69.81,5.983417,4.299999,22.494932
139351,2023-01-13,SJ15/13,80.19353,5.983417,4.299999,22.494932
139352,2023-01-13,NO20/14,37.26,5.983417,4.299999,22.494932
139353,2023-01-13,NY63/2,131.0,5.983417,4.299999,22.494932
139354,2023-01-13,TQ25/86,93.36,5.983417,4.299999,22.494932
139355,2023-01-13,TL33/67,76.83,5.983417,4.299999,22.494932
139356,2023-01-13,TL33/4,75.51,5.983417,4.299999,22.494932
139357,2023-01-13,ST07/10,88.9036,5.983417,4.299999,22.494932
139358,2023-01-13,SN00/11,14.19,5.983417,4.299999,22.494932
139359,2023-01-13,SJ62/235,54.46,5.983417,4.299999,22.494932
139360,2023-01-13,TL44/12,41.79,5.983417,4.299999,22.494932
139361,2023-01-13,TA10/63,14.53,5.983417,4.299999,22.494932
139362,2023-01-13,SU81/1,75.95,5.983417,4.299999,22.494932
139363,2023-01-13,SU71/23,63.88,5.983417,4.299999,22.494932
139364,2023-01-14,TQ25/86,93.72,5.668833,21.500002,23.980389
139365,2023-01-14,SP00/62,103.32,5.668833,21.500002,23.980389
139366,2023-01-14,NO20/14,37.35,5.668833,21.500002,23.980389
139367,2023-01-14,SU17/57,138.9,5.668833,21.500002,23.980389
139368,2023-01-14,SJ15/13,80.18885,5.668833,21.500002,23.980389
139369,2023-01-14,SE94/5,15.66,5.668833,21.500002,23.980389
139370,2023-01-14,TL33/67,77.01,5.668833,21.500002,23.980389
139371,2023-01-14,TL33/4,75.53,5.668833,21.500002,23.980389
139372,2023-01-14,SU01/5B,104.44,5.668833,21.500002,23.980389
139373,2023-01-14,TR14/9,70.19,5.668833,21.500002,23.980389
139374,2023-01-14,SK00/41,130.4,5.668833,21.500002,23.980389
139375,2023-01-14,TF81/2A,42.26,5.668833,21.500002,23.980389
139376,2023-01-14,TF03/37,17.28,5.668833,21.500002,23.980389
139377,2023-01-14,SY68/34,71.22,5.668833,21.500002,23.980389
139378,2023-01-14,SE95/6,26.7,5.668833,21.500002,23.980389
139379,2023-01-14,NH95/17,29.55,5.668833,21.500002,23.980389
139380,2023-01-14,NY63/2,130.94,5.668833,21.500002,23.980389
139381,2023-01-14,ID30/1,117.15,5.668833,21.500002,23.980389
139382,2023-01-14,SU71/23,64.97,5.668833,21.500002,23.980389
139383,2023-01-14,TA10/63,14.7,5.668833,21.500002,23.980389
139384,2023-01-14,SU81/1,76.29,5.668833,21.500002,23.980389
139385,2023-01-14,SN00/11,14.3865,5.668833,21.500002,23.980389
139386,2023-01-14,ST07/10,90.2335,5.668833,21.500002,23.980389
139387,2023-01-14,SJ62/235,54.4685,5.668833,21.500002,23.980389
139388,2023-01-15,NY63/2,131.05,2.8542497,2.8999999,14.092228
139389,2023-01-15,TR14/9,70.52,2.8542497,2.8999999,14.092228
139390,2023-01-15,SJ15/13,80.21589,2.8542497,2.8999999,14.092228
139391,2023-01-15,TL33/67,77.14,2.8542497,2.8999999,14.092228
139392,2023-01-15,SY68/34,71.29,2.8542497,2.8999999,14.092228
139393,2023-01-15,TQ25/86,94.01,2.8542497,2.8999999,14.092228
139394,2023-01-15,SK00/41,130.4,2.8542497,2.8999999,14.092228
139395,2023-01-15,NO20/14,37.42,2.8542497,2.8999999,14.092228
139396,2023-01-15,TL33/4,75.54,2.8542497,2.8999999,14.092228
139397,2023-01-15,SE95/6,26.85,2.8542497,2.8999999,14.092228
139398,2023-01-15,NH95/17,29.54,2.8542497,2.8999999,14.092228
139399,2023-01-15,SU17/57,139.5,2.8542497,2.8999999,14.092228
139400,2023-01-15,SU01/5B,104.95,2.8542497,2.8999999,14.092228
139401,2023-01-15,SP00/62,103.43,2.8542497,2.8999999,14.092228
139402,2023-01-15,TF81/2A,42.28,2.8542497,2.8999999,14.092228
139403,2023-01-15,SE94/5,15.85,2.8542497,2.8999999,14.092228
139404,2023-01-15,ID30/1,117.32,2.8542497,2.8999999,14.092228
139405,2023-01-15,TF03/37,17.41,2.8542497,2.8999999,14.092228
139406,2023-01-15,TA10/63,14.84,2.8542497,2.8999999,14.092228
139407,2023-01-15,SN00/11,14.3963,2.8542497,2.8999999,14.092228
139408,2023-01-15,SJ62/235,54.4761,2.8542497,2.8999999,14.092228
139409,2023-01-15,ST07/10,90.2722,2.8542497,2.8999999,14.092228
139410,2023-01-15,SU71/23,66.13,2.8542497,2.8999999,14.092228
139411,2023-01-15,TL44/12,42.07,2.8542497,2.8999999,14.092228
139412,2023-01-15,SU81/1,76.66,2.8542497,2.8999999,14.092228
139413,2023-01-16,SU17/57,140.25,-0.7499166,2.8999999,7.8179045
139414,2023-01-16,TL33/67,77.23,-0.7499166,2.8999999,7.8179045
139415,2023-01-16,SJ15/13,80.21881,-0.7499166,2.8999999,7.8179045
139416,2023-01-16,TL33/4,75.57,-0.7499166,2.8999999,7.8179045
139417,2023-01-16,TF81/2A,42.3,-0.7499166,2.8999999,7.8179045
139418,2023-01-16,SE94/5,16.03,-0.7499166,2.8999999,7.8179045
139419,2023-01-16,SU01/5B,105.57,-0.7499166,2.8999999,7.8179045
139420,2023-01-16,SP00/62,103.42,-0.7499166,2.8999999,7.8179045
139421,2023-01-16,NO20/14,37.44,-0.7499166,2.8999999,7.8179045
139422,2023-01-16,NH95/17,29.55,-0.7499166,2.8999999,7.8179045
139423,2023-01-16,TQ25/86,94.29,-0.7499166,2.8999999,7.8179045
139424,2023-01-16,SE95/6,26.99,-0.7499166,2.8999999,7.8179045
139425,2023-01-16,SY68/34,71.41,-0.7499166,2.8999999,7.8179045
139426,2023-01-16,SK00/41,130.39,-0.7499166,2.8999999,7.8179045
139427,2023-01-16,NY63/2,131.04,-0.7499166,2.8999999,7.8179045
139428,2023-01-16,TR14/9,71.07,-0.7499166,2.8999999,7.8179045
139429,2023-01-16,ID30/1,117.41,-0.7499166,2.8999999,7.8179045
139430,2023-01-16,TF03/37,17.56,-0.7499166,2.8999999,7.8179045
139431,2023-01-16,SJ62/235,54.4793,-0.7499166,2.8999999,7.8179045
139432,2023-01-16,ST07/10,89.4077,-0.7499166,2.8999999,7.8179045
139433,2023-01-16,SU71/23,66.88,-0.7499166,2.8999999,7.8179045
139434,2023-01-16,TL44/12,42.27,-0.7499166,2.8999999,7.8179045
139435,2023-01-16,SN00/11,14.2748,-0.7499166,2.8999999,7.8179045
139436,2023-01-16,TA10/63,14.98,-0.7499166,2.8999999,7.8179045
139437,2023-01-16,SU81/1,76.8,-0.7499166,2.8999999,7.8179045
139438,2023-01-17,TF81/2A,42.31,-1.4749168,0.0,7.6681385
139439,2023-01-17,SU01/5B,106.34,-1.4749168,0.0,7.6681385
139440,2023-01-17,SP00/62,103.35,-1.4749168,0.0,7.6681385
139441,2023-01-17,NO20/14,37.47,-1.4749168,0.0,7.6681385
139442,2023-01-17,NY63/2,131.06,-1.4749168,0.0,7.6681385
139443,2023-01-17,SY68/34,71.43,-1.4749168,0.0,7.6681385
139444,2023-01-17,TL33/67,77.3,-1.4749168,0.0,7.6681385
139445,2023-01-17,TF03/37,17.69,-1.4749168,0.0,7.6681385
139446,2023-01-17,SU17/57,140.95,-1.4749168,0.0,7.6681385
139447,2023-01-17,NH95/17,29.55,-1.4749168,0.0,7.6681385
139448,2023-01-17,TL33/4,75.59,-1.4749168,0.0,7.6681385
139449,2023-01-17,TR14/9,71.64,-1.4749168,0.0,7.6681385
139450,2023-01-17,SE95/6,27.22,-1.4749168,0.0,7.6681385
139451,2023-01-17,SE94/5,16.22,-1.4749168,0.0,7.6681385
139452,2023-01-17,SJ15/13,80.2017,-1.4749168,0.0,7.6681385
139453,2023-01-17,TQ25/86,94.57,-1.4749168,0.0,7.6681385
139454,2023-01-17,ID30/1,117.3,-1.4749168,0.0,7.6681385
139455,2023-01-17,SK00/41,130.38,-1.4749168,0.0,7.6681385
139456,2023-01-17,TL44/12,42.45,-1.4749168,0.0,7.6681385
139457,2023-01-17,SN00/11,14.0993,-1.4749168,0.0,7.6681385
139458,2023-01-17,SU71/23,67.49,-1.4749168,0.0,7.6681385
139459,2023-01-17,SJ62/235,54.4785,-1.4749168,0.0,7.6681385
139460,2023-01-17,ST07/10,88.364,-1.4749168,0.0,7.6681385
139461,2023-01-17,SU81/1,76.81,-1.4749168,0.0,7.6681385
139462,2023-01-17,TA10/63,15.13,-1.4749168,0.0,7.6681385
139463,2023-01-18,SU17/57,141.52,0.16258337,0.1,11.98629
139464,2023-01-18,NH95/17,29.53,0.16258337,0.1,11.98629
139465,2023-01-18,TR14/9,72.26,0.16258337,0.1,11.98629
139466,2023-01-18,TQ25/86,94.84,0.16258337,0.1,11.98629
139467,2023-01-18,SE94/5,16.4,0.16258337,0.1,11.98629
139468,2023-01-18,ID30/1,117.14,0.16258337,0.1,11.98629
139469,2023-01-18,NY63/2,131.04,0.16258337,0.1,11.98629
139470,2023-01-18,TF81/2A,42.32,0.16258337,0.1,11.98629
139471,2023-01-18,TL33/67,77.33,0.16258337,0.1,11.98629
139472,2023-01-18,SE95/6,27.52,0.16258337,0.1,11.98629
139473,2023-01-18,SP00/62,103.27,0.16258337,0.1,11.98629
139474,2023-01-18,SU01/5B,106.92,0.16258337,0.1,11.98629
139475,2023-01-18,TF03/37,17.73,0.16258337,0.1,11.98629
139476,2023-01-18,NO20/14,37.43,0.16258337,0.1,11.98629
139477,2023-01-18,SJ15/13,80.16707,0.16258337,0.1,11.98629
139478,2023-01-18,TL33/4,75.61,0.16258337,0.1,11.98629
139479,2023-01-18,SY68/34,71.43,0.16258337,0.1,11.98629
139480,2023-01-18,SK00/41,130.38,0.16258337,0.1,11.98629
139481,2023-01-18,SJ62/235,54.4709,0.16258337,0.1,11.98629
139482,2023-01-18,SN00/11,13.9042,0.16258337,0.1,11.98629
139483,2023-01-18,ST07/10,87.2375,0.16258337,0.1,11.98629
139484,2023-01-18,TA10/63,15.27,0.16258337,0.1,11.98629
139485,2023-01-18,SU71/23,67.79,0.16258337,0.1,11.98629
139486,2023-01-18,SU81/1,76.8,0.16258337,0.1,11.98629
139487,2023-01-18,TM15/112,25.05,0.16258337,0.1,11.98629
139488,2023-01-19,SU01/5B,107.23,0.14383332,0.0,12.235775
139489,2023-01-19,TF81/2A,42.33,0.14383332,0.0,12.235775
139490,2023-01-19,NO20/14,37.39,0.14383332,0.0,12.235775
139491,2023-01-19,SP00/62,103.19,0.14383332,0.0,12.235775
139492,2023-01-19,SE95/6,27.81,0.14383332,0.0,12.235775
139493,2023-01-19,NH95/17,29.54,0.14383332,0.0,12.235775
139494,2023-01-19,TR14/9,72.88,0.14383332,0.0,12.235775
139495,2023-01-19,TL33/67,77.42,0.14383332,0.0,12.235775
139496,2023-01-19,TL33/4,75.64,0.14383332,0.0,12.235775
139497,2023-01-19,SK00/41,130.36,0.14383332,0.0,12.235775
139498,2023-01-19,SE94/5,16.48,0.14383332,0.0,12.235775
139499,2023-01-19,SY68/34,71.38,0.14383332,0.0,12.235775
139500,2023-01-19,SJ15/13,80.10967,0.14383332,0.0,12.235775
139501,2023-01-19,NY63/2,130.97,0.14383332,0.0,12.235775
139502,2023-01-19,ID30/1,116.9,0.14383332,0.0,12.235775
139503,2023-01-19,TQ25/86,95.12,0.14383332,0.0,12.235775
139504,2023-01-19,TF03/37,17.69,0.14383332,0.0,12.235775
139505,2023-01-19,SU17/57,142.04,0.14383332,0.0,12.235775
139506,2023-01-19,SU71/23,67.85,0.14383332,0.0,12.235775
139507,2023-01-19,TA10/63,15.4,0.14383332,0.0,12.235775
139508,2023-01-19,SU81/1,76.8,0.14383332,0.0,12.235775
139509,2023-01-19,SJ62/235,54.4682,0.14383332,0.0,12.235775
139510,2023-01-19,TL44/12,42.36,0.14383332,0.0,12.235775
139511,2023-01-19,SN00/11,13.7109,0.14383332,0.0,12.235775
139512,2023-01-19,ST07/10,86.0818,0.14383332,0.0,12.235775
139513,2023-01-20,SP00/62,103.11,0.04800008,0.0,5.7703323
139514,2023-01-20,TL33/4,75.66,0.04800008,0.0,5.7703323
139515,2023-01-20,NO20/14,37.33,0.04800008,0.0,5.7703323
139516,2023-01-20,SE94/5,16.71,0.04800008,0.0,5.7703323
139517,2023-01-20,SJ15/13,80.07847,0.04800008,0.0,5.7703323
139518,2023-01-20,SY68/34,71.34,0.04800008,0.0,5.7703323
139519,2023-01-20,NH95/17,29.53,0.04800008,0.0,5.7703323
139520,2023-01-20,ID30/1,116.59,0.04800008,0.0,5.7703323
139521,2023-01-20,TR14/9,73.33,0.04800008,0.0,5.7703323
139522,2023-01-20,SU01/5B,107.21,0.04800008,0.0,5.7703323
139523,2023-01-20,TF03/37,17.73,0.04800008,0.0,5.7703323
139524,2023-01-20,TQ25/86,95.39,0.04800008,0.0,5.7703323
139525,2023-01-20,SE95/6,28.08,0.04800008,0.0,5.7703323
139526,2023-01-20,TF81/2A,42.34,0.04800008,0.0,5.7703323
139527,2023-01-20,NY63/2,130.96,0.04800008,0.0,5.7703323
139528,2023-01-20,SU17/57,142.44,0.04800008,0.0,5.7703323
139529,2023-01-20,SK00/41,130.34,0.04800008,0.0,5.7703323
139530,2023-01-20,TL33/67,77.45,0.04800008,0.0,5.7703323
139531,2023-01-20,SJ62/235,54.46,0.04800008,0.0,5.7703323
139532,2023-01-20,SU81/1,76.78,0.04800008,0.0,5.7703323
139533,2023-01-20,TA10/63,15.51,0.04800008,0.0,5.7703323
139534,2023-01-20,TL44/12,42.28,0.04800008,0.0,5.7703323
139535,2023-01-20,SU71/23,67.73,0.04800008,0.0,5.7703323
139536,2023-01-20,ST07/10,84.8655,0.04800008,0.0,5.7703323
139537,2023-01-20,SN00/11,13.5436,0.04800008,0.0,5.7703323
139538,2023-01-20,TV59/7C,2.61,0.04800008,0.0,5.7703323
139539,2023-01-21,SE95/6,28.26,0.43550006,0.0,15.4558115
139540,2023-01-21,TL33/4,75.69,0.43550006,0.0,15.4558115
139541,2023-01-21,TL33/67,77.54,0.43550006,0.0,15.4558115
139542,2023-01-21,TR14/9,73.7,0.43550006,0.0,15.4558115
139543,2023-01-21,SU01/5B,106.84,0.43550006,0.0,15.4558115
139544,2023-01-21,SY68/34,71.29,0.43550006,0.0,15.4558115
139545,2023-01-21,SK00/41,130.32,0.43550006,0.0,15.4558115
139546,2023-01-21,SJ15/13,80.03742,0.43550006,0.0,15.4558115
139547,2023-01-21,ID30/1,116.39,0.43550006,0.0,15.4558115
139548,2023-01-21,SU17/57,142.79,0.43550006,0.0,15.4558115
139549,2023-01-21,NY63/2,130.9,0.43550006,0.0,15.4558115
139550,2023-01-21,TQ25/86,95.65,0.43550006,0.0,15.4558115
139551,2023-01-21,TF81/2A,42.35,0.43550006,0.0,15.4558115
139552,2023-01-21,SE94/5,16.86,0.43550006,0.0,15.4558115
139553,2023-01-21,TF03/37,17.75,0.43550006,0.0,15.4558115
139554,2023-01-21,NH95/17,29.54,0.43550006,0.0,15.4558115
139555,2023-01-21,NO20/14,37.32,0.43550006,0.0,15.4558115
139556,2023-01-21,SP00/62,103.04,0.43550006,0.0,15.4558115
139557,2023-01-21,SJ62/235,54.4603,0.43550006,0.0,15.4558115
139558,2023-01-21,SN00/11,13.4017,0.43550006,0.0,15.4558115
139559,2023-01-21,TL44/12,42.24,0.43550006,0.0,15.4558115
139560,2023-01-21,ST07/10,83.6024,0.43550006,0.0,15.4558115
139561,2023-01-21,SU81/1,76.73,0.43550006,0.0,15.4558115
139562,2023-01-21,TA10/63,15.65,0.43550006,0.0,15.4558115
139563,2023-01-21,SU71/23,67.51,0.43550006,0.0,15.4558115
139564,2023-01-22,TF03/37,17.87,2.8959167,0.4,17.319296
139565,2023-01-22,TQ25/86,95.93,2.8959167,0.4,17.319296
139566,2023-01-22,SU17/57,142.85,2.8959167,0.4,17.319296
139567,2023-01-22,SP00/62,102.98,2.8959167,0.4,17.319296
139568,2023-01-22,NO20/14,37.32,2.8959167,0.4,17.319296
139569,2023-01-22,TF81/2A,42.37,2.8959167,0.4,17.319296
139570,2023-01-22,SE94/5,17.01,2.8959167,0.4,17.319296
139571,2023-01-22,SK00/41,130.3,2.8959167,0.4,17.319296
139572,2023-01-22,ID30/1,116.33,2.8959167,0.4,17.319296
139573,2023-01-22,TL33/67,77.67,2.8959167,0.4,17.319296
139574,2023-01-22,NY63/2,130.91,2.8959167,0.4,17.319296
139575,2023-01-22,SE95/6,28.39,2.8959167,0.4,17.319296
139576,2023-01-22,SJ15/13,80.03933,2.8959167,0.4,17.319296
139577,2023-01-22,SU01/5B,106.23,2.8959167,0.4,17.319296
139578,2023-01-22,TR14/9,74.05,2.8959167,0.4,17.319296
139579,2023-01-22,TL33/4,75.71,2.8959167,0.4,17.319296
139580,2023-01-22,SY68/34,71.25,2.8959167,0.4,17.319296
139581,2023-01-22,NH95/17,29.56,2.8959167,0.4,17.319296
139582,2023-01-22,SU71/23,67.23,2.8959167,0.4,17.319296
139583,2023-01-22,SJ62/235,54.4632,2.8959167,0.4,17.319296
139584,2023-01-22,SN00/11,13.2851,2.8959167,0.4,17.319296
139585,2023-01-22,ST07/10,82.1587,2.8959167,0.4,17.319296
139586,2023-01-22,SU81/1,76.57,2.8959167,0.4,17.319296
139587,2023-01-22,TL44/12,42.21,2.8959167,0.4,17.319296
139588,2023-01-22,TA10/63,15.78,2.8959167,0.4,17.319296
139589,2023-01-23,SU01/5B,105.53,5.423,0.1,13.896389
139590,2023-01-23,TR14/9,74.35,5.423,0.1,13.896389
139591,2023-01-23,TL33/4,75.74,5.423,0.1,13.896389
139592,2023-01-23,SY68/34,71.22,5.423,0.1,13.896389
139593,2023-01-23,SE95/6,28.47,5.423,0.1,13.896389
139594,2023-01-23,NY63/2,130.93,5.423,0.1,13.896389
139595,2023-01-23,ID30/1,116.18,5.423,0.1,13.896389
139596,2023-01-23,SK00/41,130.28,5.423,0.1,13.896389
139597,2023-01-23,NH95/17,29.57,5.423,0.1,13.896389
139598,2023-01-23,TF81/2A,42.38,5.423,0.1,13.896389
139599,2023-01-23,TF03/37,18.09,5.423,0.1,13.896389
139600,2023-01-23,SU17/57,142.95,5.423,0.1,13.896389
139601,2023-01-23,TQ25/86,96.19,5.423,0.1,13.896389
139602,2023-01-23,NO20/14,37.31,5.423,0.1,13.896389
139603,2023-01-23,TL33/67,77.77,5.423,0.1,13.896389
139604,2023-01-23,SJ15/13,80.03958,5.423,0.1,13.896389
139605,2023-01-23,SP00/62,102.92,5.423,0.1,13.896389
139606,2023-01-23,SE94/5,17.17,5.423,0.1,13.896389
139607,2023-01-23,SU71/23,66.88,5.423,0.1,13.896389
139608,2023-01-23,ST07/10,80.2678,5.423,0.1,13.896389
139609,2023-01-23,SN00/11,13.1674,5.423,0.1,13.896389
139610,2023-01-23,TA10/63,15.9,5.423,0.1,13.896389
139611,2023-01-23,TL44/12,42.2,5.423,0.1,13.896389
139612,2023-01-23,SU81/1,76.34,5.423,0.1,13.896389
139613,2023-01-23,SJ62/235,54.4617,5.423,0.1,13.896389
139614,2023-01-24,NY63/2,130.93,6.4479995,0.2,9.760702
139615,2023-01-24,SE95/6,28.49,6.4479995,0.2,9.760702
139616,2023-01-24,SE94/5,17.33,6.4479995,0.2,9.760702
139617,2023-01-24,SK00/41,130.27,6.4479995,0.2,9.760702
139618,2023-01-24,SP00/62,102.86,6.4479995,0.2,9.760702
139619,2023-01-24,SY68/34,71.2,6.4479995,0.2,9.760702
139620,2023-01-24,SU01/5B,104.79,6.4479995,0.2,9.760702
139621,2023-01-24,TL33/4,75.77,6.4479995,0.2,9.760702
139622,2023-01-24,TL33/67,77.89,6.4479995,0.2,9.760702
139623,2023-01-24,ID30/1,116.1,6.4479995,0.2,9.760702
139624,2023-01-24,TR14/9,74.62,6.4479995,0.2,9.760702
139625,2023-01-24,NO20/14,37.34,6.4479995,0.2,9.760702
139626,2023-01-24,TF81/2A,42.4,6.4479995,0.2,9.760702
139627,2023-01-24,SJ15/13,80.031,6.4479995,0.2,9.760702
139628,2023-01-24,TQ25/86,96.43,6.4479995,0.2,9.760702
139629,2023-01-24,NH95/17,29.57,6.4479995,0.2,9.760702
139630,2023-01-24,SU17/57,143.02,6.4479995,0.2,9.760702
139631,2023-01-24,TF03/37,18.15,6.4479995,0.2,9.760702
139632,2023-01-24,SN00/11,13.0593,6.4479995,0.2,9.760702
139633,2023-01-24,TA10/63,16.04,6.4479995,0.2,9.760702
139634,2023-01-24,SJ62/235,54.4647,6.4479995,0.2,9.760702
139635,2023-01-24,SU71/23,66.5,6.4479995,0.2,9.760702
139636,2023-01-24,SU81/1,76.06,6.4479995,0.2,9.760702
139637,2023-01-24,TL44/12,42.2,6.4479995,0.2,9.760702
139638,2023-01-24,ST07/10,78.3782,6.4479995,0.2,9.760702
139639,2023-01-25,NY63/2,130.96,6.1042504,3.8999999,11.983568
139640,2023-01-25,SU17/57,143.0,6.1042504,3.8999999,11.983568
139641,2023-01-25,TF81/2A,42.42,6.1042504,3.8999999,11.983568
139642,2023-01-25,TQ25/86,96.66,6.1042504,3.8999999,11.983568
139643,2023-01-25,SE94/5,17.48,6.1042504,3.8999999,11.983568
139644,2023-01-25,SU01/5B,104.07,6.1042504,3.8999999,11.983568
139645,2023-01-25,SK00/41,130.25,6.1042504,3.8999999,11.983568
139646,2023-01-25,ID30/1,116.09,6.1042504,3.8999999,11.983568
139647,2023-01-25,TR14/9,74.89,6.1042504,3.8999999,11.983568
139648,2023-01-25,NO20/14,37.37,6.1042504,3.8999999,11.983568
139649,2023-01-25,SE95/6,28.49,6.1042504,3.8999999,11.983568
139650,2023-01-25,NH95/17,29.58,6.1042504,3.8999999,11.983568
139651,2023-01-25,SJ15/13,80.045,6.1042504,3.8999999,11.983568
139652,2023-01-25,TF03/37,18.24,6.1042504,3.8999999,11.983568
139653,2023-01-25,TL33/4,75.8,6.1042504,3.8999999,11.983568
139654,2023-01-25,SY68/34,71.17,6.1042504,3.8999999,11.983568
139655,2023-01-25,TL33/67,78.04,6.1042504,3.8999999,11.983568
139656,2023-01-25,SP00/62,102.8,6.1042504,3.8999999,11.983568
139657,2023-01-25,SJ62/235,54.4704,6.1042504,3.8999999,11.983568
139658,2023-01-25,SU81/1,75.77,6.1042504,3.8999999,11.983568
139659,2023-01-25,ST07/10,76.9555,6.1042504,3.8999999,11.983568
139660,2023-01-25,TL44/12,42.33,6.1042504,3.8999999,11.983568
139661,2023-01-25,TA10/63,16.17,6.1042504,3.8999999,11.983568
139662,2023-01-25,SN00/11,12.9608,6.1042504,3.8999999,11.983568
139663,2023-01-25,SU71/23,66.08,6.1042504,3.8999999,11.983568
139664,2023-01-26,SJ15/13,80.05,2.7584164,0.0,7.732692
139665,2023-01-26,TR14/9,75.13,2.7584164,0.0,7.732692
139666,2023-01-26,TL33/67,78.11,2.7584164,0.0,7.732692
139667,2023-01-26,TF81/2A,42.43,2.7584164,0.0,7.732692
139668,2023-01-26,NY63/2,130.98,2.7584164,0.0,7.732692
139669,2023-01-26,SU17/57,142.94,2.7584164,0.0,7.732692
139670,2023-01-26,SK00/41,130.24,2.7584164,0.0,7.732692
139671,2023-01-26,TL33/4,75.84,2.7584164,0.0,7.732692
139672,2023-01-26,SE95/6,28.44,2.7584164,0.0,7.732692
139673,2023-01-26,SE94/5,17.64,2.7584164,0.0,7.732692
139674,2023-01-26,TQ25/86,96.83,2.7584164,0.0,7.732692
139675,2023-01-26,ID30/1,116.03,2.7584164,0.0,7.732692
139676,2023-01-26,SY68/34,71.15,2.7584164,0.0,7.732692
139677,2023-01-26,NO20/14,37.32,2.7584164,0.0,7.732692
139678,2023-01-26,SU01/5B,103.38,2.7584164,0.0,7.732692
139679,2023-01-26,TF03/37,18.27,2.7584164,0.0,7.732692
139680,2023-01-26,NH95/17,29.56,2.7584164,0.0,7.732692
139681,2023-01-26,SP00/62,102.75,2.7584164,0.0,7.732692
139682,2023-01-26,SJ62/235,54.469,2.7584164,0.0,7.732692
139683,2023-01-26,ST07/10,75.7469,2.7584164,0.0,7.732692
139684,2023-01-26,SU81/1,75.45,2.7584164,0.0,7.732692
139685,2023-01-26,SN00/11,12.8397,2.7584164,0.0,7.732692
139686,2023-01-26,TA10/63,16.28,2.7584164,0.0,7.732692
139687,2023-01-26,SU71/23,65.63,2.7584164,0.0,7.732692
139688,2023-01-27,TF03/37,18.27,2.668833,0.0,5.093579
139689,2023-01-27,ID30/1,116.03,2.668833,0.0,5.093579
139690,2023-01-27,SE94/5,17.77,2.668833,0.0,5.093579
139691,2023-01-27,SK00/41,130.24,2.668833,0.0,5.093579
139692,2023-01-27,TL33/67,78.18,2.668833,0.0,5.093579
139693,2023-01-27,TF81/2A,42.44,2.668833,0.0,5.093579
139694,2023-01-27,TL33/4,75.87,2.668833,0.0,5.093579
139695,2023-01-27,TQ25/86,97.11,2.668833,0.0,5.093579
139696,2023-01-27,NY63/2,130.97,2.668833,0.0,5.093579
139697,2023-01-27,SU17/57,142.95,2.668833,0.0,5.093579
139698,2023-01-27,SE95/6,28.36,2.668833,0.0,5.093579
139699,2023-01-27,SJ15/13,80.04,2.668833,0.0,5.093579
139700,2023-01-27,SU01/5B,102.7,2.668833,0.0,5.093579
139701,2023-01-27,NH95/17,29.58,2.668833,0.0,5.093579
139702,2023-01-27,SY68/34,71.12,2.668833,0.0,5.093579
139703,2023-01-27,SP00/62,102.69,2.668833,0.0,5.093579
139704,2023-01-27,NO20/14,37.33,2.668833,0.0,5.093579
139705,2023-01-27,TR14/9,75.33,2.668833,0.0,5.093579
139706,2023-01-27,SU81/1,75.04,2.668833,0.0,5.093579
139707,2023-01-27,ST07/10,74.6297,2.668833,0.0,5.093579
139708,2023-01-27,SU71/23,65.14,2.668833,0.0,5.093579
139709,2023-01-27,TA10/63,16.4,2.668833,0.0,5.093579
139710,2023-01-27,SN00/11,12.7202,2.668833,0.0,5.093579
139711,2023-01-27,SJ62/235,54.4706,2.668833,0.0,5.093579
139712,2023-01-28,TF81/2A,42.46,4.1771665,0.1,4.5726867
139713,2023-01-28,NH95/17,29.58,4.1771665,0.1,4.5726867
139714,2023-01-28,TL33/67,78.28,4.1771665,0.1,4.5726867
139715,2023-01-28,SP00/62,102.65,4.1771665,0.1,4.5726867
139716,2023-01-28,NO20/14,37.33,4.1771665,0.1,4.5726867
139717,2023-01-28,TR14/9,75.5,4.1771665,0.1,4.5726867
139718,2023-01-28,TF03/37,18.31,4.1771665,0.1,4.5726867
139719,2023-01-28,SY68/34,71.1,4.1771665,0.1,4.5726867
139720,2023-01-28,SU01/5B,102.06,4.1771665,0.1,4.5726867
139721,2023-01-28,ID30/1,115.95,4.1771665,0.1,4.5726867
139722,2023-01-28,SE95/6,28.26,4.1771665,0.1,4.5726867
139723,2023-01-28,SU17/57,142.94,4.1771665,0.1,4.5726867
139724,2023-01-28,NY63/2,130.99,4.1771665,0.1,4.5726867
139725,2023-01-28,SJ15/13,80.038,4.1771665,0.1,4.5726867
139726,2023-01-28,SK00/41,130.22,4.1771665,0.1,4.5726867
139727,2023-01-28,TL33/4,75.91,4.1771665,0.1,4.5726867
139728,2023-01-28,SE94/5,17.91,4.1771665,0.1,4.5726867
139729,2023-01-28,TQ25/86,97.24,4.1771665,0.1,4.5726867
139730,2023-01-28,ST07/10,73.6413,4.1771665,0.1,4.5726867
139731,2023-01-28,SN00/11,12.6067,4.1771665,0.1,4.5726867
139732,2023-01-28,TA10/63,16.51,4.1771665,0.1,4.5726867
139733,2023-01-28,SJ62/235,54.4726,4.1771665,0.1,4.5726867
139734,2023-01-28,SU71/23,64.64,4.1771665,0.1,4.5726867
139735,2023-01-28,SU81/1,74.57,4.1771665,0.1,4.5726867
139736,2023-01-29,SJ15/13,80.035,5.6125827,0.9000001,14.742167
139737,2023-01-29,NO20/14,37.36,5.6125827,0.9000001,14.742167
139738,2023-01-29,SY68/34,71.07,5.6125827,0.9000001,14.742167
139739,2023-01-29,SE94/5,18.04,5.6125827,0.9000001,14.742167
139740,2023-01-29,ID30/1,115.88,5.6125827,0.9000001,14.742167
139741,2023-01-29,SU01/5B,101.44,5.6125827,0.9000001,14.742167
139742,2023-01-29,TR14/9,75.71,5.6125827,0.9000001,14.742167
139743,2023-01-29,SE95/6,28.14,5.6125827,0.9000001,14.742167
139744,2023-01-29,SK00/41,130.22,5.6125827,0.9000001,14.742167
139745,2023-01-29,NY63/2,131.0,5.6125827,0.9000001,14.742167
139746,2023-01-29,TF03/37,18.44,5.6125827,0.9000001,14.742167
139747,2023-01-29,TL33/4,75.95,5.6125827,0.9000001,14.742167
139748,2023-01-29,SU17/57,142.92,5.6125827,0.9000001,14.742167
139749,2023-01-29,SP00/62,102.61,5.6125827,0.9000001,14.742167
139750,2023-01-29,TL33/67,78.41,5.6125827,0.9000001,14.742167
139751,2023-01-29,NH95/17,29.61,5.6125827,0.9000001,14.742167
139752,2023-01-29,TF81/2A,42.48,5.6125827,0.9000001,14.742167
139753,2023-01-29,TL44/12,42.36,5.6125827,0.9000001,14.742167
139754,2023-01-29,SN00/11,12.5089,5.6125827,0.9000001,14.742167
139755,2023-01-29,SU81/1,74.07,5.6125827,0.9000001,14.742167
139756,2023-01-29,TA10/63,16.63,5.6125827,0.9000001,14.742167
139757,2023-01-29,TQ25/86,97.34,5.6125827,0.9000001,14.742167
139758,2023-01-29,ST07/10,72.7575,5.6125827,0.9000001,14.742167
139759,2023-01-29,SU71/23,64.13,5.6125827,0.9000001,14.742167
139760,2023-01-29,SJ62/235,54.4761,5.6125827,0.9000001,14.742167
139761,2023-01-30,SK00/41,130.22,5.8771667,1.2,18.87339
139762,2023-01-30,TF81/2A,42.48,5.8771667,1.2,18.87339
139763,2023-01-30,TL33/4,75.99,5.8771667,1.2,18.87339
139764,2023-01-30,ID30/1,115.76,5.8771667,1.2,18.87339
139765,2023-01-30,SJ15/13,80.061,5.8771667,1.2,18.87339
139766,2023-01-30,SY68/34,71.05,5.8771667,1.2,18.87339
139767,2023-01-30,SU17/57,142.81,5.8771667,1.2,18.87339
139768,2023-01-30,TF03/37,18.57,5.8771667,1.2,18.87339
139769,2023-01-30,NY63/2,131.05,5.8771667,1.2,18.87339
139770,2023-01-30,NH95/17,29.6,5.8771667,1.2,18.87339
139771,2023-01-30,TL33/67,78.44,5.8771667,1.2,18.87339
139772,2023-01-30,SU01/5B,100.86,5.8771667,1.2,18.87339
139773,2023-01-30,NO20/14,37.33,5.8771667,1.2,18.87339
139774,2023-01-30,SP00/62,102.57,5.8771667,1.2,18.87339
139775,2023-01-30,SE95/6,28.02,5.8771667,1.2,18.87339
139776,2023-01-30,TR14/9,75.86,5.8771667,1.2,18.87339
139777,2023-01-30,SE94/5,18.18,5.8771667,1.2,18.87339
139778,2023-01-30,TA10/63,16.71,5.8771667,1.2,18.87339
139779,2023-01-30,SU81/1,73.53,5.8771667,1.2,18.87339
139780,2023-01-30,SJ62/235,54.472,5.8771667,1.2,18.87339
139781,2023-01-30,SU71/23,63.6,5.8771667,1.2,18.87339
139782,2023-01-30,ST07/10,71.8557,5.8771667,1.2,18.87339
139783,2023-01-30,SN00/11,12.3992,5.8771667,1.2,18.87339
139784,2023-01-30,TL44/12,42.39,5.8771667,1.2,18.87339
139785,2023-01-30,TQ25/86,97.42,5.8771667,1.2,18.87339
139786,2023-01-31,ID30/1,115.62,6.212583,8.899999,24.225767
139787,2023-01-31,TR14/9,76.01,6.212583,8.899999,24.225767
139788,2023-01-31,NO20/14,37.31,6.212583,8.899999,24.225767
139789,2023-01-31,NH95/17,29.62,6.212583,8.899999,24.225767
139790,2023-01-31,SE95/6,27.85,6.212583,8.899999,24.225767
139791,2023-01-31,TF81/2A,42.5,6.212583,8.899999,24.225767
139792,2023-01-31,SJ15/13,80.033,6.212583,8.899999,24.225767
139793,2023-01-31,TF03/37,18.5,6.212583,8.899999,24.225767
139794,2023-01-31,NY63/2,131.02,6.212583,8.899999,24.225767
139795,2023-01-31,TL33/4,76.03,6.212583,8.899999,24.225767
139796,2023-01-31,TL33/67,78.53,6.212583,8.899999,24.225767
139797,2023-01-31,SK00/41,130.23,6.212583,8.899999,24.225767
139798,2023-01-31,SP00/62,102.57,6.212583,8.899999,24.225767
139799,2023-01-31,SU01/5B,100.31,6.212583,8.899999,24.225767
139800,2023-01-31,SU17/57,142.82,6.212583,8.899999,24.225767
139801,2023-01-31,SY68/34,71.02,6.212583,8.899999,24.225767
139802,2023-01-31,SE94/5,18.28,6.212583,8.899999,24.225767
139803,2023-01-31,SU71/23,63.07,6.212583,8.899999,24.225767
139804,2023-01-31,TL44/12,42.42,6.212583,8.899999,24.225767
139805,2023-01-31,ST07/10,70.9954,6.212583,8.899999,24.225767
139806,2023-01-31,SN00/11,12.2993,6.212583,8.899999,24.225767
139807,2023-01-31,SJ62/235,54.4721,6.212583,8.899999,24.225767
139808,2023-01-31,TQ25/86,97.49,6.212583,8.899999,24.225767
139809,2023-01-31,TA10/63,16.82,6.212583,8.899999,24.225767
139810,2023-01-31,SU81/1,72.97,6.212583,8.899999,24.225767
139811,2023-02-01,SE94/5,18.4,6.7375836,9.200002,24.14816
139812,2023-02-01,SU17/57,142.77,6.7375836,9.200002,24.14816
139813,2023-02-01,SU01/5B,99.79,6.7375836,9.200002,24.14816
139814,2023-02-01,SP00/62,102.54,6.7375836,9.200002,24.14816
139815,2023-02-01,TL33/67,78.58,6.7375836,9.200002,24.14816
139816,2023-02-01,SK00/41,130.22,6.7375836,9.200002,24.14816
139817,2023-02-01,NY63/2,131.02,6.7375836,9.200002,24.14816
139818,2023-02-01,TF81/2A,42.51,6.7375836,9.200002,24.14816
139819,2023-02-01,TF03/37,18.49,6.7375836,9.200002,24.14816
139820,2023-02-01,SJ15/13,80.021,6.7375836,9.200002,24.14816
139821,2023-02-01,NO20/14,37.29,6.7375836,9.200002,24.14816
139822,2023-02-01,NH95/17,29.63,6.7375836,9.200002,24.14816
139823,2023-02-01,SY68/34,70.98,6.7375836,9.200002,24.14816
139824,2023-02-01,TR14/9,76.14,6.7375836,9.200002,24.14816
139825,2023-02-01,SE95/6,27.69,6.7375836,9.200002,24.14816
139826,2023-02-01,ID30/1,115.51,6.7375836,9.200002,24.14816
139827,2023-02-01,TL33/4,76.07,6.7375836,9.200002,24.14816
139828,2023-02-01,ST07/10,70.135,6.7375836,9.200002,24.14816
139829,2023-02-01,SJ62/235,54.4707,6.7375836,9.200002,24.14816
139830,2023-02-01,SN00/11,12.1949,6.7375836,9.200002,24.14816
139831,2023-02-01,TL44/12,42.45,6.7375836,9.200002,24.14816
139832,2023-02-01,SU81/1,72.39,6.7375836,9.200002,24.14816
139833,2023-02-01,SU71/23,62.53,6.7375836,9.200002,24.14816
139834,2023-02-01,TQ25/86,97.54,6.7375836,9.200002,24.14816
139835,2023-02-01,TA10/63,16.9,6.7375836,9.200002,24.14816
139836,2023-02-02,SY68/34,70.94,8.841751,2.8999999,19.881159
139837,2023-02-02,SU01/5B,99.29,8.841751,2.8999999,19.881159
139838,2023-02-02,NY63/2,131.0,8.841751,2.8999999,19.881159
139839,2023-02-02,SP00/62,102.51,8.841751,2.8999999,19.881159
139840,2023-02-02,TL33/67,78.65,8.841751,2.8999999,19.881159
139841,2023-02-02,TF81/2A,42.53,8.841751,2.8999999,19.881159
139842,2023-02-02,SJ15/13,80.006,8.841751,2.8999999,19.881159
139843,2023-02-02,TL33/4,76.12,8.841751,2.8999999,19.881159
139844,2023-02-02,TR14/9,76.25,8.841751,2.8999999,19.881159
139845,2023-02-02,SE94/5,18.5,8.841751,2.8999999,19.881159
139846,2023-02-02,ID30/1,115.43,8.841751,2.8999999,19.881159
139847,2023-02-02,SE95/6,27.51,8.841751,2.8999999,19.881159
139848,2023-02-02,NO20/14,37.27,8.841751,2.8999999,19.881159
139849,2023-02-02,SK00/41,130.21,8.841751,2.8999999,19.881159
139850,2023-02-02,TF03/37,18.45,8.841751,2.8999999,19.881159
139851,2023-02-02,NH95/17,29.65,8.841751,2.8999999,19.881159
139852,2023-02-02,SU17/57,142.74,8.841751,2.8999999,19.881159
139853,2023-02-02,SJ62/235,54.4676,8.841751,2.8999999,19.881159
139854,2023-02-02,SU71/23,61.99,8.841751,2.8999999,19.881159
139855,2023-02-02,TL44/12,42.46,8.841751,2.8999999,19.881159
139856,2023-02-02,SU81/1,71.82,8.841751,2.8999999,19.881159
139857,2023-02-02,SN00/11,12.0951,8.841751,2.8999999,19.881159
139858,2023-02-02,TQ25/86,97.57,8.841751,2.8999999,19.881159
139859,2023-02-02,TA10/63,16.98,8.841751,2.8999999,19.881159
139860,2023-02-02,ST07/10,69.2555,8.841751,2.8999999,19.881159
139861,2023-02-03,SK00/41,130.22,9.233417,1.3000001,15.673832
139862,2023-02-03,SY68/34,70.9,9.233417,1.3000001,15.673832
139863,2023-02-03,SJ15/13,80.001,9.233417,1.3000001,15.673832
139864,2023-02-03,SU17/57,142.7,9.233417,1.3000001,15.673832
139865,2023-02-03,TF03/37,18.43,9.233417,1.3000001,15.673832
139866,2023-02-03,NH95/17,29.63,9.233417,1.3000001,15.673832
139867,2023-02-03,TL33/67,78.67,9.233417,1.3000001,15.673832
139868,2023-02-03,SU01/5B,98.81,9.233417,1.3000001,15.673832
139869,2023-02-03,NY63/2,131.0,9.233417,1.3000001,15.673832
139870,2023-02-03,NO20/14,37.23,9.233417,1.3000001,15.673832
139871,2023-02-03,SP00/62,102.47,9.233417,1.3000001,15.673832
139872,2023-02-03,TF81/2A,42.53,9.233417,1.3000001,15.673832
139873,2023-02-03,SE95/6,27.34,9.233417,1.3000001,15.673832
139874,2023-02-03,TL33/4,76.17,9.233417,1.3000001,15.673832
139875,2023-02-03,TR14/9,76.34,9.233417,1.3000001,15.673832
139876,2023-02-03,ID30/1,115.41,9.233417,1.3000001,15.673832
139877,2023-02-03,SE94/5,18.59,9.233417,1.3000001,15.673832
139878,2023-02-03,TL44/12,42.47,9.233417,1.3000001,15.673832
139879,2023-02-03,ST07/10,68.3988,9.233417,1.3000001,15.673832
139880,2023-02-03,TA10/63,17.04,9.233417,1.3000001,15.673832
139881,2023-02-03,SN00/11,11.9947,9.233417,1.3000001,15.673832
139882,2023-02-03,SU71/23,61.45,9.233417,1.3000001,15.673832
139883,2023-02-03,SU81/1,71.23,9.233417,1.3000001,15.673832
139884,2023-02-03,TQ25/86,97.59,9.233417,1.3000001,15.673832
139885,2023-02-03,SJ62/235,54.4603,9.233417,1.3000001,15.673832
139886,2023-02-04,SJ15/13,79.961,7.3459167,3.1,12.336034
139887,2023-02-04,TF03/37,18.43,7.3459167,3.1,12.336034
139888,2023-02-04,SY68/34,70.87,7.3459167,3.1,12.336034
139889,2023-02-04,TR14/9,76.41,7.3459167,3.1,12.336034
139890,2023-02-04,TF81/2A,42.54,7.3459167,3.1,12.336034
139891,2023-02-04,TL33/67,78.73,7.3459167,3.1,12.336034
139892,2023-02-04,ID30/1,115.31,7.3459167,3.1,12.336034
139893,2023-02-04,SK00/41,130.22,7.3459167,3.1,12.336034
139894,2023-02-04,NY63/2,130.93,7.3459167,3.1,12.336034
139895,2023-02-04,TL33/4,76.29,7.3459167,3.1,12.336034
139896,2023-02-04,SE94/5,18.65,7.3459167,3.1,12.336034
139897,2023-02-04,NH95/17,29.63,7.3459167,3.1,12.336034
139898,2023-02-04,SU01/5B,98.33,7.3459167,3.1,12.336034
139899,2023-02-04,SP00/62,102.43,7.3459167,3.1,12.336034
139900,2023-02-04,SU17/57,142.71,7.3459167,3.1,12.336034
139901,2023-02-04,NO20/14,37.19,7.3459167,3.1,12.336034
139902,2023-02-04,SE95/6,27.12,7.3459167,3.1,12.336034
139903,2023-02-04,TL44/12,42.47,7.3459167,3.1,12.336034
139904,2023-02-04,SJ62/235,54.4539,7.3459167,3.1,12.336034
139905,2023-02-04,TA10/63,17.1,7.3459167,3.1,12.336034
139906,2023-02-04,ST07/10,67.5905,7.3459167,3.1,12.336034
139907,2023-02-04,SU71/23,60.91,7.3459167,3.1,12.336034
139908,2023-02-04,SU81/1,70.65,7.3459167,3.1,12.336034
139909,2023-02-04,SN00/11,11.9012,7.3459167,3.1,12.336034
139910,2023-02-04,TQ25/86,97.6,7.3459167,3.1,12.336034
139911,2023-02-05,TL33/4,76.48,1.9375831,0.0,9.043996
139912,2023-02-05,SU01/5B,97.87,1.9375831,0.0,9.043996
139913,2023-02-05,SP00/62,102.4,1.9375831,0.0,9.043996
139914,2023-02-05,ID30/1,115.24,1.9375831,0.0,9.043996
139915,2023-02-05,SJ15/13,79.931,1.9375831,0.0,9.043996
139916,2023-02-05,SE95/6,26.91,1.9375831,0.0,9.043996
139917,2023-02-05,TF03/37,18.44,1.9375831,0.0,9.043996
139918,2023-02-05,SY68/34,70.83,1.9375831,0.0,9.043996
139919,2023-02-05,NO20/14,37.16,1.9375831,0.0,9.043996
139920,2023-02-05,TL33/67,78.78,1.9375831,0.0,9.043996
139921,2023-02-05,SE94/5,18.72,1.9375831,0.0,9.043996
139922,2023-02-05,NH95/17,29.61,1.9375831,0.0,9.043996
139923,2023-02-05,TR14/9,76.49,1.9375831,0.0,9.043996
139924,2023-02-05,TF81/2A,42.55,1.9375831,0.0,9.043996
139925,2023-02-05,SU17/57,142.67,1.9375831,0.0,9.043996
139926,2023-02-05,SK00/41,130.2,1.9375831,0.0,9.043996
139927,2023-02-05,NY63/2,130.92,1.9375831,0.0,9.043996
139928,2023-02-05,SN00/11,11.8219,1.9375831,0.0,9.043996
139929,2023-02-05,TL44/12,42.5,1.9375831,0.0,9.043996
139930,2023-02-05,SU81/1,70.07,1.9375831,0.0,9.043996
139931,2023-02-05,ST07/10,66.8424,1.9375831,0.0,9.043996
139932,2023-02-05,SU71/23,60.38,1.9375831,0.0,9.043996
139933,2023-02-05,TA10/63,17.16,1.9375831,0.0,9.043996
139934,2023-02-05,SJ62/235,54.4534,1.9375831,0.0,9.043996
139935,2023-02-05,TQ25/86,97.63,1.9375831,0.0,9.043996
139936,2023-02-06,SY68/34,70.8,2.9605,0.0,10.24415
139937,2023-02-06,SE94/5,18.78,2.9605,0.0,10.24415
139938,2023-02-06,SP00/62,102.36,2.9605,0.0,10.24415
139939,2023-02-06,TF81/2A,42.57,2.9605,0.0,10.24415
139940,2023-02-06,SU01/5B,97.43,2.9605,0.0,10.24415
139941,2023-02-06,SK00/41,130.2,2.9605,0.0,10.24415
139942,2023-02-06,TL33/4,76.69,2.9605,0.0,10.24415
139943,2023-02-06,SJ15/13,79.926,2.9605,0.0,10.24415
139944,2023-02-06,TR14/9,76.55,2.9605,0.0,10.24415
139945,2023-02-06,ID30/1,115.17,2.9605,0.0,10.24415
139946,2023-02-06,NY63/2,130.92,2.9605,0.0,10.24415
139947,2023-02-06,SE95/6,26.69,2.9605,0.0,10.24415
139948,2023-02-06,TL33/67,78.89,2.9605,0.0,10.24415
139949,2023-02-06,NO20/14,37.2,2.9605,0.0,10.24415
139950,2023-02-06,TF03/37,18.45,2.9605,0.0,10.24415
139951,2023-02-06,SU17/57,142.51,2.9605,0.0,10.24415
139952,2023-02-06,NH95/17,29.63,2.9605,0.0,10.24415
139953,2023-02-06,ST07/10,66.1784,2.9605,0.0,10.24415
139954,2023-02-06,TL44/12,42.54,2.9605,0.0,10.24415
139955,2023-02-06,SU71/23,59.88,2.9605,0.0,10.24415
139956,2023-02-06,TA10/63,17.22,2.9605,0.0,10.24415
139957,2023-02-06,SU81/1,69.51,2.9605,0.0,10.24415
139958,2023-02-06,TQ25/86,97.65,2.9605,0.0,10.24415
139959,2023-02-06,SN00/11,11.7449,2.9605,0.0,10.24415
139960,2023-02-06,SJ62/235,54.4579,2.9605,0.0,10.24415
139961,2023-02-07,SK00/41,130.2,5.5667496,0.1,11.39963
139962,2023-02-07,NH95/17,29.63,5.5667496,0.1,11.39963
139963,2023-02-07,TR14/9,76.61,5.5667496,0.1,11.39963
139964,2023-02-07,NO20/14,37.25,5.5667496,0.1,11.39963
139965,2023-02-07,ID30/1,115.11,5.5667496,0.1,11.39963
139966,2023-02-07,TL33/4,76.91,5.5667496,0.1,11.39963
139967,2023-02-07,SJ15/13,79.948,5.5667496,0.1,11.39963
139968,2023-02-07,TL33/67,78.96,5.5667496,0.1,11.39963
139969,2023-02-07,TF03/37,18.36,5.5667496,0.1,11.39963
139970,2023-02-07,SE95/6,26.48,5.5667496,0.1,11.39963
139971,2023-02-07,SP00/62,102.36,5.5667496,0.1,11.39963
139972,2023-02-07,SE94/5,18.85,5.5667496,0.1,11.39963
139973,2023-02-07,SY68/34,70.77,5.5667496,0.1,11.39963
139974,2023-02-07,NY63/2,130.97,5.5667496,0.1,11.39963
139975,2023-02-07,TF81/2A,42.58,5.5667496,0.1,11.39963
139976,2023-02-07,SU17/57,142.35,5.5667496,0.1,11.39963
139977,2023-02-07,SU01/5B,97.01,5.5667496,0.1,11.39963
139978,2023-02-07,TL44/12,42.59,5.5667496,0.1,11.39963
139979,2023-02-07,TQ25/86,97.67,5.5667496,0.1,11.39963
139980,2023-02-07,SJ62/235,54.4572,5.5667496,0.1,11.39963
139981,2023-02-07,SN00/11,11.6572,5.5667496,0.1,11.39963
139982,2023-02-07,SU81/1,68.96,5.5667496,0.1,11.39963
139983,2023-02-07,TA10/63,17.29,5.5667496,0.1,11.39963
139984,2023-02-07,ST07/10,65.553,5.5667496,0.1,11.39963
139985,2023-02-07,SU71/23,59.38,5.5667496,0.1,11.39963
139986,2023-02-08,TF81/2A,42.6,5.2938337,2.2,17.553667
139987,2023-02-08,SU17/57,142.23,5.2938337,2.2,17.553667
139988,2023-02-08,SY68/34,70.73,5.2938337,2.2,17.553667
139989,2023-02-08,SJ15/13,79.95,5.2938337,2.2,17.553667
139990,2023-02-08,TL33/4,77.02,5.2938337,2.2,17.553667
139991,2023-02-08,NH95/17,29.66,5.2938337,2.2,17.553667
139992,2023-02-08,NO20/14,37.29,5.2938337,2.2,17.553667
139993,2023-02-08,SE95/6,26.3,5.2938337,2.2,17.553667
139994,2023-02-08,SU01/5B,96.6,5.2938337,2.2,17.553667
139995,2023-02-08,SE94/5,18.91,5.2938337,2.2,17.553667
139996,2023-02-08,SK00/41,130.21,5.2938337,2.2,17.553667
139997,2023-02-08,NY63/2,130.97,5.2938337,2.2,17.553667
139998,2023-02-08,TL33/67,79.07,5.2938337,2.2,17.553667
139999,2023-02-08,ID30/1,115.07,5.2938337,2.2,17.553667
140000,2023-02-08,SP00/62,102.32,5.2938337,2.2,17.553667
140001,2023-02-08,TR14/9,76.68,5.2938337,2.2,17.553667
140002,2023-02-08,TF03/37,18.26,5.2938337,2.2,17.553667
140003,2023-02-08,SU81/1,68.42,5.2938337,2.2,17.553667
140004,2023-02-08,TL44/12,42.62,5.2938337,2.2,17.553667
140005,2023-02-08,TA10/63,17.35,5.2938337,2.2,17.553667
140006,2023-02-08,TQ25/86,97.67,5.2938337,2.2,17.553667
140007,2023-02-08,ST07/10,64.9818,5.2938337,2.2,17.553667
140008,2023-02-08,SJ62/235,54.461,5.2938337,2.2,17.553667
140009,2023-02-08,SU71/23,58.9,5.2938337,2.2,17.553667
140010,2023-02-08,SN00/11,11.5768,5.2938337,2.2,17.553667
140011,2023-02-09,SY68/34,70.7,4.64175,0.1,13.380805
140012,2023-02-09,SU01/5B,96.22,4.64175,0.1,13.380805
140013,2023-02-09,NY63/2,131.01,4.64175,0.1,13.380805
140014,2023-02-09,TL33/4,77.06,4.64175,0.1,13.380805
140015,2023-02-09,NH95/17,29.64,4.64175,0.1,13.380805
140016,2023-02-09,SE95/6,26.11,4.64175,0.1,13.380805
140017,2023-02-09,ID30/1,114.96,4.64175,0.1,13.380805
140018,2023-02-09,SU17/57,142.03,4.64175,0.1,13.380805
140019,2023-02-09,TL33/67,79.08,4.64175,0.1,13.380805
140020,2023-02-09,SK00/41,130.22,4.64175,0.1,13.380805
140021,2023-02-09,SE94/5,18.98,4.64175,0.1,13.380805
140022,2023-02-09,SP00/62,102.28,4.64175,0.1,13.380805
140023,2023-02-09,TR14/9,76.72,4.64175,0.1,13.380805
140024,2023-02-09,SJ15/13,79.973,4.64175,0.1,13.380805
140025,2023-02-09,TF03/37,18.31,4.64175,0.1,13.380805
140026,2023-02-09,TF81/2A,42.61,4.64175,0.1,13.380805
140027,2023-02-09,NO20/14,37.29,4.64175,0.1,13.380805
140028,2023-02-09,SN00/11,11.4773,4.64175,0.1,13.380805
140029,2023-02-09,SJ62/235,54.4528,4.64175,0.1,13.380805
140030,2023-02-09,TA10/63,17.4,4.64175,0.1,13.380805
140031,2023-02-09,SU81/1,67.89,4.64175,0.1,13.380805
140032,2023-02-09,SU71/23,58.42,4.64175,0.1,13.380805
140033,2023-02-09,ST07/10,64.4142,4.64175,0.1,13.380805
140034,2023-02-09,TQ25/86,97.68,4.64175,0.1,13.380805
140035,2023-02-09,TL44/12,42.64,4.64175,0.1,13.380805
140036,2023-02-10,SP00/62,102.25,7.1625843,2.1,12.68583
140037,2023-02-10,SK00/41,130.21,7.1625843,2.1,12.68583
140038,2023-02-10,TR14/9,76.75,7.1625843,2.1,12.68583
140039,2023-02-10,NO20/14,37.24,7.1625843,2.1,12.68583
140040,2023-02-10,SE94/5,19.02,7.1625843,2.1,12.68583
140041,2023-02-10,SU01/5B,95.82,7.1625843,2.1,12.68583
140042,2023-02-10,ID30/1,114.85,7.1625843,2.1,12.68583
140043,2023-02-10,TL33/67,79.16,7.1625843,2.1,12.68583
140044,2023-02-10,NY63/2,130.96,7.1625843,2.1,12.68583
140045,2023-02-10,SE95/6,25.9,7.1625843,2.1,12.68583
140046,2023-02-10,SY68/34,70.67,7.1625843,2.1,12.68583
140047,2023-02-10,SU17/57,141.98,7.1625843,2.1,12.68583
140048,2023-02-10,SJ15/13,79.937,7.1625843,2.1,12.68583
140049,2023-02-10,TL33/4,77.09,7.1625843,2.1,12.68583
140050,2023-02-10,TF81/2A,42.62,7.1625843,2.1,12.68583
140051,2023-02-10,TF03/37,18.17,7.1625843,2.1,12.68583
140052,2023-02-10,NH95/17,29.64,7.1625843,2.1,12.68583
140053,2023-02-10,TL44/12,42.66,7.1625843,2.1,12.68583
140054,2023-02-10,SU81/1,67.35,7.1625843,2.1,12.68583
140055,2023-02-10,TQ25/86,97.68,7.1625843,2.1,12.68583
140056,2023-02-10,SJ62/235,54.4523,7.1625843,2.1,12.68583
140057,2023-02-10,ST07/10,63.9025,7.1625843,2.1,12.68583
140058,2023-02-10,SU71/23,57.95,7.1625843,2.1,12.68583
140059,2023-02-10,TA10/63,17.44,7.1625843,2.1,12.68583
140060,2023-02-10,SN00/11,11.3852,7.1625843,2.1,12.68583
140061,2023-02-11,SP00/62,102.22,7.00425,0.0,10.582444
140062,2023-02-11,SU17/57,141.84,7.00425,0.0,10.582444
140063,2023-02-11,NY63/2,130.97,7.00425,0.0,10.582444
140064,2023-02-11,ID30/1,114.78,7.00425,0.0,10.582444
140065,2023-02-11,TL33/67,79.19,7.00425,0.0,10.582444
140066,2023-02-11,SE95/6,25.73,7.00425,0.0,10.582444
140067,2023-02-11,SJ15/13,79.934,7.00425,0.0,10.582444
140068,2023-02-11,TF03/37,18.13,7.00425,0.0,10.582444
140069,2023-02-11,NO20/14,37.19,7.00425,0.0,10.582444
140070,2023-02-11,SK00/41,130.21,7.00425,0.0,10.582444
140071,2023-02-11,TL33/4,77.12,7.00425,0.0,10.582444
140072,2023-02-11,NH95/17,29.62,7.00425,0.0,10.582444
140073,2023-02-11,SE94/5,19.01,7.00425,0.0,10.582444
140074,2023-02-11,TF81/2A,42.63,7.00425,0.0,10.582444
140075,2023-02-11,SU01/5B,95.43,7.00425,0.0,10.582444
140076,2023-02-11,SY68/34,70.64,7.00425,0.0,10.582444
140077,2023-02-11,TR14/9,76.79,7.00425,0.0,10.582444
140078,2023-02-11,SU71/23,57.48,7.00425,0.0,10.582444
140079,2023-02-11,ST07/10,63.4252,7.00425,0.0,10.582444
140080,2023-02-11,SJ62/235,54.4486,7.00425,0.0,10.582444
140081,2023-02-11,SU81/1,66.82,7.00425,0.0,10.582444
140082,2023-02-11,TQ25/86,97.68,7.00425,0.0,10.582444
140083,2023-02-11,SN00/11,11.2942,7.00425,0.0,10.582444
140084,2023-02-11,TA10/63,17.48,7.00425,0.0,10.582444
140085,2023-02-11,TL44/12,42.68,7.00425,0.0,10.582444
140086,2023-02-12,NH95/17,29.61,5.889667,0.0,9.611035
140087,2023-02-12,SK00/41,130.21,5.889667,0.0,9.611035
140088,2023-02-12,TF03/37,18.06,5.889667,0.0,9.611035
140089,2023-02-12,ID30/1,114.7,5.889667,0.0,9.611035
140090,2023-02-12,SE95/6,25.52,5.889667,0.0,9.611035
140091,2023-02-12,TR14/9,76.81,5.889667,0.0,9.611035
140092,2023-02-12,NO20/14,37.15,5.889667,0.0,9.611035
140093,2023-02-12,TL33/67,79.27,5.889667,0.0,9.611035
140094,2023-02-12,SY68/34,70.61,5.889667,0.0,9.611035
140095,2023-02-12,TL33/4,77.15,5.889667,0.0,9.611035
140096,2023-02-12,SU01/5B,95.05,5.889667,0.0,9.611035
140097,2023-02-12,SJ15/13,79.922,5.889667,0.0,9.611035
140098,2023-02-12,NY63/2,130.94,5.889667,0.0,9.611035
140099,2023-02-12,SE94/5,19.08,5.889667,0.0,9.611035
140100,2023-02-12,SU17/57,141.74,5.889667,0.0,9.611035
140101,2023-02-12,SP00/62,102.17,5.889667,0.0,9.611035
140102,2023-02-12,TF81/2A,42.64,5.889667,0.0,9.611035
140103,2023-02-12,SN00/11,11.21,5.889667,0.0,9.611035
140104,2023-02-12,TA10/63,17.52,5.889667,0.0,9.611035
140105,2023-02-12,TQ25/86,97.69,5.889667,0.0,9.611035
140106,2023-02-12,SU71/23,57.02,5.889667,0.0,9.611035
140107,2023-02-12,SJ62/235,54.4496,5.889667,0.0,9.611035
140108,2023-02-12,TL44/12,42.7,5.889667,0.0,9.611035
140109,2023-02-12,SU81/1,66.3,5.889667,0.0,9.611035
140110,2023-02-12,ST07/10,63.0046,5.889667,0.0,9.611035
140111,2023-02-13,NO20/14,37.15,4.5938334,0.0,13.856866
140112,2023-02-13,TF81/2A,42.65,4.5938334,0.0,13.856866
140113,2023-02-13,SU01/5B,94.69,4.5938334,0.0,13.856866
140114,2023-02-13,SY68/34,70.57,4.5938334,0.0,13.856866
140115,2023-02-13,SE95/6,25.34,4.5938334,0.0,13.856866
140116,2023-02-13,SE94/5,19.12,4.5938334,0.0,13.856866
140117,2023-02-13,SK00/41,130.2,4.5938334,0.0,13.856866
140118,2023-02-13,SJ15/13,79.93,4.5938334,0.0,13.856866
140119,2023-02-13,TR14/9,76.84,4.5938334,0.0,13.856866
140120,2023-02-13,TL33/4,77.19,4.5938334,0.0,13.856866
140121,2023-02-13,TF03/37,18.05,4.5938334,0.0,13.856866
140122,2023-02-13,ID30/1,114.65,4.5938334,0.0,13.856866
140123,2023-02-13,NH95/17,29.61,4.5938334,0.0,13.856866
140124,2023-02-13,SU17/57,141.59,4.5938334,0.0,13.856866
140125,2023-02-13,TL33/67,79.34,4.5938334,0.0,13.856866
140126,2023-02-13,NY63/2,130.96,4.5938334,0.0,13.856866
140127,2023-02-13,SP00/62,102.13,4.5938334,0.0,13.856866
140128,2023-02-13,SJ62/235,54.4505,4.5938334,0.0,13.856866
140129,2023-02-13,TQ25/86,97.69,4.5938334,0.0,13.856866
140130,2023-02-13,SU81/1,65.79,4.5938334,0.0,13.856866
140131,2023-02-13,ST07/10,62.6157,4.5938334,0.0,13.856866
140132,2023-02-13,TA10/63,17.56,4.5938334,0.0,13.856866
140133,2023-02-13,SN00/11,11.1271,4.5938334,0.0,13.856866
140134,2023-02-13,SU71/23,56.58,4.5938334,0.0,13.856866
140135,2023-02-13,TL44/12,42.73,4.5938334,0.0,13.856866
140136,2023-02-14,SP00/62,102.09,6.3230014,0.4,14.788825
140137,2023-02-14,SJ15/13,79.934,6.3230014,0.4,14.788825
140138,2023-02-14,SK00/41,130.2,6.3230014,0.4,14.788825
140139,2023-02-14,TF03/37,18.01,6.3230014,0.4,14.788825
140140,2023-02-14,SE94/5,19.16,6.3230014,0.4,14.788825
140141,2023-02-14,SU17/57,141.44,6.3230014,0.4,14.788825
140142,2023-02-14,TL33/4,77.22,6.3230014,0.4,14.788825
140143,2023-02-14,TR14/9,76.89,6.3230014,0.4,14.788825
140144,2023-02-14,TF81/2A,42.66,6.3230014,0.4,14.788825
140145,2023-02-14,SE95/6,25.15,6.3230014,0.4,14.788825
140146,2023-02-14,NY63/2,130.97,6.3230014,0.4,14.788825
140147,2023-02-14,SY68/34,70.54,6.3230014,0.4,14.788825
140148,2023-02-14,ID30/1,114.6,6.3230014,0.4,14.788825
140149,2023-02-14,SU01/5B,94.33,6.3230014,0.4,14.788825
140150,2023-02-14,NH95/17,29.61,6.3230014,0.4,14.788825
140151,2023-02-14,NO20/14,37.15,6.3230014,0.4,14.788825
140152,2023-02-14,TL33/67,79.42,6.3230014,0.4,14.788825
140153,2023-02-14,SU71/23,56.15,6.3230014,0.4,14.788825
140154,2023-02-14,SJ62/235,54.4532,6.3230014,0.4,14.788825
140155,2023-02-14,SN00/11,11.0489,6.3230014,0.4,14.788825
140156,2023-02-14,TL44/12,42.77,6.3230014,0.4,14.788825
140157,2023-02-14,TA10/63,17.6,6.3230014,0.4,14.788825
140158,2023-02-14,ST07/10,62.2489,6.3230014,0.4,14.788825
140159,2023-02-14,TQ25/86,97.7,6.3230014,0.4,14.788825
140160,2023-02-14,SU81/1,65.3,6.3230014,0.4,14.788825
140161,2023-02-15,SE94/5,19.19,6.2125835,1.0,16.087986
140162,2023-02-15,SY68/34,70.5,6.2125835,1.0,16.087986
140163,2023-02-15,SE95/6,24.99,6.2125835,1.0,16.087986
140164,2023-02-15,TR14/9,76.92,6.2125835,1.0,16.087986
140165,2023-02-15,TL33/67,79.49,6.2125835,1.0,16.087986
140166,2023-02-15,SU17/57,141.26,6.2125835,1.0,16.087986
140167,2023-02-15,TF03/37,17.98,6.2125835,1.0,16.087986
140168,2023-02-15,SP00/62,102.05,6.2125835,1.0,16.087986
140169,2023-02-15,NH95/17,29.62,6.2125835,1.0,16.087986
140170,2023-02-15,SU01/5B,94.0,6.2125835,1.0,16.087986
140171,2023-02-15,TL33/4,77.26,6.2125835,1.0,16.087986
140172,2023-02-15,NY63/2,130.99,6.2125835,1.0,16.087986
140173,2023-02-15,NO20/14,37.16,6.2125835,1.0,16.087986
140174,2023-02-15,SK00/41,130.22,6.2125835,1.0,16.087986
140175,2023-02-15,ID30/1,114.54,6.2125835,1.0,16.087986
140176,2023-02-15,TF81/2A,42.68,6.2125835,1.0,16.087986
140177,2023-02-15,SJ15/13,79.941,6.2125835,1.0,16.087986
140178,2023-02-15,SN00/11,10.9818,6.2125835,1.0,16.087986
140179,2023-02-15,TQ25/86,97.69,6.2125835,1.0,16.087986
140180,2023-02-15,SU81/1,64.81,6.2125835,1.0,16.087986
140181,2023-02-15,SU71/23,55.73,6.2125835,1.0,16.087986
140182,2023-02-15,SJ62/235,54.4558,6.2125835,1.0,16.087986
140183,2023-02-15,TL44/12,42.8,6.2125835,1.0,16.087986
140184,2023-02-15,ST07/10,61.9241,6.2125835,1.0,16.087986
140185,2023-02-15,TA10/63,17.64,6.2125835,1.0,16.087986
140186,2023-02-16,SU17/57,141.11,8.106334,2.4999998,14.237322
140187,2023-02-16,TF03/37,17.94,8.106334,2.4999998,14.237322
140188,2023-02-16,SK00/41,130.22,8.106334,2.4999998,14.237322
140189,2023-02-16,NO20/14,37.14,8.106334,2.4999998,14.237322
140190,2023-02-16,NY63/2,131.0,8.106334,2.4999998,14.237322
140191,2023-02-16,TL33/4,77.3,8.106334,2.4999998,14.237322
140192,2023-02-16,TR14/9,76.94,8.106334,2.4999998,14.237322
140193,2023-02-16,SJ15/13,79.956,8.106334,2.4999998,14.237322
140194,2023-02-16,SE95/6,24.83,8.106334,2.4999998,14.237322
140195,2023-02-16,SY68/34,70.47,8.106334,2.4999998,14.237322
140196,2023-02-16,TF81/2A,42.69,8.106334,2.4999998,14.237322
140197,2023-02-16,TL33/67,79.54,8.106334,2.4999998,14.237322
140198,2023-02-16,SP00/62,102.01,8.106334,2.4999998,14.237322
140199,2023-02-16,SU01/5B,93.67,8.106334,2.4999998,14.237322
140200,2023-02-16,ID30/1,114.56,8.106334,2.4999998,14.237322
140201,2023-02-16,NH95/17,29.61,8.106334,2.4999998,14.237322
140202,2023-02-16,SE94/5,19.16,8.106334,2.4999998,14.237322
140203,2023-02-16,SN00/11,10.9028,8.106334,2.4999998,14.237322
140204,2023-02-16,ST07/10,62.2467,8.106334,2.4999998,14.237322
140205,2023-02-16,TQ25/86,97.69,8.106334,2.4999998,14.237322
140206,2023-02-16,TA10/63,17.68,8.106334,2.4999998,14.237322
140207,2023-02-16,TL44/12,42.81,8.106334,2.4999998,14.237322
140208,2023-02-16,SU81/1,64.33,8.106334,2.4999998,14.237322
140209,2023-02-16,SJ62/235,54.4523,8.106334,2.4999998,14.237322
140210,2023-02-16,SU71/23,55.31,8.106334,2.4999998,14.237322
140211,2023-02-17,TL33/67,79.56,9.1917515,6.5999994,22.152954
140212,2023-02-17,SE94/5,19.18,9.1917515,6.5999994,22.152954
140213,2023-02-17,TR14/9,76.95,9.1917515,6.5999994,22.152954
140214,2023-02-17,SY68/34,70.44,9.1917515,6.5999994,22.152954
140215,2023-02-17,TF03/37,17.88,9.1917515,6.5999994,22.152954
140216,2023-02-17,TL33/4,77.34,9.1917515,6.5999994,22.152954
140217,2023-02-17,NH95/17,29.63,9.1917515,6.5999994,22.152954
140218,2023-02-17,ID30/1,114.53,9.1917515,6.5999994,22.152954
140219,2023-02-17,SU17/57,140.97,9.1917515,6.5999994,22.152954
140220,2023-02-17,SJ15/13,79.945,9.1917515,6.5999994,22.152954
140221,2023-02-17,TF81/2A,42.7,9.1917515,6.5999994,22.152954
140222,2023-02-17,SU01/5B,93.34,9.1917515,6.5999994,22.152954
140223,2023-02-17,NY63/2,131.01,9.1917515,6.5999994,22.152954
140224,2023-02-17,SE95/6,24.69,9.1917515,6.5999994,22.152954
140225,2023-02-17,NO20/14,37.12,9.1917515,6.5999994,22.152954
140226,2023-02-17,SP00/62,101.96,9.1917515,6.5999994,22.152954
140227,2023-02-17,SK00/41,130.22,9.1917515,6.5999994,22.152954
140228,2023-02-17,SU81/1,63.84,9.1917515,6.5999994,22.152954
140229,2023-02-17,TQ25/86,97.68,9.1917515,6.5999994,22.152954
140230,2023-02-17,TL44/12,42.82,9.1917515,6.5999994,22.152954
140231,2023-02-17,SU71/23,54.89,9.1917515,6.5999994,22.152954
140232,2023-02-17,SJ62/235,54.4475,9.1917515,6.5999994,22.152954
140233,2023-02-17,TA10/63,17.69,9.1917515,6.5999994,22.152954
140234,2023-02-17,SN00/11,10.8099,9.1917515,6.5999994,22.152954
140235,2023-02-17,ST07/10,63.0506,9.1917515,6.5999994,22.152954
140236,2023-02-17,TV59/7C,2.31,9.1917515,6.5999994,22.152954
140237,2023-02-18,NO20/14,37.09,9.629251,15.2,19.978512
140238,2023-02-18,NH95/17,29.59,9.629251,15.2,19.978512
140239,2023-02-18,TL33/67,79.61,9.629251,15.2,19.978512
140240,2023-02-18,TR14/9,76.95,9.629251,15.2,19.978512
140241,2023-02-18,SY68/34,70.4,9.629251,15.2,19.978512
140242,2023-02-18,SU17/57,140.87,9.629251,15.2,19.978512
140243,2023-02-18,SJ15/13,79.923,9.629251,15.2,19.978512
140244,2023-02-18,SK00/41,130.21,9.629251,15.2,19.978512
140245,2023-02-18,SE95/6,24.53,9.629251,15.2,19.978512
140246,2023-02-18,NY63/2,130.97,9.629251,15.2,19.978512
140247,2023-02-18,SU01/5B,93.01,9.629251,15.2,19.978512
140248,2023-02-18,TL33/4,77.37,9.629251,15.2,19.978512
140249,2023-02-18,TF81/2A,42.71,9.629251,15.2,19.978512
140250,2023-02-18,SE94/5,19.18,9.629251,15.2,19.978512
140251,2023-02-18,TF03/37,17.78,9.629251,15.2,19.978512
140252,2023-02-18,SP00/62,101.92,9.629251,15.2,19.978512
140253,2023-02-18,ID30/1,114.58,9.629251,15.2,19.978512
140254,2023-02-18,SU81/1,63.37,9.629251,15.2,19.978512
140255,2023-02-18,TQ25/86,97.66,9.629251,15.2,19.978512
140256,2023-02-18,TA10/63,17.7,9.629251,15.2,19.978512
140257,2023-02-18,ST07/10,65.4007,9.629251,15.2,19.978512
140258,2023-02-18,SJ62/235,54.4427,9.629251,15.2,19.978512
140259,2023-02-18,SN00/11,10.7227,9.629251,15.2,19.978512
140260,2023-02-18,TL44/12,42.82,9.629251,15.2,19.978512
140261,2023-02-18,SU71/23,54.47,9.629251,15.2,19.978512
140262,2023-02-19,TL33/67,79.64,7.1209164,1.3000001,16.187693
140263,2023-02-19,SU01/5B,92.68,7.1209164,1.3000001,16.187693
140264,2023-02-19,SP00/62,101.88,7.1209164,1.3000001,16.187693
140265,2023-02-19,TL33/4,77.41,7.1209164,1.3000001,16.187693
140266,2023-02-19,TF81/2A,42.71,7.1209164,1.3000001,16.187693
140267,2023-02-19,SK00/41,130.2,7.1209164,1.3000001,16.187693
140268,2023-02-19,SE94/5,19.2,7.1209164,1.3000001,16.187693
140269,2023-02-19,TF03/37,17.75,7.1209164,1.3000001,16.187693
140270,2023-02-19,SU17/57,140.74,7.1209164,1.3000001,16.187693
140271,2023-02-19,TR14/9,76.94,7.1209164,1.3000001,16.187693
140272,2023-02-19,NY63/2,130.96,7.1209164,1.3000001,16.187693
140273,2023-02-19,SE95/6,24.38,7.1209164,1.3000001,16.187693
140274,2023-02-19,SY68/34,70.36,7.1209164,1.3000001,16.187693
140275,2023-02-19,ID30/1,114.6,7.1209164,1.3000001,16.187693
140276,2023-02-19,NH95/17,29.6,7.1209164,1.3000001,16.187693
140277,2023-02-19,NO20/14,37.09,7.1209164,1.3000001,16.187693
140278,2023-02-19,SJ15/13,79.904,7.1209164,1.3000001,16.187693
140279,2023-02-19,SJ62/235,54.4405,7.1209164,1.3000001,16.187693
140280,2023-02-19,TA10/63,17.72,7.1209164,1.3000001,16.187693
140281,2023-02-19,SN00/11,10.6373,7.1209164,1.3000001,16.187693
140282,2023-02-19,TQ25/86,97.66,7.1209164,1.3000001,16.187693
140283,2023-02-19,SU71/23,54.06,7.1209164,1.3000001,16.187693
140284,2023-02-19,SU81/1,62.89,7.1209164,1.3000001,16.187693
140285,2023-02-19,ST07/10,66.6998,7.1209164,1.3000001,16.187693
140286,2023-02-19,TL44/12,42.83,7.1209164,1.3000001,16.187693
140287,2023-02-20,SE95/6,24.22,10.356335,2.2,18.21223
140288,2023-02-20,SK00/41,130.19,10.356335,2.2,18.21223
140289,2023-02-20,TR14/9,76.94,10.356335,2.2,18.21223
140290,2023-02-20,ID30/1,114.61,10.356335,2.2,18.21223
140291,2023-02-20,SE94/5,19.2,10.356335,2.2,18.21223
140292,2023-02-20,SP00/62,101.84,10.356335,2.2,18.21223
140293,2023-02-20,SU17/57,140.64,10.356335,2.2,18.21223
140294,2023-02-20,SJ15/13,79.898,10.356335,2.2,18.21223
140295,2023-02-20,SU01/5B,92.35,10.356335,2.2,18.21223
140296,2023-02-20,TL33/4,77.45,10.356335,2.2,18.21223
140297,2023-02-20,TF81/2A,42.72,10.356335,2.2,18.21223
140298,2023-02-20,NY63/2,130.95,10.356335,2.2,18.21223
140299,2023-02-20,TL33/67,79.7,10.356335,2.2,18.21223
140300,2023-02-20,SY68/34,70.31,10.356335,2.2,18.21223
140301,2023-02-20,NH95/17,29.6,10.356335,2.2,18.21223
140302,2023-02-20,NO20/14,37.1,10.356335,2.2,18.21223
140303,2023-02-20,TF03/37,17.7,10.356335,2.2,18.21223
140304,2023-02-20,TA10/63,17.74,10.356335,2.2,18.21223
140305,2023-02-20,SU71/23,53.67,10.356335,2.2,18.21223
140306,2023-02-20,SU81/1,62.42,10.356335,2.2,18.21223
140307,2023-02-20,TL44/12,42.84,10.356335,2.2,18.21223
140308,2023-02-20,SN00/11,10.572,10.356335,2.2,18.21223
140309,2023-02-20,ST07/10,67.1774,10.356335,2.2,18.21223
140310,2023-02-20,SJ62/235,54.4415,10.356335,2.2,18.21223
140311,2023-02-20,TQ25/86,97.65,10.356335,2.2,18.21223
140312,2023-02-21,TF03/37,17.65,9.070917,0.8000001,12.820308
140313,2023-02-21,SP00/62,101.8,9.070917,0.8000001,12.820308
140314,2023-02-21,TR14/9,76.94,9.070917,0.8000001,12.820308
140315,2023-02-21,NY63/2,130.95,9.070917,0.8000001,12.820308
140316,2023-02-21,NO20/14,37.07,9.070917,0.8000001,12.820308
140317,2023-02-21,TF81/2A,42.75,9.070917,0.8000001,12.820308
140318,2023-02-21,SE95/6,24.08,9.070917,0.8000001,12.820308
140319,2023-02-21,SE94/5,19.2,9.070917,0.8000001,12.820308
140320,2023-02-21,TL33/67,79.8,9.070917,0.8000001,12.820308
140321,2023-02-21,SU17/57,140.46,9.070917,0.8000001,12.820308
140322,2023-02-21,TL33/4,77.48,9.070917,0.8000001,12.820308
140323,2023-02-21,NH95/17,29.59,9.070917,0.8000001,12.820308
140324,2023-02-21,ID30/1,114.6,9.070917,0.8000001,12.820308
140325,2023-02-21,SJ15/13,79.904,9.070917,0.8000001,12.820308
140326,2023-02-21,SY68/34,70.27,9.070917,0.8000001,12.820308
140327,2023-02-21,SK00/41,130.2,9.070917,0.8000001,12.820308
140328,2023-02-21,SU01/5B,92.03,9.070917,0.8000001,12.820308
140329,2023-02-21,SU81/1,61.97,9.070917,0.8000001,12.820308
140330,2023-02-21,ST07/10,67.2363,9.070917,0.8000001,12.820308
140331,2023-02-21,SJ62/235,54.4461,9.070917,0.8000001,12.820308
140332,2023-02-21,TL44/12,42.86,9.070917,0.8000001,12.820308
140333,2023-02-21,TQ25/86,97.64,9.070917,0.8000001,12.820308
140334,2023-02-21,TA10/63,17.77,9.070917,0.8000001,12.820308
140335,2023-02-21,SU71/23,53.29,9.070917,0.8000001,12.820308
140336,2023-02-21,SN00/11,10.5131,9.070917,0.8000001,12.820308
140337,2023-02-22,NH95/17,29.58,5.670917,2.4,13.970585
140338,2023-02-22,NO20/14,37.05,5.670917,2.4,13.970585
140339,2023-02-22,SP00/62,101.77,5.670917,2.4,13.970585
140340,2023-02-22,SK00/41,130.19,5.670917,2.4,13.970585
140341,2023-02-22,TL33/67,79.81,5.670917,2.4,13.970585
140342,2023-02-22,SE94/5,19.26,5.670917,2.4,13.970585
140343,2023-02-22,NY63/2,130.98,5.670917,2.4,13.970585
140344,2023-02-22,TL33/4,77.52,5.670917,2.4,13.970585
140345,2023-02-22,SE95/6,23.94,5.670917,2.4,13.970585
140346,2023-02-22,SU01/5B,91.73,5.670917,2.4,13.970585
140347,2023-02-22,SJ15/13,79.929,5.670917,2.4,13.970585
140348,2023-02-22,ID30/1,114.58,5.670917,2.4,13.970585
140349,2023-02-22,TF03/37,17.61,5.670917,2.4,13.970585
140350,2023-02-22,SU17/57,140.25,5.670917,2.4,13.970585
140351,2023-02-22,SY68/34,70.22,5.670917,2.4,13.970585
140352,2023-02-22,TR14/9,76.94,5.670917,2.4,13.970585
140353,2023-02-22,TL44/12,42.85,5.670917,2.4,13.970585
140354,2023-02-22,SJ62/235,54.4368,5.670917,2.4,13.970585
140355,2023-02-22,TQ25/86,97.62,5.670917,2.4,13.970585
140356,2023-02-22,SU81/1,61.52,5.670917,2.4,13.970585
140357,2023-02-22,SN00/11,10.4321,5.670917,2.4,13.970585
140358,2023-02-22,SU71/23,52.9,5.670917,2.4,13.970585
140359,2023-02-22,TA10/63,17.77,5.670917,2.4,13.970585
140360,2023-02-22,ST07/10,67.0286,5.670917,2.4,13.970585
140361,2023-02-23,ID30/1,114.54,3.875083,0.1,10.179801
140362,2023-02-23,SK00/41,130.18,3.875083,0.1,10.179801
140363,2023-02-23,TL33/67,79.83,3.875083,0.1,10.179801
140364,2023-02-23,TF03/37,17.51,3.875083,0.1,10.179801
140365,2023-02-23,SE95/6,23.8,3.875083,0.1,10.179801
140366,2023-02-23,SE94/5,19.25,3.875083,0.1,10.179801
140367,2023-02-23,TL33/4,77.56,3.875083,0.1,10.179801
140368,2023-02-23,TR14/9,76.91,3.875083,0.1,10.179801
140369,2023-02-23,SU01/5B,91.43,3.875083,0.1,10.179801
140370,2023-02-23,SJ15/13,79.898,3.875083,0.1,10.179801
140371,2023-02-23,SY68/34,70.18,3.875083,0.1,10.179801
140372,2023-02-23,NY63/2,130.92,3.875083,0.1,10.179801
140373,2023-02-23,SU17/57,140.14,3.875083,0.1,10.179801
140374,2023-02-23,SP00/62,101.73,3.875083,0.1,10.179801
140375,2023-02-23,NO20/14,37.01,3.875083,0.1,10.179801
140376,2023-02-23,NH95/17,29.58,3.875083,0.1,10.179801
140377,2023-02-23,ST07/10,66.6846,3.875083,0.1,10.179801
140378,2023-02-23,SU81/1,61.08,3.875083,0.1,10.179801
140379,2023-02-23,TQ25/86,97.61,3.875083,0.1,10.179801
140380,2023-02-23,SN00/11,10.345,3.875083,0.1,10.179801
140381,2023-02-23,SJ62/235,54.4345,3.875083,0.1,10.179801
140382,2023-02-23,SU71/23,52.51,3.875083,0.1,10.179801
140383,2023-02-23,TL44/12,42.86,3.875083,0.1,10.179801
140384,2023-02-23,TA10/63,17.77,3.875083,0.1,10.179801
140385,2023-02-24,SP00/62,101.7,7.0000834,0.3,15.6831
140386,2023-02-24,TR14/9,76.9,7.0000834,0.3,15.6831
140387,2023-02-24,NO20/14,37.02,7.0000834,0.3,15.6831
140388,2023-02-24,TL33/4,77.6,7.0000834,0.3,15.6831
140389,2023-02-24,TM15/112,25.08,7.0000834,0.3,15.6831
140390,2023-02-24,SJ15/13,79.888,7.0000834,0.3,15.6831
140391,2023-02-24,SU17/57,140.05,7.0000834,0.3,15.6831
140392,2023-02-24,NH95/17,29.58,7.0000834,0.3,15.6831
140393,2023-02-24,SU01/5B,91.12,7.0000834,0.3,15.6831
140394,2023-02-24,SE94/5,19.24,7.0000834,0.3,15.6831
140395,2023-02-24,NY63/2,130.94,7.0000834,0.3,15.6831
140396,2023-02-24,SE95/6,23.66,7.0000834,0.3,15.6831
140397,2023-02-24,TL33/67,79.89,7.0000834,0.3,15.6831
140398,2023-02-24,ID30/1,114.53,7.0000834,0.3,15.6831
140399,2023-02-24,SK00/41,130.18,7.0000834,0.3,15.6831
140400,2023-02-24,TF03/37,17.43,7.0000834,0.3,15.6831
140401,2023-02-24,SY68/34,70.12,7.0000834,0.3,15.6831
140402,2023-02-24,SJ62/235,54.4345,7.0000834,0.3,15.6831
140403,2023-02-24,SU81/1,60.65,7.0000834,0.3,15.6831
140404,2023-02-24,TF81/2A,42.75,7.0000834,0.3,15.6831
140405,2023-02-24,SN00/11,10.2736,7.0000834,0.3,15.6831
140406,2023-02-24,TQ25/86,97.58,7.0000834,0.3,15.6831
140407,2023-02-24,TA10/63,17.79,7.0000834,0.3,15.6831
140408,2023-02-24,TL44/12,42.85,7.0000834,0.3,15.6831
140409,2023-02-24,ST07/10,66.2917,7.0000834,0.3,15.6831
140410,2023-02-24,SU71/23,52.15,7.0000834,0.3,15.6831
140411,2023-02-25,SY68/34,70.07,2.7584164,0.0,11.631886
140412,2023-02-25,SE95/6,23.53,2.7584164,0.0,11.631886
140413,2023-02-25,TF03/37,17.38,2.7584164,0.0,11.631886
140414,2023-02-25,SU01/5B,90.83,2.7584164,0.0,11.631886
140415,2023-02-25,TF81/2A,42.75,2.7584164,0.0,11.631886
140416,2023-02-25,NY63/2,130.93,2.7584164,0.0,11.631886
140417,2023-02-25,TL33/67,79.87,2.7584164,0.0,11.631886
140418,2023-02-25,SE94/5,19.23,2.7584164,0.0,11.631886
140419,2023-02-25,NO20/14,36.97,2.7584164,0.0,11.631886
140420,2023-02-25,SJ15/13,79.891,2.7584164,0.0,11.631886
140421,2023-02-25,TL33/4,77.63,2.7584164,0.0,11.631886
140422,2023-02-25,SK00/41,130.16,2.7584164,0.0,11.631886
140423,2023-02-25,NH95/17,29.55,2.7584164,0.0,11.631886
140424,2023-02-25,ID30/1,114.47,2.7584164,0.0,11.631886
140425,2023-02-25,TR14/9,76.86,2.7584164,0.0,11.631886
140426,2023-02-25,SP00/62,101.66,2.7584164,0.0,11.631886
140427,2023-02-25,SU17/57,139.88,2.7584164,0.0,11.631886
140428,2023-02-25,SJ62/235,54.4252,2.7584164,0.0,11.631886
140429,2023-02-25,SU71/23,51.78,2.7584164,0.0,11.631886
140430,2023-02-25,ST07/10,65.8951,2.7584164,0.0,11.631886
140431,2023-02-25,SN00/11,10.1871,2.7584164,0.0,11.631886
140432,2023-02-25,TQ25/86,97.55,2.7584164,0.0,11.631886
140433,2023-02-25,TL44/12,42.81,2.7584164,0.0,11.631886
140434,2023-02-25,TA10/63,17.77,2.7584164,0.0,11.631886
140435,2023-02-25,SU81/1,60.21,2.7584164,0.0,11.631886
140436,2023-02-26,NY63/2,130.88,3.4834163,0.0,8.127238
140437,2023-02-26,SY68/34,70.01,3.4834163,0.0,8.127238
140438,2023-02-26,ID30/1,114.42,3.4834163,0.0,8.127238
140439,2023-02-26,TL33/4,77.67,3.4834163,0.0,8.127238
140440,2023-02-26,SP00/62,101.63,3.4834163,0.0,8.127238
140441,2023-02-26,SU01/5B,90.53,3.4834163,0.0,8.127238
140442,2023-02-26,NH95/17,29.54,3.4834163,0.0,8.127238
140443,2023-02-26,TF03/37,17.29,3.4834163,0.0,8.127238
140444,2023-02-26,TF81/2A,42.75,3.4834163,0.0,8.127238
140445,2023-02-26,SJ15/13,79.856,3.4834163,0.0,8.127238
140446,2023-02-26,NO20/14,36.94,3.4834163,0.0,8.127238
140447,2023-02-26,TL33/67,79.86,3.4834163,0.0,8.127238
140448,2023-02-26,TR14/9,76.81,3.4834163,0.0,8.127238
140449,2023-02-26,SU17/57,139.8,3.4834163,0.0,8.127238
140450,2023-02-26,SE94/5,19.21,3.4834163,0.0,8.127238
140451,2023-02-26,SE95/6,23.39,3.4834163,0.0,8.127238
140452,2023-02-26,SK00/41,130.15,3.4834163,0.0,8.127238
140453,2023-02-26,SN00/11,10.0973,3.4834163,0.0,8.127238
140454,2023-02-26,TA10/63,17.76,3.4834163,0.0,8.127238
140455,2023-02-26,SU81/1,59.77,3.4834163,0.0,8.127238
140456,2023-02-26,TQ25/86,97.52,3.4834163,0.0,8.127238
140457,2023-02-26,ST07/10,65.4587,3.4834163,0.0,8.127238
140458,2023-02-26,TL44/12,42.79,3.4834163,0.0,8.127238
140459,2023-02-26,SJ62/235,54.4177,3.4834163,0.0,8.127238
140460,2023-02-26,SU71/23,51.41,3.4834163,0.0,8.127238
140461,2023-02-27,TR14/9,76.77,4.737583,0.0,8.010391
140462,2023-02-27,SY68/34,69.95,4.737583,0.0,8.010391
140463,2023-02-27,NH95/17,29.53,4.737583,0.0,8.010391
140464,2023-02-27,SU01/5B,90.23,4.737583,0.0,8.010391
140465,2023-02-27,SE95/6,23.26,4.737583,0.0,8.010391
140466,2023-02-27,TL33/4,77.7,4.737583,0.0,8.010391
140467,2023-02-27,TF03/37,17.22,4.737583,0.0,8.010391
140468,2023-02-27,SP00/62,101.6,4.737583,0.0,8.010391
140469,2023-02-27,NO20/14,36.93,4.737583,0.0,8.010391
140470,2023-02-27,SK00/41,130.14,4.737583,0.0,8.010391
140471,2023-02-27,TL33/67,79.9,4.737583,0.0,8.010391
140472,2023-02-27,SU17/57,139.75,4.737583,0.0,8.010391
140473,2023-02-27,ID30/1,114.38,4.737583,0.0,8.010391
140474,2023-02-27,NY63/2,130.86,4.737583,0.0,8.010391
140475,2023-02-27,TF81/2A,42.76,4.737583,0.0,8.010391
140476,2023-02-27,SJ15/13,79.826,4.737583,0.0,8.010391
140477,2023-02-27,SE94/5,19.18,4.737583,0.0,8.010391
140478,2023-02-27,SN00/11,10.0155,4.737583,0.0,8.010391
140479,2023-02-27,TQ25/86,97.5,4.737583,0.0,8.010391
140480,2023-02-27,TL44/12,42.79,4.737583,0.0,8.010391
140481,2023-02-27,SJ62/235,54.4157,4.737583,0.0,8.010391
140482,2023-02-27,TA10/63,17.76,4.737583,0.0,8.010391
140483,2023-02-27,ST07/10,64.9799,4.737583,0.0,8.010391
140484,2023-02-27,SU71/23,51.05,4.737583,0.0,8.010391
140485,2023-02-27,SU81/1,59.33,4.737583,0.0,8.010391
140486,2023-02-28,NH95/17,29.52,5.525083,0.1,11.449411
140487,2023-02-28,TL33/4,77.74,5.525083,0.1,11.449411
140488,2023-02-28,TF81/2A,42.76,5.525083,0.1,11.449411
140489,2023-02-28,SU17/57,139.63,5.525083,0.1,11.449411
140490,2023-02-28,NY63/2,130.85,5.525083,0.1,11.449411
140491,2023-02-28,SK00/41,130.12,5.525083,0.1,11.449411
140492,2023-02-28,TL33/67,79.95,5.525083,0.1,11.449411
140493,2023-02-28,TF03/37,17.15,5.525083,0.1,11.449411
140494,2023-02-28,SP00/62,101.56,5.525083,0.1,11.449411
140495,2023-02-28,TR14/9,76.73,5.525083,0.1,11.449411
140496,2023-02-28,TA10/63,17.74,5.525083,0.1,11.449411
140497,2023-02-28,SE94/5,19.1,5.525083,0.1,11.449411
140498,2023-02-28,SY68/34,69.89,5.525083,0.1,11.449411
140499,2023-02-28,NO20/14,36.92,5.525083,0.1,11.449411
140500,2023-02-28,SE95/6,23.13,5.525083,0.1,11.449411
140501,2023-02-28,SU01/5B,89.93,5.525083,0.1,11.449411
140502,2023-02-28,ID30/1,114.39,5.525083,0.1,11.449411
140503,2023-02-28,SJ15/13,79.82,5.525083,0.1,11.449411
140504,2023-02-28,SU81/1,58.91,5.525083,0.1,11.449411
140505,2023-02-28,SN00/11,9.9396,5.525083,0.1,11.449411
140506,2023-02-28,TQ25/86,97.49,5.525083,0.1,11.449411
140507,2023-02-28,TL44/12,42.77,5.525083,0.1,11.449411
140508,2023-02-28,SJ62/235,54.4148,5.525083,0.1,11.449411
140509,2023-02-28,SU71/23,50.69,5.525083,0.1,11.449411
140510,2023-02-28,ST07/10,64.5205,5.525083,0.1,11.449411
140511,2023-03-01,SJ15/13,79.818,5.4500833,0.3,12.201329
140512,2023-03-01,SE94/5,19.13,5.4500833,0.3,12.201329
140513,2023-03-01,NH95/17,29.53,5.4500833,0.3,12.201329
140514,2023-03-01,SE95/6,23.01,5.4500833,0.3,12.201329
140515,2023-03-01,TR14/9,76.68,5.4500833,0.3,12.201329
140516,2023-03-01,SP00/62,101.53,5.4500833,0.3,12.201329
140517,2023-03-01,SK00/41,130.12,5.4500833,0.3,12.201329
140518,2023-03-01,TL33/4,77.78,5.4500833,0.3,12.201329
140519,2023-03-01,ID30/1,114.38,5.4500833,0.3,12.201329
140520,2023-03-01,SU17/57,139.49,5.4500833,0.3,12.201329
140521,2023-03-01,TF03/37,17.08,5.4500833,0.3,12.201329
140522,2023-03-01,TL33/67,80.02,5.4500833,0.3,12.201329
140523,2023-03-01,NY63/2,130.85,5.4500833,0.3,12.201329
140524,2023-03-01,SU01/5B,89.65,5.4500833,0.3,12.201329
140525,2023-03-01,TL44/12,42.774,5.4500833,0.3,12.201329
140526,2023-03-01,SY68/34,69.83,5.4500833,0.3,12.201329
140527,2023-03-01,TF81/2A,42.77,5.4500833,0.3,12.201329
140528,2023-03-01,NO20/14,36.92,5.4500833,0.3,12.201329
140529,2023-03-01,SU71/23,50.33,5.4500833,0.3,12.201329
140530,2023-03-01,TQ25/86,97.47,5.4500833,0.3,12.201329
140531,2023-03-01,ST07/10,64.1086,5.4500833,0.3,12.201329
140532,2023-03-01,SN00/11,9.8742,5.4500833,0.3,12.201329
140533,2023-03-01,SU81/1,58.51,5.4500833,0.3,12.201329
140534,2023-03-01,SJ62/235,54.4191,5.4500833,0.3,12.201329
140535,2023-03-01,TA10/63,17.77,5.4500833,0.3,12.201329
140536,2023-03-02,SP00/62,101.5,5.4688325,0.0,6.5381494
140537,2023-03-02,SK00/41,130.11,5.4688325,0.0,6.5381494
140538,2023-03-02,SY68/34,69.77,5.4688325,0.0,6.5381494
140539,2023-03-02,TL33/4,77.81,5.4688325,0.0,6.5381494
140540,2023-03-02,NY63/2,130.88,5.4688325,0.0,6.5381494
140541,2023-03-02,SE94/5,19.12,5.4688325,0.0,6.5381494
140542,2023-03-02,NH95/17,29.53,5.4688325,0.0,6.5381494
140543,2023-03-02,TF03/37,17.08,5.4688325,0.0,6.5381494
140544,2023-03-02,SU17/57,139.28,5.4688325,0.0,6.5381494
140545,2023-03-02,TL44/12,42.767,5.4688325,0.0,6.5381494
140546,2023-03-02,SU01/5B,89.37,5.4688325,0.0,6.5381494
140547,2023-03-02,ID30/1,114.33,5.4688325,0.0,6.5381494
140548,2023-03-02,TL33/67,80.03,5.4688325,0.0,6.5381494
140549,2023-03-02,TR14/9,76.64,5.4688325,0.0,6.5381494
140550,2023-03-02,SJ15/13,79.842,5.4688325,0.0,6.5381494
140551,2023-03-02,SE95/6,22.9,5.4688325,0.0,6.5381494
140552,2023-03-02,NO20/14,36.93,5.4688325,0.0,6.5381494
140553,2023-03-02,TF81/2A,42.77,5.4688325,0.0,6.5381494
140554,2023-03-02,SN00/11,9.8016,5.4688325,0.0,6.5381494
140555,2023-03-02,SU81/1,58.1,5.4688325,0.0,6.5381494
140556,2023-03-02,SJ62/235,54.4128,5.4688325,0.0,6.5381494
140557,2023-03-02,TA10/63,17.76,5.4688325,0.0,6.5381494
140558,2023-03-02,TQ25/86,97.44,5.4688325,0.0,6.5381494
140559,2023-03-02,ST07/10,63.891,5.4688325,0.0,6.5381494
140560,2023-03-02,SU71/23,49.98,5.4688325,0.0,6.5381494
140561,2023-03-03,SJ15/13,79.84,4.9688334,0.0,6.310936
140562,2023-03-03,SE94/5,19.1,4.9688334,0.0,6.310936
140563,2023-03-03,SE95/6,22.79,4.9688334,0.0,6.310936
140564,2023-03-03,SY68/34,69.72,4.9688334,0.0,6.310936
140565,2023-03-03,TL44/12,42.749,4.9688334,0.0,6.310936
140566,2023-03-03,TR14/9,76.59,4.9688334,0.0,6.310936
140567,2023-03-03,SK00/41,130.09,4.9688334,0.0,6.310936
140568,2023-03-03,TF81/2A,42.77,4.9688334,0.0,6.310936
140569,2023-03-03,TL33/4,77.85,4.9688334,0.0,6.310936
140570,2023-03-03,NO20/14,36.91,4.9688334,0.0,6.310936
140571,2023-03-03,SP00/62,101.47,4.9688334,0.0,6.310936
140572,2023-03-03,SU01/5B,89.11,4.9688334,0.0,6.310936
140573,2023-03-03,NY63/2,130.88,4.9688334,0.0,6.310936
140574,2023-03-03,NH95/17,29.52,4.9688334,0.0,6.310936
140575,2023-03-03,SU17/57,139.16,4.9688334,0.0,6.310936
140576,2023-03-03,TL33/67,80.04,4.9688334,0.0,6.310936
140577,2023-03-03,ID30/1,114.31,4.9688334,0.0,6.310936
140578,2023-03-03,TF03/37,16.97,4.9688334,0.0,6.310936
140579,2023-03-03,ST07/10,63.1608,4.9688334,0.0,6.310936
140580,2023-03-03,TQ25/86,97.42,4.9688334,0.0,6.310936
140581,2023-03-03,TA10/63,17.75,4.9688334,0.0,6.310936
140582,2023-03-03,SU71/23,49.63,4.9688334,0.0,6.310936
140583,2023-03-03,SU81/1,57.7,4.9688334,0.0,6.310936
140584,2023-03-03,SJ62/235,54.4096,4.9688334,0.0,6.310936
140585,2023-03-03,SN00/11,9.7199,4.9688334,0.0,6.310936
140586,2023-03-04,TF81/2A,42.78,3.09175,0.0,4.464217
140587,2023-03-04,SU17/57,139.05,3.09175,0.0,4.464217
140588,2023-03-04,SY68/34,69.65,3.09175,0.0,4.464217
140589,2023-03-04,NY63/2,130.86,3.09175,0.0,4.464217
140590,2023-03-04,SP00/62,101.43,3.09175,0.0,4.464217
140591,2023-03-04,SK00/41,130.08,3.09175,0.0,4.464217
140592,2023-03-04,TL44/12,42.739,3.09175,0.0,4.464217
140593,2023-03-04,TR14/9,76.52,3.09175,0.0,4.464217
140594,2023-03-04,SE95/6,22.68,3.09175,0.0,4.464217
140595,2023-03-04,SE94/5,19.07,3.09175,0.0,4.464217
140596,2023-03-04,NH95/17,29.53,3.09175,0.0,4.464217
140597,2023-03-04,SJ15/13,79.81933,3.09175,0.0,4.464217
140598,2023-03-04,TF03/37,16.86,3.09175,0.0,4.464217
140599,2023-03-04,NO20/14,36.9,3.09175,0.0,4.464217
140600,2023-03-04,TL33/4,77.88,3.09175,0.0,4.464217
140601,2023-03-04,SU01/5B,88.85,3.09175,0.0,4.464217
140602,2023-03-04,ID30/1,114.28,3.09175,0.0,4.464217
140603,2023-03-04,TL33/67,80.1,3.09175,0.0,4.464217
140604,2023-03-04,SU81/1,57.32,3.09175,0.0,4.464217
140605,2023-03-04,SJ62/235,54.4131,3.09175,0.0,4.464217
140606,2023-03-04,SU71/23,49.3,3.09175,0.0,4.464217
140607,2023-03-04,ST07/10,62.7448,3.09175,0.0,4.464217
140608,2023-03-04,SN00/11,9.6596,3.09175,0.0,4.464217
140609,2023-03-04,TA10/63,17.76,3.09175,0.0,4.464217
140610,2023-03-04,TQ25/86,97.42,3.09175,0.0,4.464217
140611,2023-03-05,SJ15/13,79.829,3.3063333,1.6000001,4.934219
140612,2023-03-05,SP00/62,101.4,3.3063333,1.6000001,4.934219
140613,2023-03-05,TL44/12,42.757,3.3063333,1.6000001,4.934219
140614,2023-03-05,SY68/34,69.59,3.3063333,1.6000001,4.934219
140615,2023-03-05,SU17/57,138.88,3.3063333,1.6000001,4.934219
140616,2023-03-05,TF03/37,16.85,3.3063333,1.6000001,4.934219
140617,2023-03-05,SE94/5,19.05,3.3063333,1.6000001,4.934219
140618,2023-03-05,ID30/1,114.25,3.3063333,1.6000001,4.934219
140619,2023-03-05,TR14/9,76.49,3.3063333,1.6000001,4.934219
140620,2023-03-05,NH95/17,29.55,3.3063333,1.6000001,4.934219
140621,2023-03-05,TL33/67,80.22,3.3063333,1.6000001,4.934219
140622,2023-03-05,SU01/5B,88.6,3.3063333,1.6000001,4.934219
140623,2023-03-05,NO20/14,36.94,3.3063333,1.6000001,4.934219
140624,2023-03-05,TL33/4,77.91,3.3063333,1.6000001,4.934219
140625,2023-03-05,TF81/2A,42.79,3.3063333,1.6000001,4.934219
140626,2023-03-05,NY63/2,130.88,3.3063333,1.6000001,4.934219
140627,2023-03-05,SK00/41,130.07,3.3063333,1.6000001,4.934219
140628,2023-03-05,SE95/6,22.59,3.3063333,1.6000001,4.934219
140629,2023-03-05,SU81/1,56.97,3.3063333,1.6000001,4.934219
140630,2023-03-05,SN00/11,9.6178,3.3063333,1.6000001,4.934219
140631,2023-03-05,ST07/10,62.4096,3.3063333,1.6000001,4.934219
140632,2023-03-05,TA10/63,17.78,3.3063333,1.6000001,4.934219
140633,2023-03-05,SU71/23,48.98,3.3063333,1.6000001,4.934219
140634,2023-03-05,TQ25/86,97.41,3.3063333,1.6000001,4.934219
140635,2023-03-05,SJ62/235,54.4245,3.3063333,1.6000001,4.934219
140636,2023-03-06,NO20/14,36.96,3.2396662,3.5,10.443039
140637,2023-03-06,SU17/57,138.6,3.2396662,3.5,10.443039
140638,2023-03-06,SK00/41,130.08,3.2396662,3.5,10.443039
140639,2023-03-06,NY63/2,130.94,3.2396662,3.5,10.443039
140640,2023-03-06,TL33/4,77.95,3.2396662,3.5,10.443039
140641,2023-03-06,ID30/1,114.23,3.2396662,3.5,10.443039
140642,2023-03-06,SE95/6,22.5,3.2396662,3.5,10.443039
140643,2023-03-06,TR14/9,76.46,3.2396662,3.5,10.443039
140644,2023-03-06,NH95/17,29.57,3.2396662,3.5,10.443039
140645,2023-03-06,SU01/5B,88.37,3.2396662,3.5,10.443039
140646,2023-03-06,SJ15/13,79.881,3.2396662,3.5,10.443039
140647,2023-03-06,SE94/5,19.05,3.2396662,3.5,10.443039
140648,2023-03-06,SY68/34,69.53,3.2396662,3.5,10.443039
140649,2023-03-06,SP00/62,101.38,3.2396662,3.5,10.443039
140650,2023-03-06,TL33/67,80.28,3.2396662,3.5,10.443039
140651,2023-03-06,TF03/37,16.86,3.2396662,3.5,10.443039
140652,2023-03-06,TF81/2A,42.8,3.2396662,3.5,10.443039
140653,2023-03-06,TL44/12,42.784,3.2396662,3.5,10.443039
140654,2023-03-06,SJ62/235,54.4282,3.2396662,3.5,10.443039
140655,2023-03-06,SN00/11,9.583,3.2396662,3.5,10.443039
140656,2023-03-06,SU81/1,56.63,3.2396662,3.5,10.443039
140657,2023-03-06,TQ25/86,97.4,3.2396662,3.5,10.443039
140658,2023-03-06,ST07/10,62.1193,3.2396662,3.5,10.443039
140659,2023-03-06,SU71/23,48.67,3.2396662,3.5,10.443039
140660,2023-03-06,TA10/63,17.78,3.2396662,3.5,10.443039
140661,2023-03-07,TF03/37,16.85,-0.43533328,0.2,7.6874022
140662,2023-03-07,TF81/2A,42.8,-0.43533328,0.2,7.6874022
140663,2023-03-07,ID30/1,114.2,-0.43533328,0.2,7.6874022
140664,2023-03-07,NO20/14,36.92,-0.43533328,0.2,7.6874022
140665,2023-03-07,TR14/9,76.4,-0.43533328,0.2,7.6874022
140666,2023-03-07,TL44/12,42.785,-0.43533328,0.2,7.6874022
140667,2023-03-07,SU01/5B,88.15,-0.43533328,0.2,7.6874022
140668,2023-03-07,SE95/6,22.42,-0.43533328,0.2,7.6874022
140669,2023-03-07,SJ15/13,79.913,-0.43533328,0.2,7.6874022
140670,2023-03-07,SP00/62,101.35,-0.43533328,0.2,7.6874022
140671,2023-03-07,NY63/2,130.96,-0.43533328,0.2,7.6874022
140672,2023-03-07,SE94/5,19.03,-0.43533328,0.2,7.6874022
140673,2023-03-07,TL33/67,80.29,-0.43533328,0.2,7.6874022
140674,2023-03-07,SY68/34,69.48,-0.43533328,0.2,7.6874022
140675,2023-03-07,NH95/17,29.57,-0.43533328,0.2,7.6874022
140676,2023-03-07,TL33/4,77.99,-0.43533328,0.2,7.6874022
140677,2023-03-07,SK00/41,130.09,-0.43533328,0.2,7.6874022
140678,2023-03-07,SU17/57,138.37,-0.43533328,0.2,7.6874022
140679,2023-03-07,SU71/23,48.36,-0.43533328,0.2,7.6874022
140680,2023-03-07,SU81/1,56.3,-0.43533328,0.2,7.6874022
140681,2023-03-07,SN00/11,9.544,-0.43533328,0.2,7.6874022
140682,2023-03-07,SJ62/235,54.4273,-0.43533328,0.2,7.6874022
140683,2023-03-07,ST07/10,62.0322,-0.43533328,0.2,7.6874022
140684,2023-03-07,TQ25/86,97.39,-0.43533328,0.2,7.6874022
140685,2023-03-07,TA10/63,17.77,-0.43533328,0.2,7.6874022
140686,2023-03-08,NO20/14,36.9,-0.46658337,0.0,8.560011
140687,2023-03-08,SE94/5,19.02,-0.46658337,0.0,8.560011
140688,2023-03-08,SP00/62,101.34,-0.46658337,0.0,8.560011
140689,2023-03-08,TL44/12,42.791,-0.46658337,0.0,8.560011
140690,2023-03-08,ID30/1,114.19,-0.46658337,0.0,8.560011
140691,2023-03-08,TR14/9,76.41,-0.46658337,0.0,8.560011
140692,2023-03-08,SY68/34,69.42,-0.46658337,0.0,8.560011
140693,2023-03-08,SU01/5B,87.94,-0.46658337,0.0,8.560011
140694,2023-03-08,TF81/2A,42.81,-0.46658337,0.0,8.560011
140695,2023-03-08,SU17/57,138.2,-0.46658337,0.0,8.560011
140696,2023-03-08,TL33/67,80.34,-0.46658337,0.0,8.560011
140697,2023-03-08,SK00/41,130.08,-0.46658337,0.0,8.560011
140698,2023-03-08,TL33/4,78.03,-0.46658337,0.0,8.560011
140699,2023-03-08,NY63/2,130.94,-0.46658337,0.0,8.560011
140700,2023-03-08,TF03/37,16.76,-0.46658337,0.0,8.560011
140701,2023-03-08,SJ15/13,79.917,-0.46658337,0.0,8.560011
140702,2023-03-08,SE95/6,22.32,-0.46658337,0.0,8.560011
140703,2023-03-08,NH95/17,29.56,-0.46658337,0.0,8.560011
140704,2023-03-08,SN00/11,9.5295,-0.46658337,0.0,8.560011
140705,2023-03-08,SJ62/235,54.4264,-0.46658337,0.0,8.560011
140706,2023-03-08,SU81/1,55.98,-0.46658337,0.0,8.560011
140707,2023-03-08,TQ25/86,97.38,-0.46658337,0.0,8.560011
140708,2023-03-08,ST07/10,62.0404,-0.46658337,0.0,8.560011
140709,2023-03-08,TA10/63,17.75,-0.46658337,0.0,8.560011
140710,2023-03-08,SU71/23,48.05,-0.46658337,0.0,8.560011
140711,2023-03-09,ID30/1,114.17,0.6625835,6.4000006,15.341865
140712,2023-03-09,NO20/14,36.87,0.6625835,6.4000006,15.341865
140713,2023-03-09,SE95/6,22.25,0.6625835,6.4000006,15.341865
140714,2023-03-09,TF03/37,16.68,0.6625835,6.4000006,15.341865
140715,2023-03-09,SE94/5,18.98,0.6625835,6.4000006,15.341865
140716,2023-03-09,TL33/67,80.39,0.6625835,6.4000006,15.341865
140717,2023-03-09,TF81/2A,42.82,0.6625835,6.4000006,15.341865
140718,2023-03-09,NY63/2,130.93,0.6625835,6.4000006,15.341865
140719,2023-03-09,SU17/57,138.14,0.6625835,6.4000006,15.341865
140720,2023-03-09,SU01/5B,87.74,0.6625835,6.4000006,15.341865
140721,2023-03-09,SK00/41,130.07,0.6625835,6.4000006,15.341865
140722,2023-03-09,TR14/9,76.34,0.6625835,6.4000006,15.341865
140723,2023-03-09,TL44/12,42.785,0.6625835,6.4000006,15.341865
140724,2023-03-09,NH95/17,29.54,0.6625835,6.4000006,15.341865
140725,2023-03-09,SP00/62,101.36,0.6625835,6.4000006,15.341865
140726,2023-03-09,SY68/34,69.37,0.6625835,6.4000006,15.341865
140727,2023-03-09,SJ15/13,79.91,0.6625835,6.4000006,15.341865
140728,2023-03-09,TL33/4,78.07,0.6625835,6.4000006,15.341865
140729,2023-03-09,ST07/10,63.6333,0.6625835,6.4000006,15.341865
140730,2023-03-09,TQ25/86,97.34,0.6625835,6.4000006,15.341865
140731,2023-03-09,SU81/1,55.67,0.6625835,6.4000006,15.341865
140732,2023-03-09,TA10/63,17.75,0.6625835,6.4000006,15.341865
140733,2023-03-09,SU71/23,47.76,0.6625835,6.4000006,15.341865
140734,2023-03-09,SN00/11,9.5342,0.6625835,6.4000006,15.341865
140735,2023-03-09,SJ62/235,54.4264,0.6625835,6.4000006,15.341865
140736,2023-03-10,TF81/2A,42.79,0.7896667,3.9999998,11.598144
140737,2023-03-10,SU17/57,137.94,0.7896667,3.9999998,11.598144
140738,2023-03-10,SJ15/13,79.929,0.7896667,3.9999998,11.598144
140739,2023-03-10,ID30/1,114.14,0.7896667,3.9999998,11.598144
140740,2023-03-10,NH95/17,29.53,0.7896667,3.9999998,11.598144
140741,2023-03-10,SU01/5B,87.54,0.7896667,3.9999998,11.598144
140742,2023-03-10,NO20/14,36.85,0.7896667,3.9999998,11.598144
140743,2023-03-10,TL33/4,78.11,0.7896667,3.9999998,11.598144
140744,2023-03-10,SE95/6,22.17,0.7896667,3.9999998,11.598144
140745,2023-03-10,SK00/41,130.07,0.7896667,3.9999998,11.598144
140746,2023-03-10,TL44/12,42.738,0.7896667,3.9999998,11.598144
140747,2023-03-10,TR14/9,76.24,0.7896667,3.9999998,11.598144
140748,2023-03-10,SP00/62,101.42,0.7896667,3.9999998,11.598144
140749,2023-03-10,SY68/34,69.33,0.7896667,3.9999998,11.598144
140750,2023-03-10,TL33/67,80.24,0.7896667,3.9999998,11.598144
140751,2023-03-10,NY63/2,130.93,0.7896667,3.9999998,11.598144
140752,2023-03-10,TF03/37,16.75,0.7896667,3.9999998,11.598144
140753,2023-03-10,SE94/5,18.96,0.7896667,3.9999998,11.598144
140754,2023-03-10,ST07/10,67.9365,0.7896667,3.9999998,11.598144
140755,2023-03-10,SN00/11,9.554,0.7896667,3.9999998,11.598144
140756,2023-03-10,SJ62/235,54.4098,0.7896667,3.9999998,11.598144
140757,2023-03-10,SU71/23,47.45,0.7896667,3.9999998,11.598144
140758,2023-03-10,TA10/63,17.7,0.7896667,3.9999998,11.598144
140759,2023-03-10,SU81/1,55.37,0.7896667,3.9999998,11.598144
140760,2023-03-10,TQ25/86,97.32,0.7896667,3.9999998,11.598144
140761,2023-03-11,NH95/17,29.52,1.6792498,1.9,12.955978
140762,2023-03-11,TL33/67,80.3,1.6792498,1.9,12.955978
140763,2023-03-11,SE95/6,22.08,1.6792498,1.9,12.955978
140764,2023-03-11,NO20/14,36.83,1.6792498,1.9,12.955978
140765,2023-03-11,ID30/1,114.14,1.6792498,1.9,12.955978
140766,2023-03-11,SE94/5,18.91,1.6792498,1.9,12.955978
140767,2023-03-11,TL33/4,78.15,1.6792498,1.9,12.955978
140768,2023-03-11,TF81/2A,42.8,1.6792498,1.9,12.955978
140769,2023-03-11,SJ15/13,79.872,1.6792498,1.9,12.955978
140770,2023-03-11,SY68/34,69.29,1.6792498,1.9,12.955978
140771,2023-03-11,SU17/57,138.08,1.6792498,1.9,12.955978
140772,2023-03-11,TF03/37,16.55,1.6792498,1.9,12.955978
140773,2023-03-11,TR14/9,76.13,1.6792498,1.9,12.955978
140774,2023-03-11,SP00/62,101.48,1.6792498,1.9,12.955978
140775,2023-03-11,TL44/12,42.701,1.6792498,1.9,12.955978
140776,2023-03-11,SU01/5B,87.34,1.6792498,1.9,12.955978
140777,2023-03-11,SK00/41,130.04,1.6792498,1.9,12.955978
140778,2023-03-11,NY63/2,130.84,1.6792498,1.9,12.955978
140779,2023-03-11,SN00/11,9.6679,1.6792498,1.9,12.955978
140780,2023-03-11,SU81/1,55.05,1.6792498,1.9,12.955978
140781,2023-03-11,SU71/23,47.16,1.6792498,1.9,12.955978
140782,2023-03-11,ST07/10,69.8204,1.6792498,1.9,12.955978
140783,2023-03-11,SJ62/235,54.4232,1.6792498,1.9,12.955978
140784,2023-03-11,TQ25/86,97.31,1.6792498,1.9,12.955978
140785,2023-03-11,TA10/63,17.69,1.6792498,1.9,12.955978
140786,2023-03-12,SU17/57,137.92,7.643833,8.3,18.447672
140787,2023-03-12,SE95/6,22.01,7.643833,8.3,18.447672
140788,2023-03-12,NH95/17,29.54,7.643833,8.3,18.447672
140789,2023-03-12,TL44/12,42.754,7.643833,8.3,18.447672
140790,2023-03-12,SY68/34,69.24,7.643833,8.3,18.447672
140791,2023-03-12,NO20/14,36.88,7.643833,8.3,18.447672
140792,2023-03-12,TL33/4,78.18,7.643833,8.3,18.447672
140793,2023-03-12,SE94/5,18.88,7.643833,8.3,18.447672
140794,2023-03-12,NY63/2,130.88,7.643833,8.3,18.447672
140795,2023-03-12,TL33/67,80.41,7.643833,8.3,18.447672
140796,2023-03-12,SK00/41,130.06,7.643833,8.3,18.447672
140797,2023-03-12,TR14/9,76.06,7.643833,8.3,18.447672
140798,2023-03-12,TF81/2A,42.82,7.643833,8.3,18.447672
140799,2023-03-12,ID30/1,114.25,7.643833,8.3,18.447672
140800,2023-03-12,TF03/37,16.59,7.643833,8.3,18.447672
140801,2023-03-12,SU01/5B,87.16,7.643833,8.3,18.447672
140802,2023-03-12,SP00/62,101.52,7.643833,8.3,18.447672
140803,2023-03-12,SJ15/13,79.921,7.643833,8.3,18.447672
140804,2023-03-12,ST07/10,71.0682,7.643833,8.3,18.447672
140805,2023-03-12,SJ62/235,54.4432,7.643833,8.3,18.447672
140806,2023-03-12,SN00/11,9.913,7.643833,8.3,18.447672
140807,2023-03-12,TA10/63,17.71,7.643833,8.3,18.447672
140808,2023-03-12,SU71/23,46.89,7.643833,8.3,18.447672
140809,2023-03-12,TQ25/86,97.3,7.643833,8.3,18.447672
140810,2023-03-12,SU81/1,54.74,7.643833,8.3,18.447672
140811,2023-03-13,TF03/37,16.69,8.229251,21.000002,20.7846
140812,2023-03-13,ID30/1,114.69,8.229251,21.000002,20.7846
140813,2023-03-13,SJ15/13,80.035,8.229251,21.000002,20.7846
140814,2023-03-13,TL44/12,42.929,8.229251,21.000002,20.7846
140815,2023-03-13,NH95/17,29.59,8.229251,21.000002,20.7846
140816,2023-03-13,TL33/4,78.22,8.229251,21.000002,20.7846
140817,2023-03-13,NO20/14,36.93,8.229251,21.000002,20.7846
140818,2023-03-13,TR14/9,76.03,8.229251,21.000002,20.7846
140819,2023-03-13,TL33/67,80.48,8.229251,21.000002,20.7846
140820,2023-03-13,SY68/34,69.2,8.229251,21.000002,20.7846
140821,2023-03-13,SU01/5B,87.0,8.229251,21.000002,20.7846
140822,2023-03-13,NY63/2,130.94,8.229251,21.000002,20.7846
140823,2023-03-13,SP00/62,101.6,8.229251,21.000002,20.7846
140824,2023-03-13,SU17/57,137.7,8.229251,21.000002,20.7846
140825,2023-03-13,TF81/2A,42.83,8.229251,21.000002,20.7846
140826,2023-03-13,SE94/5,18.86,8.229251,21.000002,20.7846
140827,2023-03-13,SK00/41,130.05,8.229251,21.000002,20.7846
140828,2023-03-13,SE95/6,21.97,8.229251,21.000002,20.7846
140829,2023-03-13,SN00/11,10.5839,8.229251,21.000002,20.7846
140830,2023-03-13,TQ25/86,97.25,8.229251,21.000002,20.7846
140831,2023-03-13,SJ62/235,54.4448,8.229251,21.000002,20.7846
140832,2023-03-13,ST07/10,72.9829,8.229251,21.000002,20.7846
140833,2023-03-13,SU81/1,54.47,8.229251,21.000002,20.7846
140834,2023-03-13,SU71/23,46.63,8.229251,21.000002,20.7846
140835,2023-03-13,TA10/63,17.7,8.229251,21.000002,20.7846
140836,2023-03-13,TV59/7C,2.56,8.229251,21.000002,20.7846
140837,2023-03-14,TL33/67,80.31,1.5563337,9.700001,12.528282
140838,2023-03-14,SU17/57,137.52,1.5563337,9.700001,12.528282
140839,2023-03-14,SE95/6,21.89,1.5563337,9.700001,12.528282
140840,2023-03-14,SE94/5,18.78,1.5563337,9.700001,12.528282
140841,2023-03-14,SU01/5B,86.88,1.5563337,9.700001,12.528282
140842,2023-03-14,TL44/12,43.051,1.5563337,9.700001,12.528282
140843,2023-03-14,SJ15/13,80.07467,1.5563337,9.700001,12.528282
140844,2023-03-14,TL33/4,78.25,1.5563337,9.700001,12.528282
140845,2023-03-14,NH95/17,29.61,1.5563337,9.700001,12.528282
140846,2023-03-14,ID30/1,114.89,1.5563337,9.700001,12.528282
140847,2023-03-14,SY68/34,69.15,1.5563337,9.700001,12.528282
140848,2023-03-14,TF81/2A,42.8,1.5563337,9.700001,12.528282
140849,2023-03-14,NO20/14,36.89,1.5563337,9.700001,12.528282
140850,2023-03-14,NY63/2,130.91,1.5563337,9.700001,12.528282
140851,2023-03-14,TF03/37,16.72,1.5563337,9.700001,12.528282
140852,2023-03-14,SP00/62,101.72,1.5563337,9.700001,12.528282
140853,2023-03-14,TR14/9,75.94,1.5563337,9.700001,12.528282
140854,2023-03-14,SK00/41,130.03,1.5563337,9.700001,12.528282
140855,2023-03-14,SJ62/235,54.4325,1.5563337,9.700001,12.528282
140856,2023-03-14,ST07/10,73.4765,1.5563337,9.700001,12.528282
140857,2023-03-14,SN00/11,11.2974,1.5563337,9.700001,12.528282
140858,2023-03-14,SU81/1,54.16,1.5563337,9.700001,12.528282
140859,2023-03-14,SU71/23,46.35,1.5563337,9.700001,12.528282
140860,2023-03-14,TA10/63,17.63,1.5563337,9.700001,12.528282
140861,2023-03-14,TQ25/86,97.21,1.5563337,9.700001,12.528282
140862,2023-03-15,TR14/9,75.85,1.4438332,3.4,14.381987
140863,2023-03-15,SU01/5B,86.75,1.4438332,3.4,14.381987
140864,2023-03-15,SK00/41,130.01,1.4438332,3.4,14.381987
140865,2023-03-15,TF03/37,16.61,1.4438332,3.4,14.381987
140866,2023-03-15,SE95/6,21.8,1.4438332,3.4,14.381987
140867,2023-03-15,SP00/62,101.81,1.4438332,3.4,14.381987
140868,2023-03-15,SE94/5,18.76,1.4438332,3.4,14.381987
140869,2023-03-15,NO20/14,36.88,1.4438332,3.4,14.381987
140870,2023-03-15,NY63/2,130.79,1.4438332,3.4,14.381987
140871,2023-03-15,ID30/1,114.96,1.4438332,3.4,14.381987
140872,2023-03-15,TL33/4,78.28,1.4438332,3.4,14.381987
140873,2023-03-15,TL33/67,80.39,1.4438332,3.4,14.381987
140874,2023-03-15,NH95/17,29.61,1.4438332,3.4,14.381987
140875,2023-03-15,TF81/2A,42.8,1.4438332,3.4,14.381987
140876,2023-03-15,SY68/34,69.09,1.4438332,3.4,14.381987
140877,2023-03-15,TL44/12,43.197,1.4438332,3.4,14.381987
140878,2023-03-15,SU17/57,137.64,1.4438332,3.4,14.381987
140879,2023-03-15,SJ15/13,80.058,1.4438332,3.4,14.381987
140880,2023-03-15,SU71/23,46.09,1.4438332,3.4,14.381987
140881,2023-03-15,SJ62/235,54.4523,1.4438332,3.4,14.381987
140882,2023-03-15,ST07/10,73.5835,1.4438332,3.4,14.381987
140883,2023-03-15,SN00/11,11.7286,1.4438332,3.4,14.381987
140884,2023-03-15,TA10/63,17.62,1.4438332,3.4,14.381987
140885,2023-03-15,TQ25/86,97.2,1.4438332,3.4,14.381987
140886,2023-03-15,SU81/1,53.86,1.4438332,3.4,14.381987
140887,2023-03-16,SY68/34,69.04,9.135501,7.5999994,19.243462
140888,2023-03-16,SK00/41,130.0,9.135501,7.5999994,19.243462
140889,2023-03-16,SE94/5,18.73,9.135501,7.5999994,19.243462
140890,2023-03-16,SU17/57,137.48,9.135501,7.5999994,19.243462
140891,2023-03-16,NY63/2,130.86,9.135501,7.5999994,19.243462
140892,2023-03-16,NO20/14,36.95,9.135501,7.5999994,19.243462
140893,2023-03-16,TR14/9,75.8,9.135501,7.5999994,19.243462
140894,2023-03-16,TL33/4,78.31,9.135501,7.5999994,19.243462
140895,2023-03-16,TF03/37,16.69,9.135501,7.5999994,19.243462
140896,2023-03-16,SU01/5B,86.63,9.135501,7.5999994,19.243462
140897,2023-03-16,TL33/67,80.47,9.135501,7.5999994,19.243462
140898,2023-03-16,NH95/17,29.64,9.135501,7.5999994,19.243462
140899,2023-03-16,SE95/6,21.75,9.135501,7.5999994,19.243462
140900,2023-03-16,TF81/2A,42.81,9.135501,7.5999994,19.243462
140901,2023-03-16,SJ15/13,80.086,9.135501,7.5999994,19.243462
140902,2023-03-16,TL44/12,43.385,9.135501,7.5999994,19.243462
140903,2023-03-16,ID30/1,115.27,9.135501,7.5999994,19.243462
140904,2023-03-16,SP00/62,101.95,9.135501,7.5999994,19.243462
140905,2023-03-16,ST07/10,74.1713,9.135501,7.5999994,19.243462
140906,2023-03-16,SN00/11,12.3645,9.135501,7.5999994,19.243462
140907,2023-03-16,SJ62/235,54.4617,9.135501,7.5999994,19.243462
140908,2023-03-16,TA10/63,17.63,9.135501,7.5999994,19.243462
140909,2023-03-16,TQ25/86,97.18,9.135501,7.5999994,19.243462
140910,2023-03-16,SU81/1,53.59,9.135501,7.5999994,19.243462
140911,2023-03-16,SU71/23,45.84,9.135501,7.5999994,19.243462
140912,2023-03-17,NY63/2,130.87,9.572999,2.3999999,13.32807
140913,2023-03-17,SU01/5B,86.55,9.572999,2.3999999,13.32807
140914,2023-03-17,SU17/57,137.31,9.572999,2.3999999,13.32807
140915,2023-03-17,NH95/17,29.64,9.572999,2.3999999,13.32807
140916,2023-03-17,SY68/34,68.99,9.572999,2.3999999,13.32807
140917,2023-03-17,TL33/4,78.35,9.572999,2.3999999,13.32807
140918,2023-03-17,SE95/6,21.71,9.572999,2.3999999,13.32807
140919,2023-03-17,TF81/2A,42.81,9.572999,2.3999999,13.32807
140920,2023-03-17,SK00/41,130.0,9.572999,2.3999999,13.32807
140921,2023-03-17,ID30/1,115.82,9.572999,2.3999999,13.32807
140922,2023-03-17,TL33/67,80.49,9.572999,2.3999999,13.32807
140923,2023-03-17,TR14/9,75.73,9.572999,2.3999999,13.32807
140924,2023-03-17,SJ15/13,80.095,9.572999,2.3999999,13.32807
140925,2023-03-17,TL44/12,43.548,9.572999,2.3999999,13.32807
140926,2023-03-17,SP00/62,102.12,9.572999,2.3999999,13.32807
140927,2023-03-17,NO20/14,36.95,9.572999,2.3999999,13.32807
140928,2023-03-17,TF03/37,16.74,9.572999,2.3999999,13.32807
140929,2023-03-17,SE94/5,18.71,9.572999,2.3999999,13.32807
140930,2023-03-17,SJ62/235,54.4637,9.572999,2.3999999,13.32807
140931,2023-03-17,SU71/23,45.6,9.572999,2.3999999,13.32807
140932,2023-03-17,SU81/1,53.33,9.572999,2.3999999,13.32807
140933,2023-03-17,SN00/11,12.7411,9.572999,2.3999999,13.32807
140934,2023-03-17,TA10/63,17.6,9.572999,2.3999999,13.32807
140935,2023-03-17,TQ25/86,97.15,9.572999,2.3999999,13.32807
140936,2023-03-17,ST07/10,74.8735,9.572999,2.3999999,13.32807
140937,2023-03-18,SY68/34,68.93,9.212584,3.8000002,11.43174
140938,2023-03-18,NH95/17,29.64,9.212584,3.8000002,11.43174
140939,2023-03-18,TL33/4,78.38,9.212584,3.8000002,11.43174
140940,2023-03-18,TF81/2A,42.81,9.212584,3.8000002,11.43174
140941,2023-03-18,TL33/67,80.51,9.212584,3.8000002,11.43174
140942,2023-03-18,SE95/6,21.65,9.212584,3.8000002,11.43174
140943,2023-03-18,TL44/12,43.676,9.212584,3.8000002,11.43174
140944,2023-03-18,ID30/1,115.99,9.212584,3.8000002,11.43174
140945,2023-03-18,TF03/37,16.74,9.212584,3.8000002,11.43174
140946,2023-03-18,SU01/5B,86.48,9.212584,3.8000002,11.43174
140947,2023-03-18,SJ15/13,80.072,9.212584,3.8000002,11.43174
140948,2023-03-18,NY63/2,130.84,9.212584,3.8000002,11.43174
140949,2023-03-18,SP00/62,102.28,9.212584,3.8000002,11.43174
140950,2023-03-18,SK00/41,129.98,9.212584,3.8000002,11.43174
140951,2023-03-18,NO20/14,36.94,9.212584,3.8000002,11.43174
140952,2023-03-18,TR14/9,75.66,9.212584,3.8000002,11.43174
140953,2023-03-18,SE94/5,18.67,9.212584,3.8000002,11.43174
140954,2023-03-18,SU17/57,137.2,9.212584,3.8000002,11.43174
140955,2023-03-18,TQ25/86,97.11,9.212584,3.8000002,11.43174
140956,2023-03-18,ST07/10,74.9015,9.212584,3.8000002,11.43174
140957,2023-03-18,SU81/1,53.08,9.212584,3.8000002,11.43174
140958,2023-03-18,TA10/63,17.58,9.212584,3.8000002,11.43174
140959,2023-03-18,SU71/23,45.35,9.212584,3.8000002,11.43174
140960,2023-03-18,SN00/11,12.7637,9.212584,3.8000002,11.43174
140961,2023-03-18,SJ62/235,54.4609,9.212584,3.8000002,11.43174
140962,2023-03-19,TR14/9,75.58,6.820917,1.1,11.55442
140963,2023-03-19,SU01/5B,86.42,6.820917,1.1,11.55442
140964,2023-03-19,ID30/1,115.94,6.820917,1.1,11.55442
140965,2023-03-19,NH95/17,29.63,6.820917,1.1,11.55442
140966,2023-03-19,TL44/12,43.755,6.820917,1.1,11.55442
140967,2023-03-19,TL33/4,78.41,6.820917,1.1,11.55442
140968,2023-03-19,SK00/41,129.96,6.820917,1.1,11.55442
140969,2023-03-19,TF81/2A,42.81,6.820917,1.1,11.55442
140970,2023-03-19,SU17/57,137.16,6.820917,1.1,11.55442
140971,2023-03-19,SE95/6,21.59,6.820917,1.1,11.55442
140972,2023-03-19,NO20/14,36.94,6.820917,1.1,11.55442
140973,2023-03-19,SY68/34,68.88,6.820917,1.1,11.55442
140974,2023-03-19,TF03/37,16.77,6.820917,1.1,11.55442
140975,2023-03-19,NY63/2,130.81,6.820917,1.1,11.55442
140976,2023-03-19,SJ15/13,80.023,6.820917,1.1,11.55442
140977,2023-03-19,TL33/67,80.5,6.820917,1.1,11.55442
140978,2023-03-19,SP00/62,102.42,6.820917,1.1,11.55442
140979,2023-03-19,SE94/5,18.63,6.820917,1.1,11.55442
140980,2023-03-19,ST07/10,74.7892,6.820917,1.1,11.55442
140981,2023-03-19,SJ62/235,54.4627,6.820917,1.1,11.55442
140982,2023-03-19,SU81/1,52.84,6.820917,1.1,11.55442
140983,2023-03-19,TQ25/86,97.09,6.820917,1.1,11.55442
140984,2023-03-19,TA10/63,17.55,6.820917,1.1,11.55442
140985,2023-03-19,SN00/11,12.6676,6.820917,1.1,11.55442
140986,2023-03-19,SU71/23,45.12,6.820917,1.1,11.55442
140987,2023-03-20,SU17/57,137.12,8.875085,2.1000001,13.638344
140988,2023-03-20,ID30/1,115.96,8.875085,2.1000001,13.638344
140989,2023-03-20,SY68/34,68.82,8.875085,2.1000001,13.638344
140990,2023-03-20,SK00/41,129.95,8.875085,2.1000001,13.638344
140991,2023-03-20,SE94/5,18.59,8.875085,2.1000001,13.638344
140992,2023-03-20,NH95/17,29.63,8.875085,2.1000001,13.638344
140993,2023-03-20,SU01/5B,86.38,8.875085,2.1000001,13.638344
140994,2023-03-20,SP00/62,102.52,8.875085,2.1000001,13.638344
140995,2023-03-20,TL33/67,80.58,8.875085,2.1000001,13.638344
140996,2023-03-20,SE95/6,21.54,8.875085,2.1000001,13.638344
140997,2023-03-20,TL44/12,43.847,8.875085,2.1000001,13.638344
140998,2023-03-20,TF03/37,16.8,8.875085,2.1000001,13.638344
140999,2023-03-20,NY63/2,130.79,8.875085,2.1000001,13.638344
141000,2023-03-20,TR14/9,75.5,8.875085,2.1000001,13.638344
141001,2023-03-20,NO20/14,36.96,8.875085,2.1000001,13.638344
141002,2023-03-20,TF81/2A,42.82,8.875085,2.1000001,13.638344
141003,2023-03-20,TL33/4,78.44,8.875085,2.1000001,13.638344
141004,2023-03-20,SJ15/13,80.01,8.875085,2.1000001,13.638344
141005,2023-03-20,SJ62/235,54.4731,8.875085,2.1000001,13.638344
141006,2023-03-20,SN00/11,12.599,8.875085,2.1000001,13.638344
141007,2023-03-20,ST07/10,74.4749,8.875085,2.1000001,13.638344
141008,2023-03-20,SU71/23,44.9,8.875085,2.1000001,13.638344
141009,2023-03-20,TA10/63,17.55,8.875085,2.1000001,13.638344
141010,2023-03-20,TQ25/86,97.08,8.875085,2.1000001,13.638344
141011,2023-03-20,SU81/1,52.62,8.875085,2.1000001,13.638344
141012,2023-03-20,TM15/112,25.21,8.875085,2.1000001,13.638344
141013,2023-03-21,NH95/17,29.66,9.731334,16.1,20.060884
141014,2023-03-21,SY68/34,68.77,9.731334,16.1,20.060884
141015,2023-03-21,NY63/2,130.82,9.731334,16.1,20.060884
141016,2023-03-21,SK00/41,129.95,9.731334,16.1,20.060884
141017,2023-03-21,TL33/4,78.48,9.731334,16.1,20.060884
141018,2023-03-21,TF03/37,16.95,9.731334,16.1,20.060884
141019,2023-03-21,TR14/9,75.45,9.731334,16.1,20.060884
141020,2023-03-21,TF81/2A,42.83,9.731334,16.1,20.060884
141021,2023-03-21,NO20/14,37.0,9.731334,16.1,20.060884
141022,2023-03-21,SE95/6,21.51,9.731334,16.1,20.060884
141023,2023-03-21,SE94/5,18.5,9.731334,16.1,20.060884
141024,2023-03-21,SJ15/13,80.014,9.731334,16.1,20.060884
141025,2023-03-21,SU01/5B,86.37,9.731334,16.1,20.060884
141026,2023-03-21,SU17/57,136.96,9.731334,16.1,20.060884
141027,2023-03-21,SP00/62,102.59,9.731334,16.1,20.060884
141028,2023-03-21,TL33/67,80.69,9.731334,16.1,20.060884
141029,2023-03-21,ID30/1,115.94,9.731334,16.1,20.060884
141030,2023-03-21,TL44/12,43.953,9.731334,16.1,20.060884
141031,2023-03-21,SU81/1,52.45,9.731334,16.1,20.060884
141032,2023-03-21,ST07/10,74.658,9.731334,16.1,20.060884
141033,2023-03-21,SJ62/235,54.4832,9.731334,16.1,20.060884
141034,2023-03-21,SN00/11,12.7006,9.731334,16.1,20.060884
141035,2023-03-21,TQ25/86,97.07,9.731334,16.1,20.060884
141036,2023-03-21,TA10/63,17.55,9.731334,16.1,20.060884
141037,2023-03-21,SU71/23,44.7,9.731334,16.1,20.060884
141038,2023-03-22,TF03/37,17.1,8.5855,21.300001,25.97304
141039,2023-03-22,SE95/6,21.5,8.5855,21.300001,25.97304
141040,2023-03-22,SY68/34,68.73,8.5855,21.300001,25.97304
141041,2023-03-22,SE94/5,18.55,8.5855,21.300001,25.97304
141042,2023-03-22,NY63/2,130.88,8.5855,21.300001,25.97304
141043,2023-03-22,NO20/14,37.04,8.5855,21.300001,25.97304
141044,2023-03-22,TF81/2A,42.84,8.5855,21.300001,25.97304
141045,2023-03-22,ID30/1,116.07,8.5855,21.300001,25.97304
141046,2023-03-22,SU17/57,136.77,8.5855,21.300001,25.97304
141047,2023-03-22,SK00/41,129.95,8.5855,21.300001,25.97304
141048,2023-03-22,TL33/4,78.51,8.5855,21.300001,25.97304
141049,2023-03-22,SJ15/13,80.058,8.5855,21.300001,25.97304
141050,2023-03-22,NH95/17,29.68,8.5855,21.300001,25.97304
141051,2023-03-22,SU01/5B,86.47,8.5855,21.300001,25.97304
141052,2023-03-22,TL33/67,80.78,8.5855,21.300001,25.97304
141053,2023-03-22,TR14/9,75.4,8.5855,21.300001,25.97304
141054,2023-03-22,TL44/12,44.055,8.5855,21.300001,25.97304
141055,2023-03-22,SP00/62,102.66,8.5855,21.300001,25.97304
141056,2023-03-22,SU81/1,52.31,8.5855,21.300001,25.97304
141057,2023-03-22,SN00/11,13.0597,8.5855,21.300001,25.97304
141058,2023-03-22,ST07/10,76.9992,8.5855,21.300001,25.97304
141059,2023-03-22,SJ62/235,54.4878,8.5855,21.300001,25.97304
141060,2023-03-22,SU71/23,44.51,8.5855,21.300001,25.97304
141061,2023-03-22,TQ25/86,97.05,8.5855,21.300001,25.97304
141062,2023-03-22,TA10/63,17.54,8.5855,21.300001,25.97304
141063,2023-03-23,NY63/2,130.9,7.777168,15.900001,19.431196
141064,2023-03-23,TL33/67,80.82,7.777168,15.900001,19.431196
141065,2023-03-23,TF03/37,17.1,7.777168,15.900001,19.431196
141066,2023-03-23,SU01/5B,86.71,7.777168,15.900001,19.431196
141067,2023-03-23,ID30/1,116.26,7.777168,15.900001,19.431196
141068,2023-03-23,NO20/14,37.03,7.777168,15.900001,19.431196
141069,2023-03-23,SY68/34,68.71,7.777168,15.900001,19.431196
141070,2023-03-23,NH95/17,29.67,7.777168,15.900001,19.431196
141071,2023-03-23,TL44/12,44.133,7.777168,15.900001,19.431196
141072,2023-03-23,TF81/2A,42.84,7.777168,15.900001,19.431196
141073,2023-03-23,SE95/6,21.5,7.777168,15.900001,19.431196
141074,2023-03-23,SP00/62,102.75,7.777168,15.900001,19.431196
141075,2023-03-23,TL33/4,78.55,7.777168,15.900001,19.431196
141076,2023-03-23,SE94/5,18.55,7.777168,15.900001,19.431196
141077,2023-03-23,SU17/57,136.63,7.777168,15.900001,19.431196
141078,2023-03-23,SJ15/13,80.064,7.777168,15.900001,19.431196
141079,2023-03-23,TR14/9,75.39,7.777168,15.900001,19.431196
141080,2023-03-23,SK00/41,129.94,7.777168,15.900001,19.431196
141081,2023-03-23,TQ25/86,97.03,7.777168,15.900001,19.431196
141082,2023-03-23,SU81/1,52.22,7.777168,15.900001,19.431196
141083,2023-03-23,TA10/63,17.52,7.777168,15.900001,19.431196
141084,2023-03-23,SJ62/235,54.4896,7.777168,15.900001,19.431196
141085,2023-03-23,ST07/10,77.5573,7.777168,15.900001,19.431196
141086,2023-03-23,SU71/23,44.33,7.777168,15.900001,19.431196
141087,2023-03-23,SN00/11,13.1882,7.777168,15.900001,19.431196
141088,2023-03-24,TL33/67,80.84,7.5209165,12.099999,19.844606
141089,2023-03-24,SK00/41,129.94,7.5209165,12.099999,19.844606
141090,2023-03-24,SJ15/13,80.058,7.5209165,12.099999,19.844606
141091,2023-03-24,TL33/4,78.58,7.5209165,12.099999,19.844606
141092,2023-03-24,SE94/5,18.53,7.5209165,12.099999,19.844606
141093,2023-03-24,SY68/34,68.69,7.5209165,12.099999,19.844606
141094,2023-03-24,SU01/5B,87.06,7.5209165,12.099999,19.844606
141095,2023-03-24,NO20/14,37.02,7.5209165,12.099999,19.844606
141096,2023-03-24,SP00/62,102.87,7.5209165,12.099999,19.844606
141097,2023-03-24,SE95/6,21.48,7.5209165,12.099999,19.844606
141098,2023-03-24,TF81/2A,42.83,7.5209165,12.099999,19.844606
141099,2023-03-24,ID30/1,116.33,7.5209165,12.099999,19.844606
141100,2023-03-24,TF03/37,17.11,7.5209165,12.099999,19.844606
141101,2023-03-24,NY63/2,130.9,7.5209165,12.099999,19.844606
141102,2023-03-24,TR14/9,75.33,7.5209165,12.099999,19.844606
141103,2023-03-24,TL44/12,44.186,7.5209165,12.099999,19.844606
141104,2023-03-24,SU17/57,136.55,7.5209165,12.099999,19.844606
141105,2023-03-24,NH95/17,29.67,7.5209165,12.099999,19.844606
141106,2023-03-24,ST07/10,77.144,7.5209165,12.099999,19.844606
141107,2023-03-24,TQ25/86,97.0,7.5209165,12.099999,19.844606
141108,2023-03-24,SU81/1,52.2,7.5209165,12.099999,19.844606
141109,2023-03-24,SU71/23,44.17,7.5209165,12.099999,19.844606
141110,2023-03-24,SN00/11,13.1319,7.5209165,12.099999,19.844606
141111,2023-03-24,SJ62/235,54.4892,7.5209165,12.099999,19.844606
141112,2023-03-24,TA10/63,17.5,7.5209165,12.099999,19.844606
141113,2023-03-25,TF81/2A,42.83,6.902167,10.100001,11.709045
141114,2023-03-25,NH95/17,29.64,6.902167,10.100001,11.709045
141115,2023-03-25,SP00/62,102.98,6.902167,10.100001,11.709045
141116,2023-03-25,SE95/6,21.5,6.902167,10.100001,11.709045
141117,2023-03-25,ID30/1,116.46,6.902167,10.100001,11.709045
141118,2023-03-25,TL33/4,78.62,6.902167,10.100001,11.709045
141119,2023-03-25,SY68/34,68.68,6.902167,10.100001,11.709045
141120,2023-03-25,TL33/67,80.86,6.902167,10.100001,11.709045
141121,2023-03-25,SK00/41,129.92,6.902167,10.100001,11.709045
141122,2023-03-25,TF03/37,17.11,6.902167,10.100001,11.709045
141123,2023-03-25,SJ15/13,80.034,6.902167,10.100001,11.709045
141124,2023-03-25,TL44/12,44.215,6.902167,10.100001,11.709045
141125,2023-03-25,SU17/57,136.55,6.902167,10.100001,11.709045
141126,2023-03-25,NO20/14,36.97,6.902167,10.100001,11.709045
141127,2023-03-25,SU01/5B,87.51,6.902167,10.100001,11.709045
141128,2023-03-25,TR14/9,75.26,6.902167,10.100001,11.709045
141129,2023-03-25,SE94/5,18.5,6.902167,10.100001,11.709045
141130,2023-03-25,NY63/2,130.9,6.902167,10.100001,11.709045
141131,2023-03-25,TA10/63,17.46,6.902167,10.100001,11.709045
141132,2023-03-25,ST07/10,76.5509,6.902167,10.100001,11.709045
141133,2023-03-25,SJ62/235,54.485,6.902167,10.100001,11.709045
141134,2023-03-25,SN00/11,13.0239,6.902167,10.100001,11.709045
141135,2023-03-25,SU71/23,44.06,6.902167,10.100001,11.709045
141136,2023-03-25,TQ25/86,96.97,6.902167,10.100001,11.709045
141137,2023-03-25,SU81/1,52.33,6.902167,10.100001,11.709045
141138,2023-03-26,TL44/12,44.229,4.49175,0.9,11.4466505
141139,2023-03-26,SE95/6,21.48,4.49175,0.9,11.4466505
141140,2023-03-26,TL33/4,78.66,4.49175,0.9,11.4466505
141141,2023-03-26,TR14/9,75.25,4.49175,0.9,11.4466505
141142,2023-03-26,SE94/5,18.46,4.49175,0.9,11.4466505
141143,2023-03-26,SJ15/13,79.999,4.49175,0.9,11.4466505
141144,2023-03-26,SU17/57,136.61,4.49175,0.9,11.4466505
141145,2023-03-26,SP00/62,103.02,4.49175,0.9,11.4466505
141146,2023-03-26,TF03/37,17.11,4.49175,0.9,11.4466505
141147,2023-03-26,TL33/67,80.81,4.49175,0.9,11.4466505
141148,2023-03-26,NH95/17,29.62,4.49175,0.9,11.4466505
141149,2023-03-26,ID30/1,116.6,4.49175,0.9,11.4466505
141150,2023-03-26,SY68/34,68.67,4.49175,0.9,11.4466505
141151,2023-03-26,TF81/2A,42.83,4.49175,0.9,11.4466505
141152,2023-03-26,NY63/2,130.86,4.49175,0.9,11.4466505
141153,2023-03-26,SU01/5B,87.94,4.49175,0.9,11.4466505
141154,2023-03-26,NO20/14,36.93,4.49175,0.9,11.4466505
141155,2023-03-26,SK00/41,129.91,4.49175,0.9,11.4466505
141156,2023-03-26,SN00/11,12.9055,4.49175,0.9,11.4466505
141157,2023-03-26,TA10/63,17.42,4.49175,0.9,11.4466505
141158,2023-03-26,ST07/10,77.4844,4.49175,0.9,11.4466505
141159,2023-03-26,SJ62/235,54.4737,4.49175,0.9,11.4466505
141160,2023-03-26,TQ25/86,96.94,4.49175,0.9,11.4466505
141161,2023-03-26,SU71/23,43.98,4.49175,0.9,11.4466505
141162,2023-03-26,SU81/1,52.59,4.49175,0.9,11.4466505
141163,2023-03-27,TF03/37,17.06,3.1500828,0.0,6.078642
141164,2023-03-27,TL44/12,44.224,3.1500828,0.0,6.078642
141165,2023-03-27,ID30/1,116.59,3.1500828,0.0,6.078642
141166,2023-03-27,SE95/6,21.47,3.1500828,0.0,6.078642
141167,2023-03-27,TL33/4,78.69,3.1500828,0.0,6.078642
141168,2023-03-27,SP00/62,103.03,3.1500828,0.0,6.078642
141169,2023-03-27,TF81/2A,42.83,3.1500828,0.0,6.078642
141170,2023-03-27,SE94/5,18.41,3.1500828,0.0,6.078642
141171,2023-03-27,TL33/67,80.86,3.1500828,0.0,6.078642
141172,2023-03-27,SY68/34,68.67,3.1500828,0.0,6.078642
141173,2023-03-27,TR14/9,75.21,3.1500828,0.0,6.078642
141174,2023-03-27,NH95/17,29.61,3.1500828,0.0,6.078642
141175,2023-03-27,NY63/2,130.81,3.1500828,0.0,6.078642
141176,2023-03-27,SU17/57,136.84,3.1500828,0.0,6.078642
141177,2023-03-27,NO20/14,36.91,3.1500828,0.0,6.078642
141178,2023-03-27,SJ15/13,79.927,3.1500828,0.0,6.078642
141179,2023-03-27,SK00/41,129.89,3.1500828,0.0,6.078642
141180,2023-03-27,SU01/5B,88.38,3.1500828,0.0,6.078642
141181,2023-03-27,TA10/63,17.39,3.1500828,0.0,6.078642
141182,2023-03-27,SN00/11,12.7997,3.1500828,0.0,6.078642
141183,2023-03-27,ST07/10,77.8345,3.1500828,0.0,6.078642
141184,2023-03-27,SU71/23,43.98,3.1500828,0.0,6.078642
141185,2023-03-27,SJ62/235,54.478,3.1500828,0.0,6.078642
141186,2023-03-27,TQ25/86,96.94,3.1500828,0.0,6.078642
141187,2023-03-27,SU81/1,52.86,3.1500828,0.0,6.078642
141188,2023-03-28,NH95/17,29.64,6.2063327,3.1000004,16.18253
141189,2023-03-28,TR14/9,75.21,6.2063327,3.1000004,16.18253
141190,2023-03-28,TF03/37,17.12,6.2063327,3.1000004,16.18253
141191,2023-03-28,NO20/14,36.96,6.2063327,3.1000004,16.18253
141192,2023-03-28,SP00/62,103.05,6.2063327,3.1000004,16.18253
141193,2023-03-28,NY63/2,130.84,6.2063327,3.1000004,16.18253
141194,2023-03-28,TL33/67,81.0,6.2063327,3.1000004,16.18253
141195,2023-03-28,SE94/5,18.36,6.2063327,3.1000004,16.18253
141196,2023-03-28,SU01/5B,88.9,6.2063327,3.1000004,16.18253
141197,2023-03-28,TL33/4,78.73,6.2063327,3.1000004,16.18253
141198,2023-03-28,SE95/6,21.48,6.2063327,3.1000004,16.18253
141199,2023-03-28,TL44/12,44.298,6.2063327,3.1000004,16.18253
141200,2023-03-28,ID30/1,116.6,6.2063327,3.1000004,16.18253
141201,2023-03-28,TF81/2A,42.83,6.2063327,3.1000004,16.18253
141202,2023-03-28,SJ15/13,79.929,6.2063327,3.1000004,16.18253
141203,2023-03-28,SU17/57,136.87,6.2063327,3.1000004,16.18253
141204,2023-03-28,SY68/34,68.69,6.2063327,3.1000004,16.18253
141205,2023-03-28,SK00/41,129.89,6.2063327,3.1000004,16.18253
141206,2023-03-28,TA10/63,17.41,6.2063327,3.1000004,16.18253
141207,2023-03-28,SN00/11,12.735,6.2063327,3.1000004,16.18253
141208,2023-03-28,SU81/1,53.27,6.2063327,3.1000004,16.18253
141209,2023-03-28,SJ62/235,54.4892,6.2063327,3.1000004,16.18253
141210,2023-03-28,TQ25/86,96.94,6.2063327,3.1000004,16.18253
141211,2023-03-28,SU71/23,44.11,6.2063327,3.1000004,16.18253
141212,2023-03-28,ST07/10,77.4113,6.2063327,3.1000004,16.18253
141213,2023-03-29,SJ15/13,79.975,10.2542515,7.7999997,16.999525
141214,2023-03-29,NY63/2,130.9,10.2542515,7.7999997,16.999525
141215,2023-03-29,NO20/14,36.99,10.2542515,7.7999997,16.999525
141216,2023-03-29,SE94/5,18.3,10.2542515,7.7999997,16.999525
141217,2023-03-29,TL44/12,44.395,10.2542515,7.7999997,16.999525
141218,2023-03-29,TR14/9,75.21,10.2542515,7.7999997,16.999525
141219,2023-03-29,SU01/5B,89.88,10.2542515,7.7999997,16.999525
141220,2023-03-29,TF03/37,17.23,10.2542515,7.7999997,16.999525
141221,2023-03-29,NH95/17,29.66,10.2542515,7.7999997,16.999525
141222,2023-03-29,TL33/67,81.12,10.2542515,7.7999997,16.999525
141223,2023-03-29,TL33/4,78.77,10.2542515,7.7999997,16.999525
141224,2023-03-29,SK00/41,129.88,10.2542515,7.7999997,16.999525
141225,2023-03-29,SU17/57,136.84,10.2542515,7.7999997,16.999525
141226,2023-03-29,ID30/1,116.54,10.2542515,7.7999997,16.999525
141227,2023-03-29,TF81/2A,42.83,10.2542515,7.7999997,16.999525
141228,2023-03-29,SY68/34,68.71,10.2542515,7.7999997,16.999525
141229,2023-03-29,SE95/6,21.51,10.2542515,7.7999997,16.999525
141230,2023-03-29,SP00/62,103.03,10.2542515,7.7999997,16.999525
141231,2023-03-29,ST07/10,77.4343,10.2542515,7.7999997,16.999525
141232,2023-03-29,SJ62/235,54.494,10.2542515,7.7999997,16.999525
141233,2023-03-29,SU71/23,44.29,10.2542515,7.7999997,16.999525
141234,2023-03-29,SU81/1,53.85,10.2542515,7.7999997,16.999525
141235,2023-03-29,TA10/63,17.42,10.2542515,7.7999997,16.999525
141236,2023-03-29,TQ25/86,96.94,10.2542515,7.7999997,16.999525
141237,2023-03-29,SN00/11,12.694,10.2542515,7.7999997,16.999525
141238,2023-03-30,SJ15/13,80.011,10.248,7.4999995,12.387666
141239,2023-03-30,NH95/17,29.67,10.248,7.4999995,12.387666
141240,2023-03-30,SK00/41,129.88,10.248,7.4999995,12.387666
141241,2023-03-30,ID30/1,116.42,10.248,7.4999995,12.387666
141242,2023-03-30,SP00/62,103.04,10.248,7.4999995,12.387666
141243,2023-03-30,TF03/37,17.32,10.248,7.4999995,12.387666
141244,2023-03-30,SU17/57,136.82,10.248,7.4999995,12.387666
141245,2023-03-30,SU01/5B,91.28,10.248,7.4999995,12.387666
141246,2023-03-30,TR14/9,75.21,10.248,7.4999995,12.387666
141247,2023-03-30,TF81/2A,42.83,10.248,7.4999995,12.387666
141248,2023-03-30,TL33/4,78.81,10.248,7.4999995,12.387666
141249,2023-03-30,SE95/6,21.55,10.248,7.4999995,12.387666
141250,2023-03-30,SY68/34,68.75,10.248,7.4999995,12.387666
141251,2023-03-30,NO20/14,37.0,10.248,7.4999995,12.387666
141252,2023-03-30,NY63/2,130.95,10.248,7.4999995,12.387666
141253,2023-03-30,TL44/12,44.462,10.248,7.4999995,12.387666
141254,2023-03-30,SE94/5,18.34,10.248,7.4999995,12.387666
141255,2023-03-30,TL33/67,81.2,10.248,7.4999995,12.387666
141256,2023-03-30,TQ25/86,96.98,10.248,7.4999995,12.387666
141257,2023-03-30,SU81/1,54.5,10.248,7.4999995,12.387666
141258,2023-03-30,SU71/23,44.57,10.248,7.4999995,12.387666
141259,2023-03-30,ST07/10,79.2436,10.248,7.4999995,12.387666
141260,2023-03-30,TA10/63,17.39,10.248,7.4999995,12.387666
141261,2023-03-30,SN00/11,12.766,10.248,7.4999995,12.387666
141262,2023-03-30,SJ62/235,54.4993,10.248,7.4999995,12.387666
141263,2023-03-31,TL33/67,81.22,9.275084,0.1,13.171701
141264,2023-03-31,SU01/5B,92.58,9.275084,0.1,13.171701
141265,2023-03-31,SU17/57,136.83,9.275084,0.1,13.171701
141266,2023-03-31,TL44/12,44.554,9.275084,0.1,13.171701
141267,2023-03-31,SJ15/13,80.037,9.275084,0.1,13.171701
141268,2023-03-31,TF03/37,17.36,9.275084,0.1,13.171701
141269,2023-03-31,NH95/17,29.66,9.275084,0.1,13.171701
141270,2023-03-31,ID30/1,116.3,9.275084,0.1,13.171701
141271,2023-03-31,SE94/5,18.33,9.275084,0.1,13.171701
141272,2023-03-31,SK00/41,129.87,9.275084,0.1,13.171701
141273,2023-03-31,TF81/2A,42.83,9.275084,0.1,13.171701
141274,2023-03-31,NY63/2,130.95,9.275084,0.1,13.171701
141275,2023-03-31,SE95/6,21.58,9.275084,0.1,13.171701
141276,2023-03-31,SY68/34,68.81,9.275084,0.1,13.171701
141277,2023-03-31,SP00/62,103.07,9.275084,0.1,13.171701
141278,2023-03-31,TL33/4,78.87,9.275084,0.1,13.171701
141279,2023-03-31,NO20/14,36.98,9.275084,0.1,13.171701
141280,2023-03-31,TR14/9,75.27,9.275084,0.1,13.171701
141281,2023-03-31,SN00/11,13.0333,9.275084,0.1,13.171701
141282,2023-03-31,SU81/1,55.39,9.275084,0.1,13.171701
141283,2023-03-31,TA10/63,17.37,9.275084,0.1,13.171701
141284,2023-03-31,ST07/10,80.1237,9.275084,0.1,13.171701
141285,2023-03-31,TQ25/86,97.06,9.275084,0.1,13.171701
141286,2023-03-31,SU71/23,45.37,9.275084,0.1,13.171701
141287,2023-03-31,SJ62/235,54.4888,9.275084,0.1,13.171701
141288,2023-04-01,TF03/37,17.34,6.6584167,0.0,10.619636
141289,2023-04-01,SE94/5,18.3,6.6584167,0.0,10.619636
141290,2023-04-01,TF81/2A,42.83,6.6584167,0.0,10.619636
141291,2023-04-01,TL33/4,78.91,6.6584167,0.0,10.619636
141292,2023-04-01,SK00/41,129.85,6.6584167,0.0,10.619636
141293,2023-04-01,TL44/12,44.64,6.6584167,0.0,10.619636
141294,2023-04-01,ID30/1,116.15,6.6584167,0.0,10.619636
141295,2023-04-01,NY63/2,130.89,6.6584167,0.0,10.619636
141296,2023-04-01,TL33/67,81.14,6.6584167,0.0,10.619636
141297,2023-04-01,NH95/17,29.61,6.6584167,0.0,10.619636
141298,2023-04-01,SJ15/13,80.01,6.6584167,0.0,10.619636
141299,2023-04-01,SP00/62,103.22,6.6584167,0.0,10.619636
141300,2023-04-01,SE95/6,21.61,6.6584167,0.0,10.619636
141301,2023-04-01,SU17/57,137.12,6.6584167,0.0,10.619636
141302,2023-04-01,SU01/5B,93.56,6.6584167,0.0,10.619636
141303,2023-04-01,NO20/14,36.91,6.6584167,0.0,10.619636
141304,2023-04-01,TR14/9,75.27,6.6584167,0.0,10.619636
141305,2023-04-01,SY68/34,68.86,6.6584167,0.0,10.619636
141306,2023-04-01,TQ25/86,97.11,6.6584167,0.0,10.619636
141307,2023-04-01,ST07/10,81.0862,6.6584167,0.0,10.619636
141308,2023-04-01,SN00/11,13.3458,6.6584167,0.0,10.619636
141309,2023-04-01,SU81/1,57.29,6.6584167,0.0,10.619636
141310,2023-04-01,SU71/23,47.29,6.6584167,0.0,10.619636
141311,2023-04-01,SJ62/235,54.48,6.6584167,0.0,10.619636
141312,2023-04-01,TA10/63,17.36,6.6584167,0.0,10.619636
141313,2023-04-02,TL33/4,78.94,7.402168,0.5,6.5712714
141314,2023-04-02,NH95/17,29.59,7.402168,0.5,6.5712714
141315,2023-04-02,NO20/14,36.87,7.402168,0.5,6.5712714
141316,2023-04-02,TL33/67,81.13,7.402168,0.5,6.5712714
141317,2023-04-02,SU01/5B,95.14,7.402168,0.5,6.5712714
141318,2023-04-02,SK00/41,129.83,7.402168,0.5,6.5712714
141319,2023-04-02,SY68/34,68.91,7.402168,0.5,6.5712714
141320,2023-04-02,TF81/2A,42.83,7.402168,0.5,6.5712714
141321,2023-04-02,NY63/2,130.81,7.402168,0.5,6.5712714
141322,2023-04-02,SE95/6,21.63,7.402168,0.5,6.5712714
141323,2023-04-02,TR14/9,75.29,7.402168,0.5,6.5712714
141324,2023-04-02,SJ15/13,79.944,7.402168,0.5,6.5712714
141325,2023-04-02,SU17/57,137.76,7.402168,0.5,6.5712714
141326,2023-04-02,ID30/1,115.99,7.402168,0.5,6.5712714
141327,2023-04-02,SP00/62,103.37,7.402168,0.5,6.5712714
141328,2023-04-02,SE94/5,18.26,7.402168,0.5,6.5712714
141329,2023-04-02,TF03/37,17.28,7.402168,0.5,6.5712714
141330,2023-04-02,TA10/63,17.32,7.402168,0.5,6.5712714
141331,2023-04-02,SN00/11,13.3737,7.402168,0.5,6.5712714
141332,2023-04-02,SU71/23,49.25,7.402168,0.5,6.5712714
141333,2023-04-02,TL44/12,45.18,7.402168,0.5,6.5712714
141334,2023-04-02,TQ25/86,97.18,7.402168,0.5,6.5712714
141335,2023-04-02,SU81/1,59.81,7.402168,0.5,6.5712714
141336,2023-04-02,SJ62/235,54.47,7.402168,0.5,6.5712714
141337,2023-04-02,ST07/10,80.9458,7.402168,0.5,6.5712714
141338,2023-04-03,SU17/57,138.62,5.295917,0.0,13.457224
141339,2023-04-03,SJ15/13,79.918,5.295917,0.0,13.457224
141340,2023-04-03,TF03/37,17.29,5.295917,0.0,13.457224
141341,2023-04-03,SE95/6,21.63,5.295917,0.0,13.457224
141342,2023-04-03,TF81/2A,42.83,5.295917,0.0,13.457224
141343,2023-04-03,NH95/17,29.59,5.295917,0.0,13.457224
141344,2023-04-03,ID30/1,115.88,5.295917,0.0,13.457224
141345,2023-04-03,TL33/4,78.98,5.295917,0.0,13.457224
141346,2023-04-03,TL33/67,81.24,5.295917,0.0,13.457224
141347,2023-04-03,SK00/41,129.82,5.295917,0.0,13.457224
141348,2023-04-03,TR14/9,75.33,5.295917,0.0,13.457224
141349,2023-04-03,NO20/14,36.88,5.295917,0.0,13.457224
141350,2023-04-03,SY68/34,68.96,5.295917,0.0,13.457224
141351,2023-04-03,SE94/5,18.21,5.295917,0.0,13.457224
141352,2023-04-03,NY63/2,130.78,5.295917,0.0,13.457224
141353,2023-04-03,SP00/62,103.4,5.295917,0.0,13.457224
141354,2023-04-03,SU01/5B,97.5,5.295917,0.0,13.457224
141355,2023-04-03,SJ62/235,54.48,5.295917,0.0,13.457224
141356,2023-04-03,SU71/23,50.45,5.295917,0.0,13.457224
141357,2023-04-03,SU81/1,61.8,5.295917,0.0,13.457224
141358,2023-04-03,TA10/63,17.32,5.295917,0.0,13.457224
141359,2023-04-03,TL44/12,45.84,5.295917,0.0,13.457224
141360,2023-04-03,SN00/11,13.3042,5.295917,0.0,13.457224
141361,2023-04-03,ST07/10,80.1661,5.295917,0.0,13.457224
141362,2023-04-03,TQ25/86,97.26,5.295917,0.0,13.457224
141363,2023-04-04,SJ15/13,79.939,6.7730007,0.0,12.512245
141364,2023-04-04,SU01/5B,99.23,6.7730007,0.0,12.512245
141365,2023-04-04,SU17/57,139.23,6.7730007,0.0,12.512245
141366,2023-04-04,TR14/9,75.39,6.7730007,0.0,12.512245
141367,2023-04-04,SE95/6,21.67,6.7730007,0.0,12.512245
141368,2023-04-04,SY68/34,69.02,6.7730007,0.0,12.512245
141369,2023-04-04,TL33/4,79.02,6.7730007,0.0,12.512245
141370,2023-04-04,TF03/37,17.35,6.7730007,0.0,12.512245
141371,2023-04-04,SP00/62,103.37,6.7730007,0.0,12.512245
141372,2023-04-04,NO20/14,36.91,6.7730007,0.0,12.512245
141373,2023-04-04,ID30/1,115.76,6.7730007,0.0,12.512245
141374,2023-04-04,SE94/5,18.13,6.7730007,0.0,12.512245
141375,2023-04-04,TL33/67,81.36,6.7730007,0.0,12.512245
141376,2023-04-04,SK00/41,129.81,6.7730007,0.0,12.512245
141377,2023-04-04,NY63/2,130.81,6.7730007,0.0,12.512245
141378,2023-04-04,TF81/2A,42.83,6.7730007,0.0,12.512245
141379,2023-04-04,NH95/17,29.6,6.7730007,0.0,12.512245
141380,2023-04-04,SN00/11,13.2051,6.7730007,0.0,12.512245
141381,2023-04-04,SJ62/235,54.48,6.7730007,0.0,12.512245
141382,2023-04-04,TA10/63,17.32,6.7730007,0.0,12.512245
141383,2023-04-04,TQ25/86,97.35,6.7730007,0.0,12.512245
141384,2023-04-04,SU81/1,63.12,6.7730007,0.0,12.512245
141385,2023-04-04,ST07/10,79.0421,6.7730007,0.0,12.512245
141386,2023-04-04,SU71/23,51.16,6.7730007,0.0,12.512245
141387,2023-04-04,TL44/12,46.26,6.7730007,0.0,12.512245
141388,2023-04-05,TF03/37,17.43,7.939667,12.000001,14.337502
141389,2023-04-05,SJ15/13,79.964,7.939667,12.000001,14.337502
141390,2023-04-05,SP00/62,103.32,7.939667,12.000001,14.337502
141391,2023-04-05,NY63/2,130.85,7.939667,12.000001,14.337502
141392,2023-04-05,SK00/41,129.8,7.939667,12.000001,14.337502
141393,2023-04-05,TL33/67,81.5,7.939667,12.000001,14.337502
141394,2023-04-05,ID30/1,115.65,7.939667,12.000001,14.337502
141395,2023-04-05,NO20/14,36.94,7.939667,12.000001,14.337502
141396,2023-04-05,TR14/9,75.47,7.939667,12.000001,14.337502
141397,2023-04-05,SY68/34,69.09,7.939667,12.000001,14.337502
141398,2023-04-05,TL33/4,79.06,7.939667,12.000001,14.337502
141399,2023-04-05,TF81/2A,42.83,7.939667,12.000001,14.337502
141400,2023-04-05,SE94/5,18.1,7.939667,12.000001,14.337502
141401,2023-04-05,SU17/57,139.7,7.939667,12.000001,14.337502
141402,2023-04-05,SE95/6,21.73,7.939667,12.000001,14.337502
141403,2023-04-05,SU01/5B,100.13,7.939667,12.000001,14.337502
141404,2023-04-05,NH95/17,29.61,7.939667,12.000001,14.337502
141405,2023-04-05,SJ62/235,54.49,7.939667,12.000001,14.337502
141406,2023-04-05,SU71/23,51.63,7.939667,12.000001,14.337502
141407,2023-04-05,ST07/10,77.9845,7.939667,12.000001,14.337502
141408,2023-04-05,TA10/63,17.36,7.939667,12.000001,14.337502
141409,2023-04-05,SN00/11,13.1151,7.939667,12.000001,14.337502
141410,2023-04-05,TL44/12,46.46,7.939667,12.000001,14.337502
141411,2023-04-05,SU81/1,63.98,7.939667,12.000001,14.337502
141412,2023-04-05,TQ25/86,97.44,7.939667,12.000001,14.337502
141413,2023-04-06,NH95/17,29.59,8.318833,3.4999995,15.282897
141414,2023-04-06,SP00/62,103.27,8.318833,3.4999995,15.282897
141415,2023-04-06,SU17/57,140.03,8.318833,3.4999995,15.282897
141416,2023-04-06,SE95/6,21.8,8.318833,3.4999995,15.282897
141417,2023-04-06,SJ15/13,79.994,8.318833,3.4999995,15.282897
141418,2023-04-06,TL33/4,79.11,8.318833,3.4999995,15.282897
141419,2023-04-06,SY68/34,69.16,8.318833,3.4999995,15.282897
141420,2023-04-06,TR14/9,75.58,8.318833,3.4999995,15.282897
141421,2023-04-06,NO20/14,36.93,8.318833,3.4999995,15.282897
141422,2023-04-06,SE94/5,18.15,8.318833,3.4999995,15.282897
141423,2023-04-06,TF81/2A,42.83,8.318833,3.4999995,15.282897
141424,2023-04-06,SK00/41,129.8,8.318833,3.4999995,15.282897
141425,2023-04-06,ID30/1,115.51,8.318833,3.4999995,15.282897
141426,2023-04-06,TF03/37,17.47,8.318833,3.4999995,15.282897
141427,2023-04-06,SU01/5B,100.45,8.318833,3.4999995,15.282897
141428,2023-04-06,NY63/2,130.89,8.318833,3.4999995,15.282897
141429,2023-04-06,TL33/67,81.56,8.318833,3.4999995,15.282897
141430,2023-04-06,SN00/11,13.0278,8.318833,3.4999995,15.282897
141431,2023-04-06,TA10/63,17.38,8.318833,3.4999995,15.282897
141432,2023-04-06,SJ62/235,54.48,8.318833,3.4999995,15.282897
141433,2023-04-06,TQ25/86,97.52,8.318833,3.4999995,15.282897
141434,2023-04-06,TL44/12,46.51,8.318833,3.4999995,15.282897
141435,2023-04-06,SU71/23,51.95,8.318833,3.4999995,15.282897
141436,2023-04-06,ST07/10,76.8293,8.318833,3.4999995,15.282897
141437,2023-04-06,SU81/1,64.51,8.318833,3.4999995,15.282897
141438,2023-04-07,NY63/2,130.86,6.464667,0.0,6.1656284
141439,2023-04-07,NO20/14,36.87,6.464667,0.0,6.1656284
141440,2023-04-07,TL33/4,79.15,6.464667,0.0,6.1656284
141441,2023-04-07,SE94/5,18.13,6.464667,0.0,6.1656284
141442,2023-04-07,SY68/34,69.22,6.464667,0.0,6.1656284
141443,2023-04-07,SU17/57,140.41,6.464667,0.0,6.1656284
141444,2023-04-07,TL33/67,81.62,6.464667,0.0,6.1656284
141445,2023-04-07,SP00/62,103.19,6.464667,0.0,6.1656284
141446,2023-04-07,TR14/9,75.67,6.464667,0.0,6.1656284
141447,2023-04-07,SE95/6,21.86,6.464667,0.0,6.1656284
141448,2023-04-07,NH95/17,29.56,6.464667,0.0,6.1656284
141449,2023-04-07,SJ15/13,79.965,6.464667,0.0,6.1656284
141450,2023-04-07,ID30/1,115.37,6.464667,0.0,6.1656284
141451,2023-04-07,TF81/2A,42.83,6.464667,0.0,6.1656284
141452,2023-04-07,TF03/37,17.33,6.464667,0.0,6.1656284
141453,2023-04-07,SU01/5B,100.39,6.464667,0.0,6.1656284
141454,2023-04-07,TQ25/86,97.59,6.464667,0.0,6.1656284
141455,2023-04-07,SJ62/235,54.48,6.464667,0.0,6.1656284
141456,2023-04-07,TA10/63,17.34,6.464667,0.0,6.1656284
141457,2023-04-07,SN00/11,12.9367,6.464667,0.0,6.1656284
141458,2023-04-07,SU71/23,52.14,6.464667,0.0,6.1656284
141459,2023-04-07,ST07/10,75.6079,6.464667,0.0,6.1656284
141460,2023-04-07,SU81/1,64.8,6.464667,0.0,6.1656284
141461,2023-04-07,TL44/12,46.51,6.464667,0.0,6.1656284
141462,2023-04-08,TF81/2A,42.83,7.977167,0.0,8.713399
141463,2023-04-08,TL33/4,79.19,7.977167,0.0,8.713399
141464,2023-04-08,SE95/6,21.93,7.977167,0.0,8.713399
141465,2023-04-08,NH95/17,29.55,7.977167,0.0,8.713399
141466,2023-04-08,NY63/2,130.84,7.977167,0.0,8.713399
141467,2023-04-08,SP00/62,103.13,7.977167,0.0,8.713399
141468,2023-04-08,SU17/57,140.72,7.977167,0.0,8.713399
141469,2023-04-08,SJ15/13,79.949,7.977167,0.0,8.713399
141470,2023-04-08,NO20/14,36.86,7.977167,0.0,8.713399
141471,2023-04-08,TR14/9,75.76,7.977167,0.0,8.713399
141472,2023-04-08,TF03/37,17.39,7.977167,0.0,8.713399
141473,2023-04-08,SY68/34,69.27,7.977167,0.0,8.713399
141474,2023-04-08,SE94/5,18.04,7.977167,0.0,8.713399
141475,2023-04-08,ID30/1,115.23,7.977167,0.0,8.713399
141476,2023-04-08,SU01/5B,100.09,7.977167,0.0,8.713399
141477,2023-04-08,TL33/67,81.72,7.977167,0.0,8.713399
141478,2023-04-08,TQ25/86,97.67,7.977167,0.0,8.713399
141479,2023-04-08,SJ62/235,54.48,7.977167,0.0,8.713399
141480,2023-04-08,ST07/10,74.569,7.977167,0.0,8.713399
141481,2023-04-08,SU81/1,64.93,7.977167,0.0,8.713399
141482,2023-04-08,TL44/12,46.51,7.977167,0.0,8.713399
141483,2023-04-08,SU71/23,52.26,7.977167,0.0,8.713399
141484,2023-04-08,SN00/11,12.8421,7.977167,0.0,8.713399
141485,2023-04-08,TA10/63,17.37,7.977167,0.0,8.713399
141486,2023-04-09,SE95/6,21.99,9.373001,0.9,18.057909
141487,2023-04-09,SJ15/13,79.946,9.373001,0.9,18.057909
141488,2023-04-09,SP00/62,103.07,9.373001,0.9,18.057909
141489,2023-04-09,SU01/5B,99.69,9.373001,0.9,18.057909
141490,2023-04-09,TF03/37,17.44,9.373001,0.9,18.057909
141491,2023-04-09,ID30/1,115.12,9.373001,0.9,18.057909
141492,2023-04-09,NH95/17,29.56,9.373001,0.9,18.057909
141493,2023-04-09,TR14/9,75.86,9.373001,0.9,18.057909
141494,2023-04-09,SU17/57,140.95,9.373001,0.9,18.057909
141495,2023-04-09,SY68/34,69.32,9.373001,0.9,18.057909
141496,2023-04-09,TL33/4,79.24,9.373001,0.9,18.057909
141497,2023-04-09,SE94/5,18.02,9.373001,0.9,18.057909
141498,2023-04-09,TF81/2A,42.83,9.373001,0.9,18.057909
141499,2023-04-09,NO20/14,36.89,9.373001,0.9,18.057909
141500,2023-04-09,NY63/2,130.83,9.373001,0.9,18.057909
141501,2023-04-09,TL33/67,81.89,9.373001,0.9,18.057909
141502,2023-04-09,SN00/11,12.7634,9.373001,0.9,18.057909
141503,2023-04-09,SJ62/235,54.49,9.373001,0.9,18.057909
141504,2023-04-09,TL44/12,46.52,9.373001,0.9,18.057909
141505,2023-04-09,SU81/1,64.96,9.373001,0.9,18.057909
141506,2023-04-09,TQ25/86,97.75,9.373001,0.9,18.057909
141507,2023-04-09,ST07/10,73.6677,9.373001,0.9,18.057909
141508,2023-04-09,TA10/63,17.38,9.373001,0.9,18.057909
141509,2023-04-09,SU71/23,52.35,9.373001,0.9,18.057909
141510,2023-04-10,TF81/2A,42.83,8.633418,7.1999993,17.11318
141511,2023-04-10,SU01/5B,99.29,8.633418,7.1999993,17.11318
141512,2023-04-10,SE95/6,22.08,8.633418,7.1999993,17.11318
141513,2023-04-10,TL33/4,79.29,8.633418,7.1999993,17.11318
141514,2023-04-10,SU17/57,141.04,8.633418,7.1999993,17.11318
141515,2023-04-10,ID30/1,115.09,8.633418,7.1999993,17.11318
141516,2023-04-10,SE94/5,18.08,8.633418,7.1999993,17.11318
141517,2023-04-10,SJ15/13,79.984,8.633418,7.1999993,17.11318
141518,2023-04-10,TF03/37,17.54,8.633418,7.1999993,17.11318
141519,2023-04-10,TL33/67,82.02,8.633418,7.1999993,17.11318
141520,2023-04-10,TR14/9,75.99,8.633418,7.1999993,17.11318
141521,2023-04-10,SP00/62,103.01,8.633418,7.1999993,17.11318
141522,2023-04-10,NH95/17,29.59,8.633418,7.1999993,17.11318
141523,2023-04-10,SY68/34,69.36,8.633418,7.1999993,17.11318
141524,2023-04-10,NY63/2,130.9,8.633418,7.1999993,17.11318
141525,2023-04-10,NO20/14,36.93,8.633418,7.1999993,17.11318
141526,2023-04-10,SU71/23,52.43,8.633418,7.1999993,17.11318
141527,2023-04-10,TQ25/86,97.83,8.633418,7.1999993,17.11318
141528,2023-04-10,TL44/12,46.5,8.633418,7.1999993,17.11318
141529,2023-04-10,TA10/63,17.44,8.633418,7.1999993,17.11318
141530,2023-04-10,ST07/10,73.217,8.633418,7.1999993,17.11318
141531,2023-04-10,SN00/11,12.6806,8.633418,7.1999993,17.11318
141532,2023-04-10,SU81/1,64.94,8.633418,7.1999993,17.11318
141533,2023-04-10,SJ62/235,54.49,8.633418,7.1999993,17.11318
141534,2023-04-11,ID30/1,115.15,6.85425,14.400002,23.520857
141535,2023-04-11,NH95/17,29.59,6.85425,14.400002,23.520857
141536,2023-04-11,TL33/4,79.34,6.85425,14.400002,23.520857
141537,2023-04-11,SJ15/13,79.981,6.85425,14.400002,23.520857
141538,2023-04-11,NO20/14,36.92,6.85425,14.400002,23.520857
141539,2023-04-11,SE95/6,22.15,6.85425,14.400002,23.520857
141540,2023-04-11,SP00/62,102.97,6.85425,14.400002,23.520857
141541,2023-04-11,TR14/9,76.09,6.85425,14.400002,23.520857
141542,2023-04-11,NY63/2,130.92,6.85425,14.400002,23.520857
141543,2023-04-11,TL33/67,82.2,6.85425,14.400002,23.520857
141544,2023-04-11,TF81/2A,42.83,6.85425,14.400002,23.520857
141545,2023-04-11,SU17/57,141.17,6.85425,14.400002,23.520857
141546,2023-04-11,SU01/5B,98.9,6.85425,14.400002,23.520857
141547,2023-04-11,SY68/34,69.42,6.85425,14.400002,23.520857
141548,2023-04-11,TF03/37,17.6,6.85425,14.400002,23.520857
141549,2023-04-11,SE94/5,18.02,6.85425,14.400002,23.520857
141550,2023-04-11,SU81/1,64.87,6.85425,14.400002,23.520857
141551,2023-04-11,SU71/23,52.49,6.85425,14.400002,23.520857
141552,2023-04-11,TA10/63,17.46,6.85425,14.400002,23.520857
141553,2023-04-11,SJ62/235,54.5,6.85425,14.400002,23.520857
141554,2023-04-11,TQ25/86,97.91,6.85425,14.400002,23.520857
141555,2023-04-11,ST07/10,73.1635,6.85425,14.400002,23.520857
141556,2023-04-11,TL44/12,46.52,6.85425,14.400002,23.520857
141557,2023-04-11,SN00/11,12.6489,6.85425,14.400002,23.520857
141558,2023-04-11,TM15/112,25.26,6.85425,14.400002,23.520857
141559,2023-04-12,SU17/57,141.17,4.9813333,8.299999,16.895037
141560,2023-04-12,TL33/4,79.4,4.9813333,8.299999,16.895037
141561,2023-04-12,NO20/14,36.95,4.9813333,8.299999,16.895037
141562,2023-04-12,TL33/67,82.31,4.9813333,8.299999,16.895037
141563,2023-04-12,SE94/5,18.08,4.9813333,8.299999,16.895037
141564,2023-04-12,NY63/2,131.0,4.9813333,8.299999,16.895037
141565,2023-04-12,SE95/6,22.25,4.9813333,8.299999,16.895037
141566,2023-04-12,TR14/9,76.22,4.9813333,8.299999,16.895037
141567,2023-04-12,ID30/1,115.39,4.9813333,8.299999,16.895037
141568,2023-04-12,TF03/37,17.65,4.9813333,8.299999,16.895037
141569,2023-04-12,SU01/5B,98.52,4.9813333,8.299999,16.895037
141570,2023-04-12,SY68/34,69.48,4.9813333,8.299999,16.895037
141571,2023-04-12,TF81/2A,42.83,4.9813333,8.299999,16.895037
141572,2023-04-12,NH95/17,29.6,4.9813333,8.299999,16.895037
141573,2023-04-12,SJ15/13,80.021,4.9813333,8.299999,16.895037
141574,2023-04-12,SP00/62,102.96,4.9813333,8.299999,16.895037
141575,2023-04-12,TQ25/86,97.98,4.9813333,8.299999,16.895037
141576,2023-04-12,SN00/11,12.6404,4.9813333,8.299999,16.895037
141577,2023-04-12,TL44/12,46.48,4.9813333,8.299999,16.895037
141578,2023-04-12,SU81/1,64.85,4.9813333,8.299999,16.895037
141579,2023-04-12,SU71/23,52.58,4.9813333,8.299999,16.895037
141580,2023-04-12,ST07/10,74.4964,4.9813333,8.299999,16.895037
141581,2023-04-12,SJ62/235,54.49,4.9813333,8.299999,16.895037
141582,2023-04-12,TA10/63,17.5,4.9813333,8.299999,16.895037
141583,2023-04-13,TL33/67,82.31,5.8625836,4.5999994,16.104809
141584,2023-04-13,SP00/62,102.92,5.8625836,4.5999994,16.104809
141585,2023-04-13,TR14/9,76.29,5.8625836,4.5999994,16.104809
141586,2023-04-13,TL33/4,79.45,5.8625836,4.5999994,16.104809
141587,2023-04-13,TF03/37,17.61,5.8625836,4.5999994,16.104809
141588,2023-04-13,ID30/1,115.5,5.8625836,4.5999994,16.104809
141589,2023-04-13,SE95/6,22.34,5.8625836,4.5999994,16.104809
141590,2023-04-13,SE94/5,18.02,5.8625836,4.5999994,16.104809
141591,2023-04-13,SU01/5B,98.19,5.8625836,4.5999994,16.104809
141592,2023-04-13,SY68/34,69.55,5.8625836,4.5999994,16.104809
141593,2023-04-13,TF81/2A,42.83,5.8625836,4.5999994,16.104809
141594,2023-04-13,NH95/17,29.58,5.8625836,4.5999994,16.104809
141595,2023-04-13,NO20/14,36.89,5.8625836,4.5999994,16.104809
141596,2023-04-13,SJ15/13,80.01,5.8625836,4.5999994,16.104809
141597,2023-04-13,SU17/57,141.28,5.8625836,4.5999994,16.104809
141598,2023-04-13,NY63/2,130.96,5.8625836,4.5999994,16.104809
141599,2023-04-13,TA10/63,17.49,5.8625836,4.5999994,16.104809
141600,2023-04-13,TL44/12,46.44,5.8625836,4.5999994,16.104809
141601,2023-04-13,SU71/23,52.77,5.8625836,4.5999994,16.104809
141602,2023-04-13,SU81/1,65.03,5.8625836,4.5999994,16.104809
141603,2023-04-13,SN00/11,12.5896,5.8625836,4.5999994,16.104809
141604,2023-04-13,ST07/10,75.3273,5.8625836,4.5999994,16.104809
141605,2023-04-13,TQ25/86,98.04,5.8625836,4.5999994,16.104809
141606,2023-04-13,SJ62/235,54.48,5.8625836,4.5999994,16.104809
141607,2023-04-14,SJ15/13,79.957,5.7459164,4.2999997,8.081583
141608,2023-04-14,NO20/14,36.85,5.7459164,4.2999997,8.081583
141609,2023-04-14,TF81/2A,42.83,5.7459164,4.2999997,8.081583
141610,2023-04-14,NH95/17,29.56,5.7459164,4.2999997,8.081583
141611,2023-04-14,ID30/1,115.56,5.7459164,4.2999997,8.081583
141612,2023-04-14,SY68/34,69.6,5.7459164,4.2999997,8.081583
141613,2023-04-14,SU17/57,141.44,5.7459164,4.2999997,8.081583
141614,2023-04-14,SU01/5B,97.79,5.7459164,4.2999997,8.081583
141615,2023-04-14,SE94/5,18.05,5.7459164,4.2999997,8.081583
141616,2023-04-14,TF03/37,17.53,5.7459164,4.2999997,8.081583
141617,2023-04-14,TL33/67,82.4,5.7459164,4.2999997,8.081583
141618,2023-04-14,NY63/2,130.89,5.7459164,4.2999997,8.081583
141619,2023-04-14,SP00/62,102.91,5.7459164,4.2999997,8.081583
141620,2023-04-14,TL33/4,79.51,5.7459164,4.2999997,8.081583
141621,2023-04-14,TR14/9,76.37,5.7459164,4.2999997,8.081583
141622,2023-04-14,SU71/23,53.19,5.7459164,4.2999997,8.081583
141623,2023-04-14,SN00/11,12.5384,5.7459164,4.2999997,8.081583
141624,2023-04-14,SJ62/235,54.47,5.7459164,4.2999997,8.081583
141625,2023-04-14,SE95/6,22.5,5.7459164,4.2999997,8.081583
141626,2023-04-14,TL44/12,46.39,5.7459164,4.2999997,8.081583
141627,2023-04-14,SU81/1,65.59,5.7459164,4.2999997,8.081583
141628,2023-04-14,ST07/10,75.4548,5.7459164,4.2999997,8.081583
141629,2023-04-14,TA10/63,17.5,5.7459164,4.2999997,8.081583
141630,2023-04-14,TQ25/86,98.07,5.7459164,4.2999997,8.081583
141631,2023-04-15,TF03/37,17.5,7.912583,0.4,8.260776
141632,2023-04-15,SE94/5,18.05,7.912583,0.4,8.260776
141633,2023-04-15,TL33/67,82.4,7.912583,0.4,8.260776
141634,2023-04-15,TF81/2A,42.83,7.912583,0.4,8.260776
141635,2023-04-15,SY68/34,69.66,7.912583,0.4,8.260776
141636,2023-04-15,NY63/2,130.85,7.912583,0.4,8.260776
141637,2023-04-15,SU17/57,141.57,7.912583,0.4,8.260776
141638,2023-04-15,TL33/4,79.57,7.912583,0.4,8.260776
141639,2023-04-15,NO20/14,36.81,7.912583,0.4,8.260776
141640,2023-04-15,SP00/62,102.91,7.912583,0.4,8.260776
141641,2023-04-15,SJ15/13,79.916,7.912583,0.4,8.260776
141642,2023-04-15,NH95/17,29.54,7.912583,0.4,8.260776
141643,2023-04-15,TR14/9,76.43,7.912583,0.4,8.260776
141644,2023-04-15,SU01/5B,97.46,7.912583,0.4,8.260776
141645,2023-04-15,ID30/1,115.51,7.912583,0.4,8.260776
141646,2023-04-15,ST07/10,74.9836,7.912583,0.4,8.260776
141647,2023-04-15,TA10/63,17.5,7.912583,0.4,8.260776
141648,2023-04-15,SE95/6,22.57,7.912583,0.4,8.260776
141649,2023-04-15,SU71/23,53.57,7.912583,0.4,8.260776
141650,2023-04-15,SU81/1,66.11,7.912583,0.4,8.260776
141651,2023-04-15,SN00/11,12.4666,7.912583,0.4,8.260776
141652,2023-04-15,TL44/12,46.37,7.912583,0.4,8.260776
141653,2023-04-15,SJ62/235,54.46,7.912583,0.4,8.260776
141654,2023-04-15,TQ25/86,98.12,7.912583,0.4,8.260776
141655,2023-04-16,SY68/34,69.72,9.862584,0.2,10.770703
141656,2023-04-16,NH95/17,29.52,9.862584,0.2,10.770703
141657,2023-04-16,ID30/1,115.48,9.862584,0.2,10.770703
141658,2023-04-16,TF03/37,17.5,9.862584,0.2,10.770703
141659,2023-04-16,SP00/62,102.92,9.862584,0.2,10.770703
141660,2023-04-16,TR14/9,76.49,9.862584,0.2,10.770703
141661,2023-04-16,SU17/57,141.77,9.862584,0.2,10.770703
141662,2023-04-16,SJ15/13,79.869,9.862584,0.2,10.770703
141663,2023-04-16,TL33/67,82.52,9.862584,0.2,10.770703
141664,2023-04-16,SU01/5B,97.18,9.862584,0.2,10.770703
141665,2023-04-16,NO20/14,36.82,9.862584,0.2,10.770703
141666,2023-04-16,SE94/5,18.06,9.862584,0.2,10.770703
141667,2023-04-16,TF81/2A,42.83,9.862584,0.2,10.770703
141668,2023-04-16,TL33/4,79.63,9.862584,0.2,10.770703
141669,2023-04-16,NY63/2,130.81,9.862584,0.2,10.770703
141670,2023-04-16,TL44/12,46.46,9.862584,0.2,10.770703
141671,2023-04-16,TQ25/86,98.16,9.862584,0.2,10.770703
141672,2023-04-16,TA10/63,17.53,9.862584,0.2,10.770703
141673,2023-04-16,SU71/23,53.88,9.862584,0.2,10.770703
141674,2023-04-16,ST07/10,74.4473,9.862584,0.2,10.770703
141675,2023-04-16,SE95/6,22.68,9.862584,0.2,10.770703
141676,2023-04-16,SU81/1,66.51,9.862584,0.2,10.770703
141677,2023-04-16,SN00/11,12.4131,9.862584,0.2,10.770703
141678,2023-04-16,SJ62/235,54.46,9.862584,0.2,10.770703
141679,2023-04-17,SP00/62,102.91,11.872998,1.1,6.7610903
141680,2023-04-17,NY63/2,130.81,11.872998,1.1,6.7610903
141681,2023-04-17,TR14/9,76.55,11.872998,1.1,6.7610903
141682,2023-04-17,SU01/5B,97.13,11.872998,1.1,6.7610903
141683,2023-04-17,TL33/4,79.68,11.872998,1.1,6.7610903
141684,2023-04-17,ID30/1,115.45,11.872998,1.1,6.7610903
141685,2023-04-17,SU17/57,141.83,11.872998,1.1,6.7610903
141686,2023-04-17,NO20/14,36.81,11.872998,1.1,6.7610903
141687,2023-04-17,NH95/17,29.52,11.872998,1.1,6.7610903
141688,2023-04-17,TL33/67,82.6,11.872998,1.1,6.7610903
141689,2023-04-17,TF03/37,17.56,11.872998,1.1,6.7610903
141690,2023-04-17,SY68/34,69.78,11.872998,1.1,6.7610903
141691,2023-04-17,SE94/5,18.07,11.872998,1.1,6.7610903
141692,2023-04-17,SJ15/13,79.867,11.872998,1.1,6.7610903
141693,2023-04-17,TF81/2A,42.83,11.872998,1.1,6.7610903
141694,2023-04-17,TL44/12,46.63,11.872998,1.1,6.7610903
141695,2023-04-17,TA10/63,17.55,11.872998,1.1,6.7610903
141696,2023-04-17,TQ25/86,98.21,11.872998,1.1,6.7610903
141697,2023-04-17,ST07/10,73.7767,11.872998,1.1,6.7610903
141698,2023-04-17,SU81/1,66.78,11.872998,1.1,6.7610903
141699,2023-04-17,SU71/23,54.13,11.872998,1.1,6.7610903
141700,2023-04-17,SJ62/235,54.46,11.872998,1.1,6.7610903
141701,2023-04-17,SN00/11,12.3595,11.872998,1.1,6.7610903
141702,2023-04-17,SE95/6,22.8,11.872998,1.1,6.7610903
141703,2023-04-18,TF03/37,17.55,9.010501,0.0,9.51814
141704,2023-04-18,SJ15/13,79.857,9.010501,0.0,9.51814
141705,2023-04-18,SP00/62,102.89,9.010501,0.0,9.51814
141706,2023-04-18,TL33/4,79.75,9.010501,0.0,9.51814
141707,2023-04-18,NO20/14,36.8,9.010501,0.0,9.51814
141708,2023-04-18,SY68/34,69.86,9.010501,0.0,9.51814
141709,2023-04-18,SU17/57,141.89,9.010501,0.0,9.51814
141710,2023-04-18,NY63/2,130.8,9.010501,0.0,9.51814
141711,2023-04-18,TF81/2A,42.83,9.010501,0.0,9.51814
141712,2023-04-18,SU01/5B,97.34,9.010501,0.0,9.51814
141713,2023-04-18,TR14/9,76.6,9.010501,0.0,9.51814
141714,2023-04-18,NH95/17,29.5,9.010501,0.0,9.51814
141715,2023-04-18,SE94/5,18.0,9.010501,0.0,9.51814
141716,2023-04-18,ID30/1,115.35,9.010501,0.0,9.51814
141717,2023-04-18,TL33/67,82.73,9.010501,0.0,9.51814
141718,2023-04-18,SE95/6,22.97,9.010501,0.0,9.51814
141719,2023-04-18,ST07/10,73.0559,9.010501,0.0,9.51814
141720,2023-04-18,SN00/11,12.3025,9.010501,0.0,9.51814
141721,2023-04-18,SJ62/235,54.46,9.010501,0.0,9.51814
141722,2023-04-18,TL44/12,46.78,9.010501,0.0,9.51814
141723,2023-04-18,TA10/63,17.59,9.010501,0.0,9.51814
141724,2023-04-18,SU71/23,54.36,9.010501,0.0,9.51814
141725,2023-04-18,TQ25/86,98.25,9.010501,0.0,9.51814
141726,2023-04-18,SU81/1,66.97,9.010501,0.0,9.51814
141727,2023-04-18,TV59/7C,1.89,9.010501,0.0,9.51814
141728,2023-04-19,TF81/2A,42.83,8.585501,0.0,15.178192
141729,2023-04-19,NO20/14,36.8,8.585501,0.0,15.178192
141730,2023-04-19,NH95/17,29.5,8.585501,0.0,15.178192
141731,2023-04-19,NY63/2,130.8,8.585501,0.0,15.178192
141732,2023-04-19,TL33/67,82.84,8.585501,0.0,15.178192
141733,2023-04-19,ID30/1,115.24,8.585501,0.0,15.178192
141734,2023-04-19,SJ15/13,79.866,8.585501,0.0,15.178192
141735,2023-04-19,SP00/62,102.87,8.585501,0.0,15.178192
141736,2023-04-19,SE94/5,18.07,8.585501,0.0,15.178192
141737,2023-04-19,TL33/4,79.81,8.585501,0.0,15.178192
141738,2023-04-19,TR14/9,76.66,8.585501,0.0,15.178192
141739,2023-04-19,SU01/5B,97.64,8.585501,0.0,15.178192
141740,2023-04-19,SU17/57,141.89,8.585501,0.0,15.178192
141741,2023-04-19,TF03/37,17.56,8.585501,0.0,15.178192
141742,2023-04-19,SY68/34,69.93,8.585501,0.0,15.178192
141743,2023-04-19,TA10/63,17.62,8.585501,0.0,15.178192
141744,2023-04-19,TL44/12,46.9,8.585501,0.0,15.178192
141745,2023-04-19,SN00/11,12.2444,8.585501,0.0,15.178192
141746,2023-04-19,SU81/1,67.08,8.585501,0.0,15.178192
141747,2023-04-19,SE95/6,23.18,8.585501,0.0,15.178192
141748,2023-04-19,TQ25/86,98.31,8.585501,0.0,15.178192
141749,2023-04-19,SJ62/235,54.46,8.585501,0.0,15.178192
141750,2023-04-19,ST07/10,72.3284,8.585501,0.0,15.178192
141751,2023-04-19,SU71/23,54.55,8.585501,0.0,15.178192
141752,2023-04-20,SY68/34,70.0,8.368834,0.0,13.856935
141753,2023-04-20,TF03/37,17.58,8.368834,0.0,13.856935
141754,2023-04-20,SJ15/13,79.875,8.368834,0.0,13.856935
141755,2023-04-20,TL33/67,82.98,8.368834,0.0,13.856935
141756,2023-04-20,NH95/17,29.49,8.368834,0.0,13.856935
141757,2023-04-20,TF81/2A,42.83,8.368834,0.0,13.856935
141758,2023-04-20,ID30/1,115.16,8.368834,0.0,13.856935
141759,2023-04-20,SE94/5,18.09,8.368834,0.0,13.856935
141760,2023-04-20,TL33/4,79.87,8.368834,0.0,13.856935
141761,2023-04-20,TR14/9,76.73,8.368834,0.0,13.856935
141762,2023-04-20,SU01/5B,97.87,8.368834,0.0,13.856935
141763,2023-04-20,SU17/57,141.9,8.368834,0.0,13.856935
141764,2023-04-20,NO20/14,36.82,8.368834,0.0,13.856935
141765,2023-04-20,SP00/62,102.84,8.368834,0.0,13.856935
141766,2023-04-20,NY63/2,130.82,8.368834,0.0,13.856935
141767,2023-04-20,ST07/10,71.627,8.368834,0.0,13.856935
141768,2023-04-20,SJ62/235,54.47,8.368834,0.0,13.856935
141769,2023-04-20,SU71/23,54.7,8.368834,0.0,13.856935
141770,2023-04-20,TQ25/86,98.36,8.368834,0.0,13.856935
141771,2023-04-20,SE95/6,23.42,8.368834,0.0,13.856935
141772,2023-04-20,SU81/1,67.15,8.368834,0.0,13.856935
141773,2023-04-20,TL44/12,47.0,8.368834,0.0,13.856935
141774,2023-04-20,SN00/11,12.1858,8.368834,0.0,13.856935
141775,2023-04-20,TA10/63,17.68,8.368834,0.0,13.856935
141776,2023-04-21,NH95/17,29.51,9.327167,0.2,12.885389
141777,2023-04-21,TL33/67,83.13,9.327167,0.2,12.885389
141778,2023-04-21,SP00/62,102.82,9.327167,0.2,12.885389
141779,2023-04-21,ID30/1,115.16,9.327167,0.2,12.885389
141780,2023-04-21,SU17/57,141.85,9.327167,0.2,12.885389
141781,2023-04-21,SE94/5,18.11,9.327167,0.2,12.885389
141782,2023-04-21,TF81/2A,42.83,9.327167,0.2,12.885389
141783,2023-04-21,NO20/14,36.84,9.327167,0.2,12.885389
141784,2023-04-21,TF03/37,17.6,9.327167,0.2,12.885389
141785,2023-04-21,SJ15/13,79.893,9.327167,0.2,12.885389
141786,2023-04-21,TR14/9,76.8,9.327167,0.2,12.885389
141787,2023-04-21,SY68/34,70.07,9.327167,0.2,12.885389
141788,2023-04-21,NY63/2,130.84,9.327167,0.2,12.885389
141789,2023-04-21,TL33/4,79.94,9.327167,0.2,12.885389
141790,2023-04-21,SU01/5B,97.97,9.327167,0.2,12.885389
141791,2023-04-21,TL44/12,47.08,9.327167,0.2,12.885389
141792,2023-04-21,ST07/10,70.9276,9.327167,0.2,12.885389
141793,2023-04-21,TQ25/86,98.41,9.327167,0.2,12.885389
141794,2023-04-21,SE95/6,23.68,9.327167,0.2,12.885389
141795,2023-04-21,SU71/23,54.83,9.327167,0.2,12.885389
141796,2023-04-21,SN00/11,12.1354,9.327167,0.2,12.885389
141797,2023-04-21,SU81/1,67.17,9.327167,0.2,12.885389
141798,2023-04-21,TA10/63,17.73,9.327167,0.2,12.885389
141799,2023-04-21,SJ62/235,54.48,9.327167,0.2,12.885389
141800,2023-04-22,TF81/2A,42.83,8.062584,8.599999,6.492549
141801,2023-04-22,ID30/1,115.07,8.062584,8.599999,6.492549
141802,2023-04-22,NY63/2,130.9,8.062584,8.599999,6.492549
141803,2023-04-22,SY68/34,70.14,8.062584,8.599999,6.492549
141804,2023-04-22,TL33/4,80.01,8.062584,8.599999,6.492549
141805,2023-04-22,SJ15/13,79.939,8.062584,8.599999,6.492549
141806,2023-04-22,TR14/9,76.87,8.062584,8.599999,6.492549
141807,2023-04-22,NH95/17,29.53,8.062584,8.599999,6.492549
141808,2023-04-22,NO20/14,36.88,8.062584,8.599999,6.492549
141809,2023-04-22,TF03/37,17.69,8.062584,8.599999,6.492549
141810,2023-04-22,SU17/57,141.78,8.062584,8.599999,6.492549
141811,2023-04-22,SE94/5,18.07,8.062584,8.599999,6.492549
141812,2023-04-22,SP00/62,102.8,8.062584,8.599999,6.492549
141813,2023-04-22,SU01/5B,97.96,8.062584,8.599999,6.492549
141814,2023-04-22,TL33/67,83.23,8.062584,8.599999,6.492549
141815,2023-04-22,SU71/23,54.9,8.062584,8.599999,6.492549
141816,2023-04-22,SE95/6,23.93,8.062584,8.599999,6.492549
141817,2023-04-22,SN00/11,12.0808,8.062584,8.599999,6.492549
141818,2023-04-22,SJ62/235,54.48,8.062584,8.599999,6.492549
141819,2023-04-22,TQ25/86,98.44,8.062584,8.599999,6.492549
141820,2023-04-22,SU81/1,67.14,8.062584,8.599999,6.492549
141821,2023-04-22,ST07/10,70.2672,8.062584,8.599999,6.492549
141822,2023-04-22,TL44/12,47.11,8.062584,8.599999,6.492549
141823,2023-04-22,TA10/63,17.79,8.062584,8.599999,6.492549
141824,2023-04-23,TF03/37,17.73,7.445917,1.5000001,9.597052
141825,2023-04-23,ID30/1,115.0,7.445917,1.5000001,9.597052
141826,2023-04-23,SU17/57,141.71,7.445917,1.5000001,9.597052
141827,2023-04-23,SY68/34,70.21,7.445917,1.5000001,9.597052
141828,2023-04-23,SU01/5B,97.86,7.445917,1.5000001,9.597052
141829,2023-04-23,NY63/2,130.92,7.445917,1.5000001,9.597052
141830,2023-04-23,TL33/67,83.3,7.445917,1.5000001,9.597052
141831,2023-04-23,NO20/14,36.85,7.445917,1.5000001,9.597052
141832,2023-04-23,SJ15/13,79.947,7.445917,1.5000001,9.597052
141833,2023-04-23,TF81/2A,42.83,7.445917,1.5000001,9.597052
141834,2023-04-23,SP00/62,102.78,7.445917,1.5000001,9.597052
141835,2023-04-23,TR14/9,76.95,7.445917,1.5000001,9.597052
141836,2023-04-23,SE94/5,18.09,7.445917,1.5000001,9.597052
141837,2023-04-23,NH95/17,29.53,7.445917,1.5000001,9.597052
141838,2023-04-23,TL33/4,80.08,7.445917,1.5000001,9.597052
141839,2023-04-23,SJ62/235,54.47,7.445917,1.5000001,9.597052
141840,2023-04-23,ST07/10,69.5387,7.445917,1.5000001,9.597052
141841,2023-04-23,SU71/23,54.92,7.445917,1.5000001,9.597052
141842,2023-04-23,SE95/6,24.14,7.445917,1.5000001,9.597052
141843,2023-04-23,SU81/1,67.04,7.445917,1.5000001,9.597052
141844,2023-04-23,TL44/12,47.1,7.445917,1.5000001,9.597052
141845,2023-04-23,TQ25/86,98.47,7.445917,1.5000001,9.597052
141846,2023-04-23,TA10/63,17.83,7.445917,1.5000001,9.597052
141847,2023-04-23,SN00/11,12.0067,7.445917,1.5000001,9.597052
141848,2023-04-24,NH95/17,29.51,5.000083,0.70000005,11.774401
141849,2023-04-24,TL33/4,80.15,5.000083,0.70000005,11.774401
141850,2023-04-24,NO20/14,36.8,5.000083,0.70000005,11.774401
141851,2023-04-24,TL33/67,83.3,5.000083,0.70000005,11.774401
141852,2023-04-24,SU01/5B,97.66,5.000083,0.70000005,11.774401
141853,2023-04-24,NY63/2,130.88,5.000083,0.70000005,11.774401
141854,2023-04-24,SJ15/13,79.918,5.000083,0.70000005,11.774401
141855,2023-04-24,SP00/62,102.75,5.000083,0.70000005,11.774401
141856,2023-04-24,TR14/9,77.01,5.000083,0.70000005,11.774401
141857,2023-04-24,SE94/5,18.16,5.000083,0.70000005,11.774401
141858,2023-04-24,SY68/34,70.25,5.000083,0.70000005,11.774401
141859,2023-04-24,SU17/57,141.76,5.000083,0.70000005,11.774401
141860,2023-04-24,ID30/1,114.91,5.000083,0.70000005,11.774401
141861,2023-04-24,TF81/2A,42.83,5.000083,0.70000005,11.774401
141862,2023-04-24,TF03/37,17.7,5.000083,0.70000005,11.774401
141863,2023-04-24,TQ25/86,98.49,5.000083,0.70000005,11.774401
141864,2023-04-24,SN00/11,11.9454,5.000083,0.70000005,11.774401
141865,2023-04-24,SJ62/235,54.46,5.000083,0.70000005,11.774401
141866,2023-04-24,TA10/63,17.84,5.000083,0.70000005,11.774401
141867,2023-04-24,SU81/1,66.86,5.000083,0.70000005,11.774401
141868,2023-04-24,ST07/10,69.1995,5.000083,0.70000005,11.774401
141869,2023-04-24,TL44/12,47.09,5.000083,0.70000005,11.774401
141870,2023-04-24,SU71/23,54.86,5.000083,0.70000005,11.774401
141871,2023-04-24,SE95/6,24.31,5.000083,0.70000005,11.774401
141872,2023-04-25,TL33/67,83.37,4.07925,0.0,5.8349895
141873,2023-04-25,TR14/9,77.04,4.07925,0.0,5.8349895
141874,2023-04-25,TF03/37,17.66,4.07925,0.0,5.8349895
141875,2023-04-25,NH95/17,29.5,4.07925,0.0,5.8349895
141876,2023-04-25,SE94/5,18.17,4.07925,0.0,5.8349895
141877,2023-04-25,SU01/5B,97.38,4.07925,0.0,5.8349895
141878,2023-04-25,NY63/2,130.83,4.07925,0.0,5.8349895
141879,2023-04-25,NO20/14,36.76,4.07925,0.0,5.8349895
141880,2023-04-25,SP00/62,102.72,4.07925,0.0,5.8349895
141881,2023-04-25,SY68/34,70.28,4.07925,0.0,5.8349895
141882,2023-04-25,SU17/57,141.81,4.07925,0.0,5.8349895
141883,2023-04-25,TF81/2A,42.83,4.07925,0.0,5.8349895
141884,2023-04-25,ID30/1,114.82,4.07925,0.0,5.8349895
141885,2023-04-25,TL33/4,80.22,4.07925,0.0,5.8349895
141886,2023-04-25,SJ15/13,79.875,4.07925,0.0,5.8349895
141887,2023-04-25,SN00/11,11.8872,4.07925,0.0,5.8349895
141888,2023-04-25,SJ62/235,54.46,4.07925,0.0,5.8349895
141889,2023-04-25,TA10/63,17.88,4.07925,0.0,5.8349895
141890,2023-04-25,SU71/23,54.77,4.07925,0.0,5.8349895
141891,2023-04-25,TQ25/86,98.52,4.07925,0.0,5.8349895
141892,2023-04-25,SU81/1,66.61,4.07925,0.0,5.8349895
141893,2023-04-25,ST07/10,68.7511,4.07925,0.0,5.8349895
141894,2023-04-25,TL44/12,47.09,4.07925,0.0,5.8349895
141895,2023-04-25,SE95/6,24.45,4.07925,0.0,5.8349895
141896,2023-04-26,TR14/9,77.09,5.652167,0.5,6.251457
141897,2023-04-26,SE94/5,18.18,5.652167,0.5,6.251457
141898,2023-04-26,SY68/34,70.29,5.652167,0.5,6.251457
141899,2023-04-26,ID30/1,114.72,5.652167,0.5,6.251457
141900,2023-04-26,SU17/57,141.82,5.652167,0.5,6.251457
141901,2023-04-26,TF03/37,17.64,5.652167,0.5,6.251457
141902,2023-04-26,SJ15/13,79.87,5.652167,0.5,6.251457
141903,2023-04-26,TF81/2A,42.83,5.652167,0.5,6.251457
141904,2023-04-26,SP00/62,102.69,5.652167,0.5,6.251457
141905,2023-04-26,NH95/17,29.49,5.652167,0.5,6.251457
141906,2023-04-26,SU01/5B,97.06,5.652167,0.5,6.251457
141907,2023-04-26,TL33/4,80.29,5.652167,0.5,6.251457
141908,2023-04-26,NO20/14,36.76,5.652167,0.5,6.251457
141909,2023-04-26,TL33/67,83.46,5.652167,0.5,6.251457
141910,2023-04-26,NY63/2,130.83,5.652167,0.5,6.251457
141911,2023-04-26,SN00/11,11.8383,5.652167,0.5,6.251457
141912,2023-04-26,SU81/1,66.33,5.652167,0.5,6.251457
141913,2023-04-26,ST07/10,68.1478,5.652167,0.5,6.251457
141914,2023-04-26,SE95/6,24.64,5.652167,0.5,6.251457
141915,2023-04-26,TL44/12,47.12,5.652167,0.5,6.251457
141916,2023-04-26,TA10/63,17.91,5.652167,0.5,6.251457
141917,2023-04-26,TQ25/86,98.56,5.652167,0.5,6.251457
141918,2023-04-26,SJ62/235,54.46,5.652167,0.5,6.251457
141919,2023-04-26,SU71/23,54.67,5.652167,0.5,6.251457
141920,2023-04-27,TL33/4,80.36,8.064667,0.90000004,14.149761
141921,2023-04-27,NY63/2,130.84,8.064667,0.90000004,14.149761
141922,2023-04-27,TF03/37,17.66,8.064667,0.90000004,14.149761
141923,2023-04-27,NO20/14,36.77,8.064667,0.90000004,14.149761
141924,2023-04-27,SJ15/13,79.865,8.064667,0.90000004,14.149761
141925,2023-04-27,TR14/9,77.14,8.064667,0.90000004,14.149761
141926,2023-04-27,TL33/67,83.61,8.064667,0.90000004,14.149761
141927,2023-04-27,SU01/5B,96.75,8.064667,0.90000004,14.149761
141928,2023-04-27,ID30/1,114.71,8.064667,0.90000004,14.149761
141929,2023-04-27,SY68/34,70.3,8.064667,0.90000004,14.149761
141930,2023-04-27,SE94/5,18.14,8.064667,0.90000004,14.149761
141931,2023-04-27,TF81/2A,42.83,8.064667,0.90000004,14.149761
141932,2023-04-27,SU17/57,141.77,8.064667,0.90000004,14.149761
141933,2023-04-27,NH95/17,29.5,8.064667,0.90000004,14.149761
141934,2023-04-27,SP00/62,102.66,8.064667,0.90000004,14.149761
141935,2023-04-27,SU81/1,66.05,8.064667,0.90000004,14.149761
141936,2023-04-27,SN00/11,11.7848,8.064667,0.90000004,14.149761
141937,2023-04-27,ST07/10,67.6826,8.064667,0.90000004,14.149761
141938,2023-04-27,SE95/6,24.73,8.064667,0.90000004,14.149761
141939,2023-04-27,TA10/63,17.96,8.064667,0.90000004,14.149761
141940,2023-04-27,SJ62/235,54.46,8.064667,0.90000004,14.149761
141941,2023-04-27,SU71/23,54.56,8.064667,0.90000004,14.149761
141942,2023-04-27,TL44/12,47.13,8.064667,0.90000004,14.149761
141943,2023-04-27,TQ25/86,98.58,8.064667,0.90000004,14.149761
141944,2023-04-28,TL33/67,83.61,10.0771675,1.0000001,7.0031924
141945,2023-04-28,ID30/1,114.6,10.0771675,1.0000001,7.0031924
141946,2023-04-28,NY63/2,130.87,10.0771675,1.0000001,7.0031924
141947,2023-04-28,TR14/9,77.19,10.0771675,1.0000001,7.0031924
141948,2023-04-28,NH95/17,29.5,10.0771675,1.0000001,7.0031924
141949,2023-04-28,TF03/37,17.7,10.0771675,1.0000001,7.0031924
141950,2023-04-28,TL33/4,80.44,10.0771675,1.0000001,7.0031924
141951,2023-04-28,TF81/2A,42.83,10.0771675,1.0000001,7.0031924
141952,2023-04-28,SJ15/13,79.889,10.0771675,1.0000001,7.0031924
141953,2023-04-28,SE94/5,18.22,10.0771675,1.0000001,7.0031924
141954,2023-04-28,SU17/57,141.65,10.0771675,1.0000001,7.0031924
141955,2023-04-28,SY68/34,70.33,10.0771675,1.0000001,7.0031924
141956,2023-04-28,SP00/62,102.68,10.0771675,1.0000001,7.0031924
141957,2023-04-28,SU01/5B,96.46,10.0771675,1.0000001,7.0031924
141958,2023-04-28,NO20/14,36.76,10.0771675,1.0000001,7.0031924
141959,2023-04-28,SU71/23,54.41,10.0771675,1.0000001,7.0031924
141960,2023-04-28,SU81/1,65.72,10.0771675,1.0000001,7.0031924
141961,2023-04-28,ST07/10,67.2593,10.0771675,1.0000001,7.0031924
141962,2023-04-28,SJ62/235,54.45,10.0771675,1.0000001,7.0031924
141963,2023-04-28,SN00/11,11.7025,10.0771675,1.0000001,7.0031924
141964,2023-04-28,TL44/12,47.1,10.0771675,1.0000001,7.0031924
141965,2023-04-28,SE95/6,24.78,10.0771675,1.0000001,7.0031924
141966,2023-04-28,TQ25/86,98.61,10.0771675,1.0000001,7.0031924
141967,2023-04-28,TA10/63,18.0,10.0771675,1.0000001,7.0031924
141968,2023-04-29,SJ15/13,79.849,10.279251,1.6000001,9.268062
141969,2023-04-29,TF03/37,17.66,10.279251,1.6000001,9.268062
141970,2023-04-29,TL33/67,83.66,10.279251,1.6000001,9.268062
141971,2023-04-29,ID30/1,114.5,10.279251,1.6000001,9.268062
141972,2023-04-29,SU01/5B,96.14,10.279251,1.6000001,9.268062
141973,2023-04-29,NY63/2,130.82,10.279251,1.6000001,9.268062
141974,2023-04-29,SP00/62,102.64,10.279251,1.6000001,9.268062
141975,2023-04-29,TF81/2A,42.83,10.279251,1.6000001,9.268062
141976,2023-04-29,TL33/4,80.51,10.279251,1.6000001,9.268062
141977,2023-04-29,SE94/5,18.24,10.279251,1.6000001,9.268062
141978,2023-04-29,NH95/17,29.44,10.279251,1.6000001,9.268062
141979,2023-04-29,TR14/9,77.23,10.279251,1.6000001,9.268062
141980,2023-04-29,SU17/57,141.69,10.279251,1.6000001,9.268062
141981,2023-04-29,SY68/34,70.33,10.279251,1.6000001,9.268062
141982,2023-04-29,NO20/14,36.72,10.279251,1.6000001,9.268062
141983,2023-04-29,ST07/10,66.7923,10.279251,1.6000001,9.268062
141984,2023-04-29,SJ62/235,54.45,10.279251,1.6000001,9.268062
141985,2023-04-29,SU81/1,65.37,10.279251,1.6000001,9.268062
141986,2023-04-29,TL44/12,47.1,10.279251,1.6000001,9.268062
141987,2023-04-29,SN00/11,11.6279,10.279251,1.6000001,9.268062
141988,2023-04-29,SE95/6,24.81,10.279251,1.6000001,9.268062
141989,2023-04-29,SU71/23,54.23,10.279251,1.6000001,9.268062
141990,2023-04-29,TA10/63,18.04,10.279251,1.6000001,9.268062
141991,2023-04-29,TQ25/86,98.63,10.279251,1.6000001,9.268062
141992,2023-04-30,SY68/34,70.31,11.035502,8.4,14.014645
141993,2023-04-30,NO20/14,36.74,11.035502,8.4,14.014645
141994,2023-04-30,TF81/2A,42.83,11.035502,8.4,14.014645
141995,2023-04-30,SU17/57,141.67,11.035502,8.4,14.014645
141996,2023-04-30,SP00/62,102.62,11.035502,8.4,14.014645
141997,2023-04-30,TR14/9,77.26,11.035502,8.4,14.014645
141998,2023-04-30,SU01/5B,95.81,11.035502,8.4,14.014645
141999,2023-04-30,ID30/1,114.48,11.035502,8.4,14.014645
142000,2023-04-30,SJ15/13,79.843,11.035502,8.4,14.014645
142001,2023-04-30,TF03/37,17.67,11.035502,8.4,14.014645
142002,2023-04-30,TL33/4,80.58,11.035502,8.4,14.014645
142003,2023-04-30,NY63/2,130.8,11.035502,8.4,14.014645
142004,2023-04-30,TL33/67,83.75,11.035502,8.4,14.014645
142005,2023-04-30,SE94/5,18.26,11.035502,8.4,14.014645
142006,2023-04-30,NH95/17,29.41,11.035502,8.4,14.014645
142007,2023-04-30,TL44/12,47.1,11.035502,8.4,14.014645
142008,2023-04-30,SJ62/235,54.45,11.035502,8.4,14.014645
142009,2023-04-30,SU71/23,54.05,11.035502,8.4,14.014645
142010,2023-04-30,SN00/11,11.6038,11.035502,8.4,14.014645
142011,2023-04-30,TQ25/86,98.65,11.035502,8.4,14.014645
142012,2023-04-30,ST07/10,66.504,11.035502,8.4,14.014645
142013,2023-04-30,TA10/63,18.08,11.035502,8.4,14.014645
142014,2023-04-30,SE95/6,24.83,11.035502,8.4,14.014645
142015,2023-04-30,SU81/1,65.02,11.035502,8.4,14.014645
142016,2023-05-01,NH95/17,29.41,10.61675,3.8000002,10.8844185
142017,2023-05-01,SE94/5,18.28,10.61675,3.8000002,10.8844185
142018,2023-05-01,SJ15/13,79.851,10.61675,3.8000002,10.8844185
142019,2023-05-01,ID30/1,114.5,10.61675,3.8000002,10.8844185
142020,2023-05-01,SY68/34,70.29,10.61675,3.8000002,10.8844185
142021,2023-05-01,SU01/5B,95.49,10.61675,3.8000002,10.8844185
142022,2023-05-01,TL33/4,80.65,10.61675,3.8000002,10.8844185
142023,2023-05-01,TF81/2A,42.83,10.61675,3.8000002,10.8844185
142024,2023-05-01,SU17/57,141.58,10.61675,3.8000002,10.8844185
142025,2023-05-01,NO20/14,36.72,10.61675,3.8000002,10.8844185
142026,2023-05-01,TR14/9,77.31,10.61675,3.8000002,10.8844185
142027,2023-05-01,TL33/67,83.78,10.61675,3.8000002,10.8844185
142028,2023-05-01,NY63/2,130.83,10.61675,3.8000002,10.8844185
142029,2023-05-01,TF03/37,17.72,10.61675,3.8000002,10.8844185
142030,2023-05-01,SP00/62,102.61,10.61675,3.8000002,10.8844185
142031,2023-05-01,TA10/63,18.1,10.61675,3.8000002,10.8844185
142032,2023-05-01,ST07/10,66.2098,10.61675,3.8000002,10.8844185
142033,2023-05-01,SN00/11,11.5225,10.61675,3.8000002,10.8844185
142034,2023-05-01,SU71/23,53.86,10.61675,3.8000002,10.8844185
142035,2023-05-01,SE95/6,24.81,10.61675,3.8000002,10.8844185
142036,2023-05-01,TQ25/86,98.65,10.61675,3.8000002,10.8844185
142037,2023-05-01,TL44/12,47.07,10.61675,3.8000002,10.8844185
142038,2023-05-01,SU81/1,64.64,10.61675,3.8000002,10.8844185
142039,2023-05-01,SJ62/235,54.45,10.61675,3.8000002,10.8844185
142040,2023-05-02,SE94/5,18.24,9.802167,0.5,10.752828
142041,2023-05-02,TF03/37,17.64,9.802167,0.5,10.752828
142042,2023-05-02,SJ15/13,79.826,9.802167,0.5,10.752828
142043,2023-05-02,SP00/62,102.59,9.802167,0.5,10.752828
142044,2023-05-02,NH95/17,29.39,9.802167,0.5,10.752828
142045,2023-05-02,TL33/67,83.8,9.802167,0.5,10.752828
142046,2023-05-02,TR14/9,77.34,9.802167,0.5,10.752828
142047,2023-05-02,TL33/4,80.72,9.802167,0.5,10.752828
142048,2023-05-02,ID30/1,114.44,9.802167,0.5,10.752828
142049,2023-05-02,NO20/14,36.69,9.802167,0.5,10.752828
142050,2023-05-02,SU17/57,141.56,9.802167,0.5,10.752828
142051,2023-05-02,SY68/34,70.26,9.802167,0.5,10.752828
142052,2023-05-02,TF81/2A,42.83,9.802167,0.5,10.752828
142053,2023-05-02,SU01/5B,95.17,9.802167,0.5,10.752828
142054,2023-05-02,NY63/2,130.79,9.802167,0.5,10.752828
142055,2023-05-02,TQ25/86,98.67,9.802167,0.5,10.752828
142056,2023-05-02,ST07/10,65.9861,9.802167,0.5,10.752828
142057,2023-05-02,TL44/12,47.07,9.802167,0.5,10.752828
142058,2023-05-02,SE95/6,24.78,9.802167,0.5,10.752828
142059,2023-05-02,TA10/63,18.13,9.802167,0.5,10.752828
142060,2023-05-02,SU71/23,53.64,9.802167,0.5,10.752828
142061,2023-05-02,SJ62/235,54.44,9.802167,0.5,10.752828
142062,2023-05-02,SN00/11,11.4561,9.802167,0.5,10.752828
142063,2023-05-02,SU81/1,64.25,9.802167,0.5,10.752828
142064,2023-05-03,SU01/5B,94.85,10.927167,0.0,13.249714
142065,2023-05-03,TF81/2A,42.83,10.927167,0.0,13.249714
142066,2023-05-03,SY68/34,70.22,10.927167,0.0,13.249714
142067,2023-05-03,SE94/5,18.3,10.927167,0.0,13.249714
142068,2023-05-03,NO20/14,36.69,10.927167,0.0,13.249714
142069,2023-05-03,SU17/57,141.52,10.927167,0.0,13.249714
142070,2023-05-03,TL33/4,80.79,10.927167,0.0,13.249714
142071,2023-05-03,TF03/37,17.62,10.927167,0.0,13.249714
142072,2023-05-03,TL33/67,83.92,10.927167,0.0,13.249714
142073,2023-05-03,TR14/9,77.37,10.927167,0.0,13.249714
142074,2023-05-03,NH95/17,29.38,10.927167,0.0,13.249714
142075,2023-05-03,SP00/62,102.57,10.927167,0.0,13.249714
142076,2023-05-03,NY63/2,130.77,10.927167,0.0,13.249714
142077,2023-05-03,SJ15/13,79.816,10.927167,0.0,13.249714
142078,2023-05-03,ID30/1,114.38,10.927167,0.0,13.249714
142079,2023-05-03,SU71/23,53.44,10.927167,0.0,13.249714
142080,2023-05-03,SU81/1,63.88,10.927167,0.0,13.249714
142081,2023-05-03,TQ25/86,98.7,10.927167,0.0,13.249714
142082,2023-05-03,TA10/63,18.16,10.927167,0.0,13.249714
142083,2023-05-03,ST07/10,65.7924,10.927167,0.0,13.249714
142084,2023-05-03,TL44/12,47.1,10.927167,0.0,13.249714
142085,2023-05-03,SE95/6,24.74,10.927167,0.0,13.249714
142086,2023-05-03,SN00/11,11.4015,10.927167,0.0,13.249714
142087,2023-05-03,SJ62/235,54.45,10.927167,0.0,13.249714
142088,2023-05-04,ID30/1,114.32,8.352168,0.8,18.46317
142089,2023-05-04,SU17/57,141.38,8.352168,0.8,18.46317
142090,2023-05-04,NO20/14,36.7,8.352168,0.8,18.46317
142091,2023-05-04,TL33/67,84.02,8.352168,0.8,18.46317
142092,2023-05-04,NH95/17,29.36,8.352168,0.8,18.46317
142093,2023-05-04,SY68/34,70.19,8.352168,0.8,18.46317
142094,2023-05-04,TL33/4,80.87,8.352168,0.8,18.46317
142095,2023-05-04,SE94/5,18.33,8.352168,0.8,18.46317
142096,2023-05-04,TF81/2A,42.83,8.352168,0.8,18.46317
142097,2023-05-04,NY63/2,130.79,8.352168,0.8,18.46317
142098,2023-05-04,SU01/5B,94.56,8.352168,0.8,18.46317
142099,2023-05-04,TR14/9,77.43,8.352168,0.8,18.46317
142100,2023-05-04,SP00/62,102.56,8.352168,0.8,18.46317
142101,2023-05-04,SJ15/13,79.831,8.352168,0.8,18.46317
142102,2023-05-04,TF03/37,17.62,8.352168,0.8,18.46317
142103,2023-05-04,SU71/23,53.23,8.352168,0.8,18.46317
142104,2023-05-04,TA10/63,18.21,8.352168,0.8,18.46317
142105,2023-05-04,TL44/12,47.11,8.352168,0.8,18.46317
142106,2023-05-04,SE95/6,24.71,8.352168,0.8,18.46317
142107,2023-05-04,TQ25/86,98.71,8.352168,0.8,18.46317
142108,2023-05-04,SN00/11,11.3509,8.352168,0.8,18.46317
142109,2023-05-04,ST07/10,65.5574,8.352168,0.8,18.46317
142110,2023-05-04,SJ62/235,54.45,8.352168,0.8,18.46317
142111,2023-05-04,SU81/1,63.51,8.352168,0.8,18.46317
142112,2023-05-05,TL33/67,84.04,12.1855,1.7,11.716017
142113,2023-05-05,TL33/4,80.94,12.1855,1.7,11.716017
142114,2023-05-05,NY63/2,130.84,12.1855,1.7,11.716017
142115,2023-05-05,TR14/9,77.46,12.1855,1.7,11.716017
142116,2023-05-05,SE94/5,18.36,12.1855,1.7,11.716017
142117,2023-05-05,TF81/2A,42.83,12.1855,1.7,11.716017
142118,2023-05-05,SU01/5B,94.28,12.1855,1.7,11.716017
142119,2023-05-05,SP00/62,102.55,12.1855,1.7,11.716017
142120,2023-05-05,SJ15/13,79.867,12.1855,1.7,11.716017
142121,2023-05-05,SY68/34,70.18,12.1855,1.7,11.716017
142122,2023-05-05,SU17/57,141.24,12.1855,1.7,11.716017
142123,2023-05-05,TF03/37,17.66,12.1855,1.7,11.716017
142124,2023-05-05,NO20/14,36.71,12.1855,1.7,11.716017
142125,2023-05-05,NH95/17,29.38,12.1855,1.7,11.716017
142126,2023-05-05,ID30/1,114.3,12.1855,1.7,11.716017
142127,2023-05-05,TA10/63,18.24,12.1855,1.7,11.716017
142128,2023-05-05,SJ62/235,54.45,12.1855,1.7,11.716017
142129,2023-05-05,SU81/1,63.13,12.1855,1.7,11.716017
142130,2023-05-05,TL44/12,47.1,12.1855,1.7,11.716017
142131,2023-05-05,SE95/6,24.66,12.1855,1.7,11.716017
142132,2023-05-05,SU71/23,53.0,12.1855,1.7,11.716017
142133,2023-05-05,TQ25/86,98.72,12.1855,1.7,11.716017
142134,2023-05-05,SN00/11,11.2719,12.1855,1.7,11.716017
142135,2023-05-05,ST07/10,65.3108,12.1855,1.7,11.716017
142136,2023-05-06,SU17/57,141.16,12.987583,10.8,7.75286
142137,2023-05-06,TF81/2A,42.85,12.987583,10.8,7.75286
142138,2023-05-06,SE94/5,18.33,12.987583,10.8,7.75286
142139,2023-05-06,SY68/34,70.14,12.987583,10.8,7.75286
142140,2023-05-06,TR14/9,77.48,12.987583,10.8,7.75286
142141,2023-05-06,NH95/17,29.38,12.987583,10.8,7.75286
142142,2023-05-06,SP00/62,102.53,12.987583,10.8,7.75286
142143,2023-05-06,SJ15/13,79.863,12.987583,10.8,7.75286
142144,2023-05-06,TL33/67,84.1,12.987583,10.8,7.75286
142145,2023-05-06,TL33/4,81.01,12.987583,10.8,7.75286
142146,2023-05-06,SU01/5B,94.0,12.987583,10.8,7.75286
142147,2023-05-06,ID30/1,114.52,12.987583,10.8,7.75286
142148,2023-05-06,NY63/2,130.82,12.987583,10.8,7.75286
142149,2023-05-06,TF03/37,17.61,12.987583,10.8,7.75286
142150,2023-05-06,NO20/14,36.69,12.987583,10.8,7.75286
142151,2023-05-06,ST07/10,65.2798,12.987583,10.8,7.75286
142152,2023-05-06,SJ62/235,54.45,12.987583,10.8,7.75286
142153,2023-05-06,SU71/23,52.77,12.987583,10.8,7.75286
142154,2023-05-06,SU81/1,62.76,12.987583,10.8,7.75286
142155,2023-05-06,SE95/6,24.6,12.987583,10.8,7.75286
142156,2023-05-06,SN00/11,11.1891,12.987583,10.8,7.75286
142157,2023-05-06,TL44/12,47.08,12.987583,10.8,7.75286
142158,2023-05-06,TA10/63,18.26,12.987583,10.8,7.75286
142159,2023-05-06,TQ25/86,98.72,12.987583,10.8,7.75286
142160,2023-05-07,SP00/62,102.56,13.637581,1.3000002,6.634391
142161,2023-05-07,NO20/14,36.68,13.637581,1.3000002,6.634391
142162,2023-05-07,NH95/17,29.36,13.637581,1.3000002,6.634391
142163,2023-05-07,SJ15/13,79.845,13.637581,1.3000002,6.634391
142164,2023-05-07,ID30/1,114.52,13.637581,1.3000002,6.634391
142165,2023-05-07,SY68/34,70.22,13.637581,1.3000002,6.634391
142166,2023-05-07,TF81/2A,42.85,13.637581,1.3000002,6.634391
142167,2023-05-07,SE94/5,18.34,13.637581,1.3000002,6.634391
142168,2023-05-07,TF03/37,17.64,13.637581,1.3000002,6.634391
142169,2023-05-07,TL33/67,84.09,13.637581,1.3000002,6.634391
142170,2023-05-07,SU01/5B,93.73,13.637581,1.3000002,6.634391
142171,2023-05-07,NY63/2,130.81,13.637581,1.3000002,6.634391
142172,2023-05-07,SU17/57,141.08,13.637581,1.3000002,6.634391
142173,2023-05-07,TR14/9,77.51,13.637581,1.3000002,6.634391
142174,2023-05-07,TL33/4,81.09,13.637581,1.3000002,6.634391
142175,2023-05-07,SU81/1,62.38,13.637581,1.3000002,6.634391
142176,2023-05-07,ST07/10,65.1272,13.637581,1.3000002,6.634391
142177,2023-05-07,TQ25/86,98.74,13.637581,1.3000002,6.634391
142178,2023-05-07,TA10/63,18.28,13.637581,1.3000002,6.634391
142179,2023-05-07,SJ62/235,54.44,13.637581,1.3000002,6.634391
142180,2023-05-07,TL44/12,47.08,13.637581,1.3000002,6.634391
142181,2023-05-07,SN00/11,11.1086,13.637581,1.3000002,6.634391
142182,2023-05-07,SU71/23,52.53,13.637581,1.3000002,6.634391
142183,2023-05-07,SE95/6,24.52,13.637581,1.3000002,6.634391
142184,2023-05-08,SU01/5B,93.44,12.6813345,11.3,15.129842
142185,2023-05-08,TL33/67,84.19,12.6813345,11.3,15.129842
142186,2023-05-08,NO20/14,36.69,12.6813345,11.3,15.129842
142187,2023-05-08,TL33/4,81.16,12.6813345,11.3,15.129842
142188,2023-05-08,SP00/62,102.51,12.6813345,11.3,15.129842
142189,2023-05-08,TF03/37,17.57,12.6813345,11.3,15.129842
142190,2023-05-08,NH95/17,29.35,12.6813345,11.3,15.129842
142191,2023-05-08,SJ15/13,79.824,12.6813345,11.3,15.129842
142192,2023-05-08,NY63/2,130.78,12.6813345,11.3,15.129842
142193,2023-05-08,TF81/2A,42.87,12.6813345,11.3,15.129842
142194,2023-05-08,SY68/34,70.19,12.6813345,11.3,15.129842
142195,2023-05-08,TR14/9,77.53,12.6813345,11.3,15.129842
142196,2023-05-08,SE94/5,18.41,12.6813345,11.3,15.129842
142197,2023-05-08,ID30/1,114.53,12.6813345,11.3,15.129842
142198,2023-05-08,SU17/57,141.05,12.6813345,11.3,15.129842
142199,2023-05-08,TL44/12,47.08,12.6813345,11.3,15.129842
142200,2023-05-08,ST07/10,65.4057,12.6813345,11.3,15.129842
142201,2023-05-08,TQ25/86,98.77,12.6813345,11.3,15.129842
142202,2023-05-08,SE95/6,24.46,12.6813345,11.3,15.129842
142203,2023-05-08,SN00/11,11.1728,12.6813345,11.3,15.129842
142204,2023-05-08,TA10/63,18.31,12.6813345,11.3,15.129842
142205,2023-05-08,SU71/23,52.29,12.6813345,11.3,15.129842
142206,2023-05-08,SJ62/235,54.45,12.6813345,11.3,15.129842
142207,2023-05-08,SU81/1,62.0,12.6813345,11.3,15.129842
142208,2023-05-09,TL33/67,84.26,12.623,0.6,9.0063095
142209,2023-05-09,TF03/37,17.59,12.623,0.6,9.0063095
142210,2023-05-09,SU01/5B,93.17,12.623,0.6,9.0063095
142211,2023-05-09,SJ15/13,79.84,12.623,0.6,9.0063095
142212,2023-05-09,SP00/62,102.57,12.623,0.6,9.0063095
142213,2023-05-09,TR14/9,77.58,12.623,0.6,9.0063095
142214,2023-05-09,SY68/34,70.27,12.623,0.6,9.0063095
142215,2023-05-09,NY63/2,130.82,12.623,0.6,9.0063095
142216,2023-05-09,NH95/17,29.37,12.623,0.6,9.0063095
142217,2023-05-09,SE94/5,18.43,12.623,0.6,9.0063095
142218,2023-05-09,ID30/1,114.53,12.623,0.6,9.0063095
142219,2023-05-09,TF81/2A,42.89,12.623,0.6,9.0063095
142220,2023-05-09,TL33/4,81.24,12.623,0.6,9.0063095
142221,2023-05-09,SU17/57,140.91,12.623,0.6,9.0063095
142222,2023-05-09,NO20/14,36.69,12.623,0.6,9.0063095
142223,2023-05-09,SU81/1,61.65,12.623,0.6,9.0063095
142224,2023-05-09,SJ62/235,54.45,12.623,0.6,9.0063095
142225,2023-05-09,SE95/6,24.39,12.623,0.6,9.0063095
142226,2023-05-09,TA10/63,18.33,12.623,0.6,9.0063095
142227,2023-05-09,SU71/23,52.07,12.623,0.6,9.0063095
142228,2023-05-09,SN00/11,11.2557,12.623,0.6,9.0063095
142229,2023-05-09,TL44/12,47.12,12.623,0.6,9.0063095
142230,2023-05-09,TQ25/86,98.81,12.623,0.6,9.0063095
142231,2023-05-09,ST07/10,66.6978,12.623,0.6,9.0063095
142232,2023-05-10,SU17/57,140.8,10.8605,5.1999993,9.887372
142233,2023-05-10,NH95/17,29.35,10.8605,5.1999993,9.887372
142234,2023-05-10,SJ15/13,79.839,10.8605,5.1999993,9.887372
142235,2023-05-10,SE94/5,18.46,10.8605,5.1999993,9.887372
142236,2023-05-10,SY68/34,70.3,10.8605,5.1999993,9.887372
142237,2023-05-10,TR14/9,77.6,10.8605,5.1999993,9.887372
142238,2023-05-10,TF81/2A,42.9,10.8605,5.1999993,9.887372
142239,2023-05-10,NY63/2,130.82,10.8605,5.1999993,9.887372
142240,2023-05-10,TL33/67,84.26,10.8605,5.1999993,9.887372
142241,2023-05-10,SP00/62,102.57,10.8605,5.1999993,9.887372
142242,2023-05-10,NO20/14,36.67,10.8605,5.1999993,9.887372
142243,2023-05-10,SU01/5B,92.94,10.8605,5.1999993,9.887372
142244,2023-05-10,ID30/1,114.54,10.8605,5.1999993,9.887372
142245,2023-05-10,TF03/37,17.57,10.8605,5.1999993,9.887372
142246,2023-05-10,TL33/4,81.31,10.8605,5.1999993,9.887372
142247,2023-05-10,SE95/6,24.3,10.8605,5.1999993,9.887372
142248,2023-05-10,TA10/63,18.34,10.8605,5.1999993,9.887372
142249,2023-05-10,SU71/23,51.84,10.8605,5.1999993,9.887372
142250,2023-05-10,SN00/11,11.3099,10.8605,5.1999993,9.887372
142251,2023-05-10,SU81/1,61.3,10.8605,5.1999993,9.887372
142252,2023-05-10,TQ25/86,98.83,10.8605,5.1999993,9.887372
142253,2023-05-10,TL44/12,47.32,10.8605,5.1999993,9.887372
142254,2023-05-10,ST07/10,67.5526,10.8605,5.1999993,9.887372
142255,2023-05-10,SJ62/235,54.44,10.8605,5.1999993,9.887372
142256,2023-05-11,NH95/17,29.34,11.916752,6.8,6.726231
142257,2023-05-11,NO20/14,36.63,11.916752,6.8,6.726231
142258,2023-05-11,SP00/62,102.6,11.916752,6.8,6.726231
142259,2023-05-11,TF81/2A,42.91,11.916752,6.8,6.726231
142260,2023-05-11,SU17/57,140.74,11.916752,6.8,6.726231
142261,2023-05-11,NY63/2,130.8,11.916752,6.8,6.726231
142262,2023-05-11,SY68/34,70.35,11.916752,6.8,6.726231
142263,2023-05-11,SU01/5B,92.68,11.916752,6.8,6.726231
142264,2023-05-11,SE94/5,18.41,11.916752,6.8,6.726231
142265,2023-05-11,TR14/9,77.62,11.916752,6.8,6.726231
142266,2023-05-11,ID30/1,114.51,11.916752,6.8,6.726231
142267,2023-05-11,TF03/37,17.51,11.916752,6.8,6.726231
142268,2023-05-11,SJ15/13,79.822,11.916752,6.8,6.726231
142269,2023-05-11,TL33/4,81.38,11.916752,6.8,6.726231
142270,2023-05-11,TL33/67,84.26,11.916752,6.8,6.726231
142271,2023-05-11,ST07/10,67.726,11.916752,6.8,6.726231
142272,2023-05-11,SE95/6,24.21,11.916752,6.8,6.726231
142273,2023-05-11,TL44/12,47.65,11.916752,6.8,6.726231
142274,2023-05-11,SU81/1,60.93,11.916752,6.8,6.726231
142275,2023-05-11,TQ25/86,98.83,11.916752,6.8,6.726231
142276,2023-05-11,SN00/11,11.2986,11.916752,6.8,6.726231
142277,2023-05-11,SJ62/235,54.43,11.916752,6.8,6.726231
142278,2023-05-11,SU71/23,51.59,11.916752,6.8,6.726231
142279,2023-05-11,TA10/63,18.34,11.916752,6.8,6.726231
142280,2023-05-12,TF81/2A,42.93,11.081333,0.0,9.521449
142281,2023-05-12,SP00/62,102.61,11.081333,0.0,9.521449
142282,2023-05-12,NO20/14,36.6,11.081333,0.0,9.521449
142283,2023-05-12,NY63/2,130.75,11.081333,0.0,9.521449
142284,2023-05-12,TL33/67,84.26,11.081333,0.0,9.521449
142285,2023-05-12,SY68/34,70.39,11.081333,0.0,9.521449
142286,2023-05-12,SU01/5B,92.44,11.081333,0.0,9.521449
142287,2023-05-12,TL33/4,81.45,11.081333,0.0,9.521449
142288,2023-05-12,NH95/17,29.32,11.081333,0.0,9.521449
142289,2023-05-12,ID30/1,114.47,11.081333,0.0,9.521449
142290,2023-05-12,TF03/37,17.44,11.081333,0.0,9.521449
142291,2023-05-12,SU17/57,140.69,11.081333,0.0,9.521449
142292,2023-05-12,SJ15/13,79.787,11.081333,0.0,9.521449
142293,2023-05-12,SE94/5,18.47,11.081333,0.0,9.521449
142294,2023-05-12,TR14/9,77.63,11.081333,0.0,9.521449
142295,2023-05-12,TA10/63,18.34,11.081333,0.0,9.521449
142296,2023-05-12,SE95/6,24.11,11.081333,0.0,9.521449
142297,2023-05-12,SN00/11,11.246,11.081333,0.0,9.521449
142298,2023-05-12,SU71/23,51.34,11.081333,0.0,9.521449
142299,2023-05-12,ST07/10,67.5317,11.081333,0.0,9.521449
142300,2023-05-12,SJ62/235,54.43,11.081333,0.0,9.521449
142301,2023-05-12,SU81/1,60.56,11.081333,0.0,9.521449
142302,2023-05-12,TL44/12,47.83,11.081333,0.0,9.521449
142303,2023-05-12,TQ25/86,98.83,11.081333,0.0,9.521449
142304,2023-05-13,SE94/5,18.47,11.7355,0.0,4.328794
142305,2023-05-13,SY68/34,70.42,11.7355,0.0,4.328794
142306,2023-05-13,TL33/67,84.33,11.7355,0.0,4.328794
142307,2023-05-13,SU01/5B,92.28,11.7355,0.0,4.328794
142308,2023-05-13,TF03/37,17.44,11.7355,0.0,4.328794
142309,2023-05-13,NO20/14,36.62,11.7355,0.0,4.328794
142310,2023-05-13,TF81/2A,42.95,11.7355,0.0,4.328794
142311,2023-05-13,SU17/57,140.7,11.7355,0.0,4.328794
142312,2023-05-13,ID30/1,114.4,11.7355,0.0,4.328794
142313,2023-05-13,SP00/62,102.62,11.7355,0.0,4.328794
142314,2023-05-13,TL33/4,81.52,11.7355,0.0,4.328794
142315,2023-05-13,NH95/17,29.32,11.7355,0.0,4.328794
142316,2023-05-13,NY63/2,130.73,11.7355,0.0,4.328794
142317,2023-05-13,TR14/9,77.63,11.7355,0.0,4.328794
142318,2023-05-13,SJ15/13,79.763,11.7355,0.0,4.328794
142319,2023-05-13,TA10/63,18.35,11.7355,0.0,4.328794
142320,2023-05-13,SU71/23,51.09,11.7355,0.0,4.328794
142321,2023-05-13,TQ25/86,98.85,11.7355,0.0,4.328794
142322,2023-05-13,SE95/6,24.02,11.7355,0.0,4.328794
142323,2023-05-13,ST07/10,67.1696,11.7355,0.0,4.328794
142324,2023-05-13,SU81/1,60.2,11.7355,0.0,4.328794
142325,2023-05-13,SN00/11,11.196,11.7355,0.0,4.328794
142326,2023-05-13,SJ62/235,54.43,11.7355,0.0,4.328794
142327,2023-05-13,TL44/12,47.9,11.7355,0.0,4.328794
142328,2023-05-14,SJ15/13,79.779,11.060501,3.2000003,11.663776
142329,2023-05-14,NY63/2,130.76,11.060501,3.2000003,11.663776
142330,2023-05-14,NH95/17,29.33,11.060501,3.2000003,11.663776
142331,2023-05-14,TL33/4,81.58,11.060501,3.2000003,11.663776
142332,2023-05-14,SE94/5,18.48,11.060501,3.2000003,11.663776
142333,2023-05-14,SP00/62,102.62,11.060501,3.2000003,11.663776
142334,2023-05-14,TF81/2A,42.97,11.060501,3.2000003,11.663776
142335,2023-05-14,TR14/9,77.65,11.060501,3.2000003,11.663776
142336,2023-05-14,ID30/1,114.38,11.060501,3.2000003,11.663776
142337,2023-05-14,SU17/57,140.57,11.060501,3.2000003,11.663776
142338,2023-05-14,TF03/37,17.52,11.060501,3.2000003,11.663776
142339,2023-05-14,NO20/14,36.64,11.060501,3.2000003,11.663776
142340,2023-05-14,SU01/5B,92.3,11.060501,3.2000003,11.663776
142341,2023-05-14,TL33/67,84.41,11.060501,3.2000003,11.663776
142342,2023-05-14,SY68/34,70.45,11.060501,3.2000003,11.663776
142343,2023-05-14,ST07/10,66.6573,11.060501,3.2000003,11.663776
142344,2023-05-14,SJ62/235,54.43,11.060501,3.2000003,11.663776
142345,2023-05-14,SN00/11,11.1421,11.060501,3.2000003,11.663776
142346,2023-05-14,TQ25/86,98.84,11.060501,3.2000003,11.663776
142347,2023-05-14,SE95/6,23.94,11.060501,3.2000003,11.663776
142348,2023-05-14,SU71/23,50.85,11.060501,3.2000003,11.663776
142349,2023-05-14,TA10/63,18.37,11.060501,3.2000003,11.663776
142350,2023-05-14,TL44/12,47.88,11.060501,3.2000003,11.663776
142351,2023-05-14,SU81/1,59.88,11.060501,3.2000003,11.663776
142352,2023-05-15,TF03/37,17.52,8.989667,0.9000001,12.83821
142353,2023-05-15,SJ15/13,79.786,8.989667,0.9000001,12.83821
142354,2023-05-15,TR14/9,77.66,8.989667,0.9000001,12.83821
142355,2023-05-15,NO20/14,36.63,8.989667,0.9000001,12.83821
142356,2023-05-15,SE94/5,18.5,8.989667,0.9000001,12.83821
142357,2023-05-15,ID30/1,114.31,8.989667,0.9000001,12.83821
142358,2023-05-15,TL33/67,84.4,8.989667,0.9000001,12.83821
142359,2023-05-15,NH95/17,29.32,8.989667,0.9000001,12.83821
142360,2023-05-15,TF81/2A,42.98,8.989667,0.9000001,12.83821
142361,2023-05-15,SU01/5B,92.46,8.989667,0.9000001,12.83821
142362,2023-05-15,SP00/62,102.61,8.989667,0.9000001,12.83821
142363,2023-05-15,TL33/4,81.65,8.989667,0.9000001,12.83821
142364,2023-05-15,NY63/2,130.78,8.989667,0.9000001,12.83821
142365,2023-05-15,SY68/34,70.47,8.989667,0.9000001,12.83821
142366,2023-05-15,SU17/57,140.41,8.989667,0.9000001,12.83821
142367,2023-05-15,SU71/23,50.59,8.989667,0.9000001,12.83821
142368,2023-05-15,TQ25/86,98.84,8.989667,0.9000001,12.83821
142369,2023-05-15,SN00/11,11.0721,8.989667,0.9000001,12.83821
142370,2023-05-15,TL44/12,47.82,8.989667,0.9000001,12.83821
142371,2023-05-15,SU81/1,59.57,8.989667,0.9000001,12.83821
142372,2023-05-15,SE95/6,23.84,8.989667,0.9000001,12.83821
142373,2023-05-15,TA10/63,18.37,8.989667,0.9000001,12.83821
142374,2023-05-15,ST07/10,66.0691,8.989667,0.9000001,12.83821
142375,2023-05-15,SJ62/235,54.43,8.989667,0.9000001,12.83821
142376,2023-05-16,TF81/2A,43.0,10.275084,0.90000004,15.089239
142377,2023-05-16,TL33/4,81.72,10.275084,0.90000004,15.089239
142378,2023-05-16,SP00/62,102.59,10.275084,0.90000004,15.089239
142379,2023-05-16,SY68/34,70.48,10.275084,0.90000004,15.089239
142380,2023-05-16,SE94/5,18.44,10.275084,0.90000004,15.089239
142381,2023-05-16,TF03/37,17.42,10.275084,0.90000004,15.089239
142382,2023-05-16,NH95/17,29.31,10.275084,0.90000004,15.089239
142383,2023-05-16,NY63/2,130.74,10.275084,0.90000004,15.089239
142384,2023-05-16,NO20/14,36.61,10.275084,0.90000004,15.089239
142385,2023-05-16,TR14/9,77.66,10.275084,0.90000004,15.089239
142386,2023-05-16,TL33/67,84.42,10.275084,0.90000004,15.089239
142387,2023-05-16,SU01/5B,92.75,10.275084,0.90000004,15.089239
142388,2023-05-16,SU17/57,140.37,10.275084,0.90000004,15.089239
142389,2023-05-16,SJ15/13,79.765,10.275084,0.90000004,15.089239
142390,2023-05-16,TL44/12,47.77,10.275084,0.90000004,15.089239
142391,2023-05-16,SU81/1,59.26,10.275084,0.90000004,15.089239
142392,2023-05-16,SJ62/235,54.42,10.275084,0.90000004,15.089239
142393,2023-05-16,SN00/11,11.0031,10.275084,0.90000004,15.089239
142394,2023-05-16,ST07/10,65.4719,10.275084,0.90000004,15.089239
142395,2023-05-16,SE95/6,23.74,10.275084,0.90000004,15.089239
142396,2023-05-16,SU71/23,50.35,10.275084,0.90000004,15.089239
142397,2023-05-16,TQ25/86,98.83,10.275084,0.90000004,15.089239
142398,2023-05-16,TA10/63,18.37,10.275084,0.90000004,15.089239
142399,2023-05-17,SY68/34,70.47,11.439668,0.3,7.4221544
142400,2023-05-17,TR14/9,77.65,11.439668,0.3,7.4221544
142401,2023-05-17,NY63/2,130.73,11.439668,0.3,7.4221544
142402,2023-05-17,SP00/62,102.57,11.439668,0.3,7.4221544
142403,2023-05-17,TF81/2A,43.01,11.439668,0.3,7.4221544
142404,2023-05-17,SU17/57,140.29,11.439668,0.3,7.4221544
142405,2023-05-17,SJ15/13,79.756,11.439668,0.3,7.4221544
142406,2023-05-17,SU01/5B,93.05,11.439668,0.3,7.4221544
142407,2023-05-17,SE94/5,18.49,11.439668,0.3,7.4221544
142408,2023-05-17,NO20/14,36.6,11.439668,0.3,7.4221544
142409,2023-05-17,TL33/67,84.45,11.439668,0.3,7.4221544
142410,2023-05-17,TL33/4,81.79,11.439668,0.3,7.4221544
142411,2023-05-17,TF03/37,17.39,11.439668,0.3,7.4221544
142412,2023-05-17,NH95/17,29.3,11.439668,0.3,7.4221544
142413,2023-05-17,ST07/10,64.9179,11.439668,0.3,7.4221544
142414,2023-05-17,TL44/12,47.72,11.439668,0.3,7.4221544
142415,2023-05-17,SU81/1,59.1,11.439668,0.3,7.4221544
142416,2023-05-17,SJ62/235,54.42,11.439668,0.3,7.4221544
142417,2023-05-17,TQ25/86,98.83,11.439668,0.3,7.4221544
142418,2023-05-17,SU71/23,50.11,11.439668,0.3,7.4221544
142419,2023-05-17,SN00/11,10.938,11.439668,0.3,7.4221544
142420,2023-05-17,SE95/6,23.65,11.439668,0.3,7.4221544
142421,2023-05-17,TA10/63,18.37,11.439668,0.3,7.4221544
142422,2023-05-18,TF81/2A,43.03,12.7355,0.5,8.660611
142423,2023-05-18,SP00/62,102.56,12.7355,0.5,8.660611
142424,2023-05-18,SU17/57,140.18,12.7355,0.5,8.660611
142425,2023-05-18,NY63/2,130.72,12.7355,0.5,8.660611
142426,2023-05-18,SY68/34,70.46,12.7355,0.5,8.660611
142427,2023-05-18,TR14/9,77.64,12.7355,0.5,8.660611
142428,2023-05-18,TL33/67,84.5,12.7355,0.5,8.660611
142429,2023-05-18,NH95/17,29.32,12.7355,0.5,8.660611
142430,2023-05-18,TL33/4,81.86,12.7355,0.5,8.660611
142431,2023-05-18,SE94/5,18.49,12.7355,0.5,8.660611
142432,2023-05-18,SU01/5B,93.3,12.7355,0.5,8.660611
142433,2023-05-18,NO20/14,36.61,12.7355,0.5,8.660611
142434,2023-05-18,TF03/37,17.32,12.7355,0.5,8.660611
142435,2023-05-18,SJ15/13,79.755,12.7355,0.5,8.660611
142436,2023-05-18,ST07/10,64.4156,12.7355,0.5,8.660611
142437,2023-05-18,SU71/23,49.87,12.7355,0.5,8.660611
142438,2023-05-18,TL44/12,47.68,12.7355,0.5,8.660611
142439,2023-05-18,SJ62/235,54.42,12.7355,0.5,8.660611
142440,2023-05-18,SE95/6,23.55,12.7355,0.5,8.660611
142441,2023-05-18,SN00/11,10.8721,12.7355,0.5,8.660611
142442,2023-05-18,TA10/63,18.37,12.7355,0.5,8.660611
142443,2023-05-18,TQ25/86,98.83,12.7355,0.5,8.660611
142444,2023-05-18,SU81/1,58.72,12.7355,0.5,8.660611
142445,2023-05-18,TM15/112,25.43,12.7355,0.5,8.660611
142446,2023-05-19,SU17/57,140.06,12.870917,1.4000001,7.550377
142447,2023-05-19,TL33/67,84.52,12.870917,1.4000001,7.550377
142448,2023-05-19,SY68/34,70.45,12.870917,1.4000001,7.550377
142449,2023-05-19,TR14/9,77.63,12.870917,1.4000001,7.550377
142450,2023-05-19,NY63/2,130.72,12.870917,1.4000001,7.550377
142451,2023-05-19,SP00/62,102.53,12.870917,1.4000001,7.550377
142452,2023-05-19,TF81/2A,43.04,12.870917,1.4000001,7.550377
142453,2023-05-19,SJ15/13,79.758,12.870917,1.4000001,7.550377
142454,2023-05-19,NO20/14,36.58,12.870917,1.4000001,7.550377
142455,2023-05-19,SE94/5,18.5,12.870917,1.4000001,7.550377
142456,2023-05-19,NH95/17,29.3,12.870917,1.4000001,7.550377
142457,2023-05-19,TF03/37,17.31,12.870917,1.4000001,7.550377
142458,2023-05-19,SU01/5B,93.48,12.870917,1.4000001,7.550377
142459,2023-05-19,TL33/4,81.92,12.870917,1.4000001,7.550377
142460,2023-05-19,TQ25/86,98.83,12.870917,1.4000001,7.550377
142461,2023-05-19,SN00/11,10.8059,12.870917,1.4000001,7.550377
142462,2023-05-19,TL44/12,47.65,12.870917,1.4000001,7.550377
142463,2023-05-19,SJ62/235,54.41,12.870917,1.4000001,7.550377
142464,2023-05-19,SU71/23,49.64,12.870917,1.4000001,7.550377
142465,2023-05-19,ST07/10,63.9435,12.870917,1.4000001,7.550377
142466,2023-05-19,TA10/63,18.37,12.870917,1.4000001,7.550377
142467,2023-05-19,SE95/6,23.46,12.870917,1.4000001,7.550377
142468,2023-05-19,SU81/1,58.46,12.870917,1.4000001,7.550377
142469,2023-05-20,TL33/4,81.99,13.891751,0.0,6.465643
142470,2023-05-20,TF03/37,17.29,13.891751,0.0,6.465643
142471,2023-05-20,TL33/67,84.59,13.891751,0.0,6.465643
142472,2023-05-20,NH95/17,29.3,13.891751,0.0,6.465643
142473,2023-05-20,SU17/57,139.96,13.891751,0.0,6.465643
142474,2023-05-20,SJ15/13,79.744,13.891751,0.0,6.465643
142475,2023-05-20,NO20/14,36.58,13.891751,0.0,6.465643
142476,2023-05-20,TF81/2A,43.06,13.891751,0.0,6.465643
142477,2023-05-20,TR14/9,77.62,13.891751,0.0,6.465643
142478,2023-05-20,NY63/2,130.71,13.891751,0.0,6.465643
142479,2023-05-20,SP00/62,102.5,13.891751,0.0,6.465643
142480,2023-05-20,SU81/1,58.2,13.891751,0.0,6.465643
142481,2023-05-20,SE94/5,18.48,13.891751,0.0,6.465643
142482,2023-05-20,ST07/10,63.492,13.891751,0.0,6.465643
142483,2023-05-20,TL44/12,47.62,13.891751,0.0,6.465643
142484,2023-05-20,TA10/63,18.38,13.891751,0.0,6.465643
142485,2023-05-20,SU71/23,49.43,13.891751,0.0,6.465643
142486,2023-05-20,SE95/6,23.37,13.891751,0.0,6.465643
142487,2023-05-20,SY68/34,70.44,13.891751,0.0,6.465643
142488,2023-05-20,TQ25/86,98.83,13.891751,0.0,6.465643
142489,2023-05-20,SJ62/235,54.41,13.891751,0.0,6.465643
142490,2023-05-20,SN00/11,10.7438,13.891751,0.0,6.465643
142491,2023-05-20,SU01/5B,93.58,13.891751,0.0,6.465643
142492,2023-05-21,NO20/14,36.58,14.243832,0.3,5.6814046
142493,2023-05-21,SJ15/13,79.759,14.243832,0.3,5.6814046
142494,2023-05-21,TF03/37,17.25,14.243832,0.3,5.6814046
142495,2023-05-21,TL33/67,84.62,14.243832,0.3,5.6814046
142496,2023-05-21,NY63/2,130.73,14.243832,0.3,5.6814046
142497,2023-05-21,TL33/4,82.05,14.243832,0.3,5.6814046
142498,2023-05-21,TF81/2A,43.08,14.243832,0.3,5.6814046
142499,2023-05-21,SP00/62,102.48,14.243832,0.3,5.6814046
142500,2023-05-21,NH95/17,29.3,14.243832,0.3,5.6814046
142501,2023-05-21,TR14/9,77.61,14.243832,0.3,5.6814046
142502,2023-05-21,SU17/57,139.81,14.243832,0.3,5.6814046
142503,2023-05-21,SU71/23,49.22,14.243832,0.3,5.6814046
142504,2023-05-21,ST07/10,63.0552,14.243832,0.3,5.6814046
142505,2023-05-21,SU81/1,57.95,14.243832,0.3,5.6814046
142506,2023-05-21,SU01/5B,93.55,14.243832,0.3,5.6814046
142507,2023-05-21,SE95/6,23.28,14.243832,0.3,5.6814046
142508,2023-05-21,TA10/63,18.38,14.243832,0.3,5.6814046
142509,2023-05-21,TQ25/86,98.82,14.243832,0.3,5.6814046
142510,2023-05-21,SE94/5,18.45,14.243832,0.3,5.6814046
142511,2023-05-21,TL44/12,47.58,14.243832,0.3,5.6814046
142512,2023-05-21,SY68/34,70.42,14.243832,0.3,5.6814046
142513,2023-05-21,SJ62/235,54.41,14.243832,0.3,5.6814046
142514,2023-05-21,SN00/11,10.6751,14.243832,0.3,5.6814046
142515,2023-05-22,TF03/37,17.2,13.333419,0.8000001,7.657171
142516,2023-05-22,SU17/57,139.68,13.333419,0.8000001,7.657171
142517,2023-05-22,NY63/2,130.73,13.333419,0.8000001,7.657171
142518,2023-05-22,TL33/67,84.61,13.333419,0.8000001,7.657171
142519,2023-05-22,SJ15/13,79.753,13.333419,0.8000001,7.657171
142520,2023-05-22,NH95/17,29.3,13.333419,0.8000001,7.657171
142521,2023-05-22,TF81/2A,43.09,13.333419,0.8000001,7.657171
142522,2023-05-22,NO20/14,36.57,13.333419,0.8000001,7.657171
142523,2023-05-22,SP00/62,102.45,13.333419,0.8000001,7.657171
142524,2023-05-22,TL33/4,82.12,13.333419,0.8000001,7.657171
142525,2023-05-22,TR14/9,77.6,13.333419,0.8000001,7.657171
142526,2023-05-22,TL44/12,47.53,13.333419,0.8000001,7.657171
142527,2023-05-22,ST07/10,62.6876,13.333419,0.8000001,7.657171
142528,2023-05-22,SU71/23,49.01,13.333419,0.8000001,7.657171
142529,2023-05-22,SE94/5,18.45,13.333419,0.8000001,7.657171
142530,2023-05-22,SU81/1,57.69,13.333419,0.8000001,7.657171
142531,2023-05-22,SU01/5B,93.46,13.333419,0.8000001,7.657171
142532,2023-05-22,SJ62/235,54.41,13.333419,0.8000001,7.657171
142533,2023-05-22,SY68/34,70.39,13.333419,0.8000001,7.657171
142534,2023-05-22,SN00/11,10.5992,13.333419,0.8000001,7.657171
142535,2023-05-22,TA10/63,18.37,13.333419,0.8000001,7.657171
142536,2023-05-22,SE95/6,23.19,13.333419,0.8000001,7.657171
142537,2023-05-22,TQ25/86,98.81,13.333419,0.8000001,7.657171
142538,2023-05-23,TL33/4,82.18,12.895916,0.0,9.928123
142539,2023-05-23,SU17/57,139.62,12.895916,0.0,9.928123
142540,2023-05-23,NY63/2,130.7,12.895916,0.0,9.928123
142541,2023-05-23,SJ15/13,79.732,12.895916,0.0,9.928123
142542,2023-05-23,TL33/67,84.63,12.895916,0.0,9.928123
142543,2023-05-23,TF81/2A,43.1,12.895916,0.0,9.928123
142544,2023-05-23,NO20/14,36.55,12.895916,0.0,9.928123
142545,2023-05-23,TR14/9,77.58,12.895916,0.0,9.928123
142546,2023-05-23,NH95/17,29.22,12.895916,0.0,9.928123
142547,2023-05-23,SP00/62,102.41,12.895916,0.0,9.928123
142548,2023-05-23,TF03/37,17.14,12.895916,0.0,9.928123
142549,2023-05-23,ST07/10,62.3514,12.895916,0.0,9.928123
142550,2023-05-23,SE95/6,23.1,12.895916,0.0,9.928123
142551,2023-05-23,SE94/5,18.45,12.895916,0.0,9.928123
142552,2023-05-23,SU71/23,48.8,12.895916,0.0,9.928123
142553,2023-05-23,SU81/1,57.44,12.895916,0.0,9.928123
142554,2023-05-23,SN00/11,10.5243,12.895916,0.0,9.928123
142555,2023-05-23,TL44/12,47.5,12.895916,0.0,9.928123
142556,2023-05-23,TQ25/86,98.82,12.895916,0.0,9.928123
142557,2023-05-23,SJ62/235,54.4,12.895916,0.0,9.928123
142558,2023-05-23,SU01/5B,93.31,12.895916,0.0,9.928123
142559,2023-05-23,SY68/34,70.36,12.895916,0.0,9.928123
142560,2023-05-23,TA10/63,18.36,12.895916,0.0,9.928123
142561,2023-05-24,TR14/9,77.52,12.527167,0.0,12.517746
142562,2023-05-24,TF03/37,17.09,12.527167,0.0,12.517746
142563,2023-05-24,SU17/57,139.52,12.527167,0.0,12.517746
142564,2023-05-24,SJ15/13,79.728,12.527167,0.0,12.517746
142565,2023-05-24,SP00/62,102.38,12.527167,0.0,12.517746
142566,2023-05-24,NO20/14,36.54,12.527167,0.0,12.517746
142567,2023-05-24,TF81/2A,43.12,12.527167,0.0,12.517746
142568,2023-05-24,TL33/4,82.24,12.527167,0.0,12.517746
142569,2023-05-24,NY63/2,130.7,12.527167,0.0,12.517746
142570,2023-05-24,NH95/17,29.28,12.527167,0.0,12.517746
142571,2023-05-24,TL33/67,84.64,12.527167,0.0,12.517746
142572,2023-05-24,SJ62/235,54.4,12.527167,0.0,12.517746
142573,2023-05-24,SN00/11,10.4508,12.527167,0.0,12.517746
142574,2023-05-24,ST07/10,61.949,12.527167,0.0,12.517746
142575,2023-05-24,SE95/6,23.02,12.527167,0.0,12.517746
142576,2023-05-24,SU81/1,57.19,12.527167,0.0,12.517746
142577,2023-05-24,SU01/5B,93.15,12.527167,0.0,12.517746
142578,2023-05-24,TA10/63,18.35,12.527167,0.0,12.517746
142579,2023-05-24,TQ25/86,98.82,12.527167,0.0,12.517746
142580,2023-05-24,TL44/12,47.45,12.527167,0.0,12.517746
142581,2023-05-24,SU71/23,48.59,12.527167,0.0,12.517746
142582,2023-05-24,SY68/34,70.33,12.527167,0.0,12.517746
142583,2023-05-24,SE94/5,18.4,12.527167,0.0,12.517746
142584,2023-05-25,NH95/17,29.25,14.033416,0.2,5.3542795
142585,2023-05-25,TL33/4,82.3,14.033416,0.2,5.3542795
142586,2023-05-25,TL33/67,84.63,14.033416,0.2,5.3542795
142587,2023-05-25,NY63/2,130.69,14.033416,0.2,5.3542795
142588,2023-05-25,NO20/14,36.52,14.033416,0.2,5.3542795
142589,2023-05-25,SJ15/13,79.717,14.033416,0.2,5.3542795
142590,2023-05-25,SY68/34,70.3,14.033416,0.2,5.3542795
142591,2023-05-25,SU17/57,139.37,14.033416,0.2,5.3542795
142592,2023-05-25,SJ62/235,54.39,14.033416,0.2,5.3542795
142593,2023-05-25,SP00/62,102.29,14.033416,0.2,5.3542795
142594,2023-05-25,SU01/5B,92.95,14.033416,0.2,5.3542795
142595,2023-05-25,TF81/2A,43.6,14.033416,0.2,5.3542795
142596,2023-05-25,ST07/10,61.4993,14.033416,0.2,5.3542795
142597,2023-05-25,SE95/6,22.92,14.033416,0.2,5.3542795
142598,2023-05-25,TR14/9,77.48,14.033416,0.2,5.3542795
142599,2023-05-25,SU71/23,48.39,14.033416,0.2,5.3542795
142600,2023-05-25,SE94/5,18.37,14.033416,0.2,5.3542795
142601,2023-05-25,TF03/37,16.93,14.033416,0.2,5.3542795
142602,2023-05-25,TL44/12,47.4,14.033416,0.2,5.3542795
142603,2023-05-25,SN00/11,10.3675,14.033416,0.2,5.3542795
142604,2023-05-25,TA10/63,18.34,14.033416,0.2,5.3542795
142605,2023-05-25,TQ25/86,98.81,14.033416,0.2,5.3542795
142606,2023-05-25,SU81/1,56.94,14.033416,0.2,5.3542795
142607,2023-05-26,TF81/2A,44.168,15.218833,0.0,3.7724392
142608,2023-05-26,NY63/2,130.67,15.218833,0.0,3.7724392
142609,2023-05-26,TL33/4,82.36,15.218833,0.0,3.7724392
142610,2023-05-26,SJ15/13,79.701,15.218833,0.0,3.7724392
142611,2023-05-26,NO20/14,36.51,15.218833,0.0,3.7724392
142612,2023-05-26,NH95/17,29.26,15.218833,0.0,3.7724392
142613,2023-05-26,TL33/67,84.65,15.218833,0.0,3.7724392
142614,2023-05-26,SU81/1,56.69,15.218833,0.0,3.7724392
142615,2023-05-26,TF03/37,16.88,15.218833,0.0,3.7724392
142616,2023-05-26,TA10/63,18.33,15.218833,0.0,3.7724392
142617,2023-05-26,SP00/62,102.25,15.218833,0.0,3.7724392
142618,2023-05-26,ST07/10,61.1186,15.218833,0.0,3.7724392
142619,2023-05-26,SU01/5B,92.75,15.218833,0.0,3.7724392
142620,2023-05-26,SN00/11,10.289,15.218833,0.0,3.7724392
142621,2023-05-26,SU17/57,139.26,15.218833,0.0,3.7724392
142622,2023-05-26,TR14/9,77.44,15.218833,0.0,3.7724392
142623,2023-05-26,SE95/6,22.84,15.218833,0.0,3.7724392
142624,2023-05-26,SE94/5,18.4,15.218833,0.0,3.7724392
142625,2023-05-26,TL44/12,47.38,15.218833,0.0,3.7724392
142626,2023-05-26,SY68/34,70.27,15.218833,0.0,3.7724392
142627,2023-05-26,SU71/23,48.17,15.218833,0.0,3.7724392
142628,2023-05-26,TQ25/86,98.81,15.218833,0.0,3.7724392
142629,2023-05-26,SJ62/235,54.39,15.218833,0.0,3.7724392
142630,2023-05-27,NO20/14,36.53,14.4313345,0.0,11.324854
142631,2023-05-27,NY63/2,130.67,14.4313345,0.0,11.324854
142632,2023-05-27,TL33/4,82.41,14.4313345,0.0,11.324854
142633,2023-05-27,SJ15/13,79.702,14.4313345,0.0,11.324854
142634,2023-05-27,NH95/17,29.28,14.4313345,0.0,11.324854
142635,2023-05-27,TL33/67,84.72,14.4313345,0.0,11.324854
142636,2023-05-27,SU01/5B,92.53,14.4313345,0.0,11.324854
142637,2023-05-27,TA10/63,18.34,14.4313345,0.0,11.324854
142638,2023-05-27,TR14/9,77.41,14.4313345,0.0,11.324854
142639,2023-05-27,SE95/6,22.76,14.4313345,0.0,11.324854
142640,2023-05-27,SJ62/235,54.26,14.4313345,0.0,11.324854
142641,2023-05-27,SU81/1,56.46,14.4313345,0.0,11.324854
142642,2023-05-27,TF03/37,16.91,14.4313345,0.0,11.324854
142643,2023-05-27,SN00/11,10.2269,14.4313345,0.0,11.324854
142644,2023-05-27,SY68/34,70.23,14.4313345,0.0,11.324854
142645,2023-05-27,ST07/10,60.7767,14.4313345,0.0,11.324854
142646,2023-05-27,SP00/62,102.2,14.4313345,0.0,11.324854
142647,2023-05-27,SU17/57,139.1,14.4313345,0.0,11.324854
142648,2023-05-27,SU71/23,47.97,14.4313345,0.0,11.324854
142649,2023-05-27,TQ25/86,98.79,14.4313345,0.0,11.324854
142650,2023-05-27,SE94/5,18.36,14.4313345,0.0,11.324854
142651,2023-05-27,TL44/12,47.36,14.4313345,0.0,11.324854
142652,2023-05-28,NY63/2,130.69,11.625084,0.3,8.51449
142653,2023-05-28,NO20/14,36.5,11.625084,0.3,8.51449
142654,2023-05-28,TL33/67,84.69,11.625084,0.3,8.51449
142655,2023-05-28,SJ15/13,79.713,11.625084,0.3,8.51449
142656,2023-05-28,NH95/17,29.26,11.625084,0.3,8.51449
142657,2023-05-28,TL33/4,82.47,11.625084,0.3,8.51449
142658,2023-05-28,TL44/12,47.31,11.625084,0.3,8.51449
142659,2023-05-28,SU71/23,47.76,11.625084,0.3,8.51449
142660,2023-05-28,TF03/37,16.86,11.625084,0.3,8.51449
142661,2023-05-28,SP00/62,102.16,11.625084,0.3,8.51449
142662,2023-05-28,SU81/1,56.24,11.625084,0.3,8.51449
142663,2023-05-28,TR14/9,77.37,11.625084,0.3,8.51449
142664,2023-05-28,ST07/10,60.4332,11.625084,0.3,8.51449
142665,2023-05-28,SE94/5,18.32,11.625084,0.3,8.51449
142666,2023-05-28,SU17/57,139.01,11.625084,0.3,8.51449
142667,2023-05-28,TQ25/86,98.78,11.625084,0.3,8.51449
142668,2023-05-28,TA10/63,18.31,11.625084,0.3,8.51449
142669,2023-05-28,SJ62/235,54.23,11.625084,0.3,8.51449
142670,2023-05-28,SN00/11,10.1538,11.625084,0.3,8.51449
142671,2023-05-28,SY68/34,70.2,11.625084,0.3,8.51449
142672,2023-05-28,SE95/6,22.68,11.625084,0.3,8.51449
142673,2023-05-28,SU01/5B,92.31,11.625084,0.3,8.51449
142674,2023-05-29,TL33/4,82.53,12.781335,0.0,4.490289
142675,2023-05-29,NY63/2,130.66,12.781335,0.0,4.490289
142676,2023-05-29,TL33/67,84.69,12.781335,0.0,4.490289
142677,2023-05-29,SJ15/13,79.695,12.781335,0.0,4.490289
142678,2023-05-29,NH95/17,29.26,12.781335,0.0,4.490289
142679,2023-05-29,NO20/14,36.48,12.781335,0.0,4.490289
142680,2023-05-29,TL44/12,47.28,12.781335,0.0,4.490289
142681,2023-05-29,SJ62/235,54.32,12.781335,0.0,4.490289
142682,2023-05-29,ST07/10,60.1109,12.781335,0.0,4.490289
142683,2023-05-29,SP00/62,102.11,12.781335,0.0,4.490289
142684,2023-05-29,SU01/5B,92.07,12.781335,0.0,4.490289
142685,2023-05-29,SU81/1,56.02,12.781335,0.0,4.490289
142686,2023-05-29,SY68/34,70.16,12.781335,0.0,4.490289
142687,2023-05-29,SU17/57,138.95,12.781335,0.0,4.490289
142688,2023-05-29,SN00/11,10.0695,12.781335,0.0,4.490289
142689,2023-05-29,TQ25/86,98.77,12.781335,0.0,4.490289
142690,2023-05-29,SU71/23,47.55,12.781335,0.0,4.490289
142691,2023-05-29,TF03/37,16.79,12.781335,0.0,4.490289
142692,2023-05-29,TR14/9,77.31,12.781335,0.0,4.490289
142693,2023-05-29,SE95/6,22.6,12.781335,0.0,4.490289
142694,2023-05-29,TA10/63,18.3,12.781335,0.0,4.490289
142695,2023-05-29,SE94/5,18.35,12.781335,0.0,4.490289
142696,2023-05-30,NH95/17,29.26,13.752167,0.0,5.965628
142697,2023-05-30,NO20/14,36.47,13.752167,0.0,5.965628
142698,2023-05-30,NY63/2,130.65,13.752167,0.0,5.965628
142699,2023-05-30,SJ15/13,79.683,13.752167,0.0,5.965628
142700,2023-05-30,TL33/4,82.58,13.752167,0.0,5.965628
142701,2023-05-30,SN00/11,9.9916,13.752167,0.0,5.965628
142702,2023-05-30,SE95/6,22.52,13.752167,0.0,5.965628
142703,2023-05-30,SY68/34,70.12,13.752167,0.0,5.965628
142704,2023-05-30,SU71/23,47.34,13.752167,0.0,5.965628
142705,2023-05-30,SJ62/235,54.33,13.752167,0.0,5.965628
142706,2023-05-30,SE94/5,18.33,13.752167,0.0,5.965628
142707,2023-05-30,TF03/37,16.75,13.752167,0.0,5.965628
142708,2023-05-30,TQ25/86,98.76,13.752167,0.0,5.965628
142709,2023-05-30,TA10/63,18.29,13.752167,0.0,5.965628
142710,2023-05-30,TR14/9,77.26,13.752167,0.0,5.965628
142711,2023-05-30,SU01/5B,91.81,13.752167,0.0,5.965628
142712,2023-05-30,SU17/57,138.85,13.752167,0.0,5.965628
142713,2023-05-30,SU81/1,55.8,13.752167,0.0,5.965628
142714,2023-05-30,ST07/10,59.8278,13.752167,0.0,5.965628
142715,2023-05-30,SP00/62,102.06,13.752167,0.0,5.965628
142716,2023-05-30,TL44/12,47.26,13.752167,0.0,5.965628
142717,2023-05-31,SJ15/13,79.68,13.4000845,0.0,6.637557
142718,2023-05-31,NO20/14,36.47,13.4000845,0.0,6.637557
142719,2023-05-31,NY63/2,130.65,13.4000845,0.0,6.637557
142720,2023-05-31,TL33/4,82.63,13.4000845,0.0,6.637557
142721,2023-05-31,NH95/17,29.25,13.4000845,0.0,6.637557
142722,2023-05-31,SU01/5B,91.55,13.4000845,0.0,6.637557
142723,2023-05-31,SY68/34,70.08,13.4000845,0.0,6.637557
142724,2023-05-31,TA10/63,18.27,13.4000845,0.0,6.637557
142725,2023-05-31,SU17/57,138.73,13.4000845,0.0,6.637557
142726,2023-05-31,SE95/6,22.44,13.4000845,0.0,6.637557
142727,2023-05-31,SP00/62,102.02,13.4000845,0.0,6.637557
142728,2023-05-31,SE94/5,18.29,13.4000845,0.0,6.637557
142729,2023-05-31,SU81/1,55.59,13.4000845,0.0,6.637557
142730,2023-05-31,TF03/37,16.75,13.4000845,0.0,6.637557
142731,2023-05-31,SN00/11,9.9188,13.4000845,0.0,6.637557
142732,2023-05-31,TQ25/86,98.75,13.4000845,0.0,6.637557
142733,2023-05-31,TR14/9,77.22,13.4000845,0.0,6.637557
142734,2023-05-31,TL44/12,47.22,13.4000845,0.0,6.637557
142735,2023-05-31,ST07/10,59.6442,13.4000845,0.0,6.637557
142736,2023-05-31,SJ62/235,54.34,13.4000845,0.0,6.637557
142737,2023-05-31,SU71/23,47.14,13.4000845,0.0,6.637557
142738,2023-06-01,NY63/2,130.65,12.214665,0.0,9.224372
142739,2023-06-01,NH95/17,29.24,12.214665,0.0,9.224372
142740,2023-06-01,SJ15/13,79.684,12.214665,0.0,9.224372
142741,2023-06-01,ID30/1,113.85,12.214665,0.0,9.224372
142742,2023-06-01,NO20/14,36.47,12.214665,0.0,9.224372
142743,2023-06-01,TL33/4,82.68,12.214665,0.0,9.224372
142744,2023-06-01,TR14/9,77.16,12.214665,0.0,9.224372
142745,2023-06-01,SY68/34,70.03,12.214665,0.0,9.224372
142746,2023-06-01,TL44/12,47.2,12.214665,0.0,9.224372
142747,2023-06-01,SN00/11,9.8428,12.214665,0.0,9.224372
142748,2023-06-01,SU71/23,46.94,12.214665,0.0,9.224372
142749,2023-06-01,SJ62/235,54.34,12.214665,0.0,9.224372
142750,2023-06-01,TF03/37,16.68,12.214665,0.0,9.224372
142751,2023-06-01,SE94/5,18.32,12.214665,0.0,9.224372
142752,2023-06-01,SU81/1,55.36,12.214665,0.0,9.224372
142753,2023-06-01,SP00/62,101.97,12.214665,0.0,9.224372
142754,2023-06-01,ST07/10,59.4126,12.214665,0.0,9.224372
142755,2023-06-01,SU01/5B,91.24,12.214665,0.0,9.224372
142756,2023-06-01,SU17/57,138.63,12.214665,0.0,9.224372
142757,2023-06-01,TA10/63,18.27,12.214665,0.0,9.224372
142758,2023-06-01,TQ25/86,98.74,12.214665,0.0,9.224372
142759,2023-06-01,SE95/6,22.37,12.214665,0.0,9.224372
142760,2023-06-01,TM15/112,25.89,12.214665,0.0,9.224372
142761,2023-06-02,NH95/17,29.24,12.831332,0.0,4.933843
142762,2023-06-02,ID30/1,113.83,12.831332,0.0,4.933843
142763,2023-06-02,NO20/14,36.46,12.831332,0.0,4.933843
142764,2023-06-02,SJ15/13,79.683,12.831332,0.0,4.933843
142765,2023-06-02,NY63/2,130.65,12.831332,0.0,4.933843
142766,2023-06-02,TL33/4,82.73,12.831332,0.0,4.933843
142767,2023-06-02,SP00/62,101.93,12.831332,0.0,4.933843
142768,2023-06-02,SE94/5,18.27,12.831332,0.0,4.933843
142769,2023-06-02,TR14/9,77.11,12.831332,0.0,4.933843
142770,2023-06-02,TQ25/86,98.72,12.831332,0.0,4.933843
142771,2023-06-02,ST07/10,59.1918,12.831332,0.0,4.933843
142772,2023-06-02,SU71/23,46.71,12.831332,0.0,4.933843
142773,2023-06-02,SE95/6,22.3,12.831332,0.0,4.933843
142774,2023-06-02,SU81/1,55.13,12.831332,0.0,4.933843
142775,2023-06-02,SU01/5B,90.97,12.831332,0.0,4.933843
142776,2023-06-02,SJ62/235,54.35,12.831332,0.0,4.933843
142777,2023-06-02,SU17/57,138.53,12.831332,0.0,4.933843
142778,2023-06-02,SN00/11,9.7608,12.831332,0.0,4.933843
142779,2023-06-02,TF03/37,16.63,12.831332,0.0,4.933843
142780,2023-06-02,TA10/63,18.26,12.831332,0.0,4.933843
142781,2023-06-02,SY68/34,69.99,12.831332,0.0,4.933843
142782,2023-06-02,TL44/12,47.16,12.831332,0.0,4.933843
142783,2023-06-02,TL33/67,84.72,12.831332,0.0,4.933843
142784,2023-06-03,ID30/1,113.79,13.260499,0.0,5.445282
142785,2023-06-03,TL33/67,84.71,13.260499,0.0,5.445282
142786,2023-06-03,NY63/2,130.65,13.260499,0.0,5.445282
142787,2023-06-03,NO20/14,36.46,13.260499,0.0,5.445282
142788,2023-06-03,NH95/17,29.24,13.260499,0.0,5.445282
142789,2023-06-03,TL33/4,82.77,13.260499,0.0,5.445282
142790,2023-06-03,SJ15/13,79.683,13.260499,0.0,5.445282
142791,2023-06-03,SY68/34,69.95,13.260499,0.0,5.445282
142792,2023-06-03,SE94/5,18.23,13.260499,0.0,5.445282
142793,2023-06-03,SE95/6,22.23,13.260499,0.0,5.445282
142794,2023-06-03,SU81/1,54.91,13.260499,0.0,5.445282
142795,2023-06-03,TL44/12,47.12,13.260499,0.0,5.445282
142796,2023-06-03,SP00/62,101.88,13.260499,0.0,5.445282
142797,2023-06-03,TQ25/86,98.71,13.260499,0.0,5.445282
142798,2023-06-03,SU17/57,138.43,13.260499,0.0,5.445282
142799,2023-06-03,SN00/11,9.6844,13.260499,0.0,5.445282
142800,2023-06-03,SU01/5B,90.68,13.260499,0.0,5.445282
142801,2023-06-03,ST07/10,58.9166,13.260499,0.0,5.445282
142802,2023-06-03,TA10/63,18.24,13.260499,0.0,5.445282
142803,2023-06-03,SJ62/235,54.34,13.260499,0.0,5.445282
142804,2023-06-03,TF03/37,16.56,13.260499,0.0,5.445282
142805,2023-06-03,SU71/23,46.54,13.260499,0.0,5.445282
142806,2023-06-03,TR14/9,77.06,13.260499,0.0,5.445282
142807,2023-06-04,ID30/1,113.77,13.968833,0.0,5.9128704
142808,2023-06-04,NH95/17,29.24,13.968833,0.0,5.9128704
142809,2023-06-04,TL33/4,82.81,13.968833,0.0,5.9128704
142810,2023-06-04,TL33/67,84.7,13.968833,0.0,5.9128704
142811,2023-06-04,NY63/2,130.64,13.968833,0.0,5.9128704
142812,2023-06-04,SJ15/13,79.679,13.968833,0.0,5.9128704
142813,2023-06-04,NO20/14,36.44,13.968833,0.0,5.9128704
142814,2023-06-04,TF03/37,16.5,13.968833,0.0,5.9128704
142815,2023-06-04,TQ25/86,98.69,13.968833,0.0,5.9128704
142816,2023-06-04,SP00/62,101.84,13.968833,0.0,5.9128704
142817,2023-06-04,SU17/57,138.34,13.968833,0.0,5.9128704
142818,2023-06-04,SU01/5B,90.4,13.968833,0.0,5.9128704
142819,2023-06-04,TA10/63,18.22,13.968833,0.0,5.9128704
142820,2023-06-04,ST07/10,58.6755,13.968833,0.0,5.9128704
142821,2023-06-04,SU81/1,54.67,13.968833,0.0,5.9128704
142822,2023-06-04,SE95/6,22.16,13.968833,0.0,5.9128704
142823,2023-06-04,TR14/9,76.99,13.968833,0.0,5.9128704
142824,2023-06-04,TL44/12,47.09,13.968833,0.0,5.9128704
142825,2023-06-04,SY68/34,69.9,13.968833,0.0,5.9128704
142826,2023-06-04,SU71/23,46.33,13.968833,0.0,5.9128704
142827,2023-06-04,SJ62/235,54.34,13.968833,0.0,5.9128704
142828,2023-06-04,SE94/5,18.23,13.968833,0.0,5.9128704
142829,2023-06-04,SN00/11,9.6075,13.968833,0.0,5.9128704
142830,2023-06-05,TL33/4,82.85,14.164665,0.1,5.619194
142831,2023-06-05,NH95/17,29.23,14.164665,0.1,5.619194
142832,2023-06-05,SJ15/13,79.671,14.164665,0.1,5.619194
142833,2023-06-05,NO20/14,36.38,14.164665,0.1,5.619194
142834,2023-06-05,NY63/2,130.63,14.164665,0.1,5.619194
142835,2023-06-05,TL33/67,84.71,14.164665,0.1,5.619194
142836,2023-06-05,ID30/1,113.73,14.164665,0.1,5.619194
142837,2023-06-05,SU81/1,54.45,14.164665,0.1,5.619194
142838,2023-06-05,SE94/5,18.23,14.164665,0.1,5.619194
142839,2023-06-05,SP00/62,101.79,14.164665,0.1,5.619194
142840,2023-06-05,SU17/57,138.25,14.164665,0.1,5.619194
142841,2023-06-05,TR14/9,76.92,14.164665,0.1,5.619194
142842,2023-06-05,TQ25/86,98.68,14.164665,0.1,5.619194
142843,2023-06-05,SU01/5B,90.11,14.164665,0.1,5.619194
142844,2023-06-05,SE95/6,22.09,14.164665,0.1,5.619194
142845,2023-06-05,TA10/63,18.2,14.164665,0.1,5.619194
142846,2023-06-05,TL44/12,47.05,14.164665,0.1,5.619194
142847,2023-06-05,SJ62/235,54.34,14.164665,0.1,5.619194
142848,2023-06-05,SU71/23,46.13,14.164665,0.1,5.619194
142849,2023-06-05,SN00/11,9.5318,14.164665,0.1,5.619194
142850,2023-06-05,ST07/10,58.4542,14.164665,0.1,5.619194
142851,2023-06-05,TF03/37,16.43,14.164665,0.1,5.619194
142852,2023-06-05,SY68/34,69.86,14.164665,0.1,5.619194
142853,2023-06-06,NO20/14,36.17,13.373,0.0,6.3862305
142854,2023-06-06,SJ15/13,79.676,13.373,0.0,6.3862305
142855,2023-06-06,TL33/67,84.7,13.373,0.0,6.3862305
142856,2023-06-06,NY63/2,130.62,13.373,0.0,6.3862305
142857,2023-06-06,ID30/1,113.7,13.373,0.0,6.3862305
142858,2023-06-06,TL33/4,82.9,13.373,0.0,6.3862305
142859,2023-06-06,NH95/17,29.21,13.373,0.0,6.3862305
142860,2023-06-06,SP00/62,101.75,13.373,0.0,6.3862305
142861,2023-06-06,TA10/63,18.19,13.373,0.0,6.3862305
142862,2023-06-06,SU71/23,45.92,13.373,0.0,6.3862305
142863,2023-06-06,ST07/10,58.3186,13.373,0.0,6.3862305
142864,2023-06-06,TR14/9,76.86,13.373,0.0,6.3862305
142865,2023-06-06,TF03/37,16.35,13.373,0.0,6.3862305
142866,2023-06-06,TQ25/86,98.66,13.373,0.0,6.3862305
142867,2023-06-06,SY68/34,69.81,13.373,0.0,6.3862305
142868,2023-06-06,SE95/6,22.02,13.373,0.0,6.3862305
142869,2023-06-06,TL44/12,47.01,13.373,0.0,6.3862305
142870,2023-06-06,SE94/5,18.21,13.373,0.0,6.3862305
142871,2023-06-06,SU81/1,54.22,13.373,0.0,6.3862305
142872,2023-06-06,SU17/57,138.15,13.373,0.0,6.3862305
142873,2023-06-06,SN00/11,9.4599,13.373,0.0,6.3862305
142874,2023-06-06,SU01/5B,89.81,13.373,0.0,6.3862305
142875,2023-06-06,SJ62/235,54.34,13.373,0.0,6.3862305
142876,2023-06-07,TL33/67,84.71,12.637584,0.0,7.3112116
142877,2023-06-07,TL33/4,82.93,12.637584,0.0,7.3112116
142878,2023-06-07,ID30/1,113.71,12.637584,0.0,7.3112116
142879,2023-06-07,SJ15/13,79.664,12.637584,0.0,7.3112116
142880,2023-06-07,NH95/17,29.22,12.637584,0.0,7.3112116
142881,2023-06-07,NO20/14,36.3,12.637584,0.0,7.3112116
142882,2023-06-07,NY63/2,130.62,12.637584,0.0,7.3112116
142883,2023-06-07,SE95/6,21.96,12.637584,0.0,7.3112116
142884,2023-06-07,SU71/23,45.72,12.637584,0.0,7.3112116
142885,2023-06-07,TQ25/86,98.65,12.637584,0.0,7.3112116
142886,2023-06-07,SE94/5,18.19,12.637584,0.0,7.3112116
142887,2023-06-07,TF03/37,16.28,12.637584,0.0,7.3112116
142888,2023-06-07,SP00/62,101.71,12.637584,0.0,7.3112116
142889,2023-06-07,SU81/1,53.99,12.637584,0.0,7.3112116
142890,2023-06-07,TR14/9,76.79,12.637584,0.0,7.3112116
142891,2023-06-07,SU17/57,138.03,12.637584,0.0,7.3112116
142892,2023-06-07,SU01/5B,89.52,12.637584,0.0,7.3112116
142893,2023-06-07,TA10/63,18.17,12.637584,0.0,7.3112116
142894,2023-06-07,TL44/12,47.0,12.637584,0.0,7.3112116
142895,2023-06-07,SN00/11,9.3941,12.637584,0.0,7.3112116
142896,2023-06-07,SY68/34,69.76,12.637584,0.0,7.3112116
142897,2023-06-07,ST07/10,58.1541,12.637584,0.0,7.3112116
142898,2023-06-07,SJ62/235,54.34,12.637584,0.0,7.3112116
142899,2023-06-08,ID30/1,113.68,12.718834,0.0,10.00459
142900,2023-06-08,TL33/67,84.73,12.718834,0.0,10.00459
142901,2023-06-08,TL33/4,82.97,12.718834,0.0,10.00459
142902,2023-06-08,NY63/2,130.62,12.718834,0.0,10.00459
142903,2023-06-08,SJ15/13,79.666,12.718834,0.0,10.00459
142904,2023-06-08,NO20/14,36.28,12.718834,0.0,10.00459
142905,2023-06-08,NH95/17,29.22,12.718834,0.0,10.00459
142906,2023-06-08,TL44/12,46.97,12.718834,0.0,10.00459
142907,2023-06-08,SU81/1,53.78,12.718834,0.0,10.00459
142908,2023-06-08,TQ25/86,98.63,12.718834,0.0,10.00459
142909,2023-06-08,SE94/5,18.16,12.718834,0.0,10.00459
142910,2023-06-08,SE95/6,21.9,12.718834,0.0,10.00459
142911,2023-06-08,TR14/9,76.72,12.718834,0.0,10.00459
142912,2023-06-08,SY68/34,69.72,12.718834,0.0,10.00459
142913,2023-06-08,SJ62/235,54.34,12.718834,0.0,10.00459
142914,2023-06-08,SU71/23,45.52,12.718834,0.0,10.00459
142915,2023-06-08,SP00/62,101.66,12.718834,0.0,10.00459
142916,2023-06-08,SU17/57,137.9,12.718834,0.0,10.00459
142917,2023-06-08,TA10/63,18.16,12.718834,0.0,10.00459
142918,2023-06-08,SU01/5B,89.23,12.718834,0.0,10.00459
142919,2023-06-08,TF03/37,16.25,12.718834,0.0,10.00459
142920,2023-06-08,SN00/11,9.3328,12.718834,0.0,10.00459
142921,2023-06-08,ST07/10,57.9767,12.718834,0.0,10.00459
142922,2023-06-09,TL33/67,84.72,14.556333,0.0,9.545819
142923,2023-06-09,TL33/4,83.01,14.556333,0.0,9.545819
142924,2023-06-09,NO20/14,36.08,14.556333,0.0,9.545819
142925,2023-06-09,SJ15/13,79.678,14.556333,0.0,9.545819
142926,2023-06-09,NY63/2,130.62,14.556333,0.0,9.545819
142927,2023-06-09,ID30/1,113.64,14.556333,0.0,9.545819
142928,2023-06-09,NH95/17,29.22,14.556333,0.0,9.545819
142929,2023-06-09,SU17/57,137.79,14.556333,0.0,9.545819
142930,2023-06-09,SU71/23,45.31,14.556333,0.0,9.545819
142931,2023-06-09,TR14/9,76.65,14.556333,0.0,9.545819
142932,2023-06-09,TA10/63,18.14,14.556333,0.0,9.545819
142933,2023-06-09,SE95/6,21.84,14.556333,0.0,9.545819
142934,2023-06-09,ST07/10,57.7834,14.556333,0.0,9.545819
142935,2023-06-09,SN00/11,9.2694,14.556333,0.0,9.545819
142936,2023-06-09,SJ62/235,54.33,14.556333,0.0,9.545819
142937,2023-06-09,SU01/5B,88.95,14.556333,0.0,9.545819
142938,2023-06-09,SE94/5,18.14,14.556333,0.0,9.545819
142939,2023-06-09,TQ25/86,98.61,14.556333,0.0,9.545819
142940,2023-06-09,SY68/34,69.67,14.556333,0.0,9.545819
142941,2023-06-09,TL44/12,46.93,14.556333,0.0,9.545819
142942,2023-06-09,SU81/1,53.57,14.556333,0.0,9.545819
142943,2023-06-09,SP00/62,101.62,14.556333,0.0,9.545819
142944,2023-06-09,TF03/37,16.18,14.556333,0.0,9.545819
142945,2023-06-10,NY63/2,130.62,19.227165,0.0,13.538677
142946,2023-06-10,TL33/67,84.7,19.227165,0.0,13.538677
142947,2023-06-10,NO20/14,36.28,19.227165,0.0,13.538677
142948,2023-06-10,ID30/1,113.6,19.227165,0.0,13.538677
142949,2023-06-10,TL33/4,83.05,19.227165,0.0,13.538677
142950,2023-06-10,SJ15/13,79.669,19.227165,0.0,13.538677
142951,2023-06-10,NH95/17,29.21,19.227165,0.0,13.538677
142952,2023-06-10,SP00/62,101.58,19.227165,0.0,13.538677
142953,2023-06-10,SU81/1,53.35,19.227165,0.0,13.538677
142954,2023-06-10,TF03/37,16.11,19.227165,0.0,13.538677
142955,2023-06-10,ST07/10,57.5827,19.227165,0.0,13.538677
142956,2023-06-10,SU17/57,137.7,19.227165,0.0,13.538677
142957,2023-06-10,SU01/5B,88.67,19.227165,0.0,13.538677
142958,2023-06-10,SY68/34,69.62,19.227165,0.0,13.538677
142959,2023-06-10,SU71/23,45.11,19.227165,0.0,13.538677
142960,2023-06-10,SN00/11,9.1957,19.227165,0.0,13.538677
142961,2023-06-10,TQ25/86,98.58,19.227165,0.0,13.538677
142962,2023-06-10,TA10/63,18.13,19.227165,0.0,13.538677
142963,2023-06-10,TR14/9,76.58,19.227165,0.0,13.538677
142964,2023-06-10,SE95/6,21.79,19.227165,0.0,13.538677
142965,2023-06-10,SJ62/235,54.33,19.227165,0.0,13.538677
142966,2023-06-10,TL44/12,46.86,19.227165,0.0,13.538677
142967,2023-06-10,SE94/5,18.11,19.227165,0.0,13.538677
142968,2023-06-11,NH95/17,29.2,20.906336,1.7,8.704344
142969,2023-06-11,NY63/2,130.61,20.906336,1.7,8.704344
142970,2023-06-11,TL33/67,84.68,20.906336,1.7,8.704344
142971,2023-06-11,NO20/14,36.33,20.906336,1.7,8.704344
142972,2023-06-11,TL33/4,83.08,20.906336,1.7,8.704344
142973,2023-06-11,ID30/1,113.68,20.906336,1.7,8.704344
142974,2023-06-11,SJ15/13,79.661,20.906336,1.7,8.704344
142975,2023-06-11,TL44/12,46.83,20.906336,1.7,8.704344
142976,2023-06-11,SU17/57,137.63,20.906336,1.7,8.704344
142977,2023-06-11,SY68/34,69.57,20.906336,1.7,8.704344
142978,2023-06-11,TF03/37,16.03,20.906336,1.7,8.704344
142979,2023-06-11,TA10/63,18.11,20.906336,1.7,8.704344
142980,2023-06-11,SE94/5,18.04,20.906336,1.7,8.704344
142981,2023-06-11,TR14/9,76.5,20.906336,1.7,8.704344
142982,2023-06-11,SP00/62,101.54,20.906336,1.7,8.704344
142983,2023-06-11,SE95/6,21.73,20.906336,1.7,8.704344
142984,2023-06-11,SU81/1,53.12,20.906336,1.7,8.704344
142985,2023-06-11,SU01/5B,88.37,20.906336,1.7,8.704344
142986,2023-06-11,TQ25/86,98.55,20.906336,1.7,8.704344
142987,2023-06-11,SJ62/235,54.33,20.906336,1.7,8.704344
142988,2023-06-11,ST07/10,57.4005,20.906336,1.7,8.704344
142989,2023-06-11,SU71/23,44.9,20.906336,1.7,8.704344
142990,2023-06-11,SN00/11,9.1174,20.906336,1.7,8.704344
142991,2023-06-12,NH95/17,29.22,22.345915,0.0,7.1223845
142992,2023-06-12,TL33/67,84.66,22.345915,0.0,7.1223845
142993,2023-06-12,SJ15/13,79.649,22.345915,0.0,7.1223845
142994,2023-06-12,ID30/1,113.67,22.345915,0.0,7.1223845
142995,2023-06-12,TL33/4,83.11,22.345915,0.0,7.1223845
142996,2023-06-12,NO20/14,36.32,22.345915,0.0,7.1223845
142997,2023-06-12,NY63/2,130.6,22.345915,0.0,7.1223845
142998,2023-06-12,TR14/9,76.42,22.345915,0.0,7.1223845
142999,2023-06-12,SJ62/235,54.33,22.345915,0.0,7.1223845
143000,2023-06-12,SN00/11,9.0516,22.345915,0.0,7.1223845
143001,2023-06-12,SE95/6,21.67,22.345915,0.0,7.1223845
143002,2023-06-12,SU17/57,137.54,22.345915,0.0,7.1223845
143003,2023-06-12,TL44/12,46.85,22.345915,0.0,7.1223845
143004,2023-06-12,SU81/1,52.9,22.345915,0.0,7.1223845
143005,2023-06-12,TF03/37,15.91,22.345915,0.0,7.1223845
143006,2023-06-12,TQ25/86,98.52,22.345915,0.0,7.1223845
143007,2023-06-12,SP00/62,101.5,22.345915,0.0,7.1223845
143008,2023-06-12,SY68/34,69.52,22.345915,0.0,7.1223845
143009,2023-06-12,SU01/5B,88.08,22.345915,0.0,7.1223845
143010,2023-06-12,ST07/10,57.31,22.345915,0.0,7.1223845
143011,2023-06-12,SE94/5,18.04,22.345915,0.0,7.1223845
143012,2023-06-12,TA10/63,18.08,22.345915,0.0,7.1223845
143013,2023-06-12,SU71/23,44.7,22.345915,0.0,7.1223845
143014,2023-06-13,ID30/1,113.64,21.800081,0.0,10.035472
143015,2023-06-13,SJ15/13,79.657,21.800081,0.0,10.035472
143016,2023-06-13,TL33/4,83.14,21.800081,0.0,10.035472
143017,2023-06-13,TL33/67,84.63,21.800081,0.0,10.035472
143018,2023-06-13,NH95/17,29.22,21.800081,0.0,10.035472
143019,2023-06-13,NY63/2,130.59,21.800081,0.0,10.035472
143020,2023-06-13,NO20/14,36.22,21.800081,0.0,10.035472
143021,2023-06-13,TL44/12,46.8,21.800081,0.0,10.035472
143022,2023-06-13,TF03/37,15.8,21.800081,0.0,10.035472
143023,2023-06-13,SU71/23,44.49,21.800081,0.0,10.035472
143024,2023-06-13,SE95/6,21.61,21.800081,0.0,10.035472
143025,2023-06-13,ST07/10,57.0984,21.800081,0.0,10.035472
143026,2023-06-13,SU01/5B,87.8,21.800081,0.0,10.035472
143027,2023-06-13,TQ25/86,98.48,21.800081,0.0,10.035472
143028,2023-06-13,SN00/11,8.9862,21.800081,0.0,10.035472
143029,2023-06-13,SY68/34,69.47,21.800081,0.0,10.035472
143030,2023-06-13,SU17/57,137.47,21.800081,0.0,10.035472
143031,2023-06-13,SE94/5,17.96,21.800081,0.0,10.035472
143032,2023-06-13,SU81/1,52.66,21.800081,0.0,10.035472
143033,2023-06-13,TR14/9,76.34,21.800081,0.0,10.035472
143034,2023-06-13,SJ62/235,54.33,21.800081,0.0,10.035472
143035,2023-06-13,TA10/63,18.06,21.800081,0.0,10.035472
143036,2023-06-13,SP00/62,101.46,21.800081,0.0,10.035472
143037,2023-06-14,NO20/14,36.16,18.377169,0.0,10.59681
143038,2023-06-14,TL33/4,83.17,18.377169,0.0,10.59681
143039,2023-06-14,SJ15/13,79.634,18.377169,0.0,10.59681
143040,2023-06-14,ID30/1,113.59,18.377169,0.0,10.59681
143041,2023-06-14,TL33/67,84.6,18.377169,0.0,10.59681
143042,2023-06-14,NH95/17,29.21,18.377169,0.0,10.59681
143043,2023-06-14,NY63/2,130.57,18.377169,0.0,10.59681
143044,2023-06-14,SU71/23,44.28,18.377169,0.0,10.59681
143045,2023-06-14,SU81/1,52.43,18.377169,0.0,10.59681
143046,2023-06-14,SU01/5B,87.5,18.377169,0.0,10.59681
143047,2023-06-14,SE94/5,17.95,18.377169,0.0,10.59681
143048,2023-06-14,TQ25/86,98.45,18.377169,0.0,10.59681
143049,2023-06-14,TR14/9,76.25,18.377169,0.0,10.59681
143050,2023-06-14,TA10/63,18.01,18.377169,0.0,10.59681
143051,2023-06-14,SY68/34,69.41,18.377169,0.0,10.59681
143052,2023-06-14,TF03/37,15.69,18.377169,0.0,10.59681
143053,2023-06-14,SN00/11,8.917,18.377169,0.0,10.59681
143054,2023-06-14,SJ62/235,54.33,18.377169,0.0,10.59681
143055,2023-06-14,TL44/12,46.7,18.377169,0.0,10.59681
143056,2023-06-14,SP00/62,101.43,18.377169,0.0,10.59681
143057,2023-06-14,SU17/57,137.41,18.377169,0.0,10.59681
143058,2023-06-14,ST07/10,56.9569,18.377169,0.0,10.59681
143059,2023-06-14,SE95/6,21.55,18.377169,0.0,10.59681
143060,2023-06-15,SJ15/13,79.619,18.668835,0.0,9.398936
143061,2023-06-15,NY63/2,130.55,18.668835,0.0,9.398936
143062,2023-06-15,TL33/67,84.58,18.668835,0.0,9.398936
143063,2023-06-15,NH95/17,29.19,18.668835,0.0,9.398936
143064,2023-06-15,TL33/4,83.19,18.668835,0.0,9.398936
143065,2023-06-15,ID30/1,113.59,18.668835,0.0,9.398936
143066,2023-06-15,NO20/14,36.11,18.668835,0.0,9.398936
143067,2023-06-15,SU71/23,44.07,18.668835,0.0,9.398936
143068,2023-06-15,SN00/11,8.846,18.668835,0.0,9.398936
143069,2023-06-15,SJ62/235,54.33,18.668835,0.0,9.398936
143070,2023-06-15,SE94/5,17.94,18.668835,0.0,9.398936
143071,2023-06-15,SU17/57,137.34,18.668835,0.0,9.398936
143072,2023-06-15,SU81/1,52.2,18.668835,0.0,9.398936
143073,2023-06-15,TR14/9,76.16,18.668835,0.0,9.398936
143074,2023-06-15,TQ25/86,98.42,18.668835,0.0,9.398936
143075,2023-06-15,SU01/5B,87.21,18.668835,0.0,9.398936
143076,2023-06-15,SP00/62,101.39,18.668835,0.0,9.398936
143077,2023-06-15,SE95/6,21.49,18.668835,0.0,9.398936
143078,2023-06-15,TA10/63,17.99,18.668835,0.0,9.398936
143079,2023-06-15,TF03/37,15.62,18.668835,0.0,9.398936
143080,2023-06-15,ST07/10,56.8012,18.668835,0.0,9.398936
143081,2023-06-15,SY68/34,69.36,18.668835,0.0,9.398936
143082,2023-06-15,TL44/12,46.6,18.668835,0.0,9.398936
143083,2023-06-16,NH95/17,29.17,20.610498,0.0,9.075078
143084,2023-06-16,NY63/2,130.55,20.610498,0.0,9.075078
143085,2023-06-16,TL33/67,84.58,20.610498,0.0,9.075078
143086,2023-06-16,ID30/1,113.55,20.610498,0.0,9.075078
143087,2023-06-16,TL33/4,83.21,20.610498,0.0,9.075078
143088,2023-06-16,NO20/14,36.12,20.610498,0.0,9.075078
143089,2023-06-16,SJ15/13,79.619,20.610498,0.0,9.075078
143090,2023-06-16,SU81/1,51.98,20.610498,0.0,9.075078
143091,2023-06-16,TR14/9,76.07,20.610498,0.0,9.075078
143092,2023-06-16,TQ25/86,98.4,20.610498,0.0,9.075078
143093,2023-06-16,SE94/5,17.86,20.610498,0.0,9.075078
143094,2023-06-16,SE95/6,21.44,20.610498,0.0,9.075078
143095,2023-06-16,SU01/5B,86.92,20.610498,0.0,9.075078
143096,2023-06-16,TA10/63,17.98,20.610498,0.0,9.075078
143097,2023-06-16,SN00/11,8.7855,20.610498,0.0,9.075078
143098,2023-06-16,SY68/34,69.31,20.610498,0.0,9.075078
143099,2023-06-16,TL44/12,46.53,20.610498,0.0,9.075078
143100,2023-06-16,ST07/10,56.6686,20.610498,0.0,9.075078
143101,2023-06-16,TF03/37,15.58,20.610498,0.0,9.075078
143102,2023-06-16,SU71/23,43.87,20.610498,0.0,9.075078
143103,2023-06-16,SP00/62,101.36,20.610498,0.0,9.075078
143104,2023-06-16,SU17/57,137.22,20.610498,0.0,9.075078
143105,2023-06-17,NH95/17,29.17,18.858418,0.0,11.729948
143106,2023-06-17,NY63/2,130.56,18.858418,0.0,11.729948
143107,2023-06-17,NO20/14,36.21,18.858418,0.0,11.729948
143108,2023-06-17,TL33/4,83.24,18.858418,0.0,11.729948
143109,2023-06-17,TL33/67,84.6,18.858418,0.0,11.729948
143110,2023-06-17,SJ15/13,79.627,18.858418,0.0,11.729948
143111,2023-06-17,ID30/1,113.67,18.858418,0.0,11.729948
143112,2023-06-17,SE95/6,21.39,18.858418,0.0,11.729948
143113,2023-06-17,SU81/1,51.78,18.858418,0.0,11.729948
143114,2023-06-17,ST07/10,56.5203,18.858418,0.0,11.729948
143115,2023-06-17,SN00/11,8.7516,18.858418,0.0,11.729948
143116,2023-06-17,SU71/23,43.68,18.858418,0.0,11.729948
143117,2023-06-17,TQ25/86,98.37,18.858418,0.0,11.729948
143118,2023-06-17,SY68/34,69.25,18.858418,0.0,11.729948
143119,2023-06-17,SP00/62,101.32,18.858418,0.0,11.729948
143120,2023-06-17,TR14/9,75.98,18.858418,0.0,11.729948
143121,2023-06-17,TF03/37,15.57,18.858418,0.0,11.729948
143122,2023-06-17,TL44/12,46.47,18.858418,0.0,11.729948
143123,2023-06-17,SU17/57,137.08,18.858418,0.0,11.729948
143124,2023-06-17,SE94/5,17.83,18.858418,0.0,11.729948
143125,2023-06-17,TA10/63,17.97,18.858418,0.0,11.729948
143126,2023-06-17,SU01/5B,86.65,18.858418,0.0,11.729948
143127,2023-06-18,TL33/67,84.544,18.660498,10.099999,10.182474
143128,2023-06-18,TL33/4,83.26,18.660498,10.099999,10.182474
143129,2023-06-18,SJ15/13,79.639,18.660498,10.099999,10.182474
143130,2023-06-18,ID30/1,113.71,18.660498,10.099999,10.182474
143131,2023-06-18,NH95/17,29.16,18.660498,10.099999,10.182474
143132,2023-06-18,NO20/14,36.25,18.660498,10.099999,10.182474
143133,2023-06-18,NY63/2,130.57,18.660498,10.099999,10.182474
143134,2023-06-18,SP00/62,101.29,18.660498,10.099999,10.182474
143135,2023-06-18,TL44/12,46.49,18.660498,10.099999,10.182474
143136,2023-06-18,ST07/10,56.3448,18.660498,10.099999,10.182474
143137,2023-06-18,SU81/1,51.58,18.660498,10.099999,10.182474
143138,2023-06-18,SU17/57,136.97,18.660498,10.099999,10.182474
143139,2023-06-18,SU71/23,43.48,18.660498,10.099999,10.182474
143140,2023-06-18,SY68/34,69.19,18.660498,10.099999,10.182474
143141,2023-06-18,TF03/37,15.6,18.660498,10.099999,10.182474
143142,2023-06-18,TA10/63,17.95,18.660498,10.099999,10.182474
143143,2023-06-18,SE94/5,17.8,18.660498,10.099999,10.182474
143144,2023-06-18,SN00/11,8.6896,18.660498,10.099999,10.182474
143145,2023-06-18,TQ25/86,98.34,18.660498,10.099999,10.182474
143146,2023-06-18,TR14/9,75.9,18.660498,10.099999,10.182474
143147,2023-06-18,SE95/6,21.35,18.660498,10.099999,10.182474
143148,2023-06-18,SU01/5B,86.38,18.660498,10.099999,10.182474
143149,2023-06-19,SJ15/13,79.652,17.395918,2.3000002,14.487858
143150,2023-06-19,TL33/4,83.278,17.395918,2.3000002,14.487858
143151,2023-06-19,NH95/17,29.18,17.395918,2.3000002,14.487858
143152,2023-06-19,ID30/1,113.66,17.395918,2.3000002,14.487858
143153,2023-06-19,TL33/67,84.31,17.395918,2.3000002,14.487858
143154,2023-06-19,NY63/2,130.61,17.395918,2.3000002,14.487858
143155,2023-06-19,NO20/14,36.29,17.395918,2.3000002,14.487858
143156,2023-06-19,SU17/57,136.9,17.395918,2.3000002,14.487858
143157,2023-06-19,SU01/5B,86.11,17.395918,2.3000002,14.487858
143158,2023-06-19,SE95/6,21.3,17.395918,2.3000002,14.487858
143159,2023-06-19,TL44/12,46.42,17.395918,2.3000002,14.487858
143160,2023-06-19,ST07/10,56.2587,17.395918,2.3000002,14.487858
143161,2023-06-19,TR14/9,75.81,17.395918,2.3000002,14.487858
143162,2023-06-19,SY68/34,69.14,17.395918,2.3000002,14.487858
143163,2023-06-19,SN00/11,8.6324,17.395918,2.3000002,14.487858
143164,2023-06-19,TQ25/86,98.3,17.395918,2.3000002,14.487858
143165,2023-06-19,SE94/5,17.82,17.395918,2.3000002,14.487858
143166,2023-06-19,SP00/62,101.26,17.395918,2.3000002,14.487858
143167,2023-06-19,TF03/37,15.55,17.395918,2.3000002,14.487858
143168,2023-06-19,TA10/63,17.93,17.395918,2.3000002,14.487858
143169,2023-06-19,SU71/23,43.27,17.395918,2.3000002,14.487858
143170,2023-06-19,SU81/1,51.36,17.395918,2.3000002,14.487858
143171,2023-06-20,TL33/4,83.35,16.527166,9.800002,6.597055
143172,2023-06-20,SJ15/13,79.62637,16.527166,9.800002,6.597055
143173,2023-06-20,ID30/1,113.61,16.527166,9.800002,6.597055
143174,2023-06-20,NY63/2,130.58,16.527166,9.800002,6.597055
143175,2023-06-20,NO20/14,36.28,16.527166,9.800002,6.597055
143176,2023-06-20,NH95/17,29.17,16.527166,9.800002,6.597055
143177,2023-06-20,SY68/34,69.11,16.527166,9.800002,6.597055
143178,2023-06-20,SU01/5B,85.85,16.527166,9.800002,6.597055
143179,2023-06-20,SP00/62,101.24,16.527166,9.800002,6.597055
143180,2023-06-20,ST07/10,56.1596,16.527166,9.800002,6.597055
143181,2023-06-20,TR14/9,75.72,16.527166,9.800002,6.597055
143182,2023-06-20,TL44/12,46.25,16.527166,9.800002,6.597055
143183,2023-06-20,SU81/1,51.15,16.527166,9.800002,6.597055
143184,2023-06-20,TF03/37,15.53,16.527166,9.800002,6.597055
143185,2023-06-20,SN00/11,8.5788,16.527166,9.800002,6.597055
143186,2023-06-20,SE94/5,17.79,16.527166,9.800002,6.597055
143187,2023-06-20,TQ25/86,98.26,16.527166,9.800002,6.597055
143188,2023-06-20,TA10/63,17.9,16.527166,9.800002,6.597055
143189,2023-06-20,SU17/57,136.84,16.527166,9.800002,6.597055
143190,2023-06-20,SU71/23,43.09,16.527166,9.800002,6.597055
143191,2023-06-20,SE95/6,21.26,16.527166,9.800002,6.597055
143192,2023-06-21,ID30/1,113.69,16.97925,20.600004,11.092972
143193,2023-06-21,NO20/14,36.26,16.97925,20.600004,11.092972
143194,2023-06-21,NH95/17,29.17,16.97925,20.600004,11.092972
143195,2023-06-21,SJ15/13,79.62,16.97925,20.600004,11.092972
143196,2023-06-21,NY63/2,130.57,16.97925,20.600004,11.092972
143197,2023-06-21,TL44/12,46.12,16.97925,20.600004,11.092972
143198,2023-06-21,TA10/63,17.86,16.97925,20.600004,11.092972
143199,2023-06-21,SE95/6,21.21,16.97925,20.600004,11.092972
143200,2023-06-21,SU71/23,42.88,16.97925,20.600004,11.092972
143201,2023-06-21,SU81/1,50.92,16.97925,20.600004,11.092972
143202,2023-06-21,SN00/11,8.518,16.97925,20.600004,11.092972
143203,2023-06-21,ST07/10,56.0187,16.97925,20.600004,11.092972
143204,2023-06-21,SP00/62,101.2,16.97925,20.600004,11.092972
143205,2023-06-21,SY68/34,69.05,16.97925,20.600004,11.092972
143206,2023-06-21,SU01/5B,85.57,16.97925,20.600004,11.092972
143207,2023-06-21,TQ25/86,98.22,16.97925,20.600004,11.092972
143208,2023-06-21,TR14/9,75.62,16.97925,20.600004,11.092972
143209,2023-06-21,SE94/5,17.73,16.97925,20.600004,11.092972
143210,2023-06-21,TF03/37,15.4,16.97925,20.600004,11.092972
143211,2023-06-21,SU17/57,136.83,16.97925,20.600004,11.092972
143212,2023-06-22,NO20/14,36.23,16.787584,0.0,6.1768
143213,2023-06-22,SJ15/13,79.586,16.787584,0.0,6.1768
143214,2023-06-22,ID30/1,113.68,16.787584,0.0,6.1768
143215,2023-06-22,NH95/17,29.15,16.787584,0.0,6.1768
143216,2023-06-22,NY63/2,130.52,16.787584,0.0,6.1768
143217,2023-06-22,SE95/6,21.17,16.787584,0.0,6.1768
143218,2023-06-22,TA10/63,17.83,16.787584,0.0,6.1768
143219,2023-06-22,SE94/5,17.71,16.787584,0.0,6.1768
143220,2023-06-22,TF03/37,15.32,16.787584,0.0,6.1768
143221,2023-06-22,TL44/12,46.03,16.787584,0.0,6.1768
143222,2023-06-22,TQ25/86,98.18,16.787584,0.0,6.1768
143223,2023-06-22,SN00/11,8.465,16.787584,0.0,6.1768
143224,2023-06-22,SU17/57,136.77,16.787584,0.0,6.1768
143225,2023-06-22,ST07/10,55.8893,16.787584,0.0,6.1768
143226,2023-06-22,SY68/34,68.99,16.787584,0.0,6.1768
143227,2023-06-22,TR14/9,75.52,16.787584,0.0,6.1768
143228,2023-06-22,SP00/62,101.17,16.787584,0.0,6.1768
143229,2023-06-22,SU81/1,50.71,16.787584,0.0,6.1768
143230,2023-06-22,SU71/23,42.69,16.787584,0.0,6.1768
143231,2023-06-22,SU01/5B,85.3,16.787584,0.0,6.1768
143232,2023-06-23,SJ15/13,79.572,16.697998,4.5,14.770692
143233,2023-06-23,NY63/2,130.51,16.697998,4.5,14.770692
143234,2023-06-23,NH95/17,29.15,16.697998,4.5,14.770692
143235,2023-06-23,NO20/14,36.24,16.697998,4.5,14.770692
143236,2023-06-23,ID30/1,113.65,16.697998,4.5,14.770692
143237,2023-06-23,ST07/10,55.7624,16.697998,4.5,14.770692
143238,2023-06-23,SU01/5B,85.02,16.697998,4.5,14.770692
143239,2023-06-23,TL44/12,45.97,16.697998,4.5,14.770692
143240,2023-06-23,TQ25/86,98.15,16.697998,4.5,14.770692
143241,2023-06-23,SU81/1,50.48,16.697998,4.5,14.770692
143242,2023-06-23,SU17/57,136.72,16.697998,4.5,14.770692
143243,2023-06-23,SE94/5,17.65,16.697998,4.5,14.770692
143244,2023-06-23,SP00/62,101.14,16.697998,4.5,14.770692
143245,2023-06-23,TR14/9,75.41,16.697998,4.5,14.770692
143246,2023-06-23,SU71/23,42.49,16.697998,4.5,14.770692
143247,2023-06-23,SY68/34,68.93,16.697998,4.5,14.770692
143248,2023-06-23,TF03/37,15.32,16.697998,4.5,14.770692
143249,2023-06-23,SE95/6,21.12,16.697998,4.5,14.770692
143250,2023-06-23,SN00/11,8.414,16.697998,4.5,14.770692
143251,2023-06-23,TA10/63,17.81,16.697998,4.5,14.770692
143252,2023-06-24,NY63/2,130.53,19.125084,1.6000001,15.06858
143253,2023-06-24,ID30/1,113.65,19.125084,1.6000001,15.06858
143254,2023-06-24,SJ15/13,79.573,19.125084,1.6000001,15.06858
143255,2023-06-24,NO20/14,36.24,19.125084,1.6000001,15.06858
143256,2023-06-24,NH95/17,29.14,19.125084,1.6000001,15.06858
143257,2023-06-24,TA10/63,17.79,19.125084,1.6000001,15.06858
143258,2023-06-24,TL44/12,45.94,19.125084,1.6000001,15.06858
143259,2023-06-24,SY68/34,68.87,19.125084,1.6000001,15.06858
143260,2023-06-24,SU81/1,50.27,19.125084,1.6000001,15.06858
143261,2023-06-24,SE95/6,21.08,19.125084,1.6000001,15.06858
143262,2023-06-24,SU01/5B,84.75,19.125084,1.6000001,15.06858
143263,2023-06-24,SE94/5,17.59,19.125084,1.6000001,15.06858
143264,2023-06-24,SU71/23,42.3,19.125084,1.6000001,15.06858
143265,2023-06-24,TR14/9,75.32,19.125084,1.6000001,15.06858
143266,2023-06-24,SN00/11,8.3768,19.125084,1.6000001,15.06858
143267,2023-06-24,SP00/62,101.12,19.125084,1.6000001,15.06858
143268,2023-06-24,TF03/37,15.29,19.125084,1.6000001,15.06858
143269,2023-06-24,SU17/57,136.59,19.125084,1.6000001,15.06858
143270,2023-06-24,TQ25/86,98.12,19.125084,1.6000001,15.06858
143271,2023-06-24,ST07/10,55.6745,19.125084,1.6000001,15.06858
143272,2023-06-25,SJ15/13,79.583,18.573,6.1,13.75279
143273,2023-06-25,ID30/1,113.75,18.573,6.1,13.75279
143274,2023-06-25,NY63/2,130.53,18.573,6.1,13.75279
143275,2023-06-25,NO20/14,36.25,18.573,6.1,13.75279
143276,2023-06-25,NH95/17,29.15,18.573,6.1,13.75279
143277,2023-06-25,SU81/1,50.07,18.573,6.1,13.75279
143278,2023-06-25,SE95/6,21.04,18.573,6.1,13.75279
143279,2023-06-25,TL44/12,45.87,18.573,6.1,13.75279
143280,2023-06-25,TR14/9,75.23,18.573,6.1,13.75279
143281,2023-06-25,SU17/57,136.47,18.573,6.1,13.75279
143282,2023-06-25,SE94/5,17.59,18.573,6.1,13.75279
143283,2023-06-25,TQ25/86,98.08,18.573,6.1,13.75279
143284,2023-06-25,SU01/5B,84.49,18.573,6.1,13.75279
143285,2023-06-25,SU71/23,42.11,18.573,6.1,13.75279
143286,2023-06-25,TF03/37,15.22,18.573,6.1,13.75279
143287,2023-06-25,SN00/11,8.331,18.573,6.1,13.75279
143288,2023-06-25,TA10/63,17.77,18.573,6.1,13.75279
143289,2023-06-25,SP00/62,101.09,18.573,6.1,13.75279
143290,2023-06-25,ST07/10,55.5238,18.573,6.1,13.75279
143291,2023-06-25,SY68/34,68.81,18.573,6.1,13.75279
143292,2023-06-26,NH95/17,29.13,14.585499,2.6000001,12.975132
143293,2023-06-26,NO20/14,36.21,14.585499,2.6000001,12.975132
143294,2023-06-26,SJ15/13,79.578,14.585499,2.6000001,12.975132
143295,2023-06-26,NY63/2,130.55,14.585499,2.6000001,12.975132
143296,2023-06-26,TL33/67,84.258,14.585499,2.6000001,12.975132
143297,2023-06-26,ID30/1,113.78,14.585499,2.6000001,12.975132
143298,2023-06-26,SE94/5,17.58,14.585499,2.6000001,12.975132
143299,2023-06-26,TR14/9,75.11,14.585499,2.6000001,12.975132
143300,2023-06-26,TA10/63,17.73,14.585499,2.6000001,12.975132
143301,2023-06-26,TF03/37,15.07,14.585499,2.6000001,12.975132
143302,2023-06-26,SU81/1,49.86,14.585499,2.6000001,12.975132
143303,2023-06-26,SU71/23,41.91,14.585499,2.6000001,12.975132
143304,2023-06-26,TL44/12,45.8,14.585499,2.6000001,12.975132
143305,2023-06-26,SE95/6,20.99,14.585499,2.6000001,12.975132
143306,2023-06-26,TQ25/86,98.05,14.585499,2.6000001,12.975132
143307,2023-06-26,SY68/34,68.75,14.585499,2.6000001,12.975132
143308,2023-06-26,SP00/62,101.08,14.585499,2.6000001,12.975132
143309,2023-06-26,SU17/57,136.44,14.585499,2.6000001,12.975132
143310,2023-06-26,ST07/10,55.3975,14.585499,2.6000001,12.975132
143311,2023-06-26,SN00/11,8.2769,14.585499,2.6000001,12.975132
143312,2023-06-26,SU01/5B,84.22,14.585499,2.6000001,12.975132
143313,2023-06-27,ID30/1,113.73,15.506332,3.6999993,12.56521
143314,2023-06-27,NY63/2,130.51,15.506332,3.6999993,12.56521
143315,2023-06-27,NO20/14,36.22,15.506332,3.6999993,12.56521
143316,2023-06-27,NH95/17,29.14,15.506332,3.6999993,12.56521
143317,2023-06-27,SJ15/13,79.553,15.506332,3.6999993,12.56521
143318,2023-06-27,TL33/4,83.367,15.506332,3.6999993,12.56521
143319,2023-06-27,TF03/37,14.96,15.506332,3.6999993,12.56521
143320,2023-06-27,SU81/1,49.66,15.506332,3.6999993,12.56521
143321,2023-06-27,SU71/23,41.73,15.506332,3.6999993,12.56521
143322,2023-06-27,TA10/63,17.71,15.506332,3.6999993,12.56521
143323,2023-06-27,TL44/12,45.72,15.506332,3.6999993,12.56521
143324,2023-06-27,SN00/11,8.2384,15.506332,3.6999993,12.56521
143325,2023-06-27,SE95/6,20.95,15.506332,3.6999993,12.56521
143326,2023-06-27,SY68/34,68.69,15.506332,3.6999993,12.56521
143327,2023-06-27,ST07/10,55.3284,15.506332,3.6999993,12.56521
143328,2023-06-27,SU17/57,136.34,15.506332,3.6999993,12.56521
143329,2023-06-27,SP00/62,101.06,15.506332,3.6999993,12.56521
143330,2023-06-27,SE94/5,17.55,15.506332,3.6999993,12.56521
143331,2023-06-27,SU01/5B,83.95,15.506332,3.6999993,12.56521
143332,2023-06-27,TQ25/86,98.02,15.506332,3.6999993,12.56521
143333,2023-06-27,TR14/9,75.01,15.506332,3.6999993,12.56521
143334,2023-06-28,NY63/2,130.52,16.587584,3.8,9.836791
143335,2023-06-28,NO20/14,36.21,16.587584,3.8,9.836791
143336,2023-06-28,ID30/1,113.71,16.587584,3.8,9.836791
143337,2023-06-28,SJ15/13,79.564,16.587584,3.8,9.836791
143338,2023-06-28,NH95/17,29.15,16.587584,3.8,9.836791
143339,2023-06-28,SE95/6,20.92,16.587584,3.8,9.836791
143340,2023-06-28,SU17/57,136.22,16.587584,3.8,9.836791
143341,2023-06-28,SP00/62,101.02,16.587584,3.8,9.836791
143342,2023-06-28,TL44/12,45.65,16.587584,3.8,9.836791
143343,2023-06-28,TQ25/86,97.99,16.587584,3.8,9.836791
143344,2023-06-28,SU81/1,49.46,16.587584,3.8,9.836791
143345,2023-06-28,TR14/9,74.92,16.587584,3.8,9.836791
143346,2023-06-28,SE94/5,17.52,16.587584,3.8,9.836791
143347,2023-06-28,TA10/63,17.68,16.587584,3.8,9.836791
143348,2023-06-28,SU01/5B,83.69,16.587584,3.8,9.836791
143349,2023-06-28,TF03/37,14.94,16.587584,3.8,9.836791
143350,2023-06-28,SY68/34,68.63,16.587584,3.8,9.836791
143351,2023-06-28,SN00/11,8.2025,16.587584,3.8,9.836791
143352,2023-06-28,ST07/10,55.2134,16.587584,3.8,9.836791
143353,2023-06-28,SU71/23,41.52,16.587584,3.8,9.836791
143354,2023-06-29,NY63/2,130.51,13.693832,0.70000005,12.088514
143355,2023-06-29,NH95/17,29.13,13.693832,0.70000005,12.088514
143356,2023-06-29,NO20/14,36.09,13.693832,0.70000005,12.088514
143357,2023-06-29,SJ15/13,79.556,13.693832,0.70000005,12.088514
143358,2023-06-29,ID30/1,113.64,13.693832,0.70000005,12.088514
143359,2023-06-29,ST07/10,54.9821,13.693832,0.70000005,12.088514
143360,2023-06-29,SY68/34,68.57,13.693832,0.70000005,12.088514
143361,2023-06-29,SN00/11,8.1603,13.693832,0.70000005,12.088514
143362,2023-06-29,SU71/23,41.34,13.693832,0.70000005,12.088514
143363,2023-06-29,SU17/57,136.14,13.693832,0.70000005,12.088514
143364,2023-06-29,TQ25/86,97.97,13.693832,0.70000005,12.088514
143365,2023-06-29,SU01/5B,83.44,13.693832,0.70000005,12.088514
143366,2023-06-29,TA10/63,17.65,13.693832,0.70000005,12.088514
143367,2023-06-29,SE95/6,20.88,13.693832,0.70000005,12.088514
143368,2023-06-29,TR14/9,74.81,13.693832,0.70000005,12.088514
143369,2023-06-29,SP00/62,100.99,13.693832,0.70000005,12.088514
143370,2023-06-29,SU81/1,49.25,13.693832,0.70000005,12.088514
143371,2023-06-29,TF03/37,14.93,13.693832,0.70000005,12.088514
143372,2023-06-29,SE94/5,17.49,13.693832,0.70000005,12.088514
143373,2023-06-29,TL44/12,45.57,13.693832,0.70000005,12.088514
143374,2023-06-30,NH95/17,29.13,14.531333,4.8999996,14.738689
143375,2023-06-30,NY63/2,130.52,14.531333,4.8999996,14.738689
143376,2023-06-30,SJ15/13,79.559,14.531333,4.8999996,14.738689
143377,2023-06-30,NO20/14,36.11,14.531333,4.8999996,14.738689
143378,2023-06-30,ID30/1,113.62,14.531333,4.8999996,14.738689
143379,2023-06-30,TF03/37,14.92,14.531333,4.8999996,14.738689
143380,2023-06-30,TR14/9,74.73,14.531333,4.8999996,14.738689
143381,2023-06-30,SN00/11,8.1359,14.531333,4.8999996,14.738689
143382,2023-06-30,SE94/5,17.44,14.531333,4.8999996,14.738689
143383,2023-06-30,SU17/57,135.98,14.531333,4.8999996,14.738689
143384,2023-06-30,ST07/10,54.8947,14.531333,4.8999996,14.738689
143385,2023-06-30,TA10/63,17.64,14.531333,4.8999996,14.738689
143386,2023-06-30,SU71/23,41.16,14.531333,4.8999996,14.738689
143387,2023-06-30,SY68/34,68.51,14.531333,4.8999996,14.738689
143388,2023-06-30,SU01/5B,83.19,14.531333,4.8999996,14.738689
143389,2023-06-30,TL44/12,45.48,14.531333,4.8999996,14.738689
143390,2023-06-30,TQ25/86,97.94,14.531333,4.8999996,14.738689
143391,2023-06-30,SU81/1,49.05,14.531333,4.8999996,14.738689
143392,2023-06-30,SE95/6,20.85,14.531333,4.8999996,14.738689
143393,2023-06-30,SP00/62,100.97,14.531333,4.8999996,14.738689
143394,2023-06-30,TM15/112,25.3,14.531333,4.8999996,14.738689
143395,2023-07-01,SJ15/13,79.538,14.568833,2.7999997,25.143078
143396,2023-07-01,NY63/2,130.55,14.568833,2.7999997,25.143078
143397,2023-07-01,NH95/17,29.13,14.568833,2.7999997,25.143078
143398,2023-07-01,TL33/67,84.097,14.568833,2.7999997,25.143078
143399,2023-07-01,TL33/4,83.364,14.568833,2.7999997,25.143078
143400,2023-07-01,NO20/14,36.2,14.568833,2.7999997,25.143078
143401,2023-07-01,ID30/1,113.62,14.568833,2.7999997,25.143078
143402,2023-07-01,SE95/6,20.82,14.568833,2.7999997,25.143078
143403,2023-07-01,TF03/37,14.84,14.568833,2.7999997,25.143078
143404,2023-07-01,TL44/12,45.39,14.568833,2.7999997,25.143078
143405,2023-07-01,SU71/23,41.03,14.568833,2.7999997,25.143078
143406,2023-07-01,SN00/11,8.0941,14.568833,2.7999997,25.143078
143407,2023-07-01,SU01/5B,82.95,14.568833,2.7999997,25.143078
143408,2023-07-01,TR14/9,74.63,14.568833,2.7999997,25.143078
143409,2023-07-01,SE94/5,17.38,14.568833,2.7999997,25.143078
143410,2023-07-01,SU81/1,48.85,14.568833,2.7999997,25.143078
143411,2023-07-01,SP00/62,100.94,14.568833,2.7999997,25.143078
143412,2023-07-01,TA10/63,17.61,14.568833,2.7999997,25.143078
143413,2023-07-01,SY68/34,68.46,14.568833,2.7999997,25.143078
143414,2023-07-01,TQ25/86,97.91,14.568833,2.7999997,25.143078
143415,2023-07-01,SU17/57,135.91,14.568833,2.7999997,25.143078
143416,2023-07-01,ST07/10,54.7224,14.568833,2.7999997,25.143078
143417,2023-07-02,SJ15/13,79.519,12.527168,9.6,21.950348
143418,2023-07-02,NH95/17,29.15,12.527168,9.6,21.950348
143419,2023-07-02,NY63/2,130.52,12.527168,9.6,21.950348
143420,2023-07-02,ID30/1,113.63,12.527168,9.6,21.950348
143421,2023-07-02,NO20/14,36.18,12.527168,9.6,21.950348
143422,2023-07-02,ST07/10,54.5764,12.527168,9.6,21.950348
143423,2023-07-02,TF03/37,14.77,12.527168,9.6,21.950348
143424,2023-07-02,TR14/9,74.52,12.527168,9.6,21.950348
143425,2023-07-02,SE94/5,17.37,12.527168,9.6,21.950348
143426,2023-07-02,SU71/23,40.85,12.527168,9.6,21.950348
143427,2023-07-02,SU81/1,48.65,12.527168,9.6,21.950348
143428,2023-07-02,SU17/57,135.85,12.527168,9.6,21.950348
143429,2023-07-02,TQ25/86,97.88,12.527168,9.6,21.950348
143430,2023-07-02,SU01/5B,82.71,12.527168,9.6,21.950348
143431,2023-07-02,SJ62/235,54.316,12.527168,9.6,21.950348
143432,2023-07-02,TA10/63,17.58,12.527168,9.6,21.950348
143433,2023-07-02,SN00/11,8.0559,12.527168,9.6,21.950348
143434,2023-07-02,SE95/6,20.79,12.527168,9.6,21.950348
143435,2023-07-02,SY68/34,68.4,12.527168,9.6,21.950348
143436,2023-07-02,TL44/12,45.29,12.527168,9.6,21.950348
143437,2023-07-02,SP00/62,100.92,12.527168,9.6,21.950348
143438,2023-07-03,ID30/1,113.59,12.1188345,3.6,16.096022
143439,2023-07-03,NY63/2,130.51,12.1188345,3.6,16.096022
143440,2023-07-03,NO20/14,36.18,12.1188345,3.6,16.096022
143441,2023-07-03,TL33/67,83.778,12.1188345,3.6,16.096022
143442,2023-07-03,NH95/17,29.12,12.1188345,3.6,16.096022
143443,2023-07-03,SJ15/13,79.506,12.1188345,3.6,16.096022
143444,2023-07-03,SP00/62,100.9,12.1188345,3.6,16.096022
143445,2023-07-03,SY68/34,68.34,12.1188345,3.6,16.096022
143446,2023-07-03,TA10/63,17.55,12.1188345,3.6,16.096022
143447,2023-07-03,ST07/10,54.4579,12.1188345,3.6,16.096022
143448,2023-07-03,SN00/11,8.0217,12.1188345,3.6,16.096022
143449,2023-07-03,SE94/5,17.36,12.1188345,3.6,16.096022
143450,2023-07-03,SU01/5B,82.47,12.1188345,3.6,16.096022
143451,2023-07-03,TQ25/86,97.85,12.1188345,3.6,16.096022
143452,2023-07-03,SU81/1,48.45,12.1188345,3.6,16.096022
143453,2023-07-03,SU71/23,40.67,12.1188345,3.6,16.096022
143454,2023-07-03,TR14/9,74.42,12.1188345,3.6,16.096022
143455,2023-07-03,SU17/57,135.76,12.1188345,3.6,16.096022
143456,2023-07-03,TL44/12,45.2,12.1188345,3.6,16.096022
143457,2023-07-03,SJ62/235,54.314,12.1188345,3.6,16.096022
143458,2023-07-03,SE95/6,20.76,12.1188345,3.6,16.096022
143459,2023-07-03,TF03/37,14.69,12.1188345,3.6,16.096022
143460,2023-07-04,TL33/4,83.3,13.100083,5.7999997,11.425478
143461,2023-07-04,ID30/1,113.61,13.100083,5.7999997,11.425478
143462,2023-07-04,SJ15/13,79.51,13.100083,5.7999997,11.425478
143463,2023-07-04,NO20/14,36.13,13.100083,5.7999997,11.425478
143464,2023-07-04,NY63/2,130.51,13.100083,5.7999997,11.425478
143465,2023-07-04,NH95/17,29.11,13.100083,5.7999997,11.425478
143466,2023-07-04,TA10/63,17.52,13.100083,5.7999997,11.425478
143467,2023-07-04,SP00/62,100.87,13.100083,5.7999997,11.425478
143468,2023-07-04,SN00/11,7.9892,13.100083,5.7999997,11.425478
143469,2023-07-04,TL44/12,45.11,13.100083,5.7999997,11.425478
143470,2023-07-04,SY68/34,68.29,13.100083,5.7999997,11.425478
143471,2023-07-04,SU17/57,135.66,13.100083,5.7999997,11.425478
143472,2023-07-04,TF03/37,14.61,13.100083,5.7999997,11.425478
143473,2023-07-04,SE94/5,17.33,13.100083,5.7999997,11.425478
143474,2023-07-04,SJ62/235,54.31,13.100083,5.7999997,11.425478
143475,2023-07-04,SU71/23,40.51,13.100083,5.7999997,11.425478
143476,2023-07-04,SU81/1,48.25,13.100083,5.7999997,11.425478
143477,2023-07-04,SE95/6,20.72,13.100083,5.7999997,11.425478
143478,2023-07-04,ST07/10,54.3618,13.100083,5.7999997,11.425478
143479,2023-07-04,TQ25/86,97.82,13.100083,5.7999997,11.425478
143480,2023-07-04,SU01/5B,82.23,13.100083,5.7999997,11.425478
143481,2023-07-04,TR14/9,74.33,13.100083,5.7999997,11.425478
143482,2023-07-05,ID30/1,113.59,13.145916,1.8000002,12.045825
143483,2023-07-05,NH95/17,29.11,13.145916,1.8000002,12.045825
143484,2023-07-05,NO20/14,36.14,13.145916,1.8000002,12.045825
143485,2023-07-05,SJ15/13,79.506,13.145916,1.8000002,12.045825
143486,2023-07-05,NY63/2,130.5,13.145916,1.8000002,12.045825
143487,2023-07-05,SU01/5B,82.0,13.145916,1.8000002,12.045825
143488,2023-07-05,SJ62/235,54.302,13.145916,1.8000002,12.045825
143489,2023-07-05,SY68/34,68.23,13.145916,1.8000002,12.045825
143490,2023-07-05,SN00/11,7.9491,13.145916,1.8000002,12.045825
143491,2023-07-05,SU71/23,40.33,13.145916,1.8000002,12.045825
143492,2023-07-05,TF03/37,14.52,13.145916,1.8000002,12.045825
143493,2023-07-05,ST07/10,54.4164,13.145916,1.8000002,12.045825
143494,2023-07-05,TA10/63,17.48,13.145916,1.8000002,12.045825
143495,2023-07-05,TR14/9,74.22,13.145916,1.8000002,12.045825
143496,2023-07-05,SP00/62,100.85,13.145916,1.8000002,12.045825
143497,2023-07-05,SE95/6,20.68,13.145916,1.8000002,12.045825
143498,2023-07-05,TL44/12,45.02,13.145916,1.8000002,12.045825
143499,2023-07-05,SU17/57,135.64,13.145916,1.8000002,12.045825
143500,2023-07-05,TQ25/86,97.78,13.145916,1.8000002,12.045825
143501,2023-07-05,SU81/1,48.06,13.145916,1.8000002,12.045825
143502,2023-07-05,SE94/5,17.25,13.145916,1.8000002,12.045825
143503,2023-07-06,NO20/14,36.15,14.733417,3.2999995,15.764289
143504,2023-07-06,ID30/1,113.56,14.733417,3.2999995,15.764289
143505,2023-07-06,NY63/2,130.47,14.733417,3.2999995,15.764289
143506,2023-07-06,SJ15/13,79.481,14.733417,3.2999995,15.764289
143507,2023-07-06,NH95/17,29.11,14.733417,3.2999995,15.764289
143508,2023-07-06,ST07/10,54.3983,14.733417,3.2999995,15.764289
143509,2023-07-06,TQ25/86,97.76,14.733417,3.2999995,15.764289
143510,2023-07-06,SU17/57,135.57,14.733417,3.2999995,15.764289
143511,2023-07-06,SJ62/235,54.299,14.733417,3.2999995,15.764289
143512,2023-07-06,SU81/1,47.88,14.733417,3.2999995,15.764289
143513,2023-07-06,SU71/23,40.14,14.733417,3.2999995,15.764289
143514,2023-07-06,TR14/9,74.1,14.733417,3.2999995,15.764289
143515,2023-07-06,SE95/6,20.64,14.733417,3.2999995,15.764289
143516,2023-07-06,SE94/5,17.19,14.733417,3.2999995,15.764289
143517,2023-07-06,SN00/11,7.9193,14.733417,3.2999995,15.764289
143518,2023-07-06,TF03/37,14.48,14.733417,3.2999995,15.764289
143519,2023-07-06,SP00/62,100.82,14.733417,3.2999995,15.764289
143520,2023-07-06,SY68/34,68.17,14.733417,3.2999995,15.764289
143521,2023-07-06,TA10/63,17.43,14.733417,3.2999995,15.764289
143522,2023-07-06,SU01/5B,81.77,14.733417,3.2999995,15.764289
143523,2023-07-06,TL44/12,44.94,14.733417,3.2999995,15.764289
143524,2023-07-07,NH95/17,29.1,18.500084,0.9000001,19.771286
143525,2023-07-07,SJ15/13,79.478,18.500084,0.9000001,19.771286
143526,2023-07-07,NY63/2,130.48,18.500084,0.9000001,19.771286
143527,2023-07-07,ID30/1,113.67,18.500084,0.9000001,19.771286
143528,2023-07-07,NO20/14,36.15,18.500084,0.9000001,19.771286
143529,2023-07-07,SP00/62,100.8,18.500084,0.9000001,19.771286
143530,2023-07-07,ST07/10,54.2892,18.500084,0.9000001,19.771286
143531,2023-07-07,SU71/23,39.96,18.500084,0.9000001,19.771286
143532,2023-07-07,SU01/5B,81.54,18.500084,0.9000001,19.771286
143533,2023-07-07,TR14/9,74.01,18.500084,0.9000001,19.771286
143534,2023-07-07,SE94/5,17.15,18.500084,0.9000001,19.771286
143535,2023-07-07,SY68/34,68.11,18.500084,0.9000001,19.771286
143536,2023-07-07,TA10/63,17.42,18.500084,0.9000001,19.771286
143537,2023-07-07,SU81/1,47.69,18.500084,0.9000001,19.771286
143538,2023-07-07,TF03/37,14.43,18.500084,0.9000001,19.771286
143539,2023-07-07,TL44/12,44.83,18.500084,0.9000001,19.771286
143540,2023-07-07,TQ25/86,97.73,18.500084,0.9000001,19.771286
143541,2023-07-07,SJ62/235,54.296,18.500084,0.9000001,19.771286
143542,2023-07-07,SN00/11,7.8889,18.500084,0.9000001,19.771286
143543,2023-07-07,SU17/57,135.47,18.500084,0.9000001,19.771286
143544,2023-07-07,SE95/6,20.6,18.500084,0.9000001,19.771286
143545,2023-07-08,NY63/2,130.45,19.941751,16.300001,15.452395
143546,2023-07-08,NO20/14,36.14,19.941751,16.300001,15.452395
143547,2023-07-08,NH95/17,29.09,19.941751,16.300001,15.452395
143548,2023-07-08,SJ15/13,79.471,19.941751,16.300001,15.452395
143549,2023-07-08,ID30/1,113.64,19.941751,16.300001,15.452395
143550,2023-07-08,TF03/37,14.38,19.941751,16.300001,15.452395
143551,2023-07-08,ST07/10,54.1526,19.941751,16.300001,15.452395
143552,2023-07-08,SU71/23,39.8,19.941751,16.300001,15.452395
143553,2023-07-08,SU17/57,135.42,19.941751,16.300001,15.452395
143554,2023-07-08,SJ62/235,54.289,19.941751,16.300001,15.452395
143555,2023-07-08,TQ25/86,97.7,19.941751,16.300001,15.452395
143556,2023-07-08,SU81/1,47.51,19.941751,16.300001,15.452395
143557,2023-07-08,SP00/62,100.79,19.941751,16.300001,15.452395
143558,2023-07-08,SE95/6,20.57,19.941751,16.300001,15.452395
143559,2023-07-08,SE94/5,17.11,19.941751,16.300001,15.452395
143560,2023-07-08,TA10/63,17.39,19.941751,16.300001,15.452395
143561,2023-07-08,SU01/5B,81.31,19.941751,16.300001,15.452395
143562,2023-07-08,TL44/12,44.74,19.941751,16.300001,15.452395
143563,2023-07-08,SN00/11,7.8522,19.941751,16.300001,15.452395
143564,2023-07-08,SY68/34,68.06,19.941751,16.300001,15.452395
143565,2023-07-08,TR14/9,73.9,19.941751,16.300001,15.452395
143566,2023-07-09,NY63/2,130.45,17.620918,2.8000002,9.83817
143567,2023-07-09,SJ15/13,79.457,17.620918,2.8000002,9.83817
143568,2023-07-09,NO20/14,36.16,17.620918,2.8000002,9.83817
143569,2023-07-09,ID30/1,113.54,17.620918,2.8000002,9.83817
143570,2023-07-09,NH95/17,29.07,17.620918,2.8000002,9.83817
143571,2023-07-09,SY68/34,68.0,17.620918,2.8000002,9.83817
143572,2023-07-09,ST07/10,54.0193,17.620918,2.8000002,9.83817
143573,2023-07-09,SU81/1,47.33,17.620918,2.8000002,9.83817
143574,2023-07-09,SU71/23,39.59,17.620918,2.8000002,9.83817
143575,2023-07-09,SE95/6,20.53,17.620918,2.8000002,9.83817
143576,2023-07-09,SU01/5B,81.08,17.620918,2.8000002,9.83817
143577,2023-07-09,SE94/5,17.09,17.620918,2.8000002,9.83817
143578,2023-07-09,SU17/57,135.36,17.620918,2.8000002,9.83817
143579,2023-07-09,SJ62/235,54.288,17.620918,2.8000002,9.83817
143580,2023-07-09,SP00/62,100.78,17.620918,2.8000002,9.83817
143581,2023-07-09,SN00/11,7.8259,17.620918,2.8000002,9.83817
143582,2023-07-09,TL44/12,44.66,17.620918,2.8000002,9.83817
143583,2023-07-09,TA10/63,17.36,17.620918,2.8000002,9.83817
143584,2023-07-09,TR14/9,73.79,17.620918,2.8000002,9.83817
143585,2023-07-09,TQ25/86,97.68,17.620918,2.8000002,9.83817
143586,2023-07-09,TF03/37,14.37,17.620918,2.8000002,9.83817
143587,2023-07-10,NO20/14,36.16,15.373001,7.3999996,16.87696
143588,2023-07-10,NH95/17,29.09,15.373001,7.3999996,16.87696
143589,2023-07-10,ID30/1,113.53,15.373001,7.3999996,16.87696
143590,2023-07-10,NY63/2,130.46,15.373001,7.3999996,16.87696
143591,2023-07-10,SJ15/13,79.45,15.373001,7.3999996,16.87696
143592,2023-07-10,TL33/67,83.414,15.373001,7.3999996,16.87696
143593,2023-07-10,SU01/5B,80.86,15.373001,7.3999996,16.87696
143594,2023-07-10,TL44/12,44.59,15.373001,7.3999996,16.87696
143595,2023-07-10,TQ25/86,97.66,15.373001,7.3999996,16.87696
143596,2023-07-10,SU71/23,39.43,15.373001,7.3999996,16.87696
143597,2023-07-10,TR14/9,73.69,15.373001,7.3999996,16.87696
143598,2023-07-10,TF03/37,14.36,15.373001,7.3999996,16.87696
143599,2023-07-10,SY68/34,67.95,15.373001,7.3999996,16.87696
143600,2023-07-10,SE94/5,17.08,15.373001,7.3999996,16.87696
143601,2023-07-10,SJ62/235,54.301,15.373001,7.3999996,16.87696
143602,2023-07-10,SP00/62,100.77,15.373001,7.3999996,16.87696
143603,2023-07-10,SU81/1,47.17,15.373001,7.3999996,16.87696
143604,2023-07-10,TA10/63,17.34,15.373001,7.3999996,16.87696
143605,2023-07-10,ST07/10,54.0793,15.373001,7.3999996,16.87696
143606,2023-07-10,SN00/11,7.8482,15.373001,7.3999996,16.87696
143607,2023-07-10,SE95/6,20.5,15.373001,7.3999996,16.87696
143608,2023-07-10,SU17/57,135.24,15.373001,7.3999996,16.87696
143609,2023-07-11,NY63/2,130.5,15.227165,14.099999,14.276674
143610,2023-07-11,NH95/17,29.13,15.227165,14.099999,14.276674
143611,2023-07-11,NO20/14,36.18,15.227165,14.099999,14.276674
143612,2023-07-11,ID30/1,113.6,15.227165,14.099999,14.276674
143613,2023-07-11,SJ15/13,79.476,15.227165,14.099999,14.276674
143614,2023-07-11,TL33/4,83.184,15.227165,14.099999,14.276674
143615,2023-07-11,TL44/12,44.51,15.227165,14.099999,14.276674
143616,2023-07-11,SE95/6,20.48,15.227165,14.099999,14.276674
143617,2023-07-11,SU17/57,135.12,15.227165,14.099999,14.276674
143618,2023-07-11,SU01/5B,80.64,15.227165,14.099999,14.276674
143619,2023-07-11,SE94/5,17.06,15.227165,14.099999,14.276674
143620,2023-07-11,SP00/62,100.77,15.227165,14.099999,14.276674
143621,2023-07-11,TF03/37,14.36,15.227165,14.099999,14.276674
143622,2023-07-11,TA10/63,17.31,15.227165,14.099999,14.276674
143623,2023-07-11,TR14/9,73.59,15.227165,14.099999,14.276674
143624,2023-07-11,SY68/34,67.9,15.227165,14.099999,14.276674
143625,2023-07-11,SU81/1,47.02,15.227165,14.099999,14.276674
143626,2023-07-11,SN00/11,7.8625,15.227165,14.099999,14.276674
143627,2023-07-11,TQ25/86,97.63,15.227165,14.099999,14.276674
143628,2023-07-11,ST07/10,54.1452,15.227165,14.099999,14.276674
143629,2023-07-11,SJ62/235,54.303,15.227165,14.099999,14.276674
143630,2023-07-11,SU71/23,39.24,15.227165,14.099999,14.276674
143631,2023-07-12,NY63/2,130.49,14.291749,27.8,13.15234
143632,2023-07-12,SJ15/13,79.476,14.291749,27.8,13.15234
143633,2023-07-12,NH95/17,29.12,14.291749,27.8,13.15234
143634,2023-07-12,ID30/1,113.86,14.291749,27.8,13.15234
143635,2023-07-12,NO20/14,36.15,14.291749,27.8,13.15234
143636,2023-07-12,SY68/34,67.84,14.291749,27.8,13.15234
143637,2023-07-12,SU81/1,46.86,14.291749,27.8,13.15234
143638,2023-07-12,TR14/9,73.48,14.291749,27.8,13.15234
143639,2023-07-12,SN00/11,7.8416,14.291749,27.8,13.15234
143640,2023-07-12,SE95/6,20.44,14.291749,27.8,13.15234
143641,2023-07-12,ST07/10,54.063,14.291749,27.8,13.15234
143642,2023-07-12,TL44/12,44.42,14.291749,27.8,13.15234
143643,2023-07-12,SJ62/235,54.299,14.291749,27.8,13.15234
143644,2023-07-12,SU17/57,135.09,14.291749,27.8,13.15234
143645,2023-07-12,TF03/37,14.27,14.291749,27.8,13.15234
143646,2023-07-12,SE94/5,17.02,14.291749,27.8,13.15234
143647,2023-07-12,SU01/5B,80.42,14.291749,27.8,13.15234
143648,2023-07-12,TQ25/86,97.61,14.291749,27.8,13.15234
143649,2023-07-12,SP00/62,100.75,14.291749,27.8,13.15234
143650,2023-07-12,TA10/63,17.27,14.291749,27.8,13.15234
143651,2023-07-12,SU71/23,39.05,14.291749,27.8,13.15234
143652,2023-07-12,TV59/7C,1.76,14.291749,27.8,13.15234
143653,2023-07-13,SJ15/13,79.452,14.310497,1.7000003,11.65773
143654,2023-07-13,NH95/17,29.07,14.310497,1.7000003,11.65773
143655,2023-07-13,ID30/1,114.0,14.310497,1.7000003,11.65773
143656,2023-07-13,NO20/14,36.13,14.310497,1.7000003,11.65773
143657,2023-07-13,NY63/2,130.45,14.310497,1.7000003,11.65773
143658,2023-07-13,SU81/1,46.69,14.310497,1.7000003,11.65773
143659,2023-07-13,SU01/5B,80.2,14.310497,1.7000003,11.65773
143660,2023-07-13,SU71/23,38.89,14.310497,1.7000003,11.65773
143661,2023-07-13,TQ25/86,97.6,14.310497,1.7000003,11.65773
143662,2023-07-13,SY68/34,67.79,14.310497,1.7000003,11.65773
143663,2023-07-13,TL44/12,44.35,14.310497,1.7000003,11.65773
143664,2023-07-13,SU17/57,135.02,14.310497,1.7000003,11.65773
143665,2023-07-13,TA10/63,17.24,14.310497,1.7000003,11.65773
143666,2023-07-13,SJ62/235,54.3,14.310497,1.7000003,11.65773
143667,2023-07-13,SP00/62,100.74,14.310497,1.7000003,11.65773
143668,2023-07-13,TF03/37,14.23,14.310497,1.7000003,11.65773
143669,2023-07-13,SE95/6,20.41,14.310497,1.7000003,11.65773
143670,2023-07-13,SN00/11,7.8224,14.310497,1.7000003,11.65773
143671,2023-07-13,ST07/10,53.9364,14.310497,1.7000003,11.65773
143672,2023-07-13,TR14/9,73.36,14.310497,1.7000003,11.65773
143673,2023-07-13,SE94/5,16.97,14.310497,1.7000003,11.65773
143674,2023-07-14,NY63/2,130.44,15.593831,5.9,20.583738
143675,2023-07-14,ID30/1,113.96,15.593831,5.9,20.583738
143676,2023-07-14,NH95/17,29.1,15.593831,5.9,20.583738
143677,2023-07-14,NO20/14,36.14,15.593831,5.9,20.583738
143678,2023-07-14,SJ15/13,79.45067,15.593831,5.9,20.583738
143679,2023-07-14,SN00/11,7.8994,15.593831,5.9,20.583738
143680,2023-07-14,TL44/12,44.29,15.593831,5.9,20.583738
143681,2023-07-14,SU01/5B,80.0,15.593831,5.9,20.583738
143682,2023-07-14,TQ25/86,97.57,15.593831,5.9,20.583738
143683,2023-07-14,SU81/1,46.56,15.593831,5.9,20.583738
143684,2023-07-14,TA10/63,17.23,15.593831,5.9,20.583738
143685,2023-07-14,SE94/5,16.91,15.593831,5.9,20.583738
143686,2023-07-14,SE95/6,20.39,15.593831,5.9,20.583738
143687,2023-07-14,ST07/10,54.2891,15.593831,5.9,20.583738
143688,2023-07-14,SP00/62,100.82,15.593831,5.9,20.583738
143689,2023-07-14,TR14/9,73.27,15.593831,5.9,20.583738
143690,2023-07-14,SU17/57,134.82,15.593831,5.9,20.583738
143691,2023-07-14,TF03/37,14.3,15.593831,5.9,20.583738
143692,2023-07-14,SY68/34,67.76,15.593831,5.9,20.583738
143693,2023-07-14,SU71/23,38.77,15.593831,5.9,20.583738
143694,2023-07-14,SJ62/235,54.319,15.593831,5.9,20.583738
143695,2023-07-15,SJ15/13,79.498,14.850083,13.999999,23.446163
143696,2023-07-15,ID30/1,114.31,14.850083,13.999999,23.446163
143697,2023-07-15,NO20/14,36.18,14.850083,13.999999,23.446163
143698,2023-07-15,NY63/2,130.51,14.850083,13.999999,23.446163
143699,2023-07-15,NH95/17,29.16,14.850083,13.999999,23.446163
143700,2023-07-15,SU17/57,134.76,14.850083,13.999999,23.446163
143701,2023-07-15,TQ25/86,97.53,14.850083,13.999999,23.446163
143702,2023-07-15,SE95/6,20.37,14.850083,13.999999,23.446163
143703,2023-07-15,TR14/9,73.17,14.850083,13.999999,23.446163
143704,2023-07-15,TL44/12,44.2,14.850083,13.999999,23.446163
143705,2023-07-15,SU71/23,38.62,14.850083,13.999999,23.446163
143706,2023-07-15,TF03/37,14.26,14.850083,13.999999,23.446163
143707,2023-07-15,SE94/5,16.85,14.850083,13.999999,23.446163
143708,2023-07-15,SJ62/235,54.315,14.850083,13.999999,23.446163
143709,2023-07-15,ST07/10,54.2525,14.850083,13.999999,23.446163
143710,2023-07-15,SY68/34,67.72,14.850083,13.999999,23.446163
143711,2023-07-15,TA10/63,17.2,14.850083,13.999999,23.446163
143712,2023-07-15,SU01/5B,79.81,14.850083,13.999999,23.446163
143713,2023-07-15,SU81/1,46.41,14.850083,13.999999,23.446163
143714,2023-07-15,SP00/62,100.84,14.850083,13.999999,23.446163
143715,2023-07-15,SN00/11,7.9005,14.850083,13.999999,23.446163
143716,2023-07-16,ID30/1,114.34,14.356335,8.099999,18.691563
143717,2023-07-16,NH95/17,29.14,14.356335,8.099999,18.691563
143718,2023-07-16,NY63/2,130.52,14.356335,8.099999,18.691563
143719,2023-07-16,NO20/14,36.14,14.356335,8.099999,18.691563
143720,2023-07-16,SJ15/13,79.488,14.356335,8.099999,18.691563
143721,2023-07-16,TQ25/86,97.5,14.356335,8.099999,18.691563
143722,2023-07-16,SE95/6,20.34,14.356335,8.099999,18.691563
143723,2023-07-16,SU01/5B,79.6,14.356335,8.099999,18.691563
143724,2023-07-16,TL44/12,44.11,14.356335,8.099999,18.691563
143725,2023-07-16,SJ62/235,54.302,14.356335,8.099999,18.691563
143726,2023-07-16,ST07/10,54.1796,14.356335,8.099999,18.691563
143727,2023-07-16,TF03/37,14.17,14.356335,8.099999,18.691563
143728,2023-07-16,SN00/11,7.8691,14.356335,8.099999,18.691563
143729,2023-07-16,SU17/57,134.8,14.356335,8.099999,18.691563
143730,2023-07-16,SE94/5,16.84,14.356335,8.099999,18.691563
143731,2023-07-16,TA10/63,17.14,14.356335,8.099999,18.691563
143732,2023-07-16,TR14/9,73.07,14.356335,8.099999,18.691563
143733,2023-07-16,SU71/23,38.46,14.356335,8.099999,18.691563
143734,2023-07-16,SU81/1,46.25,14.356335,8.099999,18.691563
143735,2023-07-16,SY68/34,67.66,14.356335,8.099999,18.691563
143736,2023-07-16,SP00/62,100.82,14.356335,8.099999,18.691563
143737,2023-07-17,ID30/1,114.29,13.629249,2.5,11.352661
143738,2023-07-17,SJ15/13,79.437,13.629249,2.5,11.352661
143739,2023-07-17,NO20/14,36.1,13.629249,2.5,11.352661
143740,2023-07-17,NH95/17,29.15,13.629249,2.5,11.352661
143741,2023-07-17,NY63/2,130.44,13.629249,2.5,11.352661
143742,2023-07-17,SU81/1,46.08,13.629249,2.5,11.352661
143743,2023-07-17,SJ62/235,54.298,13.629249,2.5,11.352661
143744,2023-07-17,SE94/5,16.81,13.629249,2.5,11.352661
143745,2023-07-17,TL44/12,44.02,13.629249,2.5,11.352661
143746,2023-07-17,SY68/34,67.61,13.629249,2.5,11.352661
143747,2023-07-17,SU71/23,38.3,13.629249,2.5,11.352661
143748,2023-07-17,SU17/57,134.79,13.629249,2.5,11.352661
143749,2023-07-17,ST07/10,54.1037,13.629249,2.5,11.352661
143750,2023-07-17,SE95/6,20.31,13.629249,2.5,11.352661
143751,2023-07-17,SN00/11,7.839,13.629249,2.5,11.352661
143752,2023-07-17,SU01/5B,79.39,13.629249,2.5,11.352661
143753,2023-07-17,TQ25/86,97.48,13.629249,2.5,11.352661
143754,2023-07-17,TR14/9,72.95,13.629249,2.5,11.352661
143755,2023-07-17,TA10/63,17.1,13.629249,2.5,11.352661
143756,2023-07-17,SP00/62,100.8,13.629249,2.5,11.352661
143757,2023-07-17,TF03/37,14.1,13.629249,2.5,11.352661
143758,2023-07-17,TM15/112,25.25,13.629249,2.5,11.352661
143759,2023-07-18,NH95/17,29.14,12.981332,12.2,7.7974863
143760,2023-07-18,ID30/1,114.28,12.981332,12.2,7.7974863
143761,2023-07-18,NY63/2,130.4,12.981332,12.2,7.7974863
143762,2023-07-18,NO20/14,36.1,12.981332,12.2,7.7974863
143763,2023-07-18,TL33/67,83.215,12.981332,12.2,7.7974863
143764,2023-07-18,SJ15/13,79.411,12.981332,12.2,7.7974863
143765,2023-07-18,TL33/4,83.034,12.981332,12.2,7.7974863
143766,2023-07-18,TA10/63,17.08,12.981332,12.2,7.7974863
143767,2023-07-18,TF03/37,14.05,12.981332,12.2,7.7974863
143768,2023-07-18,TR14/9,72.85,12.981332,12.2,7.7974863
143769,2023-07-18,ST07/10,53.9587,12.981332,12.2,7.7974863
143770,2023-07-18,SU17/57,134.68,12.981332,12.2,7.7974863
143771,2023-07-18,SU81/1,45.92,12.981332,12.2,7.7974863
143772,2023-07-18,TQ25/86,97.45,12.981332,12.2,7.7974863
143773,2023-07-18,SJ62/235,54.306,12.981332,12.2,7.7974863
143774,2023-07-18,SY68/34,67.56,12.981332,12.2,7.7974863
143775,2023-07-18,SN00/11,7.8559,12.981332,12.2,7.7974863
143776,2023-07-18,SU01/5B,79.19,12.981332,12.2,7.7974863
143777,2023-07-18,TL44/12,43.94,12.981332,12.2,7.7974863
143778,2023-07-18,SU71/23,38.14,12.981332,12.2,7.7974863
143779,2023-07-18,SP00/62,100.79,12.981332,12.2,7.7974863
143780,2023-07-18,SE94/5,16.78,12.981332,12.2,7.7974863
143781,2023-07-18,SE95/6,20.28,12.981332,12.2,7.7974863
143782,2023-07-19,NO20/14,36.1,14.1396675,0.7,7.718514
143783,2023-07-19,ID30/1,114.23,14.1396675,0.7,7.718514
143784,2023-07-19,SJ15/13,79.439,14.1396675,0.7,7.718514
143785,2023-07-19,NH95/17,29.16,14.1396675,0.7,7.718514
143786,2023-07-19,NY63/2,130.44,14.1396675,0.7,7.718514
143787,2023-07-19,TF03/37,13.98,14.1396675,0.7,7.718514
143788,2023-07-19,SE94/5,16.69,14.1396675,0.7,7.718514
143789,2023-07-19,SJ62/235,54.304,14.1396675,0.7,7.718514
143790,2023-07-19,SU81/1,45.75,14.1396675,0.7,7.718514
143791,2023-07-19,SP00/62,100.78,14.1396675,0.7,7.718514
143792,2023-07-19,TL44/12,43.86,14.1396675,0.7,7.718514
143793,2023-07-19,SE95/6,20.26,14.1396675,0.7,7.718514
143794,2023-07-19,SY68/34,67.51,14.1396675,0.7,7.718514
143795,2023-07-19,TA10/63,17.04,14.1396675,0.7,7.718514
143796,2023-07-19,SU17/57,134.61,14.1396675,0.7,7.718514
143797,2023-07-19,SU01/5B,79.01,14.1396675,0.7,7.718514
143798,2023-07-19,SN00/11,7.8456,14.1396675,0.7,7.718514
143799,2023-07-19,TQ25/86,97.42,14.1396675,0.7,7.718514
143800,2023-07-19,ST07/10,53.7706,14.1396675,0.7,7.718514
143801,2023-07-19,SU71/23,37.99,14.1396675,0.7,7.718514
143802,2023-07-19,TR14/9,72.74,14.1396675,0.7,7.718514
143803,2023-07-20,SJ15/13,79.416,13.470914,1.2,9.966899
143804,2023-07-20,ID30/1,114.19,13.470914,1.2,9.966899
143805,2023-07-20,NY63/2,130.43,13.470914,1.2,9.966899
143806,2023-07-20,NH95/17,29.16,13.470914,1.2,9.966899
143807,2023-07-20,NO20/14,36.1,13.470914,1.2,9.966899
143808,2023-07-20,TF03/37,13.95,13.470914,1.2,9.966899
143809,2023-07-20,SJ62/235,54.308,13.470914,1.2,9.966899
143810,2023-07-20,SU17/57,134.52,13.470914,1.2,9.966899
143811,2023-07-20,SU71/23,37.84,13.470914,1.2,9.966899
143812,2023-07-20,ST07/10,53.6007,13.470914,1.2,9.966899
143813,2023-07-20,TQ25/86,97.4,13.470914,1.2,9.966899
143814,2023-07-20,TL44/12,43.78,13.470914,1.2,9.966899
143815,2023-07-20,SE95/6,20.23,13.470914,1.2,9.966899
143816,2023-07-20,SU01/5B,78.83,13.470914,1.2,9.966899
143817,2023-07-20,SU81/1,45.59,13.470914,1.2,9.966899
143818,2023-07-20,TA10/63,17.02,13.470914,1.2,9.966899
143819,2023-07-20,TR14/9,72.65,13.470914,1.2,9.966899
143820,2023-07-20,SY68/34,67.45,13.470914,1.2,9.966899
143821,2023-07-20,SN00/11,7.8215,13.470914,1.2,9.966899
143822,2023-07-20,SE94/5,16.69,13.470914,1.2,9.966899
143823,2023-07-20,SP00/62,100.75,13.470914,1.2,9.966899
143824,2023-07-21,NH95/17,29.18,13.554249,3.1,9.809754
143825,2023-07-21,NO20/14,36.1,13.554249,3.1,9.809754
143826,2023-07-21,SJ15/13,79.424,13.554249,3.1,9.809754
143827,2023-07-21,ID30/1,114.1,13.554249,3.1,9.809754
143828,2023-07-21,NY63/2,130.44,13.554249,3.1,9.809754
143829,2023-07-21,SE94/5,16.66,13.554249,3.1,9.809754
143830,2023-07-21,ST07/10,53.461,13.554249,3.1,9.809754
143831,2023-07-21,SN00/11,7.7974,13.554249,3.1,9.809754
143832,2023-07-21,SY68/34,67.4,13.554249,3.1,9.809754
143833,2023-07-21,SU71/23,37.7,13.554249,3.1,9.809754
143834,2023-07-21,TQ25/86,97.38,13.554249,3.1,9.809754
143835,2023-07-21,TA10/63,16.99,13.554249,3.1,9.809754
143836,2023-07-21,SE95/6,20.21,13.554249,3.1,9.809754
143837,2023-07-21,SU01/5B,78.65,13.554249,3.1,9.809754
143838,2023-07-21,SP00/62,100.74,13.554249,3.1,9.809754
143839,2023-07-21,SJ62/235,54.311,13.554249,3.1,9.809754
143840,2023-07-21,SU81/1,45.42,13.554249,3.1,9.809754
143841,2023-07-21,SU17/57,134.43,13.554249,3.1,9.809754
143842,2023-07-21,TR14/9,72.54,13.554249,3.1,9.809754
143843,2023-07-21,TF03/37,13.93,13.554249,3.1,9.809754
143844,2023-07-21,TL44/12,43.71,13.554249,3.1,9.809754
143845,2023-07-22,NO20/14,36.1,14.958417,9.600001,12.437698
143846,2023-07-22,ID30/1,114.16,14.958417,9.600001,12.437698
143847,2023-07-22,NY63/2,130.44,14.958417,9.600001,12.437698
143848,2023-07-22,NH95/17,29.17,14.958417,9.600001,12.437698
143849,2023-07-22,SJ15/13,79.431,14.958417,9.600001,12.437698
143850,2023-07-22,TR14/9,72.44,14.958417,9.600001,12.437698
143851,2023-07-22,ST07/10,54.4602,14.958417,9.600001,12.437698
143852,2023-07-22,TF03/37,13.95,14.958417,9.600001,12.437698
143853,2023-07-22,SP00/62,100.74,14.958417,9.600001,12.437698
143854,2023-07-22,SU01/5B,78.49,14.958417,9.600001,12.437698
143855,2023-07-22,TA10/63,16.97,14.958417,9.600001,12.437698
143856,2023-07-22,SE95/6,20.19,14.958417,9.600001,12.437698
143857,2023-07-22,SU81/1,45.26,14.958417,9.600001,12.437698
143858,2023-07-22,SN00/11,7.8978,14.958417,9.600001,12.437698
143859,2023-07-22,SJ62/235,54.322,14.958417,9.600001,12.437698
143860,2023-07-22,TQ25/86,97.35,14.958417,9.600001,12.437698
143861,2023-07-22,SE94/5,16.63,14.958417,9.600001,12.437698
143862,2023-07-22,SY68/34,67.4,14.958417,9.600001,12.437698
143863,2023-07-22,SU17/57,134.28,14.958417,9.600001,12.437698
143864,2023-07-22,TL44/12,43.65,14.958417,9.600001,12.437698
143865,2023-07-22,SU71/23,37.56,14.958417,9.600001,12.437698
143866,2023-07-23,SJ15/13,79.47,14.095917,33.099995,16.323158
143867,2023-07-23,ID30/1,115.55,14.095917,33.099995,16.323158
143868,2023-07-23,NH95/17,29.16,14.095917,33.099995,16.323158
143869,2023-07-23,NY63/2,130.47,14.095917,33.099995,16.323158
143870,2023-07-23,NO20/14,36.08,14.095917,33.099995,16.323158
143871,2023-07-23,TL44/12,43.56,14.095917,33.099995,16.323158
143872,2023-07-23,SE95/6,20.18,14.095917,33.099995,16.323158
143873,2023-07-23,TF03/37,13.91,14.095917,33.099995,16.323158
143874,2023-07-23,TR14/9,72.35,14.095917,33.099995,16.323158
143875,2023-07-23,TA10/63,16.93,14.095917,33.099995,16.323158
143876,2023-07-23,SY68/34,67.36,14.095917,33.099995,16.323158
143877,2023-07-23,SE94/5,16.6,14.095917,33.099995,16.323158
143878,2023-07-23,SU81/1,45.13,14.095917,33.099995,16.323158
143879,2023-07-23,SP00/62,100.74,14.095917,33.099995,16.323158
143880,2023-07-23,SN00/11,7.967,14.095917,33.099995,16.323158
143881,2023-07-23,TQ25/86,97.32,14.095917,33.099995,16.323158
143882,2023-07-23,SU01/5B,78.34,14.095917,33.099995,16.323158
143883,2023-07-23,SU71/23,37.42,14.095917,33.099995,16.323158
143884,2023-07-23,ST07/10,55.8633,14.095917,33.099995,16.323158
143885,2023-07-23,SJ62/235,54.319,14.095917,33.099995,16.323158
143886,2023-07-23,SU17/57,134.2,14.095917,33.099995,16.323158
143887,2023-07-24,SJ15/13,79.435,12.987583,0.4,10.731841
143888,2023-07-24,NY63/2,130.44,12.987583,0.4,10.731841
143889,2023-07-24,ID30/1,116.43,12.987583,0.4,10.731841
143890,2023-07-24,NO20/14,36.07,12.987583,0.4,10.731841
143891,2023-07-24,NH95/17,29.15,12.987583,0.4,10.731841
143892,2023-07-24,TL33/67,82.871,12.987583,0.4,10.731841
143893,2023-07-24,SE94/5,16.56,12.987583,0.4,10.731841
143894,2023-07-24,TR14/9,72.26,12.987583,0.4,10.731841
143895,2023-07-24,SU17/57,134.18,12.987583,0.4,10.731841
143896,2023-07-24,TF03/37,13.87,12.987583,0.4,10.731841
143897,2023-07-24,SE95/6,20.17,12.987583,0.4,10.731841
143898,2023-07-24,SU81/1,44.99,12.987583,0.4,10.731841
143899,2023-07-24,SU71/23,37.28,12.987583,0.4,10.731841
143900,2023-07-24,SN00/11,8.0177,12.987583,0.4,10.731841
143901,2023-07-24,SJ62/235,54.317,12.987583,0.4,10.731841
143902,2023-07-24,SY68/34,67.32,12.987583,0.4,10.731841
143903,2023-07-24,TA10/63,16.88,12.987583,0.4,10.731841
143904,2023-07-24,ST07/10,56.3011,12.987583,0.4,10.731841
143905,2023-07-24,SU01/5B,78.18,12.987583,0.4,10.731841
143906,2023-07-24,TL44/12,43.48,12.987583,0.4,10.731841
143907,2023-07-24,SP00/62,100.73,12.987583,0.4,10.731841
143908,2023-07-24,TQ25/86,97.28,12.987583,0.4,10.731841
143909,2023-07-25,ID30/1,116.25,13.039666,4.6,11.240081
143910,2023-07-25,NO20/14,36.07,13.039666,4.6,11.240081
143911,2023-07-25,SJ15/13,79.419,13.039666,4.6,11.240081
143912,2023-07-25,TL33/4,82.841,13.039666,4.6,11.240081
143913,2023-07-25,NH95/17,29.15,13.039666,4.6,11.240081
143914,2023-07-25,NY63/2,130.42,13.039666,4.6,11.240081
143915,2023-07-25,SE94/5,16.48,13.039666,4.6,11.240081
143916,2023-07-25,SU17/57,134.15,13.039666,4.6,11.240081
143917,2023-07-25,TL44/12,43.4,13.039666,4.6,11.240081
143918,2023-07-25,SU01/5B,78.01,13.039666,4.6,11.240081
143919,2023-07-25,SE95/6,20.16,13.039666,4.6,11.240081
143920,2023-07-25,SU81/1,44.86,13.039666,4.6,11.240081
143921,2023-07-25,TQ25/86,97.25,13.039666,4.6,11.240081
143922,2023-07-25,TR14/9,72.14,13.039666,4.6,11.240081
143923,2023-07-25,SP00/62,100.72,13.039666,4.6,11.240081
143924,2023-07-25,SU71/23,37.14,13.039666,4.6,11.240081
143925,2023-07-25,TA10/63,16.87,13.039666,4.6,11.240081
143926,2023-07-25,SY68/34,67.28,13.039666,4.6,11.240081
143927,2023-07-25,TF03/37,13.8,13.039666,4.6,11.240081
143928,2023-07-25,SN00/11,8.0264,13.039666,4.6,11.240081
143929,2023-07-25,SJ62/235,54.322,13.039666,4.6,11.240081
143930,2023-07-25,ST07/10,56.4143,13.039666,4.6,11.240081
143931,2023-07-26,SJ15/13,79.407,14.904247,8.700001,11.865175
143932,2023-07-26,ID30/1,116.08,14.904247,8.700001,11.865175
143933,2023-07-26,NO20/14,36.07,14.904247,8.700001,11.865175
143934,2023-07-26,NH95/17,29.16,14.904247,8.700001,11.865175
143935,2023-07-26,NY63/2,130.41,14.904247,8.700001,11.865175
143936,2023-07-26,SU01/5B,77.86,14.904247,8.700001,11.865175
143937,2023-07-26,TA10/63,16.84,14.904247,8.700001,11.865175
143938,2023-07-26,SE95/6,20.15,14.904247,8.700001,11.865175
143939,2023-07-26,SU71/23,37.0,14.904247,8.700001,11.865175
143940,2023-07-26,SY68/34,67.24,14.904247,8.700001,11.865175
143941,2023-07-26,SJ62/235,54.336,14.904247,8.700001,11.865175
143942,2023-07-26,SP00/62,100.73,14.904247,8.700001,11.865175
143943,2023-07-26,SU17/57,134.03,14.904247,8.700001,11.865175
143944,2023-07-26,TL44/12,43.33,14.904247,8.700001,11.865175
143945,2023-07-26,TR14/9,72.05,14.904247,8.700001,11.865175
143946,2023-07-26,SN00/11,8.1151,14.904247,8.700001,11.865175
143947,2023-07-26,TF03/37,13.78,14.904247,8.700001,11.865175
143948,2023-07-26,SE94/5,16.42,14.904247,8.700001,11.865175
143949,2023-07-26,ST07/10,57.0206,14.904247,8.700001,11.865175
143950,2023-07-26,TQ25/86,97.22,14.904247,8.700001,11.865175
143951,2023-07-26,SU81/1,44.73,14.904247,8.700001,11.865175
143952,2023-07-27,SJ15/13,79.45,16.902166,4.2,11.416634
143953,2023-07-27,NO20/14,36.07,16.902166,4.2,11.416634
143954,2023-07-27,ID30/1,115.98,16.902166,4.2,11.416634
143955,2023-07-27,NH95/17,29.17,16.902166,4.2,11.416634
143956,2023-07-27,NY63/2,130.46,16.902166,4.2,11.416634
143957,2023-07-27,ST07/10,59.286,16.902166,4.2,11.416634
143958,2023-07-27,SJ62/235,54.339,16.902166,4.2,11.416634
143959,2023-07-27,TF03/37,13.73,16.902166,4.2,11.416634
143960,2023-07-27,TA10/63,16.82,16.902166,4.2,11.416634
143961,2023-07-27,TR14/9,71.96,16.902166,4.2,11.416634
143962,2023-07-27,SY68/34,67.21,16.902166,4.2,11.416634
143963,2023-07-27,TL44/12,43.25,16.902166,4.2,11.416634
143964,2023-07-27,SN00/11,8.2179,16.902166,4.2,11.416634
143965,2023-07-27,SE95/6,20.13,16.902166,4.2,11.416634
143966,2023-07-27,SU81/1,44.61,16.902166,4.2,11.416634
143967,2023-07-27,SU17/57,133.93,16.902166,4.2,11.416634
143968,2023-07-27,SP00/62,100.74,16.902166,4.2,11.416634
143969,2023-07-27,SE94/5,16.42,16.902166,4.2,11.416634
143970,2023-07-27,SU01/5B,77.72,16.902166,4.2,11.416634
143971,2023-07-27,SU71/23,36.88,16.902166,4.2,11.416634
143972,2023-07-27,TQ25/86,97.19,16.902166,4.2,11.416634
143973,2023-07-28,NY63/2,130.43,16.633417,0.7,15.03952
143974,2023-07-28,ID30/1,115.86,16.633417,0.7,15.03952
143975,2023-07-28,NH95/17,29.16,16.633417,0.7,15.03952
143976,2023-07-28,SJ15/13,79.42656,16.633417,0.7,15.03952
143977,2023-07-28,NO20/14,36.06,16.633417,0.7,15.03952
143978,2023-07-28,SU71/23,36.75,16.633417,0.7,15.03952
143979,2023-07-28,SN00/11,8.2235,16.633417,0.7,15.03952
143980,2023-07-28,SU17/57,133.87,16.633417,0.7,15.03952
143981,2023-07-28,ST07/10,59.9252,16.633417,0.7,15.03952
143982,2023-07-28,TA10/63,16.78,16.633417,0.7,15.03952
143983,2023-07-28,SJ62/235,54.342,16.633417,0.7,15.03952
143984,2023-07-28,SU01/5B,77.58,16.633417,0.7,15.03952
143985,2023-07-28,TF03/37,13.69,16.633417,0.7,15.03952
143986,2023-07-28,SU81/1,44.48,16.633417,0.7,15.03952
143987,2023-07-28,SY68/34,67.17,16.633417,0.7,15.03952
143988,2023-07-28,TQ25/86,97.16,16.633417,0.7,15.03952
143989,2023-07-28,SP00/62,100.72,16.633417,0.7,15.03952
143990,2023-07-28,TR14/9,71.86,16.633417,0.7,15.03952
143991,2023-07-28,SE95/6,20.12,16.633417,0.7,15.03952
143992,2023-07-28,TL44/12,43.17,16.633417,0.7,15.03952
143993,2023-07-28,SE94/5,16.41,16.633417,0.7,15.03952
143994,2023-07-29,SJ15/13,79.425,15.283417,7.1000004,16.368946
143995,2023-07-29,NO20/14,36.06,15.283417,7.1000004,16.368946
143996,2023-07-29,NY63/2,130.43,15.283417,7.1000004,16.368946
143997,2023-07-29,ID30/1,115.7,15.283417,7.1000004,16.368946
143998,2023-07-29,NH95/17,29.16,15.283417,7.1000004,16.368946
143999,2023-07-29,SN00/11,8.2026,15.283417,7.1000004,16.368946
144000,2023-07-29,SE95/6,20.1,15.283417,7.1000004,16.368946
144001,2023-07-29,TL44/12,43.08,15.283417,7.1000004,16.368946
144002,2023-07-29,TA10/63,16.75,15.283417,7.1000004,16.368946
144003,2023-07-29,SU71/23,36.62,15.283417,7.1000004,16.368946
144004,2023-07-29,SU17/57,133.83,15.283417,7.1000004,16.368946
144005,2023-07-29,SJ62/235,54.342,15.283417,7.1000004,16.368946
144006,2023-07-29,SY68/34,67.13,15.283417,7.1000004,16.368946
144007,2023-07-29,SE94/5,16.37,15.283417,7.1000004,16.368946
144008,2023-07-29,SU81/1,44.34,15.283417,7.1000004,16.368946
144009,2023-07-29,TF03/37,13.68,15.283417,7.1000004,16.368946
144010,2023-07-29,ST07/10,59.8702,15.283417,7.1000004,16.368946
144011,2023-07-29,TR14/9,71.75,15.283417,7.1000004,16.368946
144012,2023-07-29,TQ25/86,97.12,15.283417,7.1000004,16.368946
144013,2023-07-29,SU01/5B,77.44,15.283417,7.1000004,16.368946
144014,2023-07-29,SP00/62,100.71,15.283417,7.1000004,16.368946
144015,2023-07-30,ID30/1,115.58,14.543835,11.200001,17.21799
144016,2023-07-30,SJ15/13,79.412,14.543835,11.200001,17.21799
144017,2023-07-30,NO20/14,36.05,14.543835,11.200001,17.21799
144018,2023-07-30,NH95/17,29.14,14.543835,11.200001,17.21799
144019,2023-07-30,NY63/2,130.42,14.543835,11.200001,17.21799
144020,2023-07-30,TQ25/86,97.09,14.543835,11.200001,17.21799
144021,2023-07-30,SU81/1,44.2,14.543835,11.200001,17.21799
144022,2023-07-30,SY68/34,67.09,14.543835,11.200001,17.21799
144023,2023-07-30,SJ62/235,54.344,14.543835,11.200001,17.21799
144024,2023-07-30,SU01/5B,77.31,14.543835,11.200001,17.21799
144025,2023-07-30,SP00/62,100.71,14.543835,11.200001,17.21799
144026,2023-07-30,TA10/63,16.72,14.543835,11.200001,17.21799
144027,2023-07-30,SE94/5,16.32,14.543835,11.200001,17.21799
144028,2023-07-30,ST07/10,59.7608,14.543835,11.200001,17.21799
144029,2023-07-30,TF03/37,13.69,14.543835,11.200001,17.21799
144030,2023-07-30,SU71/23,36.49,14.543835,11.200001,17.21799
144031,2023-07-30,SU17/57,133.77,14.543835,11.200001,17.21799
144032,2023-07-30,SN00/11,8.1829,14.543835,11.200001,17.21799
144033,2023-07-30,TL44/12,43.01,14.543835,11.200001,17.21799
144034,2023-07-30,TR14/9,71.64,14.543835,11.200001,17.21799
144035,2023-07-30,SE95/6,20.08,14.543835,11.200001,17.21799
144036,2023-07-31,NO20/14,36.05,15.214665,13.599999,13.372914
144037,2023-07-31,NH95/17,29.14,15.214665,13.599999,13.372914
144038,2023-07-31,ID30/1,115.59,15.214665,13.599999,13.372914
144039,2023-07-31,SJ15/13,79.41856,15.214665,13.599999,13.372914
144040,2023-07-31,NY63/2,130.41,15.214665,13.599999,13.372914
144041,2023-07-31,SU17/57,133.65,15.214665,13.599999,13.372914
144042,2023-07-31,SU01/5B,77.19,15.214665,13.599999,13.372914
144043,2023-07-31,TL44/12,42.93,15.214665,13.599999,13.372914
144044,2023-07-31,SU81/1,44.09,15.214665,13.599999,13.372914
144045,2023-07-31,TQ25/86,97.07,15.214665,13.599999,13.372914
144046,2023-07-31,ST07/10,59.9524,15.214665,13.599999,13.372914
144047,2023-07-31,SY68/34,67.06,15.214665,13.599999,13.372914
144048,2023-07-31,SU71/23,36.38,15.214665,13.599999,13.372914
144049,2023-07-31,TF03/37,13.7,15.214665,13.599999,13.372914
144050,2023-07-31,SN00/11,8.1519,15.214665,13.599999,13.372914
144051,2023-07-31,SE95/6,20.07,15.214665,13.599999,13.372914
144052,2023-07-31,TR14/9,71.55,15.214665,13.599999,13.372914
144053,2023-07-31,TA10/63,16.69,15.214665,13.599999,13.372914
144054,2023-07-31,SP00/62,100.7,15.214665,13.599999,13.372914
144055,2023-07-31,SJ62/235,54.35,15.214665,13.599999,13.372914
144056,2023-07-31,SE94/5,16.26,15.214665,13.599999,13.372914
144057,2023-08-01,TL33/4,82.608,15.545917,4.1,10.361469
144058,2023-08-01,TL33/67,82.449,15.545917,4.1,10.361469
144059,2023-08-01,NO20/14,36.03,15.545917,4.1,10.361469
144060,2023-08-01,NH95/17,29.14,15.545917,4.1,10.361469
144061,2023-08-01,NY63/2,130.44,15.545917,4.1,10.361469
144062,2023-08-01,SN00/11,8.1184,15.545917,4.1,10.361469
144063,2023-08-01,SJ15/13,79.47689,15.545917,4.1,10.361469
144064,2023-08-01,TF81/2A,44.178,15.545917,4.1,10.361469
144065,2023-08-01,ID30/1,115.57,15.545917,4.1,10.361469
144066,2023-08-01,SU17/57,133.52,15.545917,4.1,10.361469
144067,2023-08-01,TQ25/86,97.05,15.545917,4.1,10.361469
144068,2023-08-01,SU71/23,36.26,15.545917,4.1,10.361469
144069,2023-08-01,SU01/5B,77.08,15.545917,4.1,10.361469
144070,2023-08-01,TR14/9,71.48,15.545917,4.1,10.361469
144071,2023-08-01,SE95/6,20.05,15.545917,4.1,10.361469
144072,2023-08-01,ST07/10,60.0869,15.545917,4.1,10.361469
144073,2023-08-01,SP00/62,100.69,15.545917,4.1,10.361469
144074,2023-08-01,SE94/5,16.21,15.545917,4.1,10.361469
144075,2023-08-01,SJ62/235,54.357,15.545917,4.1,10.361469
144076,2023-08-01,SY68/34,67.03,15.545917,4.1,10.361469
144077,2023-08-01,SU81/1,43.98,15.545917,4.1,10.361469
144078,2023-08-01,TL44/12,42.86,15.545917,4.1,10.361469
144079,2023-08-01,TF03/37,13.7,15.545917,4.1,10.361469
144080,2023-08-01,TA10/63,16.67,15.545917,4.1,10.361469
144081,2023-08-02,TF81/2A,44.192,14.362584,6.8999996,14.488891
144082,2023-08-02,ID30/1,115.58,14.362584,6.8999996,14.488891
144083,2023-08-02,SN00/11,8.1094,14.362584,6.8999996,14.488891
144084,2023-08-02,SJ15/13,79.50044,14.362584,6.8999996,14.488891
144085,2023-08-02,NY63/2,130.44,14.362584,6.8999996,14.488891
144086,2023-08-02,NH95/17,29.14,14.362584,6.8999996,14.488891
144087,2023-08-02,NO20/14,36.03,14.362584,6.8999996,14.488891
144088,2023-08-02,TL44/12,42.77,14.362584,6.8999996,14.488891
144089,2023-08-02,SU81/1,43.88,14.362584,6.8999996,14.488891
144090,2023-08-02,SP00/62,100.72,14.362584,6.8999996,14.488891
144091,2023-08-02,SE95/6,20.04,14.362584,6.8999996,14.488891
144092,2023-08-02,SU71/23,36.15,14.362584,6.8999996,14.488891
144093,2023-08-02,SU17/57,133.42,14.362584,6.8999996,14.488891
144094,2023-08-02,SU01/5B,76.99,14.362584,6.8999996,14.488891
144095,2023-08-02,SE94/5,16.23,14.362584,6.8999996,14.488891
144096,2023-08-02,TQ25/86,97.0,14.362584,6.8999996,14.488891
144097,2023-08-02,SJ62/235,54.351,14.362584,6.8999996,14.488891
144098,2023-08-02,ST07/10,60.8109,14.362584,6.8999996,14.488891
144099,2023-08-02,TA10/63,16.64,14.362584,6.8999996,14.488891
144100,2023-08-02,TF03/37,13.64,14.362584,6.8999996,14.488891
144101,2023-08-02,SY68/34,67.01,14.362584,6.8999996,14.488891
144102,2023-08-02,TR14/9,71.39,14.362584,6.8999996,14.488891
144103,2023-08-03,TF81/2A,44.232,14.666751,2.8999999,11.081269
144104,2023-08-03,ID30/1,115.5,14.666751,2.8999999,11.081269
144105,2023-08-03,SN00/11,8.0542,14.666751,2.8999999,11.081269
144106,2023-08-03,NY63/2,130.43,14.666751,2.8999999,11.081269
144107,2023-08-03,NO20/14,36.0,14.666751,2.8999999,11.081269
144108,2023-08-03,NH95/17,29.12,14.666751,2.8999999,11.081269
144109,2023-08-03,SJ15/13,79.466,14.666751,2.8999999,11.081269
144110,2023-08-03,TL44/12,42.68,14.666751,2.8999999,11.081269
144111,2023-08-03,TF03/37,13.55,14.666751,2.8999999,11.081269
144112,2023-08-03,SU01/5B,76.87,14.666751,2.8999999,11.081269
144113,2023-08-03,SP00/62,100.69,14.666751,2.8999999,11.081269
144114,2023-08-03,SE95/6,20.02,14.666751,2.8999999,11.081269
144115,2023-08-03,TA10/63,16.58,14.666751,2.8999999,11.081269
144116,2023-08-03,SE94/5,16.17,14.666751,2.8999999,11.081269
144117,2023-08-03,SJ62/235,54.335,14.666751,2.8999999,11.081269
144118,2023-08-03,SU71/23,36.03,14.666751,2.8999999,11.081269
144119,2023-08-03,TQ25/86,96.97,14.666751,2.8999999,11.081269
144120,2023-08-03,TR14/9,71.28,14.666751,2.8999999,11.081269
144121,2023-08-03,ST07/10,61.7457,14.666751,2.8999999,11.081269
144122,2023-08-03,SU81/1,43.75,14.666751,2.8999999,11.081269
144123,2023-08-03,SY68/34,66.98,14.666751,2.8999999,11.081269
144124,2023-08-03,SU17/57,133.55,14.666751,2.8999999,11.081269
144125,2023-08-04,NO20/14,35.99,14.1605,1.0,9.280518
144126,2023-08-04,TF81/2A,44.246,14.1605,1.0,9.280518
144127,2023-08-04,NH95/17,29.07,14.1605,1.0,9.280518
144128,2023-08-04,ID30/1,115.43,14.1605,1.0,9.280518
144129,2023-08-04,SJ15/13,79.413,14.1605,1.0,9.280518
144130,2023-08-04,NY63/2,130.4,14.1605,1.0,9.280518
144131,2023-08-04,SN00/11,8.036,14.1605,1.0,9.280518
144132,2023-08-04,TL44/12,42.61,14.1605,1.0,9.280518
144133,2023-08-04,SY68/34,66.95,14.1605,1.0,9.280518
144134,2023-08-04,TR14/9,71.2,14.1605,1.0,9.280518
144135,2023-08-04,TF03/37,13.56,14.1605,1.0,9.280518
144136,2023-08-04,SU81/1,43.63,14.1605,1.0,9.280518
144137,2023-08-04,SU01/5B,76.77,14.1605,1.0,9.280518
144138,2023-08-04,TA10/63,16.55,14.1605,1.0,9.280518
144139,2023-08-04,ST07/10,62.0088,14.1605,1.0,9.280518
144140,2023-08-04,SP00/62,100.68,14.1605,1.0,9.280518
144141,2023-08-04,SJ62/235,54.339,14.1605,1.0,9.280518
144142,2023-08-04,SE94/5,16.11,14.1605,1.0,9.280518
144143,2023-08-04,TQ25/86,96.95,14.1605,1.0,9.280518
144144,2023-08-04,SU71/23,35.91,14.1605,1.0,9.280518
144145,2023-08-04,SE95/6,20.0,14.1605,1.0,9.280518
144146,2023-08-04,SU17/57,133.52,14.1605,1.0,9.280518
144147,2023-08-05,NO20/14,36.0,12.71675,3.8,8.553156
144148,2023-08-05,NH95/17,29.11,12.71675,3.8,8.553156
144149,2023-08-05,NY63/2,130.45,12.71675,3.8,8.553156
144150,2023-08-05,TF81/2A,44.248,12.71675,3.8,8.553156
144151,2023-08-05,SN00/11,8.0654,12.71675,3.8,8.553156
144152,2023-08-05,SJ15/13,79.421,12.71675,3.8,8.553156
144153,2023-08-05,ID30/1,115.46,12.71675,3.8,8.553156
144154,2023-08-05,SU17/57,133.41,12.71675,3.8,8.553156
144155,2023-08-05,SE95/6,20.0,12.71675,3.8,8.553156
144156,2023-08-05,SU81/1,43.53,12.71675,3.8,8.553156
144157,2023-08-05,TR14/9,71.11,12.71675,3.8,8.553156
144158,2023-08-05,TA10/63,16.53,12.71675,3.8,8.553156
144159,2023-08-05,TF03/37,13.59,12.71675,3.8,8.553156
144160,2023-08-05,SP00/62,100.79,12.71675,3.8,8.553156
144161,2023-08-05,TQ25/86,96.91,12.71675,3.8,8.553156
144162,2023-08-05,SU01/5B,76.69,12.71675,3.8,8.553156
144163,2023-08-05,SJ62/235,54.341,12.71675,3.8,8.553156
144164,2023-08-05,SY68/34,66.93,12.71675,3.8,8.553156
144165,2023-08-05,SE94/5,16.08,12.71675,3.8,8.553156
144166,2023-08-05,SU71/23,35.81,12.71675,3.8,8.553156
144167,2023-08-05,TL44/12,42.53,12.71675,3.8,8.553156
144168,2023-08-05,ST07/10,62.3371,12.71675,3.8,8.553156
144169,2023-08-06,SJ15/13,79.423,12.754249,4.1,7.567186
144170,2023-08-06,NO20/14,35.99,12.754249,4.1,7.567186
144171,2023-08-06,TF81/2A,44.277,12.754249,4.1,7.567186
144172,2023-08-06,NH95/17,29.11,12.754249,4.1,7.567186
144173,2023-08-06,ID30/1,115.39,12.754249,4.1,7.567186
144174,2023-08-06,NY63/2,130.46,12.754249,4.1,7.567186
144175,2023-08-06,SN00/11,8.042,12.754249,4.1,7.567186
144176,2023-08-06,SJ62/235,54.337,12.754249,4.1,7.567186
144177,2023-08-06,TF03/37,13.55,12.754249,4.1,7.567186
144178,2023-08-06,SY68/34,66.9,12.754249,4.1,7.567186
144179,2023-08-06,SU71/23,35.7,12.754249,4.1,7.567186
144180,2023-08-06,SU17/57,133.44,12.754249,4.1,7.567186
144181,2023-08-06,SE95/6,19.99,12.754249,4.1,7.567186
144182,2023-08-06,SU01/5B,76.6,12.754249,4.1,7.567186
144183,2023-08-06,SE94/5,16.07,12.754249,4.1,7.567186
144184,2023-08-06,SU81/1,43.42,12.754249,4.1,7.567186
144185,2023-08-06,ST07/10,62.6888,12.754249,4.1,7.567186
144186,2023-08-06,SP00/62,100.78,12.754249,4.1,7.567186
144187,2023-08-06,TR14/9,71.02,12.754249,4.1,7.567186
144188,2023-08-06,TQ25/86,96.89,12.754249,4.1,7.567186
144189,2023-08-06,TA10/63,16.48,12.754249,4.1,7.567186
144190,2023-08-06,TL44/12,42.45,12.754249,4.1,7.567186
144191,2023-08-07,TL33/67,82.166,12.956334,2.1000001,12.531025
144192,2023-08-07,SJ15/13,79.408,12.956334,2.1000001,12.531025
144193,2023-08-07,TF81/2A,44.286,12.956334,2.1000001,12.531025
144194,2023-08-07,NO20/14,36.0,12.956334,2.1000001,12.531025
144195,2023-08-07,SN00/11,8.0311,12.956334,2.1000001,12.531025
144196,2023-08-07,ID30/1,115.34,12.956334,2.1000001,12.531025
144197,2023-08-07,NY63/2,130.44,12.956334,2.1000001,12.531025
144198,2023-08-07,NH95/17,29.1,12.956334,2.1000001,12.531025
144199,2023-08-07,TA10/63,16.45,12.956334,2.1000001,12.531025
144200,2023-08-07,TQ25/86,96.86,12.956334,2.1000001,12.531025
144201,2023-08-07,SJ62/235,54.344,12.956334,2.1000001,12.531025
144202,2023-08-07,SU17/57,133.38,12.956334,2.1000001,12.531025
144203,2023-08-07,TF03/37,13.67,12.956334,2.1000001,12.531025
144204,2023-08-07,SU81/1,43.31,12.956334,2.1000001,12.531025
144205,2023-08-07,SU71/23,35.6,12.956334,2.1000001,12.531025
144206,2023-08-07,SE94/5,16.05,12.956334,2.1000001,12.531025
144207,2023-08-07,SE95/6,19.98,12.956334,2.1000001,12.531025
144208,2023-08-07,TL44/12,42.38,12.956334,2.1000001,12.531025
144209,2023-08-07,SY68/34,66.87,12.956334,2.1000001,12.531025
144210,2023-08-07,TR14/9,70.93,12.956334,2.1000001,12.531025
144211,2023-08-07,SP00/62,100.78,12.956334,2.1000001,12.531025
144212,2023-08-07,ST07/10,62.8172,12.956334,2.1000001,12.531025
144213,2023-08-07,SU01/5B,76.52,12.956334,2.1000001,12.531025
144214,2023-08-08,ID30/1,115.3,13.168835,0.3,12.193625
144215,2023-08-08,NY63/2,130.46,13.168835,0.3,12.193625
144216,2023-08-08,NH95/17,29.1,13.168835,0.3,12.193625
144217,2023-08-08,NO20/14,36.0,13.168835,0.3,12.193625
144218,2023-08-08,SJ15/13,79.425,13.168835,0.3,12.193625
144219,2023-08-08,TF81/2A,44.296,13.168835,0.3,12.193625
144220,2023-08-08,SN00/11,8.0385,13.168835,0.3,12.193625
144221,2023-08-08,TL33/4,82.348,13.168835,0.3,12.193625
144222,2023-08-08,SU01/5B,76.45,13.168835,0.3,12.193625
144223,2023-08-08,SU81/1,43.21,13.168835,0.3,12.193625
144224,2023-08-08,SY68/34,66.84,13.168835,0.3,12.193625
144225,2023-08-08,ST07/10,62.6628,13.168835,0.3,12.193625
144226,2023-08-08,TA10/63,16.43,13.168835,0.3,12.193625
144227,2023-08-08,TF03/37,13.58,13.168835,0.3,12.193625
144228,2023-08-08,TR14/9,70.85,13.168835,0.3,12.193625
144229,2023-08-08,SP00/62,100.79,13.168835,0.3,12.193625
144230,2023-08-08,SJ62/235,54.348,13.168835,0.3,12.193625
144231,2023-08-08,SE95/6,19.98,13.168835,0.3,12.193625
144232,2023-08-08,TQ25/86,96.82,13.168835,0.3,12.193625
144233,2023-08-08,SU17/57,133.29,13.168835,0.3,12.193625
144234,2023-08-08,SU71/23,35.49,13.168835,0.3,12.193625
144235,2023-08-08,SE94/5,16.04,13.168835,0.3,12.193625
144236,2023-08-08,TL44/12,42.3,13.168835,0.3,12.193625
144237,2023-08-09,ID30/1,115.28,14.795915,0.0,8.474626
144238,2023-08-09,NY63/2,130.45,14.795915,0.0,8.474626
144239,2023-08-09,SJ15/13,79.423,14.795915,0.0,8.474626
144240,2023-08-09,SN00/11,8.0143,14.795915,0.0,8.474626
144241,2023-08-09,NO20/14,35.98,14.795915,0.0,8.474626
144242,2023-08-09,NH95/17,29.08,14.795915,0.0,8.474626
144243,2023-08-09,TF81/2A,44.32,14.795915,0.0,8.474626
144244,2023-08-09,ST07/10,62.2551,14.795915,0.0,8.474626
144245,2023-08-09,SU71/23,35.39,14.795915,0.0,8.474626
144246,2023-08-09,SJ62/235,54.343,14.795915,0.0,8.474626
144247,2023-08-09,SU81/1,43.11,14.795915,0.0,8.474626
144248,2023-08-09,SP00/62,100.8,14.795915,0.0,8.474626
144249,2023-08-09,SY68/34,66.82,14.795915,0.0,8.474626
144250,2023-08-09,TF03/37,13.56,14.795915,0.0,8.474626
144251,2023-08-09,SE94/5,15.96,14.795915,0.0,8.474626
144252,2023-08-09,TR14/9,70.75,14.795915,0.0,8.474626
144253,2023-08-09,SE95/6,19.98,14.795915,0.0,8.474626
144254,2023-08-09,TQ25/86,96.78,14.795915,0.0,8.474626
144255,2023-08-09,SU17/57,133.27,14.795915,0.0,8.474626
144256,2023-08-09,TL44/12,42.24,14.795915,0.0,8.474626
144257,2023-08-09,SU01/5B,76.39,14.795915,0.0,8.474626
144258,2023-08-09,TA10/63,16.4,14.795915,0.0,8.474626
144259,2023-08-10,NY63/2,130.42,19.910501,0.1,12.094717
144260,2023-08-10,SN00/11,7.9975,19.910501,0.1,12.094717
144261,2023-08-10,TF81/2A,44.329,19.910501,0.1,12.094717
144262,2023-08-10,ID30/1,115.21,19.910501,0.1,12.094717
144263,2023-08-10,NH95/17,29.07,19.910501,0.1,12.094717
144264,2023-08-10,NO20/14,35.97,19.910501,0.1,12.094717
144265,2023-08-10,SJ15/13,79.411,19.910501,0.1,12.094717
144266,2023-08-10,TA10/63,16.37,19.910501,0.1,12.094717
144267,2023-08-10,TF03/37,13.58,19.910501,0.1,12.094717
144268,2023-08-10,SJ62/235,54.346,19.910501,0.1,12.094717
144269,2023-08-10,ST07/10,61.8234,19.910501,0.1,12.094717
144270,2023-08-10,SY68/34,66.8,19.910501,0.1,12.094717
144271,2023-08-10,SP00/62,100.8,19.910501,0.1,12.094717
144272,2023-08-10,SE94/5,15.92,19.910501,0.1,12.094717
144273,2023-08-10,TR14/9,70.65,19.910501,0.1,12.094717
144274,2023-08-10,TQ25/86,96.75,19.910501,0.1,12.094717
144275,2023-08-10,SE95/6,19.98,19.910501,0.1,12.094717
144276,2023-08-10,SU17/57,133.21,19.910501,0.1,12.094717
144277,2023-08-10,SU81/1,42.99,19.910501,0.1,12.094717
144278,2023-08-10,TL44/12,42.17,19.910501,0.1,12.094717
144279,2023-08-10,SU71/23,35.29,19.910501,0.1,12.094717
144280,2023-08-10,SU01/5B,76.33,19.910501,0.1,12.094717
144281,2023-08-11,SN00/11,7.9767,17.677164,1.9,18.138136
144282,2023-08-11,ID30/1,115.11,17.677164,1.9,18.138136
144283,2023-08-11,NO20/14,35.98,17.677164,1.9,18.138136
144284,2023-08-11,NY63/2,130.44,17.677164,1.9,18.138136
144285,2023-08-11,SJ15/13,79.425,17.677164,1.9,18.138136
144286,2023-08-11,TV59/7C,1.5,17.677164,1.9,18.138136
144287,2023-08-11,NH95/17,29.08,17.677164,1.9,18.138136
144288,2023-08-11,TF81/2A,44.337,17.677164,1.9,18.138136
144289,2023-08-11,TQ25/86,96.71,17.677164,1.9,18.138136
144290,2023-08-11,SY68/34,66.77,17.677164,1.9,18.138136
144291,2023-08-11,SJ62/235,54.345,17.677164,1.9,18.138136
144292,2023-08-11,SU81/1,42.88,17.677164,1.9,18.138136
144293,2023-08-11,SU17/57,133.13,17.677164,1.9,18.138136
144294,2023-08-11,ST07/10,61.3962,17.677164,1.9,18.138136
144295,2023-08-11,TF03/37,13.55,17.677164,1.9,18.138136
144296,2023-08-11,TA10/63,16.32,17.677164,1.9,18.138136
144297,2023-08-11,TR14/9,70.56,17.677164,1.9,18.138136
144298,2023-08-11,SE95/6,19.98,17.677164,1.9,18.138136
144299,2023-08-11,SU01/5B,76.28,17.677164,1.9,18.138136
144300,2023-08-11,SU71/23,35.19,17.677164,1.9,18.138136
144301,2023-08-11,TL44/12,42.11,17.677164,1.9,18.138136
144302,2023-08-11,SE94/5,15.94,17.677164,1.9,18.138136
144303,2023-08-11,SP00/62,100.81,17.677164,1.9,18.138136
144304,2023-08-12,SN00/11,7.9577,15.985501,7.2999997,19.855612
144305,2023-08-12,NY63/2,130.44,15.985501,7.2999997,19.855612
144306,2023-08-12,TF81/2A,44.347,15.985501,7.2999997,19.855612
144307,2023-08-12,ID30/1,115.09,15.985501,7.2999997,19.855612
144308,2023-08-12,NO20/14,35.99,15.985501,7.2999997,19.855612
144309,2023-08-12,SJ15/13,79.428,15.985501,7.2999997,19.855612
144310,2023-08-12,NH95/17,29.08,15.985501,7.2999997,19.855612
144311,2023-08-12,TL44/12,42.05,15.985501,7.2999997,19.855612
144312,2023-08-12,TR14/9,70.47,15.985501,7.2999997,19.855612
144313,2023-08-12,TA10/63,16.3,15.985501,7.2999997,19.855612
144314,2023-08-12,SU71/23,35.09,15.985501,7.2999997,19.855612
144315,2023-08-12,SP00/62,100.81,15.985501,7.2999997,19.855612
144316,2023-08-12,SE95/6,19.98,15.985501,7.2999997,19.855612
144317,2023-08-12,TF03/37,13.55,15.985501,7.2999997,19.855612
144318,2023-08-12,ST07/10,60.9676,15.985501,7.2999997,19.855612
144319,2023-08-12,TQ25/86,96.67,15.985501,7.2999997,19.855612
144320,2023-08-12,SJ62/235,54.345,15.985501,7.2999997,19.855612
144321,2023-08-12,SY68/34,66.75,15.985501,7.2999997,19.855612
144322,2023-08-12,SE94/5,15.92,15.985501,7.2999997,19.855612
144323,2023-08-12,SU81/1,42.77,15.985501,7.2999997,19.855612
144324,2023-08-12,SU01/5B,76.25,15.985501,7.2999997,19.855612
144325,2023-08-12,SU17/57,133.05,15.985501,7.2999997,19.855612
144326,2023-08-13,SN00/11,7.9811,15.3271675,5.6999993,13.572266
144327,2023-08-13,NO20/14,35.96,15.3271675,5.6999993,13.572266
144328,2023-08-13,NH95/17,29.08,15.3271675,5.6999993,13.572266
144329,2023-08-13,ID30/1,115.02,15.3271675,5.6999993,13.572266
144330,2023-08-13,TF81/2A,44.361,15.3271675,5.6999993,13.572266
144331,2023-08-13,NY63/2,130.44,15.3271675,5.6999993,13.572266
144332,2023-08-13,SJ15/13,79.427,15.3271675,5.6999993,13.572266
144333,2023-08-13,SE94/5,15.85,15.3271675,5.6999993,13.572266
144334,2023-08-13,TF03/37,13.58,15.3271675,5.6999993,13.572266
144335,2023-08-13,SU17/57,132.98,15.3271675,5.6999993,13.572266
144336,2023-08-13,TQ25/86,96.63,15.3271675,5.6999993,13.572266
144337,2023-08-13,SP00/62,100.82,15.3271675,5.6999993,13.572266
144338,2023-08-13,SU01/5B,76.21,15.3271675,5.6999993,13.572266
144339,2023-08-13,SE95/6,19.98,15.3271675,5.6999993,13.572266
144340,2023-08-13,TR14/9,70.38,15.3271675,5.6999993,13.572266
144341,2023-08-13,SJ62/235,54.343,15.3271675,5.6999993,13.572266
144342,2023-08-13,ST07/10,60.639,15.3271675,5.6999993,13.572266
144343,2023-08-13,TL44/12,41.98,15.3271675,5.6999993,13.572266
144344,2023-08-13,SY68/34,66.73,15.3271675,5.6999993,13.572266
144345,2023-08-13,TA10/63,16.27,15.3271675,5.6999993,13.572266
144346,2023-08-13,SU71/23,34.99,15.3271675,5.6999993,13.572266
144347,2023-08-13,SU81/1,42.66,15.3271675,5.6999993,13.572266
144348,2023-08-14,NH95/17,29.05,15.462582,24.5,10.678588
144349,2023-08-14,ID30/1,114.93,15.462582,24.5,10.678588
144350,2023-08-14,SJ15/13,79.427,15.462582,24.5,10.678588
144351,2023-08-14,TF81/2A,44.374,15.462582,24.5,10.678588
144352,2023-08-14,NO20/14,35.96,15.462582,24.5,10.678588
144353,2023-08-14,NY63/2,130.42,15.462582,24.5,10.678588
144354,2023-08-14,TL33/67,81.744,15.462582,24.5,10.678588
144355,2023-08-14,SN00/11,8.1737,15.462582,24.5,10.678588
144356,2023-08-14,TL44/12,41.91,15.462582,24.5,10.678588
144357,2023-08-14,TF03/37,13.58,15.462582,24.5,10.678588
144358,2023-08-14,TQ25/86,96.58,15.462582,24.5,10.678588
144359,2023-08-14,SP00/62,100.83,15.462582,24.5,10.678588
144360,2023-08-14,SU71/23,34.89,15.462582,24.5,10.678588
144361,2023-08-14,SU81/1,42.54,15.462582,24.5,10.678588
144362,2023-08-14,TR14/9,70.29,15.462582,24.5,10.678588
144363,2023-08-14,SE94/5,15.8,15.462582,24.5,10.678588
144364,2023-08-14,SU17/57,132.93,15.462582,24.5,10.678588
144365,2023-08-14,SE95/6,19.98,15.462582,24.5,10.678588
144366,2023-08-14,ST07/10,61.1422,15.462582,24.5,10.678588
144367,2023-08-14,SJ62/235,54.339,15.462582,24.5,10.678588
144368,2023-08-14,SU01/5B,76.19,15.462582,24.5,10.678588
144369,2023-08-14,SY68/34,66.72,15.462582,24.5,10.678588
144370,2023-08-14,TA10/63,16.24,15.462582,24.5,10.678588
144371,2023-08-15,NH95/17,29.05,15.648,4.1,7.6205335
144372,2023-08-15,TL33/4,82.071,15.648,4.1,7.6205335
144373,2023-08-15,NY63/2,130.45,15.648,4.1,7.6205335
144374,2023-08-15,NO20/14,35.94,15.648,4.1,7.6205335
144375,2023-08-15,SN00/11,8.3234,15.648,4.1,7.6205335
144376,2023-08-15,SJ15/13,79.426,15.648,4.1,7.6205335
144377,2023-08-15,ID30/1,114.82,15.648,4.1,7.6205335
144378,2023-08-15,TF81/2A,44.401,15.648,4.1,7.6205335
144379,2023-08-15,SU81/1,42.41,15.648,4.1,7.6205335
144380,2023-08-15,TA10/63,16.2,15.648,4.1,7.6205335
144381,2023-08-15,SJ62/235,54.329,15.648,4.1,7.6205335
144382,2023-08-15,SE94/5,15.79,15.648,4.1,7.6205335
144383,2023-08-15,SU17/57,132.95,15.648,4.1,7.6205335
144384,2023-08-15,TF03/37,13.51,15.648,4.1,7.6205335
144385,2023-08-15,TL44/12,41.84,15.648,4.1,7.6205335
144386,2023-08-15,SU71/23,34.78,15.648,4.1,7.6205335
144387,2023-08-15,ST07/10,61.6073,15.648,4.1,7.6205335
144388,2023-08-15,SU01/5B,76.14,15.648,4.1,7.6205335
144389,2023-08-15,TR14/9,70.2,15.648,4.1,7.6205335
144390,2023-08-15,SP00/62,100.83,15.648,4.1,7.6205335
144391,2023-08-15,SY68/34,66.7,15.648,4.1,7.6205335
144392,2023-08-15,SE95/6,19.97,15.648,4.1,7.6205335
144393,2023-08-15,TQ25/86,96.53,15.648,4.1,7.6205335
144394,2023-08-16,SJ15/13,79.394,15.325084,0.0,4.4654794
144395,2023-08-16,NY63/2,130.41,15.325084,0.0,4.4654794
144396,2023-08-16,SN00/11,8.4999,15.325084,0.0,4.4654794
144397,2023-08-16,NO20/14,35.93,15.325084,0.0,4.4654794
144398,2023-08-16,NH95/17,29.04,15.325084,0.0,4.4654794
144399,2023-08-16,TF81/2A,44.42,15.325084,0.0,4.4654794
144400,2023-08-16,ID30/1,114.7,15.325084,0.0,4.4654794
144401,2023-08-16,TF03/37,13.49,15.325084,0.0,4.4654794
144402,2023-08-16,SE94/5,15.74,15.325084,0.0,4.4654794
144403,2023-08-16,SU17/57,132.91,15.325084,0.0,4.4654794
144404,2023-08-16,SE95/6,19.96,15.325084,0.0,4.4654794
144405,2023-08-16,TQ25/86,96.48,15.325084,0.0,4.4654794
144406,2023-08-16,TA10/63,16.16,15.325084,0.0,4.4654794
144407,2023-08-16,TL44/12,41.78,15.325084,0.0,4.4654794
144408,2023-08-16,TR14/9,70.09,15.325084,0.0,4.4654794
144409,2023-08-16,SY68/34,66.68,15.325084,0.0,4.4654794
144410,2023-08-16,SJ62/235,54.327,15.325084,0.0,4.4654794
144411,2023-08-16,SU71/23,34.68,15.325084,0.0,4.4654794
144412,2023-08-16,SU81/1,42.29,15.325084,0.0,4.4654794
144413,2023-08-16,SU01/5B,76.11,15.325084,0.0,4.4654794
144414,2023-08-16,ST07/10,61.8775,15.325084,0.0,4.4654794
144415,2023-08-16,SP00/62,100.82,15.325084,0.0,4.4654794
144416,2023-08-17,SN00/11,8.6372,16.312584,0.0,14.197538
144417,2023-08-17,NO20/14,35.93,16.312584,0.0,14.197538
144418,2023-08-17,NY63/2,130.4,16.312584,0.0,14.197538
144419,2023-08-17,SJ15/13,79.392,16.312584,0.0,14.197538
144420,2023-08-17,ID30/1,114.6,16.312584,0.0,14.197538
144421,2023-08-17,TF81/2A,44.429,16.312584,0.0,14.197538
144422,2023-08-17,NH95/17,29.04,16.312584,0.0,14.197538
144423,2023-08-17,TR14/9,70.08,16.312584,0.0,14.197538
144424,2023-08-17,SY68/34,66.66,16.312584,0.0,14.197538
144425,2023-08-17,TL44/12,41.72,16.312584,0.0,14.197538
144426,2023-08-17,TA10/63,16.13,16.312584,0.0,14.197538
144427,2023-08-17,SU01/5B,76.08,16.312584,0.0,14.197538
144428,2023-08-17,TQ25/86,96.44,16.312584,0.0,14.197538
144429,2023-08-17,SJ62/235,54.33,16.312584,0.0,14.197538
144430,2023-08-17,SU81/1,42.19,16.312584,0.0,14.197538
144431,2023-08-17,SU71/23,34.58,16.312584,0.0,14.197538
144432,2023-08-17,SU17/57,132.83,16.312584,0.0,14.197538
144433,2023-08-17,SE95/6,19.95,16.312584,0.0,14.197538
144434,2023-08-17,SE94/5,15.69,16.312584,0.0,14.197538
144435,2023-08-17,ST07/10,61.9699,16.312584,0.0,14.197538
144436,2023-08-17,SP00/62,100.82,16.312584,0.0,14.197538
144437,2023-08-17,TF03/37,13.47,16.312584,0.0,14.197538
144438,2023-08-18,SJ15/13,79.405,15.916752,3.1,19.818018
144439,2023-08-18,NH95/17,29.05,15.916752,3.1,19.818018
144440,2023-08-18,NY63/2,130.42,15.916752,3.1,19.818018
144441,2023-08-18,TF81/2A,44.431,15.916752,3.1,19.818018
144442,2023-08-18,NO20/14,35.94,15.916752,3.1,19.818018
144443,2023-08-18,SN00/11,8.7356,15.916752,3.1,19.818018
144444,2023-08-18,ID30/1,114.53,15.916752,3.1,19.818018
144445,2023-08-18,TA10/63,16.12,15.916752,3.1,19.818018
144446,2023-08-18,SY68/34,66.65,15.916752,3.1,19.818018
144447,2023-08-18,SU81/1,42.09,15.916752,3.1,19.818018
144448,2023-08-18,SU01/5B,76.06,15.916752,3.1,19.818018
144449,2023-08-18,TF03/37,13.49,15.916752,3.1,19.818018
144450,2023-08-18,TL44/12,41.66,15.916752,3.1,19.818018
144451,2023-08-18,SU71/23,34.49,15.916752,3.1,19.818018
144452,2023-08-18,TR14/9,70.12,15.916752,3.1,19.818018
144453,2023-08-18,TQ25/86,96.38,15.916752,3.1,19.818018
144454,2023-08-18,SP00/62,100.84,15.916752,3.1,19.818018
144455,2023-08-18,SE94/5,15.67,15.916752,3.1,19.818018
144456,2023-08-18,ST07/10,61.9019,15.916752,3.1,19.818018
144457,2023-08-18,SE95/6,19.95,15.916752,3.1,19.818018
144458,2023-08-18,SJ62/235,54.338,15.916752,3.1,19.818018
144459,2023-08-18,SU17/57,132.71,15.916752,3.1,19.818018
144460,2023-08-19,ID30/1,114.98,17.283419,12.300002,25.073677
144461,2023-08-19,SN00/11,8.793,17.283419,12.300002,25.073677
144462,2023-08-19,NO20/14,35.97,17.283419,12.300002,25.073677
144463,2023-08-19,SJ15/13,79.452,17.283419,12.300002,25.073677
144464,2023-08-19,NH95/17,29.07,17.283419,12.300002,25.073677
144465,2023-08-19,TF81/2A,44.459,17.283419,12.300002,25.073677
144466,2023-08-19,NY63/2,130.48,17.283419,12.300002,25.073677
144467,2023-08-19,SE95/6,19.93,17.283419,12.300002,25.073677
144468,2023-08-19,SE94/5,15.69,17.283419,12.300002,25.073677
144469,2023-08-19,SU17/57,132.74,17.283419,12.300002,25.073677
144470,2023-08-19,SP00/62,100.83,17.283419,12.300002,25.073677
144471,2023-08-19,SY68/34,66.63,17.283419,12.300002,25.073677
144472,2023-08-19,TQ25/86,96.32,17.283419,12.300002,25.073677
144473,2023-08-19,TR14/9,70.03,17.283419,12.300002,25.073677
144474,2023-08-19,SU71/23,34.4,17.283419,12.300002,25.073677
144475,2023-08-19,SJ62/235,54.324,17.283419,12.300002,25.073677
144476,2023-08-19,TL44/12,41.59,17.283419,12.300002,25.073677
144477,2023-08-19,TF03/37,13.46,17.283419,12.300002,25.073677
144478,2023-08-19,SU01/5B,76.02,17.283419,12.300002,25.073677
144479,2023-08-19,TA10/63,16.07,17.283419,12.300002,25.073677
144480,2023-08-19,SU81/1,41.99,17.283419,12.300002,25.073677
144481,2023-08-19,ST07/10,61.5976,17.283419,12.300002,25.073677
144482,2023-08-20,SJ15/13,79.399,16.55425,2.2,15.4455595
144483,2023-08-20,NH95/17,29.04,16.55425,2.2,15.4455595
144484,2023-08-20,SN00/11,8.794,16.55425,2.2,15.4455595
144485,2023-08-20,TF81/2A,44.479,16.55425,2.2,15.4455595
144486,2023-08-20,ID30/1,115.16,16.55425,2.2,15.4455595
144487,2023-08-20,NO20/14,35.93,16.55425,2.2,15.4455595
144488,2023-08-20,NY63/2,130.43,16.55425,2.2,15.4455595
144489,2023-08-20,SE95/6,19.92,16.55425,2.2,15.4455595
144490,2023-08-20,TR14/9,69.93,16.55425,2.2,15.4455595
144491,2023-08-20,SP00/62,100.83,16.55425,2.2,15.4455595
144492,2023-08-20,SU01/5B,75.98,16.55425,2.2,15.4455595
144493,2023-08-20,SY68/34,66.61,16.55425,2.2,15.4455595
144494,2023-08-20,SU17/57,132.75,16.55425,2.2,15.4455595
144495,2023-08-20,TQ25/86,96.27,16.55425,2.2,15.4455595
144496,2023-08-20,TF03/37,13.42,16.55425,2.2,15.4455595
144497,2023-08-20,TA10/63,16.03,16.55425,2.2,15.4455595
144498,2023-08-20,SE94/5,15.67,16.55425,2.2,15.4455595
144499,2023-08-20,SU81/1,41.89,16.55425,2.2,15.4455595
144500,2023-08-20,TL44/12,41.52,16.55425,2.2,15.4455595
144501,2023-08-20,ST07/10,61.1581,16.55425,2.2,15.4455595
144502,2023-08-20,SJ62/235,54.319,16.55425,2.2,15.4455595
144503,2023-08-20,SU71/23,34.3,16.55425,2.2,15.4455595
144504,2023-08-21,NO20/14,35.93,16.193834,3.3,19.587948
144505,2023-08-21,SN00/11,8.7819,16.193834,3.3,19.587948
144506,2023-08-21,NH95/17,29.04,16.193834,3.3,19.587948
144507,2023-08-21,ID30/1,115.22,16.193834,3.3,19.587948
144508,2023-08-21,TF81/2A,44.489,16.193834,3.3,19.587948
144509,2023-08-21,NY63/2,130.4,16.193834,3.3,19.587948
144510,2023-08-21,TL33/67,81.427,16.193834,3.3,19.587948
144511,2023-08-21,SJ15/13,79.382,16.193834,3.3,19.587948
144512,2023-08-21,SU01/5B,75.94,16.193834,3.3,19.587948
144513,2023-08-21,SE95/6,19.91,16.193834,3.3,19.587948
144514,2023-08-21,SU17/57,132.69,16.193834,3.3,19.587948
144515,2023-08-21,SP00/62,100.83,16.193834,3.3,19.587948
144516,2023-08-21,SU71/23,34.22,16.193834,3.3,19.587948
144517,2023-08-21,SE94/5,15.65,16.193834,3.3,19.587948
144518,2023-08-21,TF03/37,13.41,16.193834,3.3,19.587948
144519,2023-08-21,SJ62/235,54.321,16.193834,3.3,19.587948
144520,2023-08-21,ST07/10,60.715,16.193834,3.3,19.587948
144521,2023-08-21,TA10/63,16.0,16.193834,3.3,19.587948
144522,2023-08-21,TR14/9,69.84,16.193834,3.3,19.587948
144523,2023-08-21,TL44/12,41.46,16.193834,3.3,19.587948
144524,2023-08-21,SY68/34,66.59,16.193834,3.3,19.587948
144525,2023-08-21,SU81/1,41.8,16.193834,3.3,19.587948
144526,2023-08-21,TQ25/86,96.2,16.193834,3.3,19.587948
144527,2023-08-22,NO20/14,35.92,16.302166,5.0999994,14.859378
144528,2023-08-22,NH95/17,29.03,16.302166,5.0999994,14.859378
144529,2023-08-22,NY63/2,130.42,16.302166,5.0999994,14.859378
144530,2023-08-22,TF81/2A,44.505,16.302166,5.0999994,14.859378
144531,2023-08-22,TL33/4,81.793,16.302166,5.0999994,14.859378
144532,2023-08-22,SN00/11,8.7433,16.302166,5.0999994,14.859378
144533,2023-08-22,ID30/1,115.24,16.302166,5.0999994,14.859378
144534,2023-08-22,SJ15/13,79.396,16.302166,5.0999994,14.859378
144535,2023-08-22,SU81/1,41.71,16.302166,5.0999994,14.859378
144536,2023-08-22,SY68/34,66.57,16.302166,5.0999994,14.859378
144537,2023-08-22,TR14/9,69.74,16.302166,5.0999994,14.859378
144538,2023-08-22,SE95/6,19.9,16.302166,5.0999994,14.859378
144539,2023-08-22,SU01/5B,75.9,16.302166,5.0999994,14.859378
144540,2023-08-22,SU17/57,132.64,16.302166,5.0999994,14.859378
144541,2023-08-22,TQ25/86,96.14,16.302166,5.0999994,14.859378
144542,2023-08-22,SP00/62,100.82,16.302166,5.0999994,14.859378
144543,2023-08-22,SU71/23,34.13,16.302166,5.0999994,14.859378
144544,2023-08-22,TA10/63,15.97,16.302166,5.0999994,14.859378
144545,2023-08-22,TL44/12,41.4,16.302166,5.0999994,14.859378
144546,2023-08-22,SJ62/235,54.317,16.302166,5.0999994,14.859378
144547,2023-08-22,SE94/5,15.62,16.302166,5.0999994,14.859378
144548,2023-08-22,ST07/10,60.2744,16.302166,5.0999994,14.859378
144549,2023-08-22,TF03/37,13.39,16.302166,5.0999994,14.859378
144550,2023-08-23,NY63/2,130.41,16.035501,1.7,9.825135
144551,2023-08-23,SJ15/13,79.391,16.035501,1.7,9.825135
144552,2023-08-23,ID30/1,115.21,16.035501,1.7,9.825135
144553,2023-08-23,SN00/11,8.7046,16.035501,1.7,9.825135
144554,2023-08-23,TF81/2A,44.514,16.035501,1.7,9.825135
144555,2023-08-23,NH95/17,29.03,16.035501,1.7,9.825135
144556,2023-08-23,NO20/14,35.91,16.035501,1.7,9.825135
144557,2023-08-23,SE95/6,19.88,16.035501,1.7,9.825135
144558,2023-08-23,SU81/1,41.63,16.035501,1.7,9.825135
144559,2023-08-23,SU71/23,34.05,16.035501,1.7,9.825135
144560,2023-08-23,SP00/62,100.82,16.035501,1.7,9.825135
144561,2023-08-23,SJ62/235,54.318,16.035501,1.7,9.825135
144562,2023-08-23,TA10/63,15.94,16.035501,1.7,9.825135
144563,2023-08-23,TQ25/86,96.09,16.035501,1.7,9.825135
144564,2023-08-23,TR14/9,69.65,16.035501,1.7,9.825135
144565,2023-08-23,TL44/12,41.34,16.035501,1.7,9.825135
144566,2023-08-23,SY68/34,66.56,16.035501,1.7,9.825135
144567,2023-08-23,SU17/57,132.55,16.035501,1.7,9.825135
144568,2023-08-23,SE94/5,15.59,16.035501,1.7,9.825135
144569,2023-08-23,TF03/37,13.33,16.035501,1.7,9.825135
144570,2023-08-23,ST07/10,59.8988,16.035501,1.7,9.825135
144571,2023-08-23,SU01/5B,75.86,16.035501,1.7,9.825135
144572,2023-08-24,TF81/2A,44.524,15.008416,0.8000001,9.39866
144573,2023-08-24,NH95/17,29.03,15.008416,0.8000001,9.39866
144574,2023-08-24,NY63/2,130.42,15.008416,0.8000001,9.39866
144575,2023-08-24,SJ15/13,79.406,15.008416,0.8000001,9.39866
144576,2023-08-24,SN00/11,8.6483,15.008416,0.8000001,9.39866
144577,2023-08-24,ID30/1,115.14,15.008416,0.8000001,9.39866
144578,2023-08-24,NO20/14,35.92,15.008416,0.8000001,9.39866
144579,2023-08-24,TR14/9,69.56,15.008416,0.8000001,9.39866
144580,2023-08-24,SU81/1,41.56,15.008416,0.8000001,9.39866
144581,2023-08-24,TF03/37,13.27,15.008416,0.8000001,9.39866
144582,2023-08-24,SJ62/235,54.319,15.008416,0.8000001,9.39866
144583,2023-08-24,SP00/62,100.81,15.008416,0.8000001,9.39866
144584,2023-08-24,TA10/63,15.91,15.008416,0.8000001,9.39866
144585,2023-08-24,SU01/5B,75.82,15.008416,0.8000001,9.39866
144586,2023-08-24,TQ25/86,96.02,15.008416,0.8000001,9.39866
144587,2023-08-24,SU71/23,33.98,15.008416,0.8000001,9.39866
144588,2023-08-24,TL44/12,41.29,15.008416,0.8000001,9.39866
144589,2023-08-24,SE95/6,19.87,15.008416,0.8000001,9.39866
144590,2023-08-24,SE94/5,15.57,15.008416,0.8000001,9.39866
144591,2023-08-24,SU17/57,132.45,15.008416,0.8000001,9.39866
144592,2023-08-24,ST07/10,59.5689,15.008416,0.8000001,9.39866
144593,2023-08-24,SY68/34,66.54,15.008416,0.8000001,9.39866
144594,2023-08-25,SN00/11,8.5808,13.189668,5.5999994,8.664356
144595,2023-08-25,NY63/2,130.43,13.189668,5.5999994,8.664356
144596,2023-08-25,ID30/1,115.02,13.189668,5.5999994,8.664356
144597,2023-08-25,NH95/17,29.04,13.189668,5.5999994,8.664356
144598,2023-08-25,TF81/2A,44.537,13.189668,5.5999994,8.664356
144599,2023-08-25,NO20/14,35.92,13.189668,5.5999994,8.664356
144600,2023-08-25,SJ15/13,79.405,13.189668,5.5999994,8.664356
144601,2023-08-25,SU81/1,41.46,13.189668,5.5999994,8.664356
144602,2023-08-25,SJ62/235,54.319,13.189668,5.5999994,8.664356
144603,2023-08-25,SU17/57,132.38,13.189668,5.5999994,8.664356
144604,2023-08-25,SE94/5,15.48,13.189668,5.5999994,8.664356
144605,2023-08-25,TR14/9,69.47,13.189668,5.5999994,8.664356
144606,2023-08-25,TA10/63,15.88,13.189668,5.5999994,8.664356
144607,2023-08-25,SU01/5B,75.78,13.189668,5.5999994,8.664356
144608,2023-08-25,TF03/37,13.24,13.189668,5.5999994,8.664356
144609,2023-08-25,SY68/34,66.52,13.189668,5.5999994,8.664356
144610,2023-08-25,SE95/6,19.86,13.189668,5.5999994,8.664356
144611,2023-08-25,ST07/10,59.3393,13.189668,5.5999994,8.664356
144612,2023-08-25,SP00/62,100.81,13.189668,5.5999994,8.664356
144613,2023-08-25,SU71/23,33.89,13.189668,5.5999994,8.664356
144614,2023-08-25,TQ25/86,95.96,13.189668,5.5999994,8.664356
144615,2023-08-25,TL44/12,41.23,13.189668,5.5999994,8.664356
144616,2023-08-26,NH95/17,29.04,12.481334,4.7999997,6.225823
144617,2023-08-26,ID30/1,114.91,12.481334,4.7999997,6.225823
144618,2023-08-26,NO20/14,35.91,12.481334,4.7999997,6.225823
144619,2023-08-26,NY63/2,130.44,12.481334,4.7999997,6.225823
144620,2023-08-26,SN00/11,8.507,12.481334,4.7999997,6.225823
144621,2023-08-26,SJ15/13,79.417,12.481334,4.7999997,6.225823
144622,2023-08-26,TF81/2A,44.554,12.481334,4.7999997,6.225823
144623,2023-08-26,SU81/1,41.37,12.481334,4.7999997,6.225823
144624,2023-08-26,SU17/57,132.35,12.481334,4.7999997,6.225823
144625,2023-08-26,SP00/62,100.8,12.481334,4.7999997,6.225823
144626,2023-08-26,SJ62/235,54.314,12.481334,4.7999997,6.225823
144627,2023-08-26,SE95/6,19.84,12.481334,4.7999997,6.225823
144628,2023-08-26,ST07/10,59.1215,12.481334,4.7999997,6.225823
144629,2023-08-26,SY68/34,66.5,12.481334,4.7999997,6.225823
144630,2023-08-26,TR14/9,69.39,12.481334,4.7999997,6.225823
144631,2023-08-26,SU01/5B,75.73,12.481334,4.7999997,6.225823
144632,2023-08-26,SU71/23,33.81,12.481334,4.7999997,6.225823
144633,2023-08-26,TL44/12,41.17,12.481334,4.7999997,6.225823
144634,2023-08-26,TF03/37,13.23,12.481334,4.7999997,6.225823
144635,2023-08-26,TQ25/86,95.89,12.481334,4.7999997,6.225823
144636,2023-08-26,SE94/5,15.44,12.481334,4.7999997,6.225823
144637,2023-08-26,TA10/63,15.85,12.481334,4.7999997,6.225823
144638,2023-08-27,NO20/14,35.9,13.15425,1.0,9.176323
144639,2023-08-27,ID30/1,114.78,13.15425,1.0,9.176323
144640,2023-08-27,SN00/11,8.4321,13.15425,1.0,9.176323
144641,2023-08-27,TF81/2A,44.572,13.15425,1.0,9.176323
144642,2023-08-27,SJ15/13,79.395,13.15425,1.0,9.176323
144643,2023-08-27,NH95/17,29.06,13.15425,1.0,9.176323
144644,2023-08-27,NY63/2,130.42,13.15425,1.0,9.176323
144645,2023-08-27,SU17/57,132.34,13.15425,1.0,9.176323
144646,2023-08-27,SE95/6,19.82,13.15425,1.0,9.176323
144647,2023-08-27,TR14/9,69.3,13.15425,1.0,9.176323
144648,2023-08-27,SJ62/235,54.308,13.15425,1.0,9.176323
144649,2023-08-27,SY68/34,66.48,13.15425,1.0,9.176323
144650,2023-08-27,SU71/23,33.72,13.15425,1.0,9.176323
144651,2023-08-27,ST07/10,58.8464,13.15425,1.0,9.176323
144652,2023-08-27,SP00/62,100.8,13.15425,1.0,9.176323
144653,2023-08-27,SU81/1,41.26,13.15425,1.0,9.176323
144654,2023-08-27,TA10/63,15.81,13.15425,1.0,9.176323
144655,2023-08-27,TL44/12,41.1,13.15425,1.0,9.176323
144656,2023-08-27,SE94/5,15.45,13.15425,1.0,9.176323
144657,2023-08-27,TF03/37,13.22,13.15425,1.0,9.176323
144658,2023-08-27,TQ25/86,95.81,13.15425,1.0,9.176323
144659,2023-08-27,SU01/5B,75.67,13.15425,1.0,9.176323
144660,2023-08-28,ID30/1,114.71,13.245917,0.6,11.704202
144661,2023-08-28,NY63/2,130.4,13.245917,0.6,11.704202
144662,2023-08-28,SN00/11,8.3649,13.245917,0.6,11.704202
144663,2023-08-28,TF81/2A,44.59,13.245917,0.6,11.704202
144664,2023-08-28,SJ15/13,79.377,13.245917,0.6,11.704202
144665,2023-08-28,TL33/67,81.308,13.245917,0.6,11.704202
144666,2023-08-28,NH95/17,29.05,13.245917,0.6,11.704202
144667,2023-08-28,NO20/14,35.89,13.245917,0.6,11.704202
144668,2023-08-28,TL44/12,41.05,13.245917,0.6,11.704202
144669,2023-08-28,SE94/5,15.45,13.245917,0.6,11.704202
144670,2023-08-28,TF03/37,13.19,13.245917,0.6,11.704202
144671,2023-08-28,TA10/63,15.72,13.245917,0.6,11.704202
144672,2023-08-28,SU81/1,41.17,13.245917,0.6,11.704202
144673,2023-08-28,SP00/62,100.79,13.245917,0.6,11.704202
144674,2023-08-28,ST07/10,58.5842,13.245917,0.6,11.704202
144675,2023-08-28,SY68/34,66.46,13.245917,0.6,11.704202
144676,2023-08-28,SU71/23,33.63,13.245917,0.6,11.704202
144677,2023-08-28,SU17/57,132.32,13.245917,0.6,11.704202
144678,2023-08-28,SU01/5B,75.61,13.245917,0.6,11.704202
144679,2023-08-28,SE95/6,19.8,13.245917,0.6,11.704202
144680,2023-08-28,TR14/9,69.2,13.245917,0.6,11.704202
144681,2023-08-28,TQ25/86,95.75,13.245917,0.6,11.704202
144682,2023-08-28,SJ62/235,54.306,13.245917,0.6,11.704202
144683,2023-08-29,ID30/1,114.62,13.137584,3.7999997,12.65532
144684,2023-08-29,NY63/2,130.39,13.137584,3.7999997,12.65532
144685,2023-08-29,TF81/2A,44.6,13.137584,3.7999997,12.65532
144686,2023-08-29,SJ15/13,79.385,13.137584,3.7999997,12.65532
144687,2023-08-29,NH95/17,29.07,13.137584,3.7999997,12.65532
144688,2023-08-29,SN00/11,8.315,13.137584,3.7999997,12.65532
144689,2023-08-29,NO20/14,35.9,13.137584,3.7999997,12.65532
144690,2023-08-29,TL33/4,81.676,13.137584,3.7999997,12.65532
144691,2023-08-29,SU01/5B,75.55,13.137584,3.7999997,12.65532
144692,2023-08-29,SU17/57,132.24,13.137584,3.7999997,12.65532
144693,2023-08-29,SJ62/235,54.31,13.137584,3.7999997,12.65532
144694,2023-08-29,TQ25/86,95.68,13.137584,3.7999997,12.65532
144695,2023-08-29,ST07/10,58.4078,13.137584,3.7999997,12.65532
144696,2023-08-29,SU71/23,33.55,13.137584,3.7999997,12.65532
144697,2023-08-29,TF03/37,13.16,13.137584,3.7999997,12.65532
144698,2023-08-29,SY68/34,66.45,13.137584,3.7999997,12.65532
144699,2023-08-29,SP00/62,100.78,13.137584,3.7999997,12.65532
144700,2023-08-29,TL44/12,41.0,13.137584,3.7999997,12.65532
144701,2023-08-29,SE94/5,15.43,13.137584,3.7999997,12.65532
144702,2023-08-29,SU81/1,41.08,13.137584,3.7999997,12.65532
144703,2023-08-29,TR14/9,69.12,13.137584,3.7999997,12.65532
144704,2023-08-29,SE95/6,19.79,13.137584,3.7999997,12.65532
144705,2023-08-29,TA10/63,15.72,13.137584,3.7999997,12.65532
144706,2023-08-30,ID30/1,114.54,12.866749,0.3,10.795148
144707,2023-08-30,NO20/14,35.88,12.866749,0.3,10.795148
144708,2023-08-30,NH95/17,29.06,12.866749,0.3,10.795148
144709,2023-08-30,TF81/2A,44.618,12.866749,0.3,10.795148
144710,2023-08-30,NY63/2,130.41,12.866749,0.3,10.795148
144711,2023-08-30,SJ15/13,79.39,12.866749,0.3,10.795148
144712,2023-08-30,SP00/62,100.77,12.866749,0.3,10.795148
144713,2023-08-30,SU01/5B,75.49,12.866749,0.3,10.795148
144714,2023-08-30,TF03/37,13.12,12.866749,0.3,10.795148
144715,2023-08-30,SU81/1,40.99,12.866749,0.3,10.795148
144716,2023-08-30,ST07/10,58.1737,12.866749,0.3,10.795148
144717,2023-08-30,SE94/5,15.4,12.866749,0.3,10.795148
144718,2023-08-30,TQ25/86,95.61,12.866749,0.3,10.795148
144719,2023-08-30,SU17/57,132.19,12.866749,0.3,10.795148
144720,2023-08-30,SY68/34,66.43,12.866749,0.3,10.795148
144721,2023-08-30,SU71/23,33.47,12.866749,0.3,10.795148
144722,2023-08-30,TA10/63,15.7,12.866749,0.3,10.795148
144723,2023-08-30,TL44/12,40.93,12.866749,0.3,10.795148
144724,2023-08-30,SE95/6,19.77,12.866749,0.3,10.795148
144725,2023-08-30,SJ62/235,54.308,12.866749,0.3,10.795148
144726,2023-08-30,TR14/9,69.02,12.866749,0.3,10.795148
144727,2023-08-31,NO20/14,35.87,13.581332,0.0,9.027855
144728,2023-08-31,NH95/17,29.05,13.581332,0.0,9.027855
144729,2023-08-31,SJ15/13,79.384,13.581332,0.0,9.027855
144730,2023-08-31,TL33/4,86.17,13.581332,0.0,9.027855
144731,2023-08-31,NY63/2,130.39,13.581332,0.0,9.027855
144732,2023-08-31,ID30/1,114.5,13.581332,0.0,9.027855
144733,2023-08-31,TA10/63,15.67,13.581332,0.0,9.027855
144734,2023-08-31,TQ25/86,95.53,13.581332,0.0,9.027855
144735,2023-08-31,SU01/5B,75.43,13.581332,0.0,9.027855
144736,2023-08-31,SU81/1,40.9,13.581332,0.0,9.027855
144737,2023-08-31,SY68/34,66.41,13.581332,0.0,9.027855
144738,2023-08-31,SP00/62,100.76,13.581332,0.0,9.027855
144739,2023-08-31,ST07/10,57.9967,13.581332,0.0,9.027855
144740,2023-08-31,SE94/5,15.37,13.581332,0.0,9.027855
144741,2023-08-31,SU17/57,132.14,13.581332,0.0,9.027855
144742,2023-08-31,SJ62/235,54.307,13.581332,0.0,9.027855
144743,2023-08-31,TF03/37,13.1,13.581332,0.0,9.027855
144744,2023-08-31,TL44/12,40.87,13.581332,0.0,9.027855
144745,2023-08-31,SE95/6,19.75,13.581332,0.0,9.027855
144746,2023-08-31,TR14/9,68.94,13.581332,0.0,9.027855
144747,2023-08-31,SU71/23,33.39,13.581332,0.0,9.027855
144748,2023-08-31,TM15/112,25.17,13.581332,0.0,9.027855
144749,2023-09-01,NH95/17,29.04,14.683415,1.5000001,8.029274
144750,2023-09-01,SJ15/13,79.385,14.683415,1.5000001,8.029274
144751,2023-09-01,TL33/4,81.51,14.683415,1.5000001,8.029274
144752,2023-09-01,NY63/2,130.38,14.683415,1.5000001,8.029274
144753,2023-09-01,ID30/1,114.45,14.683415,1.5000001,8.029274
144754,2023-09-01,TL33/67,81.082,14.683415,1.5000001,8.029274
144755,2023-09-01,NO20/14,35.86,14.683415,1.5000001,8.029274
144756,2023-09-01,ST07/10,57.7772,14.683415,1.5000001,8.029274
144757,2023-09-01,SU17/57,132.16,14.683415,1.5000001,8.029274
144758,2023-09-01,SU71/23,33.3,14.683415,1.5000001,8.029274
144759,2023-09-01,TF03/37,13.03,14.683415,1.5000001,8.029274
144760,2023-09-01,SU81/1,40.82,14.683415,1.5000001,8.029274
144761,2023-09-01,SE94/5,15.28,14.683415,1.5000001,8.029274
144762,2023-09-01,SN00/11,8.164,14.683415,1.5000001,8.029274
144763,2023-09-01,TR14/9,68.84,14.683415,1.5000001,8.029274
144764,2023-09-01,SY68/34,66.39,14.683415,1.5000001,8.029274
144765,2023-09-01,TL44/12,40.81,14.683415,1.5000001,8.029274
144766,2023-09-01,TQ25/86,95.45,14.683415,1.5000001,8.029274
144767,2023-09-01,TA10/63,15.63,14.683415,1.5000001,8.029274
144768,2023-09-01,SU01/5B,75.36,14.683415,1.5000001,8.029274
144769,2023-09-01,SE95/6,19.73,14.683415,1.5000001,8.029274
144770,2023-09-01,SP00/62,100.74,14.683415,1.5000001,8.029274
144771,2023-09-01,SJ62/235,54.296,14.683415,1.5000001,8.029274
144772,2023-09-02,SJ15/13,79.349,15.916749,0.2,6.6375885
144773,2023-09-02,ID30/1,114.45,15.916749,0.2,6.6375885
144774,2023-09-02,NO20/14,35.85,15.916749,0.2,6.6375885
144775,2023-09-02,NY63/2,130.34,15.916749,0.2,6.6375885
144776,2023-09-02,NH95/17,29.03,15.916749,0.2,6.6375885
144777,2023-09-02,SU81/1,40.73,15.916749,0.2,6.6375885
144778,2023-09-02,TF03/37,12.99,15.916749,0.2,6.6375885
144779,2023-09-02,SU17/57,132.22,15.916749,0.2,6.6375885
144780,2023-09-02,SE94/5,15.24,15.916749,0.2,6.6375885
144781,2023-09-02,SN00/11,8.1073,15.916749,0.2,6.6375885
144782,2023-09-02,TR14/9,68.75,15.916749,0.2,6.6375885
144783,2023-09-02,SP00/62,100.73,15.916749,0.2,6.6375885
144784,2023-09-02,SY68/34,66.38,15.916749,0.2,6.6375885
144785,2023-09-02,TQ25/86,95.37,15.916749,0.2,6.6375885
144786,2023-09-02,TL44/12,40.74,15.916749,0.2,6.6375885
144787,2023-09-02,SU01/5B,75.28,15.916749,0.2,6.6375885
144788,2023-09-02,SJ62/235,54.288,15.916749,0.2,6.6375885
144789,2023-09-02,SE95/6,19.71,15.916749,0.2,6.6375885
144790,2023-09-02,SU71/23,33.21,15.916749,0.2,6.6375885
144791,2023-09-02,TA10/63,15.59,15.916749,0.2,6.6375885
144792,2023-09-02,ST07/10,57.5408,15.916749,0.2,6.6375885
144793,2023-09-03,ID30/1,114.43,15.916749,0.0,10.07696
144794,2023-09-03,NO20/14,35.85,15.916749,0.0,10.07696
144795,2023-09-03,NY63/2,130.32,15.916749,0.0,10.07696
144796,2023-09-03,NH95/17,29.02,15.916749,0.0,10.07696
144797,2023-09-03,SJ15/13,79.324,15.916749,0.0,10.07696
144798,2023-09-03,TL44/12,40.69,15.916749,0.0,10.07696
144799,2023-09-03,SU01/5B,75.2,15.916749,0.0,10.07696
144800,2023-09-03,ST07/10,57.3436,15.916749,0.0,10.07696
144801,2023-09-03,TQ25/86,95.29,15.916749,0.0,10.07696
144802,2023-09-03,SP00/62,100.72,15.916749,0.0,10.07696
144803,2023-09-03,SY68/34,66.35,15.916749,0.0,10.07696
144804,2023-09-03,TR14/9,68.65,15.916749,0.0,10.07696
144805,2023-09-03,SE95/6,19.69,15.916749,0.0,10.07696
144806,2023-09-03,SU17/57,132.2,15.916749,0.0,10.07696
144807,2023-09-03,TA10/63,15.56,15.916749,0.0,10.07696
144808,2023-09-03,TF03/37,12.99,15.916749,0.0,10.07696
144809,2023-09-03,SN00/11,8.0634,15.916749,0.0,10.07696
144810,2023-09-03,SE94/5,15.26,15.916749,0.0,10.07696
144811,2023-09-03,SU71/23,33.13,15.916749,0.0,10.07696
144812,2023-09-03,SJ62/235,54.288,15.916749,0.0,10.07696
144813,2023-09-03,SU81/1,40.63,15.916749,0.0,10.07696
144814,2023-09-04,NY63/2,130.33,17.575083,0.0,8.502268
144815,2023-09-04,TL33/67,80.785,17.575083,0.0,8.502268
144816,2023-09-04,NH95/17,29.01,17.575083,0.0,8.502268
144817,2023-09-04,SJ15/13,79.328,17.575083,0.0,8.502268
144818,2023-09-04,ID30/1,114.4,17.575083,0.0,8.502268
144819,2023-09-04,NO20/14,35.85,17.575083,0.0,8.502268
144820,2023-09-04,SU17/57,132.1,17.575083,0.0,8.502268
144821,2023-09-04,SY68/34,66.33,17.575083,0.0,8.502268
144822,2023-09-04,TF03/37,12.98,17.575083,0.0,8.502268
144823,2023-09-04,TA10/63,15.53,17.575083,0.0,8.502268
144824,2023-09-04,TQ25/86,95.2,17.575083,0.0,8.502268
144825,2023-09-04,ST07/10,57.2255,17.575083,0.0,8.502268
144826,2023-09-04,SP00/62,100.71,17.575083,0.0,8.502268
144827,2023-09-04,SE94/5,15.25,17.575083,0.0,8.502268
144828,2023-09-04,SU81/1,40.55,17.575083,0.0,8.502268
144829,2023-09-04,SU01/5B,75.13,17.575083,0.0,8.502268
144830,2023-09-04,SJ62/235,54.292,17.575083,0.0,8.502268
144831,2023-09-04,SN00/11,8.0267,17.575083,0.0,8.502268
144832,2023-09-04,TL44/12,40.63,17.575083,0.0,8.502268
144833,2023-09-04,TR14/9,68.56,17.575083,0.0,8.502268
144834,2023-09-04,SU71/23,33.06,17.575083,0.0,8.502268
144835,2023-09-04,SE95/6,19.68,17.575083,0.0,8.502268
144836,2023-09-05,ID30/1,114.35,18.65425,0.0,6.474561
144837,2023-09-05,NY63/2,130.34,18.65425,0.0,6.474561
144838,2023-09-05,NH95/17,29.0,18.65425,0.0,6.474561
144839,2023-09-05,NO20/14,35.84,18.65425,0.0,6.474561
144840,2023-09-05,SJ15/13,79.344,18.65425,0.0,6.474561
144841,2023-09-05,TL33/4,81.231,18.65425,0.0,6.474561
144842,2023-09-05,SU17/57,132.05,18.65425,0.0,6.474561
144843,2023-09-05,TR14/9,68.48,18.65425,0.0,6.474561
144844,2023-09-05,SU01/5B,75.06,18.65425,0.0,6.474561
144845,2023-09-05,SU71/23,32.98,18.65425,0.0,6.474561
144846,2023-09-05,TA10/63,15.5,18.65425,0.0,6.474561
144847,2023-09-05,SE95/6,19.66,18.65425,0.0,6.474561
144848,2023-09-05,TQ25/86,95.11,18.65425,0.0,6.474561
144849,2023-09-05,SN00/11,7.9812,18.65425,0.0,6.474561
144850,2023-09-05,SP00/62,100.69,18.65425,0.0,6.474561
144851,2023-09-05,SY68/34,66.31,18.65425,0.0,6.474561
144852,2023-09-05,TF03/37,12.94,18.65425,0.0,6.474561
144853,2023-09-05,TL44/12,40.58,18.65425,0.0,6.474561
144854,2023-09-05,SE94/5,15.22,18.65425,0.0,6.474561
144855,2023-09-05,SJ62/235,54.289,18.65425,0.0,6.474561
144856,2023-09-05,SU81/1,40.46,18.65425,0.0,6.474561
144857,2023-09-05,ST07/10,57.033,18.65425,0.0,6.474561
144858,2023-09-06,ID30/1,114.29,18.473001,0.0,8.499364
144859,2023-09-06,NH95/17,29.0,18.473001,0.0,8.499364
144860,2023-09-06,NO20/14,35.84,18.473001,0.0,8.499364
144861,2023-09-06,NY63/2,130.35,18.473001,0.0,8.499364
144862,2023-09-06,SJ15/13,79.345,18.473001,0.0,8.499364
144863,2023-09-06,SU81/1,40.38,18.473001,0.0,8.499364
144864,2023-09-06,SE94/5,15.13,18.473001,0.0,8.499364
144865,2023-09-06,SP00/62,100.68,18.473001,0.0,8.499364
144866,2023-09-06,SY68/34,66.29,18.473001,0.0,8.499364
144867,2023-09-06,SN00/11,7.9378,18.473001,0.0,8.499364
144868,2023-09-06,TR14/9,68.38,18.473001,0.0,8.499364
144869,2023-09-06,TQ25/86,95.02,18.473001,0.0,8.499364
144870,2023-09-06,TA10/63,15.46,18.473001,0.0,8.499364
144871,2023-09-06,SU01/5B,74.98,18.473001,0.0,8.499364
144872,2023-09-06,SJ62/235,54.284,18.473001,0.0,8.499364
144873,2023-09-06,SU71/23,32.9,18.473001,0.0,8.499364
144874,2023-09-06,SU17/57,132.03,18.473001,0.0,8.499364
144875,2023-09-06,TF03/37,12.9,18.473001,0.0,8.499364
144876,2023-09-06,TL44/12,40.52,18.473001,0.0,8.499364
144877,2023-09-06,SE95/6,19.64,18.473001,0.0,8.499364
144878,2023-09-06,ST07/10,56.8769,18.473001,0.0,8.499364
144879,2023-09-07,ID30/1,114.19,20.333418,0.0,5.706218
144880,2023-09-07,NY63/2,130.34,20.333418,0.0,5.706218
144881,2023-09-07,NH95/17,28.99,20.333418,0.0,5.706218
144882,2023-09-07,SJ15/13,79.334,20.333418,0.0,5.706218
144883,2023-09-07,NO20/14,35.83,20.333418,0.0,5.706218
144884,2023-09-07,TA10/63,15.43,20.333418,0.0,5.706218
144885,2023-09-07,SE94/5,15.1,20.333418,0.0,5.706218
144886,2023-09-07,TL44/12,40.47,20.333418,0.0,5.706218
144887,2023-09-07,SP00/62,100.66,20.333418,0.0,5.706218
144888,2023-09-07,SJ62/235,54.284,20.333418,0.0,5.706218
144889,2023-09-07,SU81/1,40.31,20.333418,0.0,5.706218
144890,2023-09-07,SE95/6,19.63,20.333418,0.0,5.706218
144891,2023-09-07,SU17/57,131.97,20.333418,0.0,5.706218
144892,2023-09-07,SN00/11,7.8994,20.333418,0.0,5.706218
144893,2023-09-07,SY68/34,66.27,20.333418,0.0,5.706218
144894,2023-09-07,TQ25/86,94.93,20.333418,0.0,5.706218
144895,2023-09-07,ST07/10,56.8566,20.333418,0.0,5.706218
144896,2023-09-07,SU71/23,32.82,20.333418,0.0,5.706218
144897,2023-09-07,TR14/9,68.3,20.333418,0.0,5.706218
144898,2023-09-07,TF03/37,12.87,20.333418,0.0,5.706218
144899,2023-09-07,SU01/5B,74.91,20.333418,0.0,5.706218
144900,2023-09-08,SJ15/13,79.344,20.064667,0.0,4.283679
144901,2023-09-08,ID30/1,114.12,20.064667,0.0,4.283679
144902,2023-09-08,NO20/14,35.83,20.064667,0.0,4.283679
144903,2023-09-08,NY63/2,130.34,20.064667,0.0,4.283679
144904,2023-09-08,NH95/17,28.98,20.064667,0.0,4.283679
144905,2023-09-08,SY68/34,66.25,20.064667,0.0,4.283679
144906,2023-09-08,SP00/62,100.65,20.064667,0.0,4.283679
144907,2023-09-08,TL44/12,40.42,20.064667,0.0,4.283679
144908,2023-09-08,SU81/1,40.24,20.064667,0.0,4.283679
144909,2023-09-08,TQ25/86,94.84,20.064667,0.0,4.283679
144910,2023-09-08,SU17/57,131.94,20.064667,0.0,4.283679
144911,2023-09-08,ST07/10,56.8063,20.064667,0.0,4.283679
144912,2023-09-08,TA10/63,15.4,20.064667,0.0,4.283679
144913,2023-09-08,TF03/37,12.83,20.064667,0.0,4.283679
144914,2023-09-08,TR14/9,68.2,20.064667,0.0,4.283679
144915,2023-09-08,SU01/5B,74.83,20.064667,0.0,4.283679
144916,2023-09-08,SE95/6,19.61,20.064667,0.0,4.283679
144917,2023-09-08,SU71/23,32.74,20.064667,0.0,4.283679
144918,2023-09-08,SN00/11,7.8587,20.064667,0.0,4.283679
144919,2023-09-08,SJ62/235,54.279,20.064667,0.0,4.283679
144920,2023-09-08,SE94/5,15.11,20.064667,0.0,4.283679
144921,2023-09-09,NH95/17,28.99,19.966751,0.90000004,7.5199604
144922,2023-09-09,ID30/1,114.1,19.966751,0.90000004,7.5199604
144923,2023-09-09,NY63/2,130.34,19.966751,0.90000004,7.5199604
144924,2023-09-09,NO20/14,35.82,19.966751,0.90000004,7.5199604
144925,2023-09-09,SJ15/13,79.341,19.966751,0.90000004,7.5199604
144926,2023-09-09,SY68/34,66.23,19.966751,0.90000004,7.5199604
144927,2023-09-09,ST07/10,56.9698,19.966751,0.90000004,7.5199604
144928,2023-09-09,SE95/6,19.59,19.966751,0.90000004,7.5199604
144929,2023-09-09,TR14/9,68.12,19.966751,0.90000004,7.5199604
144930,2023-09-09,SJ62/235,54.276,19.966751,0.90000004,7.5199604
144931,2023-09-09,TQ25/86,94.76,19.966751,0.90000004,7.5199604
144932,2023-09-09,TA10/63,15.37,19.966751,0.90000004,7.5199604
144933,2023-09-09,SU81/1,40.17,19.966751,0.90000004,7.5199604
144934,2023-09-09,TL44/12,40.37,19.966751,0.90000004,7.5199604
144935,2023-09-09,SN00/11,7.8221,19.966751,0.90000004,7.5199604
144936,2023-09-09,SU01/5B,74.76,19.966751,0.90000004,7.5199604
144937,2023-09-09,SU71/23,32.66,19.966751,0.90000004,7.5199604
144938,2023-09-09,TF03/37,12.79,19.966751,0.90000004,7.5199604
144939,2023-09-09,SE94/5,15.11,19.966751,0.90000004,7.5199604
144940,2023-09-09,SU17/57,131.9,19.966751,0.90000004,7.5199604
144941,2023-09-09,SP00/62,100.63,19.966751,0.90000004,7.5199604
144942,2023-09-10,ID30/1,114.04,19.187584,5.8,8.718726
144943,2023-09-10,NO20/14,35.83,19.187584,5.8,8.718726
144944,2023-09-10,SJ15/13,79.334,19.187584,5.8,8.718726
144945,2023-09-10,NY63/2,130.32,19.187584,5.8,8.718726
144946,2023-09-10,NH95/17,29.0,19.187584,5.8,8.718726
144947,2023-09-10,TA10/63,15.34,19.187584,5.8,8.718726
144948,2023-09-10,ST07/10,57.0679,19.187584,5.8,8.718726
144949,2023-09-10,TQ25/86,94.68,19.187584,5.8,8.718726
144950,2023-09-10,SY68/34,66.21,19.187584,5.8,8.718726
144951,2023-09-10,SU81/1,40.09,19.187584,5.8,8.718726
144952,2023-09-10,SJ62/235,54.278,19.187584,5.8,8.718726
144953,2023-09-10,SE95/6,19.58,19.187584,5.8,8.718726
144954,2023-09-10,TR14/9,68.03,19.187584,5.8,8.718726
144955,2023-09-10,SU71/23,32.57,19.187584,5.8,8.718726
144956,2023-09-10,SU01/5B,74.68,19.187584,5.8,8.718726
144957,2023-09-10,SE94/5,15.08,19.187584,5.8,8.718726
144958,2023-09-10,TL44/12,40.32,19.187584,5.8,8.718726
144959,2023-09-10,SN00/11,7.7936,19.187584,5.8,8.718726
144960,2023-09-10,SU17/57,131.85,19.187584,5.8,8.718726
144961,2023-09-10,SP00/62,100.62,19.187584,5.8,8.718726
144962,2023-09-10,TF03/37,12.78,19.187584,5.8,8.718726
144963,2023-09-11,NH95/17,29.02,17.052164,3.7999997,9.6822195
144964,2023-09-11,SJ15/13,79.349,17.052164,3.7999997,9.6822195
144965,2023-09-11,TL33/67,80.545,17.052164,3.7999997,9.6822195
144966,2023-09-11,NY63/2,130.43,17.052164,3.7999997,9.6822195
144967,2023-09-11,NO20/14,35.85,17.052164,3.7999997,9.6822195
144968,2023-09-11,ID30/1,113.97,17.052164,3.7999997,9.6822195
144969,2023-09-11,TL44/12,40.29,17.052164,3.7999997,9.6822195
144970,2023-09-11,SN00/11,7.7647,17.052164,3.7999997,9.6822195
144971,2023-09-11,ST07/10,56.9456,17.052164,3.7999997,9.6822195
144972,2023-09-11,SE95/6,19.56,17.052164,3.7999997,9.6822195
144973,2023-09-11,TQ25/86,94.59,17.052164,3.7999997,9.6822195
144974,2023-09-11,SU81/1,40.01,17.052164,3.7999997,9.6822195
144975,2023-09-11,TF03/37,12.76,17.052164,3.7999997,9.6822195
144976,2023-09-11,SJ62/235,54.276,17.052164,3.7999997,9.6822195
144977,2023-09-11,SU17/57,131.82,17.052164,3.7999997,9.6822195
144978,2023-09-11,SP00/62,100.61,17.052164,3.7999997,9.6822195
144979,2023-09-11,SE94/5,15.05,17.052164,3.7999997,9.6822195
144980,2023-09-11,TA10/63,15.3,17.052164,3.7999997,9.6822195
144981,2023-09-11,SU01/5B,74.6,17.052164,3.7999997,9.6822195
144982,2023-09-11,SY68/34,66.19,17.052164,3.7999997,9.6822195
144983,2023-09-11,TR14/9,67.95,17.052164,3.7999997,9.6822195
144984,2023-09-11,SU71/23,32.49,17.052164,3.7999997,9.6822195
144985,2023-09-12,NO20/14,35.82,13.362583,0.1,9.38101
144986,2023-09-12,TL33/4,80.957,13.362583,0.1,9.38101
144987,2023-09-12,NH95/17,29.0,13.362583,0.1,9.38101
144988,2023-09-12,NY63/2,130.41,13.362583,0.1,9.38101
144989,2023-09-12,ID30/1,113.9,13.362583,0.1,9.38101
144990,2023-09-12,SJ15/13,79.348,13.362583,0.1,9.38101
144991,2023-09-12,SN00/11,7.7317,13.362583,0.1,9.38101
144992,2023-09-12,SU71/23,32.4,13.362583,0.1,9.38101
144993,2023-09-12,SP00/62,100.6,13.362583,0.1,9.38101
144994,2023-09-12,TR14/9,67.86,13.362583,0.1,9.38101
144995,2023-09-12,SU17/57,131.82,13.362583,0.1,9.38101
144996,2023-09-12,TQ25/86,94.51,13.362583,0.1,9.38101
144997,2023-09-12,SU01/5B,74.52,13.362583,0.1,9.38101
144998,2023-09-12,ST07/10,56.6476,13.362583,0.1,9.38101
144999,2023-09-12,SJ62/235,54.27,13.362583,0.1,9.38101
145000,2023-09-12,TA10/63,15.26,13.362583,0.1,9.38101
145001,2023-09-12,SE95/6,19.54,13.362583,0.1,9.38101
145002,2023-09-12,TL44/12,40.23,13.362583,0.1,9.38101
145003,2023-09-12,TF03/37,12.73,13.362583,0.1,9.38101
145004,2023-09-12,SY68/34,66.16,13.362583,0.1,9.38101
145005,2023-09-12,SU81/1,39.93,13.362583,0.1,9.38101
145006,2023-09-12,SE94/5,15.02,13.362583,0.1,9.38101
145007,2023-09-13,ID30/1,113.83,11.4313345,1.6000001,10.889126
145008,2023-09-13,SJ15/13,79.325,11.4313345,1.6000001,10.889126
145009,2023-09-13,NH95/17,29.0,11.4313345,1.6000001,10.889126
145010,2023-09-13,NO20/14,35.81,11.4313345,1.6000001,10.889126
145011,2023-09-13,NY63/2,130.38,11.4313345,1.6000001,10.889126
145012,2023-09-13,SP00/62,100.58,11.4313345,1.6000001,10.889126
145013,2023-09-13,TR14/9,67.76,11.4313345,1.6000001,10.889126
145014,2023-09-13,TA10/63,15.23,11.4313345,1.6000001,10.889126
145015,2023-09-13,TQ25/86,94.43,11.4313345,1.6000001,10.889126
145016,2023-09-13,ST07/10,56.4068,11.4313345,1.6000001,10.889126
145017,2023-09-13,TL44/12,40.18,11.4313345,1.6000001,10.889126
145018,2023-09-13,SU71/23,32.31,11.4313345,1.6000001,10.889126
145019,2023-09-13,SJ62/235,54.274,11.4313345,1.6000001,10.889126
145020,2023-09-13,SE94/5,14.95,11.4313345,1.6000001,10.889126
145021,2023-09-13,TF03/37,12.62,11.4313345,1.6000001,10.889126
145022,2023-09-13,SU01/5B,74.44,11.4313345,1.6000001,10.889126
145023,2023-09-13,SN00/11,7.7044,11.4313345,1.6000001,10.889126
145024,2023-09-13,SY68/34,66.14,11.4313345,1.6000001,10.889126
145025,2023-09-13,SU81/1,39.87,11.4313345,1.6000001,10.889126
145026,2023-09-13,SU17/57,131.84,11.4313345,1.6000001,10.889126
145027,2023-09-13,SE95/6,19.53,11.4313345,1.6000001,10.889126
145028,2023-09-14,ID30/1,113.88,14.531333,2.1999998,10.571691
145029,2023-09-14,NO20/14,35.82,14.531333,2.1999998,10.571691
145030,2023-09-14,SJ15/13,79.341,14.531333,2.1999998,10.571691
145031,2023-09-14,NH95/17,29.01,14.531333,2.1999998,10.571691
145032,2023-09-14,NY63/2,130.38,14.531333,2.1999998,10.571691
145033,2023-09-14,SE94/5,14.96,14.531333,2.1999998,10.571691
145034,2023-09-14,TL44/12,40.13,14.531333,2.1999998,10.571691
145035,2023-09-14,SP00/62,100.56,14.531333,2.1999998,10.571691
145036,2023-09-14,SJ62/235,54.279,14.531333,2.1999998,10.571691
145037,2023-09-14,TQ25/86,94.36,14.531333,2.1999998,10.571691
145038,2023-09-14,SE95/6,19.52,14.531333,2.1999998,10.571691
145039,2023-09-14,SU71/23,32.23,14.531333,2.1999998,10.571691
145040,2023-09-14,ST07/10,56.1571,14.531333,2.1999998,10.571691
145041,2023-09-14,SU17/57,131.78,14.531333,2.1999998,10.571691
145042,2023-09-14,TR14/9,67.67,14.531333,2.1999998,10.571691
145043,2023-09-14,TA10/63,15.15,14.531333,2.1999998,10.571691
145044,2023-09-14,SY68/34,66.11,14.531333,2.1999998,10.571691
145045,2023-09-14,TF03/37,12.65,14.531333,2.1999998,10.571691
145046,2023-09-14,SN00/11,7.6963,14.531333,2.1999998,10.571691
145047,2023-09-14,SU01/5B,74.36,14.531333,2.1999998,10.571691
145048,2023-09-14,SU81/1,39.83,14.531333,2.1999998,10.571691
145049,2023-09-15,NO20/14,35.8,13.414666,14.099999,7.0113387
145050,2023-09-15,SJ15/13,79.338,13.414666,14.099999,7.0113387
145051,2023-09-15,ID30/1,113.87,13.414666,14.099999,7.0113387
145052,2023-09-15,NY63/2,130.38,13.414666,14.099999,7.0113387
145053,2023-09-15,NH95/17,28.99,13.414666,14.099999,7.0113387
145054,2023-09-15,TR14/9,67.58,13.414666,14.099999,7.0113387
145055,2023-09-15,SE94/5,14.94,13.414666,14.099999,7.0113387
145056,2023-09-15,SU01/5B,74.29,13.414666,14.099999,7.0113387
145057,2023-09-15,SP00/62,100.55,13.414666,14.099999,7.0113387
145058,2023-09-15,SY68/34,66.09,13.414666,14.099999,7.0113387
145059,2023-09-15,SU71/23,32.15,13.414666,14.099999,7.0113387
145060,2023-09-15,SU17/57,131.69,13.414666,14.099999,7.0113387
145061,2023-09-15,TF03/37,12.65,13.414666,14.099999,7.0113387
145062,2023-09-15,SU81/1,39.77,13.414666,14.099999,7.0113387
145063,2023-09-15,ST07/10,55.904,13.414666,14.099999,7.0113387
145064,2023-09-15,TQ25/86,94.29,13.414666,14.099999,7.0113387
145065,2023-09-15,TA10/63,15.17,13.414666,14.099999,7.0113387
145066,2023-09-15,TL44/12,40.09,13.414666,14.099999,7.0113387
145067,2023-09-15,SN00/11,7.6741,13.414666,14.099999,7.0113387
145068,2023-09-15,SE95/6,19.5,13.414666,14.099999,7.0113387
145069,2023-09-15,SJ62/235,54.283,13.414666,14.099999,7.0113387
145070,2023-09-16,NY63/2,130.39,12.920918,0.0,16.412632
145071,2023-09-16,NO20/14,35.81,12.920918,0.0,16.412632
145072,2023-09-16,NH95/17,28.99,12.920918,0.0,16.412632
145073,2023-09-16,SJ15/13,79.341,12.920918,0.0,16.412632
145074,2023-09-16,ID30/1,114.05,12.920918,0.0,16.412632
145075,2023-09-16,SU71/23,32.07,12.920918,0.0,16.412632
145076,2023-09-16,SU81/1,39.7,12.920918,0.0,16.412632
145077,2023-09-16,TA10/63,15.14,12.920918,0.0,16.412632
145078,2023-09-16,SY68/34,66.07,12.920918,0.0,16.412632
145079,2023-09-16,SN00/11,7.6595,12.920918,0.0,16.412632
145080,2023-09-16,TR14/9,67.49,12.920918,0.0,16.412632
145081,2023-09-16,SE94/5,14.91,12.920918,0.0,16.412632
145082,2023-09-16,SJ62/235,54.279,12.920918,0.0,16.412632
145083,2023-09-16,SE95/6,19.48,12.920918,0.0,16.412632
145084,2023-09-16,SU01/5B,74.21,12.920918,0.0,16.412632
145085,2023-09-16,TQ25/86,94.23,12.920918,0.0,16.412632
145086,2023-09-16,SP00/62,100.53,12.920918,0.0,16.412632
145087,2023-09-16,ST07/10,55.6753,12.920918,0.0,16.412632
145088,2023-09-16,TL44/12,40.04,12.920918,0.0,16.412632
145089,2023-09-16,SU17/57,131.67,12.920918,0.0,16.412632
145090,2023-09-16,TF03/37,12.65,12.920918,0.0,16.412632
145091,2023-09-17,SJ15/13,79.33,15.256333,2.1000001,11.8628235
145092,2023-09-17,ID30/1,114.14,15.256333,2.1000001,11.8628235
145093,2023-09-17,NY63/2,130.38,15.256333,2.1000001,11.8628235
145094,2023-09-17,NH95/17,29.01,15.256333,2.1000001,11.8628235
145095,2023-09-17,NO20/14,35.83,15.256333,2.1000001,11.8628235
145096,2023-09-17,TQ25/86,94.17,15.256333,2.1000001,11.8628235
145097,2023-09-17,TF03/37,12.7,15.256333,2.1000001,11.8628235
145098,2023-09-17,ST07/10,55.7757,15.256333,2.1000001,11.8628235
145099,2023-09-17,SU71/23,32.0,15.256333,2.1000001,11.8628235
145100,2023-09-17,SU81/1,39.65,15.256333,2.1000001,11.8628235
145101,2023-09-17,SN00/11,7.7148,15.256333,2.1000001,11.8628235
145102,2023-09-17,SU17/57,131.57,15.256333,2.1000001,11.8628235
145103,2023-09-17,TL44/12,40.0,15.256333,2.1000001,11.8628235
145104,2023-09-17,SE94/5,14.82,15.256333,2.1000001,11.8628235
145105,2023-09-17,SP00/62,100.54,15.256333,2.1000001,11.8628235
145106,2023-09-17,SJ62/235,54.292,15.256333,2.1000001,11.8628235
145107,2023-09-17,SU01/5B,74.15,15.256333,2.1000001,11.8628235
145108,2023-09-17,SE95/6,19.47,15.256333,2.1000001,11.8628235
145109,2023-09-17,SY68/34,66.06,15.256333,2.1000001,11.8628235
145110,2023-09-17,TR14/9,67.41,15.256333,2.1000001,11.8628235
145111,2023-09-17,TA10/63,15.12,15.256333,2.1000001,11.8628235
145112,2023-09-18,NH95/17,29.06,13.252167,11.000001,17.51102
145113,2023-09-18,SJ15/13,79.364,13.252167,11.000001,17.51102
145114,2023-09-18,NO20/14,35.86,13.252167,11.000001,17.51102
145115,2023-09-18,ID30/1,114.42,13.252167,11.000001,17.51102
145116,2023-09-18,SE95/6,19.5,13.252167,11.000001,17.51102
145117,2023-09-18,SU81/1,39.62,13.252167,11.000001,17.51102
145118,2023-09-18,TQ25/86,94.12,13.252167,11.000001,17.51102
145119,2023-09-18,TA10/63,15.08,13.252167,11.000001,17.51102
145120,2023-09-18,SU17/57,131.54,13.252167,11.000001,17.51102
145121,2023-09-18,SE94/5,14.92,13.252167,11.000001,17.51102
145122,2023-09-18,TF03/37,12.69,13.252167,11.000001,17.51102
145123,2023-09-18,TL44/12,39.95,13.252167,11.000001,17.51102
145124,2023-09-18,NY63/2,130.45,13.252167,11.000001,17.51102
145125,2023-09-18,SP00/62,100.64,13.252167,11.000001,17.51102
145126,2023-09-18,SU01/5B,74.08,13.252167,11.000001,17.51102
145127,2023-09-18,SU71/23,31.92,13.252167,11.000001,17.51102
145128,2023-09-18,SJ62/235,54.289,13.252167,11.000001,17.51102
145129,2023-09-18,ST07/10,55.7259,13.252167,11.000001,17.51102
145130,2023-09-18,SN00/11,7.7607,13.252167,11.000001,17.51102
145131,2023-09-18,TR14/9,67.31,13.252167,11.000001,17.51102
145132,2023-09-18,SY68/34,66.04,13.252167,11.000001,17.51102
145133,2023-09-19,ID30/1,114.71,13.452165,18.099998,16.095978
145134,2023-09-19,TL33/67,80.098,13.452165,18.099998,16.095978
145135,2023-09-19,TL33/4,80.692,13.452165,18.099998,16.095978
145136,2023-09-19,SJ15/13,79.352,13.452165,18.099998,16.095978
145137,2023-09-19,NO20/14,35.85,13.452165,18.099998,16.095978
145138,2023-09-19,NH95/17,29.09,13.452165,18.099998,16.095978
145139,2023-09-19,TQ25/86,94.07,13.452165,18.099998,16.095978
145140,2023-09-19,SU71/23,31.85,13.452165,18.099998,16.095978
145141,2023-09-19,SE95/6,19.53,13.452165,18.099998,16.095978
145142,2023-09-19,TF03/37,12.69,13.452165,18.099998,16.095978
145143,2023-09-19,SY68/34,66.02,13.452165,18.099998,16.095978
145144,2023-09-19,TL44/12,39.91,13.452165,18.099998,16.095978
145145,2023-09-19,SP00/62,100.63,13.452165,18.099998,16.095978
145146,2023-09-19,ST07/10,55.6522,13.452165,18.099998,16.095978
145147,2023-09-19,SJ62/235,54.293,13.452165,18.099998,16.095978
145148,2023-09-19,NY63/2,130.47,13.452165,18.099998,16.095978
145149,2023-09-19,SU81/1,39.57,13.452165,18.099998,16.095978
145150,2023-09-19,SE94/5,14.98,13.452165,18.099998,16.095978
145151,2023-09-19,SN00/11,7.8176,13.452165,18.099998,16.095978
145152,2023-09-19,TA10/63,15.05,13.452165,18.099998,16.095978
145153,2023-09-19,TR14/9,67.23,13.452165,18.099998,16.095978
145154,2023-09-19,SU01/5B,74.01,13.452165,18.099998,16.095978
145155,2023-09-19,SU17/57,131.51,13.452165,18.099998,16.095978
145156,2023-09-19,TV59/7C,2.81,13.452165,18.099998,16.095978
145157,2023-09-20,ID30/1,114.94,14.7646675,15.700001,23.67331
145158,2023-09-20,NO20/14,35.86,14.7646675,15.700001,23.67331
145159,2023-09-20,SJ15/13,79.371,14.7646675,15.700001,23.67331
145160,2023-09-20,NH95/17,29.11,14.7646675,15.700001,23.67331
145161,2023-09-20,SY68/34,66.05,14.7646675,15.700001,23.67331
145162,2023-09-20,SJ62/235,54.296,14.7646675,15.700001,23.67331
145163,2023-09-20,SE94/5,15.0,14.7646675,15.700001,23.67331
145164,2023-09-20,SP00/62,100.79,14.7646675,15.700001,23.67331
145165,2023-09-20,SU71/23,31.78,14.7646675,15.700001,23.67331
145166,2023-09-20,ST07/10,55.876,14.7646675,15.700001,23.67331
145167,2023-09-20,SE95/6,19.55,14.7646675,15.700001,23.67331
145168,2023-09-20,NY63/2,130.49,14.7646675,15.700001,23.67331
145169,2023-09-20,TR14/9,67.15,14.7646675,15.700001,23.67331
145170,2023-09-20,SU01/5B,73.95,14.7646675,15.700001,23.67331
145171,2023-09-20,SU17/57,131.43,14.7646675,15.700001,23.67331
145172,2023-09-20,SU81/1,39.53,14.7646675,15.700001,23.67331
145173,2023-09-20,TL44/12,39.87,14.7646675,15.700001,23.67331
145174,2023-09-20,SN00/11,8.0881,14.7646675,15.700001,23.67331
145175,2023-09-20,TF03/37,12.79,14.7646675,15.700001,23.67331
145176,2023-09-20,TQ25/86,94.03,14.7646675,15.700001,23.67331
145177,2023-09-20,TA10/63,15.02,14.7646675,15.700001,23.67331
145178,2023-09-21,ID30/1,115.13,11.173,0.3,11.192125
145179,2023-09-21,NO20/14,35.84,11.173,0.3,11.192125
145180,2023-09-21,NH95/17,29.09,11.173,0.3,11.192125
145181,2023-09-21,SJ15/13,79.3836,11.173,0.3,11.192125
145182,2023-09-21,SP00/62,100.9,11.173,0.3,11.192125
145183,2023-09-21,SU71/23,31.72,11.173,0.3,11.192125
145184,2023-09-21,SN00/11,8.3874,11.173,0.3,11.192125
145185,2023-09-21,SE94/5,15.03,11.173,0.3,11.192125
145186,2023-09-21,ST07/10,56.0873,11.173,0.3,11.192125
145187,2023-09-21,NY63/2,130.48,11.173,0.3,11.192125
145188,2023-09-21,SU81/1,39.5,11.173,0.3,11.192125
145189,2023-09-21,TF03/37,12.76,11.173,0.3,11.192125
145190,2023-09-21,TQ25/86,93.99,11.173,0.3,11.192125
145191,2023-09-21,SU01/5B,73.93,11.173,0.3,11.192125
145192,2023-09-21,SE95/6,19.56,11.173,0.3,11.192125
145193,2023-09-21,TA10/63,14.99,11.173,0.3,11.192125
145194,2023-09-21,TL44/12,39.83,11.173,0.3,11.192125
145195,2023-09-21,SU17/57,131.44,11.173,0.3,11.192125
145196,2023-09-21,SY68/34,66.03,11.173,0.3,11.192125
145197,2023-09-21,TR14/9,67.08,11.173,0.3,11.192125
145198,2023-09-21,SJ62/235,54.294,11.173,0.3,11.192125
145199,2023-09-22,ID30/1,115.18,10.706333,4.1,9.790398
145200,2023-09-22,NH95/17,29.06,10.706333,4.1,9.790398
145201,2023-09-22,NO20/14,35.82,10.706333,4.1,9.790398
145202,2023-09-22,SJ15/13,79.375,10.706333,4.1,9.790398
145203,2023-09-22,SY68/34,66.01,10.706333,4.1,9.790398
145204,2023-09-22,ST07/10,56.2497,10.706333,4.1,9.790398
145205,2023-09-22,SU71/23,31.64,10.706333,4.1,9.790398
145206,2023-09-22,NY63/2,130.44,10.706333,4.1,9.790398
145207,2023-09-22,SE95/6,19.57,10.706333,4.1,9.790398
145208,2023-09-22,SU81/1,39.42,10.706333,4.1,9.790398
145209,2023-09-22,TL44/12,39.78,10.706333,4.1,9.790398
145210,2023-09-22,TF03/37,12.66,10.706333,4.1,9.790398
145211,2023-09-22,SU17/57,131.54,10.706333,4.1,9.790398
145212,2023-09-22,TR14/9,66.99,10.706333,4.1,9.790398
145213,2023-09-22,SE94/5,14.97,10.706333,4.1,9.790398
145214,2023-09-22,TQ25/86,93.95,10.706333,4.1,9.790398
145215,2023-09-22,SP00/62,100.99,10.706333,4.1,9.790398
145216,2023-09-22,TA10/63,14.95,10.706333,4.1,9.790398
145217,2023-09-22,SU01/5B,73.87,10.706333,4.1,9.790398
145218,2023-09-22,SN00/11,8.6503,10.706333,4.1,9.790398
145219,2023-09-22,SJ62/235,54.284,10.706333,4.1,9.790398
145220,2023-09-23,SJ15/13,79.341,11.187583,0.2,11.568562
145221,2023-09-23,ID30/1,115.18,11.187583,0.2,11.568562
145222,2023-09-23,NH95/17,29.05,11.187583,0.2,11.568562
145223,2023-09-23,NO20/14,35.8,11.187583,0.2,11.568562
145224,2023-09-23,SE94/5,14.95,11.187583,0.2,11.568562
145225,2023-09-23,SP00/62,101.07,11.187583,0.2,11.568562
145226,2023-09-23,SN00/11,8.8389,11.187583,0.2,11.568562
145227,2023-09-23,SU81/1,39.33,11.187583,0.2,11.568562
145228,2023-09-23,TA10/63,14.91,11.187583,0.2,11.568562
145229,2023-09-23,TL44/12,39.73,11.187583,0.2,11.568562
145230,2023-09-23,TF03/37,12.57,11.187583,0.2,11.568562
145231,2023-09-23,TR14/9,66.89,11.187583,0.2,11.568562
145232,2023-09-23,SU17/57,131.63,11.187583,0.2,11.568562
145233,2023-09-23,TQ25/86,93.92,11.187583,0.2,11.568562
145234,2023-09-23,SU01/5B,73.82,11.187583,0.2,11.568562
145235,2023-09-23,NY63/2,130.42,11.187583,0.2,11.568562
145236,2023-09-23,SY68/34,65.99,11.187583,0.2,11.568562
145237,2023-09-23,SE95/6,19.58,11.187583,0.2,11.568562
145238,2023-09-23,ST07/10,56.2994,11.187583,0.2,11.568562
145239,2023-09-23,SU71/23,31.57,11.187583,0.2,11.568562
145240,2023-09-23,SJ62/235,54.281,11.187583,0.2,11.568562
145241,2023-09-24,SJ15/13,79.345,15.587582,12.099998,27.514095
145242,2023-09-24,ID30/1,115.2,15.587582,12.099998,27.514095
145243,2023-09-24,NH95/17,29.07,15.587582,12.099998,27.514095
145244,2023-09-24,NO20/14,35.83,15.587582,12.099998,27.514095
145245,2023-09-24,TL44/12,39.69,15.587582,12.099998,27.514095
145246,2023-09-24,TR14/9,66.81,15.587582,12.099998,27.514095
145247,2023-09-24,NY63/2,130.46,15.587582,12.099998,27.514095
145248,2023-09-24,TQ25/86,93.88,15.587582,12.099998,27.514095
145249,2023-09-24,SU17/57,131.62,15.587582,12.099998,27.514095
145250,2023-09-24,TF03/37,12.57,15.587582,12.099998,27.514095
145251,2023-09-24,SU81/1,39.27,15.587582,12.099998,27.514095
145252,2023-09-24,TA10/63,14.88,15.587582,12.099998,27.514095
145253,2023-09-24,SE95/6,19.61,15.587582,12.099998,27.514095
145254,2023-09-24,SJ62/235,54.286,15.587582,12.099998,27.514095
145255,2023-09-24,SU01/5B,73.81,15.587582,12.099998,27.514095
145256,2023-09-24,SU71/23,31.54,15.587582,12.099998,27.514095
145257,2023-09-24,SE94/5,14.98,15.587582,12.099998,27.514095
145258,2023-09-24,ST07/10,56.54,15.587582,12.099998,27.514095
145259,2023-09-24,SP00/62,101.13,15.587582,12.099998,27.514095
145260,2023-09-24,SY68/34,65.97,15.587582,12.099998,27.514095
145261,2023-09-24,SN00/11,9.051,15.587582,12.099998,27.514095
145262,2023-09-25,ID30/1,115.5,14.585499,3.3999996,19.572062
145263,2023-09-25,NH95/17,29.06,14.585499,3.3999996,19.572062
145264,2023-09-25,NO20/14,35.81,14.585499,3.3999996,19.572062
145265,2023-09-25,SJ15/13,79.358,14.585499,3.3999996,19.572062
145266,2023-09-25,SU81/1,39.2,14.585499,3.3999996,19.572062
145267,2023-09-25,SU01/5B,73.82,14.585499,3.3999996,19.572062
145268,2023-09-25,SU17/57,131.65,14.585499,3.3999996,19.572062
145269,2023-09-25,TR14/9,66.72,14.585499,3.3999996,19.572062
145270,2023-09-25,SN00/11,9.1837,14.585499,3.3999996,19.572062
145271,2023-09-25,SY68/34,65.96,14.585499,3.3999996,19.572062
145272,2023-09-25,TF03/37,12.56,14.585499,3.3999996,19.572062
145273,2023-09-25,SE95/6,19.62,14.585499,3.3999996,19.572062
145274,2023-09-25,NY63/2,130.44,14.585499,3.3999996,19.572062
145275,2023-09-25,TA10/63,14.84,14.585499,3.3999996,19.572062
145276,2023-09-25,ST07/10,57.1696,14.585499,3.3999996,19.572062
145277,2023-09-25,SE94/5,15.0,14.585499,3.3999996,19.572062
145278,2023-09-25,SU71/23,31.53,14.585499,3.3999996,19.572062
145279,2023-09-25,SJ62/235,54.281,14.585499,3.3999996,19.572062
145280,2023-09-25,SP00/62,101.17,14.585499,3.3999996,19.572062
145281,2023-09-25,TL44/12,39.65,14.585499,3.3999996,19.572062
145282,2023-09-25,TQ25/86,93.84,14.585499,3.3999996,19.572062
145283,2023-09-26,SJ15/13,79.344,13.620915,3.2999997,18.50563
145284,2023-09-26,NH95/17,29.06,13.620915,3.2999997,18.50563
145285,2023-09-26,ID30/1,115.71,13.620915,3.2999997,18.50563
145286,2023-09-26,TL33/67,79.862,13.620915,3.2999997,18.50563
145287,2023-09-26,TL33/4,80.502,13.620915,3.2999997,18.50563
145288,2023-09-26,NO20/14,35.81,13.620915,3.2999997,18.50563
145289,2023-09-26,ST07/10,57.7938,13.620915,3.2999997,18.50563
145290,2023-09-26,NY63/2,130.46,13.620915,3.2999997,18.50563
145291,2023-09-26,SE94/5,14.96,13.620915,3.2999997,18.50563
145292,2023-09-26,TR14/9,66.63,13.620915,3.2999997,18.50563
145293,2023-09-26,SP00/62,101.21,13.620915,3.2999997,18.50563
145294,2023-09-26,SN00/11,9.2892,13.620915,3.2999997,18.50563
145295,2023-09-26,SJ62/235,54.281,13.620915,3.2999997,18.50563
145296,2023-09-26,SU01/5B,73.86,13.620915,3.2999997,18.50563
145297,2023-09-26,TQ25/86,93.8,13.620915,3.2999997,18.50563
145298,2023-09-26,TA10/63,14.81,13.620915,3.2999997,18.50563
145299,2023-09-26,SE95/6,19.65,13.620915,3.2999997,18.50563
145300,2023-09-26,SU81/1,39.14,13.620915,3.2999997,18.50563
145301,2023-09-26,SY68/34,65.94,13.620915,3.2999997,18.50563
145302,2023-09-26,SU17/57,131.64,13.620915,3.2999997,18.50563
145303,2023-09-26,SU71/23,31.53,13.620915,3.2999997,18.50563
145304,2023-09-26,TF03/37,12.47,13.620915,3.2999997,18.50563
145305,2023-09-26,TL44/12,39.6,13.620915,3.2999997,18.50563
145306,2023-09-27,ID30/1,115.77,13.902167,9.0,23.42599
145307,2023-09-27,NO20/14,35.82,13.902167,9.0,23.42599
145308,2023-09-27,NH95/17,29.06,13.902167,9.0,23.42599
145309,2023-09-27,SJ15/13,79.342,13.902167,9.0,23.42599
145310,2023-09-27,TA10/63,14.79,13.902167,9.0,23.42599
145311,2023-09-27,TL44/12,39.56,13.902167,9.0,23.42599
145312,2023-09-27,SJ62/235,54.289,13.902167,9.0,23.42599
145313,2023-09-27,TR14/9,66.55,13.902167,9.0,23.42599
145314,2023-09-27,SY68/34,65.93,13.902167,9.0,23.42599
145315,2023-09-27,SE95/6,19.68,13.902167,9.0,23.42599
145316,2023-09-27,SN00/11,9.3889,13.902167,9.0,23.42599
145317,2023-09-27,SU71/23,31.53,13.902167,9.0,23.42599
145318,2023-09-27,SU17/57,131.6,13.902167,9.0,23.42599
145319,2023-09-27,ST07/10,58.161,13.902167,9.0,23.42599
145320,2023-09-27,TF03/37,12.49,13.902167,9.0,23.42599
145321,2023-09-27,NY63/2,130.5,13.902167,9.0,23.42599
145322,2023-09-27,SU01/5B,73.94,13.902167,9.0,23.42599
145323,2023-09-27,SU81/1,39.11,13.902167,9.0,23.42599
145324,2023-09-27,SP00/62,101.23,13.902167,9.0,23.42599
145325,2023-09-27,TQ25/86,93.76,13.902167,9.0,23.42599
145326,2023-09-27,SE94/5,14.98,13.902167,9.0,23.42599
145327,2023-09-28,SJ15/13,79.383,14.127166,5.4999995,20.256332
145328,2023-09-28,ID30/1,116.85,14.127166,5.4999995,20.256332
145329,2023-09-28,NH95/17,29.05,14.127166,5.4999995,20.256332
145330,2023-09-28,NO20/14,35.82,14.127166,5.4999995,20.256332
145331,2023-09-28,TL44/12,39.52,14.127166,5.4999995,20.256332
145332,2023-09-28,SU81/1,39.05,14.127166,5.4999995,20.256332
145333,2023-09-28,SY68/34,65.91,14.127166,5.4999995,20.256332
145334,2023-09-28,SU17/57,131.64,14.127166,5.4999995,20.256332
145335,2023-09-28,TF03/37,12.48,14.127166,5.4999995,20.256332
145336,2023-09-28,SU71/23,31.52,14.127166,5.4999995,20.256332
145337,2023-09-28,TQ25/86,93.72,14.127166,5.4999995,20.256332
145338,2023-09-28,SE94/5,15.0,14.127166,5.4999995,20.256332
145339,2023-09-28,ST07/10,58.4094,14.127166,5.4999995,20.256332
145340,2023-09-28,SP00/62,101.25,14.127166,5.4999995,20.256332
145341,2023-09-28,SN00/11,9.4365,14.127166,5.4999995,20.256332
145342,2023-09-28,NY63/2,130.48,14.127166,5.4999995,20.256332
145343,2023-09-28,SE95/6,19.7,14.127166,5.4999995,20.256332
145344,2023-09-28,TA10/63,14.76,14.127166,5.4999995,20.256332
145345,2023-09-28,SJ62/235,54.28,14.127166,5.4999995,20.256332
145346,2023-09-28,SU01/5B,74.03,14.127166,5.4999995,20.256332
145347,2023-09-28,TR14/9,66.47,14.127166,5.4999995,20.256332
145348,2023-09-29,NO20/14,35.8,13.020916,1.8000002,14.481405
145349,2023-09-29,NH95/17,29.06,13.020916,1.8000002,14.481405
145350,2023-09-29,SJ15/13,79.35122,13.020916,1.8000002,14.481405
145351,2023-09-29,ID30/1,117.22,13.020916,1.8000002,14.481405
145352,2023-09-29,TR14/9,66.37,13.020916,1.8000002,14.481405
145353,2023-09-29,SU71/23,31.49,13.020916,1.8000002,14.481405
145354,2023-09-29,ST07/10,59.0462,13.020916,1.8000002,14.481405
145355,2023-09-29,SE95/6,19.71,13.020916,1.8000002,14.481405
145356,2023-09-29,TF03/37,12.4,13.020916,1.8000002,14.481405
145357,2023-09-29,TA10/63,14.72,13.020916,1.8000002,14.481405
145358,2023-09-29,TL44/12,39.48,13.020916,1.8000002,14.481405
145359,2023-09-29,SE94/5,14.97,13.020916,1.8000002,14.481405
145360,2023-09-29,SU81/1,38.96,13.020916,1.8000002,14.481405
145361,2023-09-29,SU17/57,131.78,13.020916,1.8000002,14.481405
145362,2023-09-29,NY63/2,130.44,13.020916,1.8000002,14.481405
145363,2023-09-29,SU01/5B,74.13,13.020916,1.8000002,14.481405
145364,2023-09-29,SN00/11,9.4345,13.020916,1.8000002,14.481405
145365,2023-09-29,TQ25/86,93.67,13.020916,1.8000002,14.481405
145366,2023-09-29,SP00/62,101.29,13.020916,1.8000002,14.481405
145367,2023-09-29,SY68/34,65.9,13.020916,1.8000002,14.481405
145368,2023-09-29,SJ62/235,54.267,13.020916,1.8000002,14.481405
145369,2023-09-29,TQ25/86,90.98,13.020916,1.8000002,14.481405
145370,2023-09-30,NH95/17,29.03,11.820916,5.2,13.078826
145371,2023-09-30,ID30/1,117.07,11.820916,5.2,13.078826
145372,2023-09-30,SJ15/13,79.306,11.820916,5.2,13.078826
145373,2023-09-30,NO20/14,35.79,11.820916,5.2,13.078826
145374,2023-09-30,TA10/63,14.69,11.820916,5.2,13.078826
145375,2023-09-30,TQ25/86,93.63,11.820916,5.2,13.078826
145376,2023-09-30,SU81/1,38.91,11.820916,5.2,13.078826
145377,2023-09-30,TF03/37,12.46,11.820916,5.2,13.078826
145378,2023-09-30,SE95/6,19.73,11.820916,5.2,13.078826
145379,2023-09-30,ST07/10,59.8492,11.820916,5.2,13.078826
145380,2023-09-30,TL44/12,39.44,11.820916,5.2,13.078826
145381,2023-09-30,SU71/23,31.46,11.820916,5.2,13.078826
145382,2023-09-30,NY63/2,130.46,11.820916,5.2,13.078826
145383,2023-09-30,SU01/5B,74.26,11.820916,5.2,13.078826
145384,2023-09-30,SU17/57,131.78,11.820916,5.2,13.078826
145385,2023-09-30,TR14/9,66.28,11.820916,5.2,13.078826
145386,2023-09-30,SN00/11,9.4756,11.820916,5.2,13.078826
145387,2023-09-30,SE94/5,14.99,11.820916,5.2,13.078826
145388,2023-09-30,SJ62/235,54.274,11.820916,5.2,13.078826
145389,2023-09-30,SP00/62,101.31,11.820916,5.2,13.078826
145390,2023-09-30,SY68/34,65.88,11.820916,5.2,13.078826
145391,2023-10-01,TL33/67,79.822,15.758415,13.400003,12.92961
145392,2023-10-01,ID30/1,116.81,15.758415,13.400003,12.92961
145393,2023-10-01,SJ15/13,79.338,15.758415,13.400003,12.92961
145394,2023-10-01,TL33/4,80.42,15.758415,13.400003,12.92961
145395,2023-10-01,NO20/14,35.81,15.758415,13.400003,12.92961
145396,2023-10-01,NH95/17,29.06,15.758415,13.400003,12.92961
145397,2023-10-01,TQ25/86,93.58,15.758415,13.400003,12.92961
145398,2023-10-01,SE95/6,19.74,15.758415,13.400003,12.92961
145399,2023-10-01,SU81/1,38.87,15.758415,13.400003,12.92961
145400,2023-10-01,SU71/23,31.43,15.758415,13.400003,12.92961
145401,2023-10-01,NY63/2,130.47,15.758415,13.400003,12.92961
145402,2023-10-01,SP00/62,101.33,15.758415,13.400003,12.92961
145403,2023-10-01,TL44/12,39.4,15.758415,13.400003,12.92961
145404,2023-10-01,TA10/63,14.66,15.758415,13.400003,12.92961
145405,2023-10-01,SE94/5,14.99,15.758415,13.400003,12.92961
145406,2023-10-01,ST07/10,60.2188,15.758415,13.400003,12.92961
145407,2023-10-01,TF03/37,12.47,15.758415,13.400003,12.92961
145408,2023-10-01,SY68/34,65.87,15.758415,13.400003,12.92961
145409,2023-10-01,SU17/57,131.78,15.758415,13.400003,12.92961
145410,2023-10-01,TR14/9,66.2,15.758415,13.400003,12.92961
145411,2023-10-01,SN00/11,9.8818,15.758415,13.400003,12.92961
145412,2023-10-01,SU01/5B,74.38,15.758415,13.400003,12.92961
145413,2023-10-02,SJ15/13,79.35,12.416749,0.5,9.305055
145414,2023-10-02,NH95/17,29.05,12.416749,0.5,9.305055
145415,2023-10-02,ID30/1,116.55,12.416749,0.5,9.305055
145416,2023-10-02,NO20/14,35.8,12.416749,0.5,9.305055
145417,2023-10-02,SY68/34,65.86,12.416749,0.5,9.305055
145418,2023-10-02,SE94/5,15.0,12.416749,0.5,9.305055
145419,2023-10-02,SP00/62,101.35,12.416749,0.5,9.305055
145420,2023-10-02,SU71/23,31.39,12.416749,0.5,9.305055
145421,2023-10-02,TL44/12,39.36,12.416749,0.5,9.305055
145422,2023-10-02,SU17/57,131.75,12.416749,0.5,9.305055
145423,2023-10-02,NY63/2,130.49,12.416749,0.5,9.305055
145424,2023-10-02,TR14/9,66.13,12.416749,0.5,9.305055
145425,2023-10-02,SE95/6,19.76,12.416749,0.5,9.305055
145426,2023-10-02,TA10/63,14.63,12.416749,0.5,9.305055
145427,2023-10-02,SU01/5B,74.52,12.416749,0.5,9.305055
145428,2023-10-02,SN00/11,10.9094,12.416749,0.5,9.305055
145429,2023-10-02,ST07/10,60.309,12.416749,0.5,9.305055
145430,2023-10-02,TF03/37,12.43,12.416749,0.5,9.305055
145431,2023-10-02,SU81/1,38.82,12.416749,0.5,9.305055
145432,2023-10-02,TQ25/86,93.53,12.416749,0.5,9.305055
145433,2023-10-03,TL33/4,80.161,11.618833,6.0999994,14.395555
145434,2023-10-03,ID30/1,116.28,11.618833,6.0999994,14.395555
145435,2023-10-03,SJ15/13,79.384,11.618833,6.0999994,14.395555
145436,2023-10-03,NH95/17,29.04,11.618833,6.0999994,14.395555
145437,2023-10-03,NO20/14,35.79,11.618833,6.0999994,14.395555
145438,2023-10-03,TL33/67,79.506,11.618833,6.0999994,14.395555
145439,2023-10-03,TF03/37,12.35,11.618833,6.0999994,14.395555
145440,2023-10-03,SY68/34,65.84,11.618833,6.0999994,14.395555
145441,2023-10-03,SE94/5,14.96,11.618833,6.0999994,14.395555
145442,2023-10-03,SE95/6,19.77,11.618833,6.0999994,14.395555
145443,2023-10-03,ST07/10,60.1892,11.618833,6.0999994,14.395555
145444,2023-10-03,TA10/63,14.59,11.618833,6.0999994,14.395555
145445,2023-10-03,SP00/62,101.35,11.618833,6.0999994,14.395555
145446,2023-10-03,TL44/12,39.32,11.618833,6.0999994,14.395555
145447,2023-10-03,TQ25/86,93.47,11.618833,6.0999994,14.395555
145448,2023-10-03,SN00/11,11.4368,11.618833,6.0999994,14.395555
145449,2023-10-03,SU01/5B,74.64,11.618833,6.0999994,14.395555
145450,2023-10-03,SU81/1,38.74,11.618833,6.0999994,14.395555
145451,2023-10-03,SU17/57,131.88,11.618833,6.0999994,14.395555
145452,2023-10-03,TR14/9,66.03,11.618833,6.0999994,14.395555
145453,2023-10-03,NY63/2,130.47,11.618833,6.0999994,14.395555
145454,2023-10-03,SU71/23,31.35,11.618833,6.0999994,14.395555
145455,2023-10-04,ID30/1,116.05,13.20425,4.2,17.748234
145456,2023-10-04,NO20/14,35.78,13.20425,4.2,17.748234
145457,2023-10-04,NH95/17,29.04,13.20425,4.2,17.748234
145458,2023-10-04,SJ15/13,79.376,13.20425,4.2,17.748234
145459,2023-10-04,SE94/5,14.93,13.20425,4.2,17.748234
145460,2023-10-04,ST07/10,60.0668,13.20425,4.2,17.748234
145461,2023-10-04,SU81/1,38.67,13.20425,4.2,17.748234
145462,2023-10-04,TR14/9,65.95,13.20425,4.2,17.748234
145463,2023-10-04,TF03/37,12.36,13.20425,4.2,17.748234
145464,2023-10-04,SU71/23,31.32,13.20425,4.2,17.748234
145465,2023-10-04,SY68/34,65.83,13.20425,4.2,17.748234
145466,2023-10-04,NY63/2,130.47,13.20425,4.2,17.748234
145467,2023-10-04,SU01/5B,74.77,13.20425,4.2,17.748234
145468,2023-10-04,SN00/11,11.4853,13.20425,4.2,17.748234
145469,2023-10-04,TQ25/86,93.4,13.20425,4.2,17.748234
145470,2023-10-04,TA10/63,14.56,13.20425,4.2,17.748234
145471,2023-10-04,SP00/62,101.36,13.20425,4.2,17.748234
145472,2023-10-04,SU17/57,131.91,13.20425,4.2,17.748234
145473,2023-10-04,SE95/6,19.77,13.20425,4.2,17.748234
145474,2023-10-04,TL44/12,39.28,13.20425,4.2,17.748234
145475,2023-10-05,SJ15/13,79.397,14.273,7.0000005,16.87182
145476,2023-10-05,ID30/1,115.96,14.273,7.0000005,16.87182
145477,2023-10-05,NO20/14,35.79,14.273,7.0000005,16.87182
145478,2023-10-05,NH95/17,29.06,14.273,7.0000005,16.87182
145479,2023-10-05,TQ25/86,93.34,14.273,7.0000005,16.87182
145480,2023-10-05,SN00/11,11.3946,14.273,7.0000005,16.87182
145481,2023-10-05,NY63/2,130.49,14.273,7.0000005,16.87182
145482,2023-10-05,SU17/57,131.93,14.273,7.0000005,16.87182
145483,2023-10-05,SE95/6,19.78,14.273,7.0000005,16.87182
145484,2023-10-05,TA10/63,14.54,14.273,7.0000005,16.87182
145485,2023-10-05,SU81/1,38.6,14.273,7.0000005,16.87182
145486,2023-10-05,SY68/34,65.81,14.273,7.0000005,16.87182
145487,2023-10-05,ST07/10,59.9689,14.273,7.0000005,16.87182
145488,2023-10-05,SE94/5,14.93,14.273,7.0000005,16.87182
145489,2023-10-05,TF03/37,12.36,14.273,7.0000005,16.87182
145490,2023-10-05,SU71/23,31.28,14.273,7.0000005,16.87182
145491,2023-10-05,SU01/5B,74.89,14.273,7.0000005,16.87182
145492,2023-10-05,SP00/62,101.36,14.273,7.0000005,16.87182
145493,2023-10-05,TR14/9,65.86,14.273,7.0000005,16.87182
145494,2023-10-05,TL44/12,39.24,14.273,7.0000005,16.87182
145495,2023-10-06,SJ15/13,79.406,16.875086,11.1,18.542011
145496,2023-10-06,ID30/1,115.89,16.875086,11.1,18.542011
145497,2023-10-06,NH95/17,29.06,16.875086,11.1,18.542011
145498,2023-10-06,NO20/14,35.78,16.875086,11.1,18.542011
145499,2023-10-06,SE94/5,14.97,16.875086,11.1,18.542011
145500,2023-10-06,SU01/5B,75.02,16.875086,11.1,18.542011
145501,2023-10-06,SP00/62,101.37,16.875086,11.1,18.542011
145502,2023-10-06,TF03/37,12.32,16.875086,11.1,18.542011
145503,2023-10-06,TQ25/86,93.26,16.875086,11.1,18.542011
145504,2023-10-06,SY68/34,65.8,16.875086,11.1,18.542011
145505,2023-10-06,TL44/12,39.2,16.875086,11.1,18.542011
145506,2023-10-06,NY63/2,130.49,16.875086,11.1,18.542011
145507,2023-10-06,TA10/63,14.52,16.875086,11.1,18.542011
145508,2023-10-06,SU81/1,38.55,16.875086,11.1,18.542011
145509,2023-10-06,SE95/6,19.79,16.875086,11.1,18.542011
145510,2023-10-06,SN00/11,11.257,16.875086,11.1,18.542011
145511,2023-10-06,ST07/10,59.8816,16.875086,11.1,18.542011
145512,2023-10-06,SU17/57,131.94,16.875086,11.1,18.542011
145513,2023-10-06,SU71/23,31.25,16.875086,11.1,18.542011
145514,2023-10-06,TR14/9,65.79,16.875086,11.1,18.542011
145515,2023-10-07,SJ15/13,79.40133,16.183414,10.800001,11.587936
145516,2023-10-07,NO20/14,35.82,16.183414,10.800001,11.587936
145517,2023-10-07,ID30/1,115.86,16.183414,10.800001,11.587936
145518,2023-10-07,NH95/17,29.08,16.183414,10.800001,11.587936
145519,2023-10-07,TA10/63,14.49,16.183414,10.800001,11.587936
145520,2023-10-07,ST07/10,59.6895,16.183414,10.800001,11.587936
145521,2023-10-07,TQ25/86,93.17,16.183414,10.800001,11.587936
145522,2023-10-07,SY68/34,65.79,16.183414,10.800001,11.587936
145523,2023-10-07,SU81/1,38.51,16.183414,10.800001,11.587936
145524,2023-10-07,SU17/57,131.98,16.183414,10.800001,11.587936
145525,2023-10-07,TL44/12,39.16,16.183414,10.800001,11.587936
145526,2023-10-07,SN00/11,11.0898,16.183414,10.800001,11.587936
145527,2023-10-07,SE94/5,15.0,16.183414,10.800001,11.587936
145528,2023-10-07,SP00/62,101.37,16.183414,10.800001,11.587936
145529,2023-10-07,SU01/5B,75.13,16.183414,10.800001,11.587936
145530,2023-10-07,TR14/9,65.7,16.183414,10.800001,11.587936
145531,2023-10-07,NY63/2,130.48,16.183414,10.800001,11.587936
145532,2023-10-07,SE95/6,19.79,16.183414,10.800001,11.587936
145533,2023-10-07,SU71/23,31.21,16.183414,10.800001,11.587936
145534,2023-10-07,TF03/37,12.28,16.183414,10.800001,11.587936
145535,2023-10-08,NO20/14,35.99,14.8355,0.6,13.466021
145536,2023-10-08,NH95/17,29.21,14.8355,0.6,13.466021
145537,2023-10-08,SJ15/13,79.388,14.8355,0.6,13.466021
145538,2023-10-08,ID30/1,115.84,14.8355,0.6,13.466021
145539,2023-10-08,SU17/57,131.99,14.8355,0.6,13.466021
145540,2023-10-08,SU71/23,31.17,14.8355,0.6,13.466021
145541,2023-10-08,SY68/34,65.78,14.8355,0.6,13.466021
145542,2023-10-08,SU81/1,38.44,14.8355,0.6,13.466021
145543,2023-10-08,ST07/10,59.4617,14.8355,0.6,13.466021
145544,2023-10-08,SP00/62,101.37,14.8355,0.6,13.466021
145545,2023-10-08,TR14/9,65.61,14.8355,0.6,13.466021
145546,2023-10-08,NY63/2,130.49,14.8355,0.6,13.466021
145547,2023-10-08,SE95/6,19.8,14.8355,0.6,13.466021
145548,2023-10-08,SU01/5B,75.24,14.8355,0.6,13.466021
145549,2023-10-08,TQ25/86,93.09,14.8355,0.6,13.466021
145550,2023-10-08,TL44/12,39.12,14.8355,0.6,13.466021
145551,2023-10-08,SE94/5,15.0,14.8355,0.6,13.466021
145552,2023-10-08,TF03/37,12.26,14.8355,0.6,13.466021
145553,2023-10-08,SN00/11,10.9609,14.8355,0.6,13.466021
145554,2023-10-08,TA10/63,14.46,14.8355,0.6,13.466021
145555,2023-10-09,ID30/1,115.8,16.420916,0.8000001,10.200168
145556,2023-10-09,SJ15/13,79.387,16.420916,0.8000001,10.200168
145557,2023-10-09,TL33/67,79.208,16.420916,0.8000001,10.200168
145558,2023-10-09,NH95/17,29.3,16.420916,0.8000001,10.200168
145559,2023-10-09,NO20/14,36.1,16.420916,0.8000001,10.200168
145560,2023-10-09,TQ25/86,93.01,16.420916,0.8000001,10.200168
145561,2023-10-09,TL44/12,39.09,16.420916,0.8000001,10.200168
145562,2023-10-09,SY68/34,65.77,16.420916,0.8000001,10.200168
145563,2023-10-09,SU17/57,131.99,16.420916,0.8000001,10.200168
145564,2023-10-09,SU71/23,31.14,16.420916,0.8000001,10.200168
145565,2023-10-09,SP00/62,101.37,16.420916,0.8000001,10.200168
145566,2023-10-09,SU81/1,38.38,16.420916,0.8000001,10.200168
145567,2023-10-09,SU01/5B,75.34,16.420916,0.8000001,10.200168
145568,2023-10-09,NY63/2,130.5,16.420916,0.8000001,10.200168
145569,2023-10-09,TR14/9,65.53,16.420916,0.8000001,10.200168
145570,2023-10-09,SE94/5,15.01,16.420916,0.8000001,10.200168
145571,2023-10-09,ST07/10,59.2812,16.420916,0.8000001,10.200168
145572,2023-10-09,TF03/37,12.23,16.420916,0.8000001,10.200168
145573,2023-10-09,TA10/63,14.44,16.420916,0.8000001,10.200168
145574,2023-10-09,SE95/6,19.8,16.420916,0.8000001,10.200168
145575,2023-10-09,SN00/11,10.8353,16.420916,0.8000001,10.200168
145576,2023-10-10,NH95/17,29.31,15.450084,2.2,18.97898
145577,2023-10-10,SJ15/13,79.395,15.450084,2.2,18.97898
145578,2023-10-10,ID30/1,115.7,15.450084,2.2,18.97898
145579,2023-10-10,NO20/14,36.12,15.450084,2.2,18.97898
145580,2023-10-10,TR14/9,65.45,15.450084,2.2,18.97898
145581,2023-10-10,TA10/63,14.41,15.450084,2.2,18.97898
145582,2023-10-10,SE94/5,15.01,15.450084,2.2,18.97898
145583,2023-10-10,SU71/23,31.1,15.450084,2.2,18.97898
145584,2023-10-10,SP00/62,101.36,15.450084,2.2,18.97898
145585,2023-10-10,SU81/1,38.32,15.450084,2.2,18.97898
145586,2023-10-10,SU17/57,131.95,15.450084,2.2,18.97898
145587,2023-10-10,ST07/10,59.38,15.450084,2.2,18.97898
145588,2023-10-10,SN00/11,10.7141,15.450084,2.2,18.97898
145589,2023-10-10,SY68/34,65.76,15.450084,2.2,18.97898
145590,2023-10-10,TL44/12,39.05,15.450084,2.2,18.97898
145591,2023-10-10,SU01/5B,75.44,15.450084,2.2,18.97898
145592,2023-10-10,TF03/37,12.25,15.450084,2.2,18.97898
145593,2023-10-10,TQ25/86,92.93,15.450084,2.2,18.97898
145594,2023-10-10,SE95/6,19.81,15.450084,2.2,18.97898
145595,2023-10-10,NY63/2,130.54,15.450084,2.2,18.97898
145596,2023-10-10,TL33/4,79.923,15.450084,2.2,18.97898
145597,2023-10-11,NO20/14,36.08,11.079251,4.5,16.047794
145598,2023-10-11,SJ15/13,79.399,11.079251,4.5,16.047794
145599,2023-10-11,NH95/17,29.33,11.079251,4.5,16.047794
145600,2023-10-11,ID30/1,115.56,11.079251,4.5,16.047794
145601,2023-10-11,SN00/11,10.6382,11.079251,4.5,16.047794
145602,2023-10-11,TQ25/86,92.86,11.079251,4.5,16.047794
145603,2023-10-11,TL44/12,39.01,11.079251,4.5,16.047794
145604,2023-10-11,SU17/57,131.94,11.079251,4.5,16.047794
145605,2023-10-11,TA10/63,14.38,11.079251,4.5,16.047794
145606,2023-10-11,SP00/62,101.36,11.079251,4.5,16.047794
145607,2023-10-11,SE94/5,15.01,11.079251,4.5,16.047794
145608,2023-10-11,SU71/23,31.06,11.079251,4.5,16.047794
145609,2023-10-11,TR14/9,65.37,11.079251,4.5,16.047794
145610,2023-10-11,TF03/37,12.25,11.079251,4.5,16.047794
145611,2023-10-11,SY68/34,65.75,11.079251,4.5,16.047794
145612,2023-10-11,NY63/2,130.51,11.079251,4.5,16.047794
145613,2023-10-11,ST07/10,59.3598,11.079251,4.5,16.047794
145614,2023-10-11,SU01/5B,75.53,11.079251,4.5,16.047794
145615,2023-10-11,SU81/1,38.27,11.079251,4.5,16.047794
145616,2023-10-11,SE95/6,19.81,11.079251,4.5,16.047794
145617,2023-10-12,NO20/14,36.07,8.414668,0.0,7.5378957
145618,2023-10-12,ID30/1,115.44,8.414668,0.0,7.5378957
145619,2023-10-12,SJ15/13,79.39515,8.414668,0.0,7.5378957
145620,2023-10-12,NH95/17,29.31,8.414668,0.0,7.5378957
145621,2023-10-12,SE94/5,14.97,8.414668,0.0,7.5378957
145622,2023-10-12,TF03/37,12.28,8.414668,0.0,7.5378957
145623,2023-10-12,SU17/57,131.93,8.414668,0.0,7.5378957
145624,2023-10-12,TR14/9,65.3,8.414668,0.0,7.5378957
145625,2023-10-12,NY63/2,130.53,8.414668,0.0,7.5378957
145626,2023-10-12,TL44/12,38.98,8.414668,0.0,7.5378957
145627,2023-10-12,TA10/63,14.36,8.414668,0.0,7.5378957
145628,2023-10-12,SE95/6,19.81,8.414668,0.0,7.5378957
145629,2023-10-12,SN00/11,10.764,8.414668,0.0,7.5378957
145630,2023-10-12,SU81/1,38.23,8.414668,0.0,7.5378957
145631,2023-10-12,TQ25/86,92.79,8.414668,0.0,7.5378957
145632,2023-10-12,ST07/10,59.9249,8.414668,0.0,7.5378957
145633,2023-10-12,SY68/34,65.75,8.414668,0.0,7.5378957
145634,2023-10-12,SU71/23,31.03,8.414668,0.0,7.5378957
145635,2023-10-12,SP00/62,101.41,8.414668,0.0,7.5378957
145636,2023-10-13,SJ15/13,79.424,10.166751,3.0999997,15.503873
145637,2023-10-13,ID30/1,115.31,10.166751,3.0999997,15.503873
145638,2023-10-13,NO20/14,36.09,10.166751,3.0999997,15.503873
145639,2023-10-13,NH95/17,29.35,10.166751,3.0999997,15.503873
145640,2023-10-13,ST07/10,65.0946,10.166751,3.0999997,15.503873
145641,2023-10-13,TL44/12,38.94,10.166751,3.0999997,15.503873
145642,2023-10-13,TA10/63,14.34,10.166751,3.0999997,15.503873
145643,2023-10-13,SN00/11,12.5361,10.166751,3.0999997,15.503873
145644,2023-10-13,SU81/1,38.19,10.166751,3.0999997,15.503873
145645,2023-10-13,SU17/57,131.95,10.166751,3.0999997,15.503873
145646,2023-10-13,TQ25/86,92.72,10.166751,3.0999997,15.503873
145647,2023-10-13,SE95/6,19.81,10.166751,3.0999997,15.503873
145648,2023-10-13,SY68/34,65.78,10.166751,3.0999997,15.503873
145649,2023-10-13,NY63/2,130.54,10.166751,3.0999997,15.503873
145650,2023-10-13,SU71/23,30.99,10.166751,3.0999997,15.503873
145651,2023-10-13,TF03/37,12.28,10.166751,3.0999997,15.503873
145652,2023-10-13,TR14/9,65.23,10.166751,3.0999997,15.503873
145653,2023-10-13,SE94/5,14.95,10.166751,3.0999997,15.503873
145654,2023-10-13,SP00/62,101.63,10.166751,3.0999997,15.503873
145655,2023-10-14,NO20/14,36.02,6.7167497,1.0,16.151304
145656,2023-10-14,SJ15/13,79.448,6.7167497,1.0,16.151304
145657,2023-10-14,ID30/1,115.18,6.7167497,1.0,16.151304
145658,2023-10-14,NH95/17,29.31,6.7167497,1.0,16.151304
145659,2023-10-14,SU17/57,132.14,6.7167497,1.0,16.151304
145660,2023-10-14,SE94/5,14.94,6.7167497,1.0,16.151304
145661,2023-10-14,TA10/63,14.29,6.7167497,1.0,16.151304
145662,2023-10-14,ST07/10,67.0626,6.7167497,1.0,16.151304
145663,2023-10-14,SY68/34,65.77,6.7167497,1.0,16.151304
145664,2023-10-14,SU71/23,30.96,6.7167497,1.0,16.151304
145665,2023-10-14,SP00/62,101.79,6.7167497,1.0,16.151304
145666,2023-10-14,NY63/2,130.47,6.7167497,1.0,16.151304
145667,2023-10-14,SE95/6,19.8,6.7167497,1.0,16.151304
145668,2023-10-14,TF03/37,12.25,6.7167497,1.0,16.151304
145669,2023-10-14,TQ25/86,92.64,6.7167497,1.0,16.151304
145670,2023-10-14,SN00/11,13.4784,6.7167497,1.0,16.151304
145671,2023-10-14,TL44/12,38.9,6.7167497,1.0,16.151304
145672,2023-10-14,SU81/1,38.14,6.7167497,1.0,16.151304
145673,2023-10-14,TR14/9,65.15,6.7167497,1.0,16.151304
145674,2023-10-15,NO20/14,36.02,5.318834,0.2,8.870736
145675,2023-10-15,NH95/17,29.3,5.318834,0.2,8.870736
145676,2023-10-15,SJ15/13,79.453,5.318834,0.2,8.870736
145677,2023-10-15,ID30/1,115.08,5.318834,0.2,8.870736
145678,2023-10-15,ST07/10,67.482,5.318834,0.2,8.870736
145679,2023-10-15,NY63/2,130.47,5.318834,0.2,8.870736
145680,2023-10-15,SP00/62,101.93,5.318834,0.2,8.870736
145681,2023-10-15,SU71/23,30.92,5.318834,0.2,8.870736
145682,2023-10-15,SE95/6,19.8,5.318834,0.2,8.870736
145683,2023-10-15,SY68/34,65.75,5.318834,0.2,8.870736
145684,2023-10-15,TF03/37,12.32,5.318834,0.2,8.870736
145685,2023-10-15,TQ25/86,92.57,5.318834,0.2,8.870736
145686,2023-10-15,SU81/1,38.1,5.318834,0.2,8.870736
145687,2023-10-15,TR14/9,65.06,5.318834,0.2,8.870736
145688,2023-10-15,SN00/11,13.3369,5.318834,0.2,8.870736
145689,2023-10-15,TL44/12,38.86,5.318834,0.2,8.870736
145690,2023-10-15,SE94/5,14.98,5.318834,0.2,8.870736
145691,2023-10-15,SU17/57,132.2,5.318834,0.2,8.870736
145692,2023-10-15,TA10/63,14.27,5.318834,0.2,8.870736
145693,2023-10-16,ID30/1,114.98,5.9813333,0.0,6.523125
145694,2023-10-16,NH95/17,29.3,5.9813333,0.0,6.523125
145695,2023-10-16,SJ15/13,79.479,5.9813333,0.0,6.523125
145696,2023-10-16,TL33/67,78.926,5.9813333,0.0,6.523125
145697,2023-10-16,NO20/14,36.03,5.9813333,0.0,6.523125
145698,2023-10-16,TQ25/86,92.5,5.9813333,0.0,6.523125
145699,2023-10-16,TR14/9,64.98,5.9813333,0.0,6.523125
145700,2023-10-16,TL44/12,38.83,5.9813333,0.0,6.523125
145701,2023-10-16,SP00/62,102.07,5.9813333,0.0,6.523125
145702,2023-10-16,SE95/6,19.8,5.9813333,0.0,6.523125
145703,2023-10-16,SU17/57,132.16,5.9813333,0.0,6.523125
145704,2023-10-16,ST07/10,67.3544,5.9813333,0.0,6.523125
145705,2023-10-16,SU81/1,38.09,5.9813333,0.0,6.523125
145706,2023-10-16,SY68/34,65.74,5.9813333,0.0,6.523125
145707,2023-10-16,TA10/63,14.26,5.9813333,0.0,6.523125
145708,2023-10-16,SN00/11,13.0608,5.9813333,0.0,6.523125
145709,2023-10-16,SE94/5,15.01,5.9813333,0.0,6.523125
145710,2023-10-16,TF03/37,12.39,5.9813333,0.0,6.523125
145711,2023-10-16,SU71/23,30.89,5.9813333,0.0,6.523125
145712,2023-10-16,NY63/2,130.49,5.9813333,0.0,6.523125
145713,2023-10-17,ID30/1,114.87,7.568833,0.0,15.263767
145714,2023-10-17,NO20/14,36.04,7.568833,0.0,15.263767
145715,2023-10-17,SJ15/13,79.504,7.568833,0.0,15.263767
145716,2023-10-17,NH95/17,29.31,7.568833,0.0,15.263767
145717,2023-10-17,NY63/2,130.52,7.568833,0.0,15.263767
145718,2023-10-17,TF03/37,12.48,7.568833,0.0,15.263767
145719,2023-10-17,TL44/12,38.8,7.568833,0.0,15.263767
145720,2023-10-17,SN00/11,12.8053,7.568833,0.0,15.263767
145721,2023-10-17,TA10/63,14.24,7.568833,0.0,15.263767
145722,2023-10-17,SE95/6,19.8,7.568833,0.0,15.263767
145723,2023-10-17,SU81/1,38.06,7.568833,0.0,15.263767
145724,2023-10-17,TQ25/86,92.44,7.568833,0.0,15.263767
145725,2023-10-17,SP00/62,102.16,7.568833,0.0,15.263767
145726,2023-10-17,SU71/23,30.85,7.568833,0.0,15.263767
145727,2023-10-17,SY68/34,65.74,7.568833,0.0,15.263767
145728,2023-10-17,SE94/5,14.98,7.568833,0.0,15.263767
145729,2023-10-17,SU17/57,132.09,7.568833,0.0,15.263767
145730,2023-10-17,ST07/10,66.9807,7.568833,0.0,15.263767
145731,2023-10-17,TR14/9,64.9,7.568833,0.0,15.263767
145732,2023-10-17,TL33/4,79.693,7.568833,0.0,15.263767
145733,2023-10-18,ID30/1,114.78,11.235501,1.1,25.055075
145734,2023-10-18,NO20/14,36.07,11.235501,1.1,25.055075
145735,2023-10-18,SJ15/13,79.531,11.235501,1.1,25.055075
145736,2023-10-18,NH95/17,29.32,11.235501,1.1,25.055075
145737,2023-10-18,SE95/6,19.82,11.235501,1.1,25.055075
145738,2023-10-18,TA10/63,14.24,11.235501,1.1,25.055075
145739,2023-10-18,SU81/1,38.05,11.235501,1.1,25.055075
145740,2023-10-18,SU17/57,131.94,11.235501,1.1,25.055075
145741,2023-10-18,ST07/10,66.8305,11.235501,1.1,25.055075
145742,2023-10-18,SP00/62,102.29,11.235501,1.1,25.055075
145743,2023-10-18,SN00/11,12.6189,11.235501,1.1,25.055075
145744,2023-10-18,TF03/37,12.61,11.235501,1.1,25.055075
145745,2023-10-18,TR14/9,64.84,11.235501,1.1,25.055075
145746,2023-10-18,SU71/23,30.82,11.235501,1.1,25.055075
145747,2023-10-18,NY63/2,130.59,11.235501,1.1,25.055075
145748,2023-10-18,SE94/5,14.97,11.235501,1.1,25.055075
145749,2023-10-18,TQ25/86,92.37,11.235501,1.1,25.055075
145750,2023-10-18,SY68/34,65.75,11.235501,1.1,25.055075
145751,2023-10-18,TL44/12,38.78,11.235501,1.1,25.055075
145752,2023-10-19,ID30/1,115.79,13.423001,7.6999993,19.023052
145753,2023-10-19,SJ15/13,79.606,13.423001,7.6999993,19.023052
145754,2023-10-19,NO20/14,36.13,13.423001,7.6999993,19.023052
145755,2023-10-19,NH95/17,29.33,13.423001,7.6999993,19.023052
145756,2023-10-19,SE94/5,14.98,13.423001,7.6999993,19.023052
145757,2023-10-19,SU81/1,38.07,13.423001,7.6999993,19.023052
145758,2023-10-19,ST07/10,66.6656,13.423001,7.6999993,19.023052
145759,2023-10-19,TR14/9,64.79,13.423001,7.6999993,19.023052
145760,2023-10-19,SP00/62,102.61,13.423001,7.6999993,19.023052
145761,2023-10-19,NY63/2,130.59,13.423001,7.6999993,19.023052
145762,2023-10-19,SU17/57,131.94,13.423001,7.6999993,19.023052
145763,2023-10-19,SN00/11,12.5223,13.423001,7.6999993,19.023052
145764,2023-10-19,TQ25/86,92.32,13.423001,7.6999993,19.023052
145765,2023-10-19,SY68/34,65.77,13.423001,7.6999993,19.023052
145766,2023-10-19,TL44/12,38.76,13.423001,7.6999993,19.023052
145767,2023-10-19,SU71/23,30.79,13.423001,7.6999993,19.023052
145768,2023-10-19,SE95/6,19.83,13.423001,7.6999993,19.023052
145769,2023-10-19,TF03/37,12.7,13.423001,7.6999993,19.023052
145770,2023-10-19,TA10/63,14.22,13.423001,7.6999993,19.023052
145771,2023-10-20,NO20/14,36.26,10.27925,13.9,30.187366
145772,2023-10-20,SJ15/13,79.608,10.27925,13.9,30.187366
145773,2023-10-20,ID30/1,116.86,10.27925,13.9,30.187366
145774,2023-10-20,NH95/17,29.32,10.27925,13.9,30.187366
145775,2023-10-20,SU81/1,38.3,10.27925,13.9,30.187366
145776,2023-10-20,SU71/23,30.77,10.27925,13.9,30.187366
145777,2023-10-20,SY68/34,65.78,10.27925,13.9,30.187366
145778,2023-10-20,SU17/57,132.01,10.27925,13.9,30.187366
145779,2023-10-20,SP00/62,102.98,10.27925,13.9,30.187366
145780,2023-10-20,TQ25/86,92.28,10.27925,13.9,30.187366
145781,2023-10-20,NY63/2,130.57,10.27925,13.9,30.187366
145782,2023-10-20,TL44/12,38.73,10.27925,13.9,30.187366
145783,2023-10-20,SE95/6,19.86,10.27925,13.9,30.187366
145784,2023-10-20,TF03/37,12.9,10.27925,13.9,30.187366
145785,2023-10-20,SE94/5,15.1,10.27925,13.9,30.187366
145786,2023-10-20,TR14/9,64.74,10.27925,13.9,30.187366
145787,2023-10-20,TA10/63,14.27,10.27925,13.9,30.187366
145788,2023-10-20,ST07/10,66.858,10.27925,13.9,30.187366
145789,2023-10-20,SN00/11,12.4613,10.27925,13.9,30.187366
145790,2023-10-21,NH95/17,29.35,7.8855004,1.5000001,13.936525
145791,2023-10-21,SJ15/13,79.818,7.8855004,1.5000001,13.936525
145792,2023-10-21,ID30/1,117.27,7.8855004,1.5000001,13.936525
145793,2023-10-21,NO20/14,36.33,7.8855004,1.5000001,13.936525
145794,2023-10-21,SE95/6,19.99,7.8855004,1.5000001,13.936525
145795,2023-10-21,NY63/2,130.54,7.8855004,1.5000001,13.936525
145796,2023-10-21,TF03/37,13.15,7.8855004,1.5000001,13.936525
145797,2023-10-21,SU71/23,30.76,7.8855004,1.5000001,13.936525
145798,2023-10-21,SE94/5,15.22,7.8855004,1.5000001,13.936525
145799,2023-10-21,SP00/62,103.05,7.8855004,1.5000001,13.936525
145800,2023-10-21,SU81/1,38.55,7.8855004,1.5000001,13.936525
145801,2023-10-21,TQ25/86,92.23,7.8855004,1.5000001,13.936525
145802,2023-10-21,SY68/34,65.79,7.8855004,1.5000001,13.936525
145803,2023-10-21,SU17/57,132.27,7.8855004,1.5000001,13.936525
145804,2023-10-21,TR14/9,64.68,7.8855004,1.5000001,13.936525
145805,2023-10-21,TL44/12,38.7,7.8855004,1.5000001,13.936525
145806,2023-10-21,ST07/10,68.5034,7.8855004,1.5000001,13.936525
145807,2023-10-21,SN00/11,12.357,7.8855004,1.5000001,13.936525
145808,2023-10-21,TA10/63,14.3,7.8855004,1.5000001,13.936525
145809,2023-10-22,NO20/14,36.3,7.1167502,1.2,7.0561304
145810,2023-10-22,NH95/17,29.39,7.1167502,1.2,7.0561304
145811,2023-10-22,SJ15/13,79.864,7.1167502,1.2,7.0561304
145812,2023-10-22,ID30/1,117.08,7.1167502,1.2,7.0561304
145813,2023-10-22,TL44/12,38.68,7.1167502,1.2,7.0561304
145814,2023-10-22,SU17/57,132.55,7.1167502,1.2,7.0561304
145815,2023-10-22,SE94/5,15.3,7.1167502,1.2,7.0561304
145816,2023-10-22,SN00/11,12.241,7.1167502,1.2,7.0561304
145817,2023-10-22,SU71/23,30.75,7.1167502,1.2,7.0561304
145818,2023-10-22,TQ25/86,92.2,7.1167502,1.2,7.0561304
145819,2023-10-22,SP00/62,103.09,7.1167502,1.2,7.0561304
145820,2023-10-22,TA10/63,14.3,7.1167502,1.2,7.0561304
145821,2023-10-22,TF03/37,13.47,7.1167502,1.2,7.0561304
145822,2023-10-22,TR14/9,64.6,7.1167502,1.2,7.0561304
145823,2023-10-22,SE95/6,20.26,7.1167502,1.2,7.0561304
145824,2023-10-22,ST07/10,69.4189,7.1167502,1.2,7.0561304
145825,2023-10-22,SU01/5B,76.73,7.1167502,1.2,7.0561304
145826,2023-10-22,SU81/1,38.95,7.1167502,1.2,7.0561304
145827,2023-10-22,NY63/2,130.47,7.1167502,1.2,7.0561304
145828,2023-10-22,SY68/34,65.8,7.1167502,1.2,7.0561304
145829,2023-10-23,NH95/17,29.39,8.273001,0.0,12.117391
145830,2023-10-23,ID30/1,116.84,8.273001,0.0,12.117391
145831,2023-10-23,TL33/67,78.802,8.273001,0.0,12.117391
145832,2023-10-23,SJ15/13,79.807,8.273001,0.0,12.117391
145833,2023-10-23,NO20/14,36.29,8.273001,0.0,12.117391
145834,2023-10-23,SU81/1,39.22,8.273001,0.0,12.117391
145835,2023-10-23,TR14/9,64.53,8.273001,0.0,12.117391
145836,2023-10-23,SP00/62,103.1,8.273001,0.0,12.117391
145837,2023-10-23,TQ25/86,92.17,8.273001,0.0,12.117391
145838,2023-10-23,ST07/10,69.7185,8.273001,0.0,12.117391
145839,2023-10-23,SU01/5B,76.75,8.273001,0.0,12.117391
145840,2023-10-23,NY63/2,130.49,8.273001,0.0,12.117391
145841,2023-10-23,TL44/12,38.68,8.273001,0.0,12.117391
145842,2023-10-23,SN00/11,12.187,8.273001,0.0,12.117391
145843,2023-10-23,SU17/57,132.7,8.273001,0.0,12.117391
145844,2023-10-23,TA10/63,14.37,8.273001,0.0,12.117391
145845,2023-10-23,SY68/34,65.81,8.273001,0.0,12.117391
145846,2023-10-23,TF03/37,13.89,8.273001,0.0,12.117391
145847,2023-10-23,SE94/5,15.36,8.273001,0.0,12.117391
145848,2023-10-23,SU71/23,30.74,8.273001,0.0,12.117391
145849,2023-10-23,SE95/6,20.62,8.273001,0.0,12.117391
145850,2023-10-24,SJ15/13,79.806,9.989667,0.90000004,8.492811
145851,2023-10-24,NH95/17,29.4,9.989667,0.90000004,8.492811
145852,2023-10-24,ID30/1,116.6,9.989667,0.90000004,8.492811
145853,2023-10-24,NO20/14,36.3,9.989667,0.90000004,8.492811
145854,2023-10-24,TL33/4,79.461,9.989667,0.90000004,8.492811
145855,2023-10-24,TL44/12,38.7,9.989667,0.90000004,8.492811
145856,2023-10-24,TF03/37,14.38,9.989667,0.90000004,8.492811
145857,2023-10-24,SU17/57,132.86,9.989667,0.90000004,8.492811
145858,2023-10-24,TQ25/86,92.13,9.989667,0.90000004,8.492811
145859,2023-10-24,SU71/23,30.74,9.989667,0.90000004,8.492811
145860,2023-10-24,SE95/6,21.02,9.989667,0.90000004,8.492811
145861,2023-10-24,ST07/10,70.6635,9.989667,0.90000004,8.492811
145862,2023-10-24,SY68/34,65.85,9.989667,0.90000004,8.492811
145863,2023-10-24,SE94/5,15.43,9.989667,0.90000004,8.492811
145864,2023-10-24,SN00/11,12.424,9.989667,0.90000004,8.492811
145865,2023-10-24,SP00/62,103.07,9.989667,0.90000004,8.492811
145866,2023-10-24,TR14/9,64.46,9.989667,0.90000004,8.492811
145867,2023-10-24,SU81/1,39.41,9.989667,0.90000004,8.492811
145868,2023-10-24,NY63/2,130.52,9.989667,0.90000004,8.492811
145869,2023-10-24,TA10/63,14.44,9.989667,0.90000004,8.492811
145870,2023-10-25,SJ15/13,79.787,8.168834,0.4,6.0215664
145871,2023-10-25,ID30/1,116.37,8.168834,0.4,6.0215664
145872,2023-10-25,NO20/14,36.31,8.168834,0.4,6.0215664
145873,2023-10-25,NH95/17,29.4,8.168834,0.4,6.0215664
145874,2023-10-25,TF03/37,14.87,8.168834,0.4,6.0215664
145875,2023-10-25,SE94/5,15.51,8.168834,0.4,6.0215664
145876,2023-10-25,NY63/2,130.53,8.168834,0.4,6.0215664
145877,2023-10-25,SU71/23,30.74,8.168834,0.4,6.0215664
145878,2023-10-25,SP00/62,103.04,8.168834,0.4,6.0215664
145879,2023-10-25,SE95/6,21.41,8.168834,0.4,6.0215664
145880,2023-10-25,TR14/9,64.39,8.168834,0.4,6.0215664
145881,2023-10-25,ST07/10,72.8793,8.168834,0.4,6.0215664
145882,2023-10-25,TQ25/86,92.09,8.168834,0.4,6.0215664
145883,2023-10-25,SU01/5B,77.67,8.168834,0.4,6.0215664
145884,2023-10-25,TL44/12,38.73,8.168834,0.4,6.0215664
145885,2023-10-25,SU17/57,133.04,8.168834,0.4,6.0215664
145886,2023-10-25,SN00/11,12.8917,8.168834,0.4,6.0215664
145887,2023-10-25,SU81/1,40.7,8.168834,0.4,6.0215664
145888,2023-10-25,SY68/34,65.99,8.168834,0.4,6.0215664
145889,2023-10-25,TA10/63,14.52,8.168834,0.4,6.0215664
145890,2023-10-26,NO20/14,36.33,9.468833,2.0,11.0476465
145891,2023-10-26,SJ15/13,79.782,9.468833,2.0,11.0476465
145892,2023-10-26,ID30/1,116.41,9.468833,2.0,11.0476465
145893,2023-10-26,NH95/17,29.42,9.468833,2.0,11.0476465
145894,2023-10-26,TR14/9,64.34,9.468833,2.0,11.0476465
145895,2023-10-26,SY68/34,66.2,9.468833,2.0,11.0476465
145896,2023-10-26,ST07/10,73.8284,9.468833,2.0,11.0476465
145897,2023-10-26,SU17/57,133.21,9.468833,2.0,11.0476465
145898,2023-10-26,SE94/5,15.61,9.468833,2.0,11.0476465
145899,2023-10-26,TQ25/86,92.05,9.468833,2.0,11.0476465
145900,2023-10-26,TF03/37,15.37,9.468833,2.0,11.0476465
145901,2023-10-26,SN00/11,13.1141,9.468833,2.0,11.0476465
145902,2023-10-26,SE95/6,21.76,9.468833,2.0,11.0476465
145903,2023-10-26,SU71/23,30.78,9.468833,2.0,11.0476465
145904,2023-10-26,SP00/62,102.99,9.468833,2.0,11.0476465
145905,2023-10-26,SU81/1,42.88,9.468833,2.0,11.0476465
145906,2023-10-26,TA10/63,14.62,9.468833,2.0,11.0476465
145907,2023-10-26,TL44/12,38.77,9.468833,2.0,11.0476465
145908,2023-10-26,SU01/5B,78.29,9.468833,2.0,11.0476465
145909,2023-10-26,NY63/2,130.54,9.468833,2.0,11.0476465
145910,2023-10-27,NH95/17,29.41,9.685499,3.3999999,11.063973
145911,2023-10-27,SJ15/13,79.768,9.685499,3.3999999,11.063973
145912,2023-10-27,ID30/1,116.92,9.685499,3.3999999,11.063973
145913,2023-10-27,NO20/14,36.41,9.685499,3.3999999,11.063973
145914,2023-10-27,NY63/2,130.54,9.685499,3.3999999,11.063973
145915,2023-10-27,TR14/9,64.32,9.685499,3.3999999,11.063973
145916,2023-10-27,SE95/6,22.07,9.685499,3.3999999,11.063973
145917,2023-10-27,TA10/63,14.71,9.685499,3.3999999,11.063973
145918,2023-10-27,SY68/34,66.45,9.685499,3.3999999,11.063973
145919,2023-10-27,TF03/37,15.84,9.685499,3.3999999,11.063973
145920,2023-10-27,ST07/10,74.4839,9.685499,3.3999999,11.063973
145921,2023-10-27,SU71/23,30.87,9.685499,3.3999999,11.063973
145922,2023-10-27,SU81/1,43.77,9.685499,3.3999999,11.063973
145923,2023-10-27,SU17/57,133.42,9.685499,3.3999999,11.063973
145924,2023-10-27,SN00/11,13.357,9.685499,3.3999999,11.063973
145925,2023-10-27,SE94/5,15.72,9.685499,3.3999999,11.063973
145926,2023-10-27,SU01/5B,79.48,9.685499,3.3999999,11.063973
145927,2023-10-27,SP00/62,102.94,9.685499,3.3999999,11.063973
145928,2023-10-27,TQ25/86,92.02,9.685499,3.3999999,11.063973
145929,2023-10-27,TL44/12,38.81,9.685499,3.3999999,11.063973
145930,2023-10-28,NH95/17,29.42,9.666753,0.2,15.510731
145931,2023-10-28,ID30/1,117.47,9.666753,0.2,15.510731
145932,2023-10-28,SJ15/13,79.746,9.666753,0.2,15.510731
145933,2023-10-28,NO20/14,36.49,9.666753,0.2,15.510731
145934,2023-10-28,ST07/10,74.7474,9.666753,0.2,15.510731
145935,2023-10-28,SU81/1,44.9,9.666753,0.2,15.510731
145936,2023-10-28,TA10/63,14.81,9.666753,0.2,15.510731
145937,2023-10-28,SE95/6,22.35,9.666753,0.2,15.510731
145938,2023-10-28,SE94/5,15.79,9.666753,0.2,15.510731
145939,2023-10-28,SN00/11,13.7977,9.666753,0.2,15.510731
145940,2023-10-28,SY68/34,66.79,9.666753,0.2,15.510731
145941,2023-10-28,TL44/12,38.85,9.666753,0.2,15.510731
145942,2023-10-28,SU17/57,133.6,9.666753,0.2,15.510731
145943,2023-10-28,SU01/5B,81.01,9.666753,0.2,15.510731
145944,2023-10-28,TR14/9,64.3,9.666753,0.2,15.510731
145945,2023-10-28,NY63/2,130.55,9.666753,0.2,15.510731
145946,2023-10-28,SU71/23,32.02,9.666753,0.2,15.510731
145947,2023-10-28,SP00/62,102.92,9.666753,0.2,15.510731
145948,2023-10-28,TF03/37,16.4,9.666753,0.2,15.510731
145949,2023-10-28,TQ25/86,91.98,9.666753,0.2,15.510731
145950,2023-10-29,NH95/17,29.41,9.956333,6.399999,7.5519433
145951,2023-10-29,NO20/14,36.54,9.956333,6.399999,7.5519433
145952,2023-10-29,SJ15/13,79.745,9.956333,6.399999,7.5519433
145953,2023-10-29,ID30/1,118.31,9.956333,6.399999,7.5519433
145954,2023-10-29,SU01/5B,82.22,9.956333,6.399999,7.5519433
145955,2023-10-29,TF03/37,16.81,9.956333,6.399999,7.5519433
145956,2023-10-29,SU71/23,34.85,9.956333,6.399999,7.5519433
145957,2023-10-29,TL44/12,38.89,9.956333,6.399999,7.5519433
145958,2023-10-29,SU81/1,50.31,9.956333,6.399999,7.5519433
145959,2023-10-29,SU17/57,133.86,9.956333,6.399999,7.5519433
145960,2023-10-29,TA10/63,14.91,9.956333,6.399999,7.5519433
145961,2023-10-29,TR14/9,64.27,9.956333,6.399999,7.5519433
145962,2023-10-29,SE95/6,22.62,9.956333,6.399999,7.5519433
145963,2023-10-29,ST07/10,74.2495,9.956333,6.399999,7.5519433
145964,2023-10-29,SP00/62,102.93,9.956333,6.399999,7.5519433
145965,2023-10-29,SE94/5,16.0,9.956333,6.399999,7.5519433
145966,2023-10-29,SY68/34,67.27,9.956333,6.399999,7.5519433
145967,2023-10-29,SN00/11,13.9731,9.956333,6.399999,7.5519433
145968,2023-10-29,TQ25/86,91.95,9.956333,6.399999,7.5519433
145969,2023-10-29,NY63/2,130.52,9.956333,6.399999,7.5519433
145970,2023-10-30,SJ15/13,79.7,8.6855,0.0,13.701813
145971,2023-10-30,TL44/12,40.05,8.6855,0.0,13.701813
145972,2023-10-30,NH95/17,29.41,8.6855,0.0,13.701813
145973,2023-10-30,NO20/14,36.56,8.6855,0.0,13.701813
145974,2023-10-30,ID30/1,118.38,8.6855,0.0,13.701813
145975,2023-10-30,ST07/10,73.5096,8.6855,0.0,13.701813
145976,2023-10-30,TR14/9,64.24,8.6855,0.0,13.701813
145977,2023-10-30,SU81/1,56.76,8.6855,0.0,13.701813
145978,2023-10-30,SU01/5B,83.18,8.6855,0.0,13.701813
145979,2023-10-30,SU17/57,134.13,8.6855,0.0,13.701813
145980,2023-10-30,SU71/23,37.38,8.6855,0.0,13.701813
145981,2023-10-30,SE94/5,16.29,8.6855,0.0,13.701813
145982,2023-10-30,TA10/63,15.0,8.6855,0.0,13.701813
145983,2023-10-30,SE95/6,22.97,8.6855,0.0,13.701813
145984,2023-10-30,SP00/62,102.93,8.6855,0.0,13.701813
145985,2023-10-30,SY68/34,67.72,8.6855,0.0,13.701813
145986,2023-10-30,NY63/2,130.49,8.6855,0.0,13.701813
145987,2023-10-30,SN00/11,14.2223,8.6855,0.0,13.701813
145988,2023-10-30,TF03/37,17.17,8.6855,0.0,13.701813
145989,2023-10-30,TQ25/86,91.93,8.6855,0.0,13.701813
145990,2023-10-31,SJ15/13,79.66,7.485501,1.0,11.842607
145991,2023-10-31,NH95/17,29.4,7.485501,1.0,11.842607
145992,2023-10-31,ID30/1,118.38,7.485501,1.0,11.842607
145993,2023-10-31,NO20/14,36.57,7.485501,1.0,11.842607
145994,2023-10-31,SE94/5,16.54,7.485501,1.0,11.842607
145995,2023-10-31,SU71/23,38.72,7.485501,1.0,11.842607
145996,2023-10-31,SP00/62,102.92,7.485501,1.0,11.842607
145997,2023-10-31,ST07/10,72.9173,7.485501,1.0,11.842607
145998,2023-10-31,SE95/6,23.45,7.485501,1.0,11.842607
145999,2023-10-31,NY63/2,130.49,7.485501,1.0,11.842607
146000,2023-10-31,SU81/1,59.23,7.485501,1.0,11.842607
146001,2023-10-31,SU01/5B,84.1,7.485501,1.0,11.842607
146002,2023-10-31,TV59/7C,2.71,7.485501,1.0,11.842607
146003,2023-10-31,TL33/67,80.36,7.485501,1.0,11.842607
146004,2023-10-31,SU17/57,134.28,7.485501,1.0,11.842607
146005,2023-10-31,TF03/37,17.33,7.485501,1.0,11.842607
146006,2023-10-31,SN00/11,14.64704,7.485501,1.0,11.842607
146007,2023-10-31,TR14/9,69.43,7.485501,1.0,11.842607
146008,2023-10-31,SY68/34,68.22,7.485501,1.0,11.842607
146009,2023-11-01,NO20/14,36.65,9.081334,8.8,20.63477
146010,2023-11-01,SJ15/13,79.658,9.081334,8.8,20.63477
146011,2023-11-01,NH95/17,29.44,9.081334,8.8,20.63477
146012,2023-11-01,SN00/11,14.9803,9.081334,8.8,20.63477
